tree
version=v4
num_class=1
num_tree_per_iteration=1
label_index=0
max_feature_idx=34
objective=regression
feature_names=ema_fast ema_slow macd macd_signal momentum_10 momentum_20 range range_pct body body_pct upper_shadow lower_shadow is_bullish return_1 return_2 return_4 return_8 return_16 log_return ema_cross ema_cross_pct ema_cross_signal price_ema_fast_dist price_ema_slow_dist macd_hist macd_hist_change macd_cross_signal macd_strength momentum_ratio momentum_convergence sma_16 price_sma_16_dist sma_32 price_sma_32_dist signal_convergence
feature_infos=[139.84172317124145:161.9044463934776] [139.985622134078:161.8633237416141] [-0.81371595198632463:0.5970017482619312] [-0.71071676355148927:0.57046413909616056] [-3.7750000000000057:2.1870000000000118] [-3.688999999999993:3.0160000000000196] [0:3.0139999999999816] [0:0.019088400286395583] [0:2.7609999999999957] [0:0.017392783349291913] [0:1.1620000000000061] [0:1.3590000000000089] [0:1] [-0.017095445961425315:0.012419773316946436] [-0.017887558057609665:0.014877782329646427] [-0.022837239951049693:0.014679776048067694] [-0.023813258871144938:0.016790590591983179] [-0.02596563021729037:0.019982863934109307] [-0.017243260152838891:0.012343280629024874] [-1.0350786189282246:0.79769146520030176] [-0.006549151847441992:0.0054000600139474395] [0:1] [-0.014331159141718369:0.0093718883724765341] [-0.017546516855659215:0.012454695205154643] [-0.39438439545005155:0.22667986490852632] [-0.22179621176243974:0.13953656655988411] [0:1] [-0.33719861601597845:0.18761226476060436] [-12700000.000000956:20400000.000000771] [-2.1870000000000118:3.7750000000000057] [0:161.88062500000001] [-0.019072402476462001:0.012877676787384284] [0:161.85196875] [-0.020394677097117557:0.015348291321265379] [0:2]
tree_sizes=2063 1579 1668 1836 1670 1096 1634 1832 1644 1571 1513 1648 1813 1313

Tree=0
num_leaves=20
num_cat=0
split_feature=1 1 2 32 3 6 8 24 1 31 6 3 8 6 15 32 6 8 32
split_gain=3.77637e-05 1.86091e-05 1.60533e-05 1.42154e-05 1.27313e-05 9.02939e-06 8.92687e-06 8.60621e-06 9.26734e-06 8.99019e-06 6.69388e-06 8.1657e-06 5.69913e-06 4.71767e-06 5.4086e-06 4.68784e-06 4.22193e-06 1.85829e-06 5.56846e-06
threshold=157.26542796134086 144.80409874510858 0.13988119244636724 158.5919375 -0.1504694601697612 0.052000000000006714 0.0035000000000025015 0.013278494177322247 149.27685438730282 -0.0009711904244930963 0.119000000000014 0.27344348277244318 0.0019999999999953393 0.049499999999994777 0.00027145960962204901 157.22970312500004 0.035000000000010807 0.16199999999999196 156.51250000000002
decision_type=2 2 2 2 2 2 2 2 2 2 2 2 2 2 2 2 2 2 2
left_child=1 2 4 12 -1 -6 -7 9 10 17 -9 -12 -2 -11 -15 -14 -17 18 -3
right_child=3 7 -4 -5 5 6 -8 8 -10 13 11 -13 15 14 -16 16 -18 -19 -20
leaf_value=7.6252981068255304e-06 7.6252981068255304e-06 4.6626270792853372e-06 7.6252981068255304e-06 7.6252981068255304e-06 7.6252981068255304e-06 7.6252981068255304e-06 1.8438944073143685e-05 7.6252981068255304e-06 7.6252981068255304e-06 7.6252981068255304e-06 -1.6538087220502462e-06 7.6252981068255304e-06 7.6252981068255304e-06 9.9547918148393022e-06 7.6252981068255304e-06 7.6252981068255304e-06 -2.6882362131346078e-06 7.6252981068255304e-06 7.6252981068255304e-06
leaf_weight=112 64 2115 138 1210 55 42 1473 510 2896 4809 856 23 37 10300 4201 145 1481 642 148
leaf_count=112 64 2115 138 1210 55 42 1473 510 2896 4809 856 23 37 10300 4201 145 1481 642 148
internal_value=7.6253e-06 8.18607e-06 1.31435e-05 2.22997e-06 1.51621e-05 1.66322e-05 1.75735e-05 7.6253e-06 5.8562e-06 8.22927e-06 2.49404e-06 -1.61433e-07 -7.45838e-07 8.8837e-06 9.3347e-06 -1.39348e-06 -1.88234e-06 7.6253e-06 6.1926e-06
internal_weight=0 28320 1820 2937 1682 1570 1515 26500 4285 22215 1389 879 1727 19310 14501 1663 1626 2905 2263
internal_count=31257 28320 1820 2937 1682 1570 1515 26500 4285 22215 1389 879 1727 19310 14501 1663 1626 2905 2263
is_linear=0
shrinkage=1


Tree=1
num_leaves=18
num_cat=0
split_feature=32 3 17 1 15 0 29 20 1 32 3 1 1 8 3 13 32
split_gain=3.12705e-05 4.3682e-05 5.31497e-05 1.84029e-05 1.34336e-05 7.92483e-06 4.89471e-06 3.72503e-06 5.29906e-06 4.67485e-06 1.1271e-05 4.36884e-06 6.76279e-06 2.4123e-06 2.35799e-06 2.17229e-06 8.51329e-07
threshold=147.42945312500004 -0.086381485065744293 0.0020725961871889136 157.44772907243387 0.0012715580286921659 147.40962592188743 0.30449999999999028 0.00020171744716607044 155.59692028297857 149.81748437500005 -0.00028092460364150337 148.30433420594804 155.55679376037219 0.00099999999999056421 0.17868138402803271 -0.001680222720125357 157.32731250000003
decision_type=2 2 2 2 2 2 2 2 2 2 2 2 2 2 2 2 2
left_child=1 -1 4 7 5 6 -3 8 9 -2 -11 -9 14 -5 -13 -15 -17
right_child=3 2 -4 13 -6 -7 -8 11 -10 10 -12 12 -14 15 -16 16 -18
leaf_value=0 0 1.1170084148509956e-05 0 0 0 0 0 0 0 -3.1433782286577406e-06 0 2.9731059836563165e-06 0 0 0 0 -5.1386435264741715e-06
leaf_weight=692 5653 3034 887 39 259 96 94 887 2317 5769 3046 4428 1317 25 165 20 2533
leaf_count=692 5653 3034 887 39 259 96 94 887 2317 5769 3046 4428 1317 25 165 20 2533
internal_value=0 3.74186e-06 6.41923e-06 -5.27729e-07 9.47869e-06 1.03672e-05 1.08217e-05 0 -4.81608e-07 -1.08845e-06 -1.80838e-06 8.92901e-07 1.6628e-06 -4.51286e-06 2.69044e-06 -4.79719e-06 -5.03639e-06
internal_weight=0 5062 4370 26199 3483 3224 3128 23582 16785 14468 8815 6797 5910 2617 4593 2578 2553
internal_count=31261 5062 4370 26199 3483 3224 3128 23582 16785 14468 8815 6797 5910 2617 4593 2578 2553
is_linear=0
shrinkage=0.05


Tree=2
num_leaves=19
num_cat=0
split_feature=0 29 14 6 3 32 16 5 28 1 24 16 16 31 0 16 23 20
split_gain=2.41446e-05 1.62799e-05 2.38105e-05 1.2596e-05 1.79573e-05 1.15538e-05 8.80913e-06 7.98968e-06 8.37726e-06 7.43835e-06 6.77342e-06 2.89755e-06 6.88916e-06 6.95619e-06 5.26367e-06 1.9626e-06 1.00909e-06 2.37035e-07
threshold=155.85954132056145 -0.097499999999996576 0.00067526491179858994 0.086500000000000923 -0.10758690612775271 158.5919375 0.0024114156891948961 -0.59450000000001058 -1.7487855937666752 155.55679376037219 0.031212335816753187 -0.00080129980677912094 -0.0034467388110671067 -0.0010742866716897902 140.7034781813532 -0.00010484355522505372 -0.0017432307206596877 0.00032815855910960551
decision_type=2 2 2 2 2 2 2 2 2 2 2 2 2 2 2 2 2 2
left_child=1 2 6 -2 -5 7 9 -6 -9 10 -1 12 -3 14 -14 16 -13 -18
right_child=3 11 -4 4 5 -7 -8 8 -10 -11 -12 15 13 -15 -16 -17 17 -19
leaf_value=6.3953453923855625e-06 0 0 0 0 0 0 0 0 -1.0769688049247409e-05 0 0 0 0 0 -5.4239256895202783e-06 0 1.2455643762363552e-06 0
leaf_weight=4026 3146 516 837 192 25 333 285 103 1721 105 84 57 20 1508 1856 10983 5432 236
leaf_count=4026 3146 516 837 192 25 333 285 103 1721 105 84 57 20 1508 1856 10983 5432 236
internal_value=0 5.1567e-07 2.98633e-06 -3.11202e-06 -5.98162e-06 -7.71358e-06 4.87894e-06 -9.26457e-06 -9.89735e-06 5.53515e-06 5.9954e-06 0 -1.32407e-06 -2.66637e-06 -4.70022e-06 1.55884e-07 9.63276e-07 1.17571e-06
internal_weight=0 25945 5337 5520 2374 2182 4500 1849 1824 4215 4110 20608 3900 3384 1876 16708 5725 5668
internal_count=31465 25945 5337 5520 2374 2182 4500 1849 1824 4215 4110 20608 3900 3384 1876 16708 5725 5668
is_linear=0
shrinkage=0.05


Tree=3
num_leaves=21
num_cat=0
split_feature=30 24 3 31 7 3 3 7 28 30 32 29 0 32 20 17 8 30 32 8
split_gain=2.18627e-05 5.11275e-05 3.9104e-05 1.73172e-05 1.63126e-05 1.09158e-05 2.0339e-05 1.83066e-05 1.33206e-05 1.14895e-05 6.96864e-06 6.86769e-06 2.14684e-06 2.93475e-06 2.61027e-06 1.70856e-06 1.53259e-06 4.62434e-07 2.44817e-07 1.75115e-08
threshold=147.50993750000001 0.021311766805824372 -0.081013824192150655 0.0019369471582212289 0.00034789269478606265 -0.10758690612775271 -0.025573183302263131 0.00055977235986206045 1.4955352248267777 148.80146875000003 142.66359375000002 0.45449999999999596 157.23048464037296 150.76803125000004 -0.00014796336886629705 -0.0013279308271649246 0.016500000000007734 155.60446875000002 149.71015625000004 0.39899999999998675
decision_type=2 2 2 2 2 2 2 2 2 2 2 2 2 2 2 2 2 2 2 2
left_child=1 2 -1 4 -4 -2 7 -7 9 -9 -3 -6 13 18 -14 -16 -12 -15 -8 -18
right_child=5 10 3 -5 11 6 12 8 -10 -11 16 -13 14 17 15 -17 19 -19 -20 -21
leaf_value=0 0 0 0 0 1.0406061600166423e-05 0 0 0 0 -9.877023713162646e-06 0 0 0 1.2029566772813602e-06 0 -2.6241719733387756e-06 -6.0064956741132028e-06 0 -5.2325035372386444e-07 0
leaf_weight=651 1205 162 352 94 3324 1401 6062 561 401 2126 85 47 182 5523 35 2347 590 2189 4062 27
leaf_count=651 1205 162 352 94 3324 1401 6062 561 401 2126 85 47 182 5523 35 2347 590 2189 4062 27
internal_value=0 2.49347e-06 6.0021e-06 8.23278e-06 9.00653e-06 -9.07788e-07 -1.40015e-06 -4.71117e-06 -6.86172e-06 -8.15483e-06 0 1.00838e-05 0 0 -1.44672e-06 -2.23431e-06 -4.98061e-06 9.41524e-07 -2.2227e-07 -5.86763e-06
internal_weight=0 5332 4468 3817 3723 26094 24889 4489 3088 2687 864 3371 20400 17836 2564 2382 702 7712 10124 617
internal_count=31426 5332 4468 3817 3723 26094 24889 4489 3088 2687 864 3371 20400 17836 2564 2382 702 7712 10124 617
is_linear=0
shrinkage=0.05


Tree=4
num_leaves=19
num_cat=0
split_feature=30 30 24 3 15 7 31 7 8 30 3 0 3 3 3 8 30 3
split_gain=3.57896e-05 1.08982e-05 3.42443e-05 3.65431e-05 1.73173e-05 8.41587e-06 4.38981e-06 3.92167e-06 3.66761e-06 6.60112e-07 6.51522e-06 4.15229e-06 2.81304e-06 1.21321e-06 1.59761e-06 5.39917e-07 5.0974e-07 3.93081e-08
threshold=157.23496875000004 147.50993750000001 0.021311766805824372 -0.081013824192150655 0.0011888175966572325 0.00024913707396830752 -0.0035491849291342525 0.00015757161205274246 0.0019999999999953393 153.46000000000001 -0.0032451174698603508 155.64564847218045 0.14152927466722084 0.060312537059203149 -0.10346153787080438 0.24350000000001162 159.13756250000003 -0.10758690612775271
decision_type=2 2 2 2 2 2 2 2 2 2 2 2 2 2 2 2 2 2
left_child=1 2 3 -1 5 -5 -2 -8 -9 13 17 12 -12 14 -3 -16 -10 -11
right_child=6 9 -4 4 -6 -7 7 8 16 10 11 -13 -14 -15 15 -17 -18 -19
leaf_value=0 0 0 0 0 0 9.0374368491796873e-06 0 0 -7.8229058415558573e-06 0 4.2783872430031255e-06 0 0 0 -7.6894805288545075e-07 0 0 -2.1235003925321711e-07
leaf_weight=649 42 663 866 166 224 3421 143 91 1794 511 1931 1799 102 1529 14167 127 964 2179
leaf_count=649 42 663 866 166 224 3421 143 91 1794 511 1931 1799 102 1529 14167 127 964 2179
internal_value=0 6.19917e-07 2.67575e-06 5.26722e-06 7.51253e-06 8.48709e-06 -5.0891e-06 -5.47084e-06 -5.90535e-06 0 5.03012e-07 2.16352e-06 3.73197e-06 0 -4.5031e-07 -7.01141e-07 -6.27278e-06 0
internal_weight=0 28334 5326 4460 3811 3587 3034 2992 2849 23008 6522 3832 2033 16486 14957 14294 2758 2690
internal_count=31368 28334 5326 4460 3811 3587 3034 2992 2849 23008 6522 3832 2033 16486 14957 14294 2758 2690
is_linear=0
shrinkage=0.05


Tree=5
num_leaves=12
num_cat=0
split_feature=0 24 3 6 3 2 17 8 29 6 33
split_gain=1.97022e-05 3.56051e-05 4.37641e-05 1.08661e-05 1.35586e-05 8.68693e-06 5.68655e-06 5.42634e-06 4.89934e-06 4.49649e-06 3.18714e-06
threshold=146.92349002971176 0.021311766805824372 -0.068327144675387447 0.086500000000000923 -0.10758690612775271 0.13224573069871329 -0.0032874635849318152 0.049999999999997165 0.45449999999999596 0.036499999999989548 -0.0031783994644574653
decision_type=2 2 2 2 2 2 2 2 2 2 2
left_child=1 2 -1 -2 -5 8 -6 -8 9 -4 -9
right_child=3 -3 5 4 6 -7 7 10 -10 -11 -12
leaf_value=0 0 0 0 0 0 0 0 0 0 1.1018884576420124e-05 -3.7403058972692537e-06
leaf_weight=681 14022 717 105 1134 367 127 4092 24 34 2308 7822
leaf_count=681 14022 717 105 1134 367 127 4092 24 34 2308 7822
internal_value=0 3.03684e-06 6.2127e-06 -6.77943e-07 -1.7206e-06 9.55558e-06 -2.44702e-06 -2.71345e-06 1.02431e-05 1.05582e-05 -3.59605e-06
internal_weight=0 3972 3255 27461 13439 2574 12305 11938 2447 2413 7846
internal_count=31433 3972 3255 27461 13439 2574 12305 11938 2447 2413 7846
is_linear=0
shrinkage=0.05


Tree=6
num_leaves=19
num_cat=0
split_feature=30 3 6 3 24 6 6 9 17 17 17 14 5 3 32 30 29 27
split_gain=1.68398e-05 2.05515e-05 1.84912e-05 1.41198e-05 1.17839e-05 1.11088e-05 7.84546e-06 9.35484e-06 7.70149e-06 5.2794e-06 5.53121e-06 3.91947e-06 3.16398e-06 3.82256e-06 1.52383e-06 1.41345e-06 2.94751e-06 1.16954e-06
threshold=144.80140625000004 0.10960302461290507 0.12049999999999274 -0.15974607527746162 0.013278494177322247 0.48350000000000654 0.052000000000006714 2.7226999503818534e-05 0.0085993874725447412 0.00033888327079734109 0.0050989475498607337 0.003276330870826794 -0.088500000000010445 -0.012631562302483117 158.5919375 149.37534375000004 -0.073499999999995666 0.038771866238384176
decision_type=2 2 2 2 2 2 2 2 2 2 2 2 2 2 2 2 2 2
left_child=1 3 9 -1 -4 8 -5 -8 14 15 12 -9 -11 -14 -6 -2 -17 -18
right_child=2 -3 4 6 5 -7 7 11 -10 10 -12 -13 13 -15 -16 16 17 -19
leaf_value=0 0 0 0 0 -7.4578236470880574e-06 0 0 1.1058142488592653e-05 0 0 0 0 0 2.4235124212374274e-06 0 0 -1.3717915937679315e-06 0
leaf_weight=102 4080 204 6680 62 2322 73 35 1463 46 188 86 21 302 7575 48 768 7347 28
leaf_count=102 4080 204 6680 62 2322 73 35 1463 46 188 86 21 302 7575 48 768 7347 28
internal_value=0 4.57246e-06 -2.98994e-07 7.346e-06 -2.3086e-06 -5.60948e-06 8.93127e-06 9.79451e-06 -6.6265e-06 0 1.27247e-06 1.06748e-05 1.83056e-06 2.10596e-06 -7.27225e-06 0 -6.58735e-07 -1.21583e-06
internal_weight=0 1887 29543 1683 9169 2489 1581 1519 2416 20374 8151 1484 8065 7877 2370 12223 8143 7375
internal_count=31430 1887 29543 1683 9169 2489 1581 1519 2416 20374 8151 1484 8065 7877 2370 12223 8143 7375
is_linear=0
shrinkage=0.05


Tree=7
num_leaves=21
num_cat=0
split_feature=30 24 30 17 17 2 28 30 0 8 28 4 28 7 0 16 0 16 28 23
split_gain=1.43453e-05 6.49373e-06 1.62037e-05 1.84139e-05 1.89777e-05 7.62819e-06 5.65477e-06 4.62384e-06 1.58055e-05 1.53959e-05 7.12134e-06 3.33111e-06 3.39025e-06 3.68911e-06 1.61401e-06 4.37762e-06 5.61617e-07 8.01651e-07 4.28383e-07 4.26045e-07
threshold=157.23496875000004 0.013643809088325473 147.50993750000001 0.0020725961871889136 -0.0021967906928898047 -0.094712531343446912 1.2538117460645835 142.62662500000002 151.50034149597434 0.015500000000002958 3.4924644197993082 -0.58749999999999136 -2.631578947368244 0.00015757161205274246 153.31819565899571 -0.00080129980677912094 149.54376869000919 -0.0032189006322599907 41.571487959322461 -0.0029391968868322346
decision_type=2 2 2 2 2 2 2 2 2 2 2 2 2 2 2 2 2 2 2 2
left_child=1 2 3 4 -1 -6 11 -3 9 -9 -11 -2 -13 -14 16 -16 -4 -18 -17 -15
right_child=6 7 14 -5 5 -7 -8 8 -10 10 -12 12 13 19 15 18 17 -19 -20 -21
leaf_value=0 0 0 0 0 0 7.8293371206204149e-06 0 0 0 -7.1145748047024445e-06 0 0 0 0 0 2.0361493917975857e-06 0 -6.5822658797350174e-07 0 -5.8303084461882872e-06
leaf_weight=763 25 239 6278 432 52 2775 547 346 2004 2121 108 138 113 23 1337 3871 199 7866 23 2243
leaf_count=763 25 239 6278 432 52 2775 547 346 2004 2121 108 138 113 23 1337 3871 199 7866 23 2243
internal_value=0 1.71536e-07 8.50361e-07 3.78328e-06 5.37191e-06 7.30931e-06 -3.36723e-06 -3.97042e-08 -1.58933e-06 -4.45365e-06 -6.33868e-06 -4.39755e-06 -4.77899e-06 -5.26551e-06 0 8.7825e-07 0 -4.17234e-07 1.96123e-06 -5.75999e-06
internal_weight=0 28414 23596 4022 3590 2827 3089 4818 4579 2575 2229 2542 2517 2379 19574 5231 14343 8065 3894 2266
internal_count=31503 28414 23596 4022 3590 2827 3089 4818 4579 2575 2229 2542 2517 2379 19574 5231 14343 8065 3894 2266
is_linear=0
shrinkage=0.05


Tree=8
num_leaves=19
num_cat=0
split_feature=1 32 28 6 1 19 6 6 1 24 8 3 32 8 4 6 30 28
split_gain=3.75454e-05 1.13869e-05 9.78355e-06 8.37316e-06 8.18682e-06 1.85544e-05 1.06359e-05 9.43865e-06 2.82245e-05 1.70729e-05 1.27478e-05 8.08355e-06 7.26075e-06 5.89408e-06 3.78333e-06 4.97855e-06 4.24507e-06 3.51574e-06
threshold=157.26542796134086 158.5919375 1.279070064900077 0.036499999999989548 144.80409874510858 0.17076885223221441 0.087500000000005698 0.1295000000000073 149.16940130054465 0.0082496984914631078 0.01899999999999125 -0.24134130100428289 157.22970312500004 0.0040000000000048894 -0.15950000000000839 0.049499999999994777 155.60446875000002 -3.6683911800274971
decision_type=2 2 2 2 2 2 2 2 2 2 2 2 2 2 2 2 2 2
left_child=4 2 3 -2 5 6 -1 14 9 -9 -11 -8 -5 -13 -6 -16 -17 -14
right_child=1 -3 -4 12 7 -7 11 8 -10 10 -12 13 17 -15 15 16 -18 -19
leaf_value=0 0 0 0 0 0 0 0 0 0 0 -1.3068069607187296e-05 0 0 9.7916164204316135e-06 0 1.7429623920256029e-06 0 -1.2793802515196862e-05
leaf_weight=296 157 1220 285 27 960 152 41 1868 4578 81 972 23 48 1339 4943 11581 1506 1189
leaf_count=296 157 1220 285 27 960 152 41 1868 4578 81 972 23 48 1339 4943 11581 1506 1189
internal_value=0 -5.66363e-06 -8.46729e-06 -1.01627e-05 2.62761e-08 3.32657e-06 6.2732e-06 0 -1.67065e-06 -5.59634e-06 -1.12865e-05 8.16099e-06 -1.15179e-05 9.13459e-06 3.74658e-07 8.20014e-07 1.37019e-06 -1.22567e-05
internal_weight=0 2926 1706 1421 28340 1851 1699 26489 7499 2921 1053 1403 1264 1362 18990 18030 13087 1237
internal_count=31266 2926 1706 1421 28340 1851 1699 26489 7499 2921 1053 1403 1264 1362 18990 18030 13087 1237
is_linear=0
shrinkage=0.05


Tree=9
num_leaves=18
num_cat=0
split_feature=1 7 2 29 28 8 20 7 6 1 5 17 2 30 27 24 7
split_gain=1.35698e-05 2.31693e-05 1.76925e-05 1.44547e-05 1.84546e-05 9.73748e-06 8.90156e-06 9.51514e-06 8.50623e-06 6.15174e-06 5.03024e-06 6.39049e-06 2.94594e-06 2.90424e-06 2.06034e-06 1.33545e-06 1.29586e-06
threshold=144.80409874510858 0.00083748342876524269 0.13988119244636724 0.55450000000000454 1.8666664592591957 0.0035000000000025015 -0.0022813225000132818 0.00037866331848984317 0.90850000000000375 159.85990689370536 0.065000000000011951 0.0047031874401813898 0.010578862438180183 149.37534375000004 -0.014902827833081582 0.0091106641311640337 0.00073446886038082036
decision_type=2 2 2 2 2 2 2 2 2 2 2 2 2 2 2 2 2
left_child=2 10 5 4 8 -1 -7 -8 9 -3 13 12 -12 -2 -14 16 -15
right_child=1 3 -4 -5 -6 6 7 -9 -10 -11 11 -13 14 15 -16 -17 -18
leaf_value=0 0 -5.0918813376173132e-06 0 0 0 0 0 9.5342265036866246e-06 0 0 0 0 0 -1.310556837232346e-06 2.6871758008752546e-06 0 0
leaf_weight=47 4628 7030 141 283 852 43 59 1574 48 79 989 122 112 8057 5687 884 602
leaf_count=47 4628 7030 141 283 852 43 59 1574 48 79 989 122 112 8057 5687 884 602
internal_value=0 -4.30153e-07 3.90917e-06 -2.76417e-06 -3.52455e-06 6.49604e-06 7.60947e-06 8.54714e-06 -4.51079e-06 -4.84519e-06 0 1.34901e-06 2.05086e-06 0 2.48863e-06 -8.72242e-07 -1.10636e-06
internal_weight=0 29373 1864 8292 8009 1723 1676 1633 7157 7109 21081 6910 6788 14171 5799 9543 8659
internal_count=31237 29373 1864 8292 8009 1723 1676 1633 7157 7109 21081 6910 6788 14171 5799 9543 8659
is_linear=0
shrinkage=0.05


Tree=10
num_leaves=17
num_cat=0
split_feature=1 1 20 20 8 15 8 9 32 9 24 14 14 8 32 32
split_gain=9.78451e-06 6.04677e-06 1.39972e-05 9.12217e-06 9.61956e-06 2.66949e-06 3.09802e-06 2.00283e-06 5.58037e-06 4.2e-06 3.01076e-06 2.40446e-06 3.00915e-06 1.34297e-06 1.18435e-06 1.61538e-06
threshold=157.22748201287658 144.80409874510858 0.001250670147601166 -0.0019486755061875248 0.0035000000000025015 -0.003660844833857257 0.0019999999999953393 0.00039265623947569759 156.51250000000002 0.0015559599535631967 -0.069203633956094149 -0.00045984438946328193 0.00027066011375564974 0.0090000000000003428 157.22970312500004 158.5919375
decision_type=2 2 2 2 2 2 2 2 2 2 2 2 2 2 2 2
left_child=1 2 3 -1 -5 -2 -7 11 9 10 -9 -3 13 -13 -8 -16
right_child=5 7 -4 4 -6 6 14 8 -10 -11 -12 12 -14 -15 15 -17
leaf_value=0 0 0 0 0 7.8342785167394497e-06 0 0 0 0 0 -2.1531023860607841e-06 0 0 1.3475855555275042e-06 -5.1441736771640024e-06 0
leaf_weight=62 30 1292 156 42 1600 141 76 73 346 508 7590 3146 3098 10291 1686 1160
leaf_count=62 30 1292 156 42 1600 141 76 73 346 508 7590 3146 3098 10291 1686 1160
internal_value=0 2.10995e-07 2.96665e-06 5.48988e-06 6.72033e-06 -2.73896e-06 -3.12314e-06 0 -6.13873e-07 -1.44917e-06 -1.89987e-06 3.17527e-07 6.87194e-07 1.06816e-06 -3.58817e-06 -3.7761e-06
internal_weight=0 28204 1860 1704 1642 3093 3063 26344 8517 8171 7663 17827 16535 13437 2922 2846
internal_count=31297 28204 1860 1704 1642 3093 3063 26344 8517 8171 7663 17827 16535 13437 2922 2846
is_linear=0
shrinkage=0.05


Tree=11
num_leaves=19
num_cat=0
split_feature=30 3 6 10 29 22 30 3 30 22 2 3 6 28 3 6 10 28
split_gain=1.07964e-05 1.7683e-05 1.46895e-05 3.94029e-06 3.82042e-06 3.73634e-06 3.58303e-06 1.36022e-05 5.52521e-06 3.48304e-06 3.44731e-06 3.08271e-06 2.96201e-06 2.96822e-06 1.69869e-06 1.19796e-05 2.66191e-06 1.52023e-06
threshold=157.28071875000003 0.0014284547803628061 0.2200000000000131 0.0024999999999977267 0.37049999999999278 -0.0011505431807122882 149.66362500000002 -0.11200515761230627 156.96781250000004 -0.0029029168122611708 0.15683813300871921 -0.0032451174698603508 0.028000000000005801 1.2538117460645835 -0.20610275809468684 0.215999999999994 0.0035000000000025015 -6.7979804642530715
decision_type=2 2 2 2 2 2 2 2 2 2 2 2 2 2 2 2 2 2
left_child=1 6 4 -2 5 -3 14 -8 11 -5 -7 -9 -11 17 -1 -16 -17 -14
right_child=3 2 -4 9 -6 10 7 8 -10 12 -12 -13 13 -15 15 16 -18 -19
leaf_value=0 0 0 0 0 0 3.0598162551385679e-06 0 -3.4252108110281666e-06 0 0 0 0 0 0 0 0 7.7776913714100989e-06 -5.3403114398989959e-06
leaf_weight=142 473 54 1055 23 27 12761 864 5496 271 142 388 844 44 388 5626 98 675 1863
leaf_count=142 473 54 1055 23 27 12761 864 5496 271 142 388 844 44 388 5626 98 675 1863
internal_value=0 6.2446e-07 1.96651e-06 -2.33221e-06 2.63652e-06 2.77288e-06 0 -1.09466e-06 -2.54921e-06 -3.23864e-06 2.90358e-06 -2.99246e-06 -3.76303e-06 -4.27348e-06 0 8.14632e-07 6.64986e-06 -5.0861e-06
internal_weight=0 28301 14285 2933 13230 13203 14016 7475 6611 2460 13149 6340 2437 2295 6541 6399 773 1907
internal_count=31234 28301 14285 2933 13230 13203 14016 7475 6611 2460 13149 6340 2437 2295 6541 6399 773 1907
is_linear=0
shrinkage=0.05


Tree=12
num_leaves=21
num_cat=0
split_feature=1 32 10 8 7 28 24 1 15 5 17 1 32 28 28 32 27 32 30 27
split_gain=1.37184e-05 1.34428e-05 7.45916e-06 4.82717e-06 3.59503e-06 3.26571e-06 2.72926e-06 9.18746e-06 8.5601e-06 7.27634e-06 1.33361e-05 3.46433e-06 2.69698e-05 9.27364e-06 1.85818e-06 1.14069e-06 3.11988e-06 4.71762e-06 3.01632e-07 2.17425e-08
threshold=157.26542796134086 158.5919375 0.0019999999999953393 0.0019999999999953393 0.00023452083276034657 -3.2659878166403638 0.013643809088325473 146.65245808140523 0.0012274933078150199 -0.22249999999999656 0.0026995241026357424 149.27685438730282 144.99139062500004 2.9288863086676309 -4.7142812244964931 156.51250000000002 -0.014584918924818408 149.81748437500005 155.70978125000002 0.019896357670441036
decision_type=2 2 2 2 2 2 2 2 2 2 2 2 2 2 2 2 2 2 2 2
left_child=6 2 -2 -4 -5 -6 7 8 9 -1 -11 12 -8 14 -14 16 17 -9 -18 -17
right_child=1 -3 3 4 5 -7 11 15 -10 10 -12 -13 13 -15 -16 19 18 -19 -20 -21
leaf_value=0 0 0 0 0 0 -9.5166216254300162e-06 0 0 0 8.4627989726713665e-06 0 0 0 0 -9.1275360265584407e-06 1.577840760320805e-06 2.1661919525688739e-07 -3.1893104645520333e-06 0 0
leaf_weight=667 193 1205 67 123 41 1278 655 1048 115 1434 176 2787 43 89 1247 1167 16070 1926 916 20
leaf_count=667 193 1205 67 123 41 1278 655 1048 115 1434 176 2787 43 89 1247 1167 16070 1926 916 20
internal_value=0 -3.4346e-06 -6.31577e-06 -7.57265e-06 -8.26898e-06 -9.03124e-06 0 5.38389e-07 3.52891e-06 4.74123e-06 6.56407e-06 0 -2.06335e-06 -7.42713e-06 -8.77127e-06 0 0 -1.61937e-06 0 1.54979e-06
internal_weight=0 2907 1702 1509 1442 1319 28360 23539 2392 2277 1610 4821 2034 1379 1290 21147 19960 2974 16986 1187
internal_count=31267 2907 1702 1509 1442 1319 28360 23539 2392 2277 1610 4821 2034 1379 1290 21147 19960 2974 16986 1187
is_linear=0
shrinkage=0.05


Tree=13
num_leaves=15
num_cat=0
split_feature=0 24 2 19 5 8 2 32 8 32 14 32 32 0
split_gain=9.4967e-06 3.17727e-05 1.44019e-05 1.37962e-05 8.0566e-06 8.00922e-06 1.0495e-05 4.03598e-06 3.70982e-06 2.04697e-06 1.26888e-06 1.41358e-07 9.87917e-07 1.09634e-07
threshold=146.92349002971176 0.031212335816753187 -0.091662965932755455 0.21422943289007892 -0.29650000000000881 0.059000000000011717 -0.18273647948907976 1.0000000180025095e-35 0.47350000000000142 158.5919375 0.003276330870826794 157.22970312500004 147.16548437500003 157.23048464037296
decision_type=2 2 2 2 2 2 2 2 2 2 2 2 2 2
left_child=1 2 -1 4 -4 11 -7 -6 9 10 -8 12 -2 -14
right_child=5 -3 3 -5 7 6 8 -9 -10 -11 -12 -13 13 -15
leaf_value=0 0 0 0 0 0 0 -2.8939263406351716e-06 8.8164861359985303e-06 0 0 0 0 4.3593179968290605e-07 0
leaf_weight=600 310 423 218 92 26 324 7833 2600 50 237 39 2261 16298 122
leaf_count=600 310 423 218 92 26 324 7833 2600 50 237 39 2261 16298 122
internal_value=0 2.35531e-06 5.35471e-06 6.8406e-06 7.7739e-06 -2.54362e-07 -1.60307e-06 8.55097e-06 -2.42643e-06 -2.65848e-06 -2.81609e-06 0 1.45338e-07 4.14648e-07
internal_weight=0 3959 3536 2936 2844 27474 8483 2626 8159 8109 7872 18991 16730 16420
internal_count=31433 3959 3536 2936 2844 27474 8483 2626 8159 8109 7872 18991 16730 16420
is_linear=0
shrinkage=0.05


end of trees

feature_importances:
macd_signal=25
sma_32=24
body=19
ema_slow=18
range=18
sma_16=18
momentum_ratio=14
macd_hist=12
ema_fast=11
return_16=10
range_pct=9
macd=8
momentum_convergence=7
return_8=6
ema_cross_pct=6
momentum_20=5
return_2=5
return_4=5
macd_strength=4
price_sma_16_dist=4
body_pct=3
upper_shadow=3
momentum_10=2
ema_cross=2
price_ema_fast_dist=2
price_ema_slow_dist=2
return_1=1
price_sma_32_dist=1

parameters:
[boosting: gbdt]
[objective: regression]
[metric: rmse]
[tree_learner: serial]
[device_type: cpu]
[data: ]
[valid: ]
[num_iterations: 500]
[learning_rate: 0.05]
[num_leaves: 31]
[num_threads: 8]
[deterministic: 0]
[force_col_wise: 0]
[force_row_wise: 0]
[histogram_pool_size: -1]
[max_depth: 6]
[min_data_in_leaf: 20]
[min_sum_hessian_in_leaf: 0.001]
[bagging_fraction: 0.8]
[pos_bagging_fraction: 1]
[neg_bagging_fraction: 1]
[bagging_freq: 1]
[bagging_seed: 400]
[feature_fraction: 0.8]
[feature_fraction_bynode: 1]
[feature_fraction_seed: 30056]
[extra_trees: 0]
[extra_seed: 12879]
[early_stopping_round: 0]
[first_metric_only: 0]
[max_delta_step: 0]
[lambda_l1: 0.3]
[lambda_l2: 0.3]
[linear_lambda: 0]
[min_gain_to_split: 0]
[drop_rate: 0.1]
[max_drop: 50]
[skip_drop: 0.5]
[xgboost_dart_mode: 0]
[uniform_drop: 0]
[drop_seed: 17869]
[top_rate: 0.2]
[other_rate: 0.1]
[min_data_per_group: 100]
[max_cat_threshold: 32]
[cat_l2: 10]
[cat_smooth: 10]
[max_cat_to_onehot: 4]
[top_k: 20]
[monotone_constraints: ]
[monotone_constraints_method: basic]
[monotone_penalty: 0]
[feature_contri: ]
[forcedsplits_filename: ]
[refit_decay_rate: 0.9]
[cegb_tradeoff: 1]
[cegb_penalty_split: 0]
[cegb_penalty_feature_lazy: ]
[cegb_penalty_feature_coupled: ]
[path_smooth: 0]
[interaction_constraints: ]
[verbosity: -1]
[saved_feature_importance_type: 0]
[linear_tree: 0]
[max_bin: 255]
[max_bin_by_feature: ]
[min_data_in_bin: 3]
[bin_construct_sample_cnt: 200000]
[data_random_seed: 175]
[is_enable_sparse: 1]
[enable_bundle: 1]
[use_missing: 1]
[zero_as_missing: 0]
[feature_pre_filter: 1]
[pre_partition: 0]
[two_round: 0]
[header: 0]
[label_column: ]
[weight_column: ]
[group_column: ]
[ignore_column: ]
[categorical_feature: ]
[forcedbins_filename: ]
[precise_float_parser: 0]
[parser_config_file: ]
[objective_seed: 16083]
[num_class: 1]
[is_unbalance: 0]
[scale_pos_weight: 1]
[sigmoid: 1]
[boost_from_average: 1]
[reg_sqrt: 0]
[alpha: 0.9]
[fair_c: 1]
[poisson_max_delta_step: 0.7]
[tweedie_variance_power: 1.5]
[lambdarank_truncation_level: 30]
[lambdarank_norm: 1]
[label_gain: ]
[lambdarank_position_bias_regularization: 0]
[eval_at: ]
[multi_error_top_k: 1]
[auc_mu_weights: ]
[num_machines: 1]
[local_listen_port: 12400]
[time_out: 120]
[machine_list_filename: ]
[machines: ]
[gpu_platform_id: -1]
[gpu_device_id: -1]
[gpu_use_dp: 0]
[num_gpu: 1]

end of parameters

pandas_categorical:[]
