tree
version=v4
num_class=1
num_tree_per_iteration=1
label_index=0
max_feature_idx=26
objective=regression
feature_names=rsi bb_middle bb_upper bb_lower momentum_10 momentum_20 range range_pct body body_pct upper_shadow lower_shadow is_bullish rsi_normalized rsi_overbought rsi_oversold rsi_divergence bb_width bb_position bb_position_normalized price_bb_upper_dist price_bb_lower_dist bb_breakout_upper bb_breakout_lower momentum_ratio momentum_convergence signal_convergence
feature_infos=[0:99.999992774566991] [0:161.88062500000001] [0:163.46980690478767] [0:161.79437304114759] [-3.7750000000000057:2.1870000000000118] [-3.688999999999993:3.0160000000000196] [0:3.0139999999999816] [0:0.019088400286395583] [0:2.7609999999999957] [0:0.017392783349291913] [0:1.1620000000000061] [0:1.3590000000000089] [0:1] [-1:0.99999985549133985] [0:1] [0:1] [-89.854942239242206:87.39492126263913] [0:0.040499613571001979] [-0.43688158368442731:1.4336560662958788] [-1.8737631673688546:1.8673121325917577] [-0.0052970182941306683:0.036124521721180282] [-0.0076876891014397734:0.023272312637101344] [0:1] [0:1] [-12700000.000000956:20400000.000000771] [-2.1870000000000118:3.7750000000000057] [0:1]
tree_sizes=1699 1664 1826 1670 1895 1589 1417 1641 1660 1659 937

Tree=0
num_leaves=16
num_cat=0
split_feature=1 1 5 5 20 17 4 17 17 17 17 6 1 1 17
split_gain=3.55132e-05 1.49914e-05 2.87776e-05 4.63451e-05 1.49543e-05 1.32579e-05 5.1335e-06 5.65177e-06 4.40713e-06 2.32174e-05 1.03823e-05 3.51686e-06 2.81721e-06 2.56388e-06 3.17315e-06
threshold=157.28071875000003 147.50993750000001 0.32550000000000529 -0.26000000000000506 -8.5570463309385102e-05 0.00070340977730726575 -0.6805000000000091 0.00062740282587946323 0.0024966055924485271 0.0045413521767738753 0.0010331774299239429 0.025499999999993864 148.59293750000003 156.66534375000001 0.0026084944679104233
decision_type=2 2 2 2 2 2 2 2 2 2 2 2 2 2 2
left_child=1 2 3 -1 -5 -6 -2 -8 10 13 -3 -9 -12 14 -10
right_child=6 8 -4 4 5 -7 7 11 9 -11 12 -13 -14 -15 -16
leaf_value=7.6252981068255304e-06 7.6252981068255304e-06 7.6252981068255304e-06 7.6252981068255304e-06 7.6252981068255304e-06 7.6252981068255304e-06 1.7162188829322569e-05 7.6252981068255304e-06 7.6252981068255304e-06 7.6252981068255304e-06 7.6252981068255304e-06 7.6252981068255304e-06 1.0180108758874847e-06 9.9653824312835797e-06 7.6252981068255304e-06 3.3461962265481725e-06
leaf_weight=894 32 6310 665 102 255 3344 117 120 431 2930 2007 2661 6710 329 4350
leaf_count=894 32 6310 665 102 255 3344 117 120 431 2930 2007 2661 6710 329 4350
internal_value=7.6253e-06 8.16842e-06 1.05771e-05 1.26879e-05 1.55704e-05 1.63028e-05 2.38634e-06 1.95275e-06 7.6253e-06 6.67434e-06 8.12463e-06 1.41148e-06 9.47119e-06 4.05025e-06 3.75219e-06
internal_weight=0 28327 5260 4595 3701 3599 2930 2898 23067 8040 15027 2781 8717 5110 4781
internal_count=31257 28327 5260 4595 3701 3599 2930 2898 23067 8040 15027 2781 8717 5110 4781
is_linear=0
shrinkage=1


Tree=1
num_leaves=19
num_cat=0
split_feature=2 17 20 20 4 5 17 20 16 16 17 3 21 16 3 20 21 10
split_gain=2.9383e-05 2.7289e-05 2.55535e-05 2.78196e-05 1.78113e-05 2.14154e-05 1.37573e-05 8.28367e-06 8.08044e-06 9.21534e-06 6.67575e-06 5.83158e-06 5.04945e-06 3.72313e-06 3.09113e-06 3.62149e-07 3.38284e-07 2.35165e-07
threshold=147.77091793910532 0.0024966055924485271 0.00073866671203710497 0.0055212799635144484 0.23550000000000185 -0.29650000000000881 0.00065033606604410405 -1.6512134414105575e-05 16.840178757296464 -9.4126420718861912 0.0012407256335990352 157.32644370283236 3.1411195936324187e-05 12.621171597409345 150.5159964039066 0.0007629990830786028 1.1223568285516195e-05 0.077000000000012406
decision_type=2 2 2 2 2 2 2 2 2 2 2 2 2 2 2 2 2 2
left_child=4 10 -3 8 5 -1 -7 -8 9 -4 15 13 -9 14 -12 16 -2 -18
right_child=1 2 3 -5 -6 6 7 12 -10 -11 11 -13 -14 -15 -16 -17 17 -19
leaf_value=0 0 0 0 0 0 0 0 0 0 -7.0906391400542817e-06 0 0 7.9186274135265327e-06 0 3.8067478838307785e-06 0 -5.7354893134212236e-07 0
leaf_weight=721 213 1938 1045 792 624 389 107 152 254 5028 2966 1128 3689 702 3333 1016 7110 54
leaf_count=721 213 1938 1045 792 624 389 107 152 254 5028 2966 1128 3689 702 3333 1016 7110 54
internal_value=0 -5.56228e-07 -2.89933e-06 -4.43483e-06 3.39627e-06 4.66483e-06 6.1418e-06 7.0816e-06 -5.75512e-06 -6.15084e-06 0 1.43283e-06 7.54567e-06 2.11331e-06 2.53799e-06 0 -3.5032e-07 -4.94386e-07
internal_weight=0 25579 9057 7119 5682 5058 4337 3948 6327 6073 16522 8129 3841 7001 6299 8393 7377 7164
internal_count=31261 25579 9057 7119 5682 5058 4337 3948 6327 6073 16522 8129 3841 7001 6299 8393 7377 7164
is_linear=0
shrinkage=0.05


Tree=2
num_leaves=21
num_cat=0
split_feature=1 2 4 5 6 20 1 6 24 8 17 17 17 5 6 1 17 2 2 1
split_gain=2.22538e-05 1.16917e-05 2.77653e-05 1.85888e-05 1.92358e-05 8.73152e-06 7.70545e-06 6.73653e-06 8.78974e-06 7.45274e-06 4.1991e-06 2.76466e-06 3.30964e-05 3.36776e-05 2.30879e-05 8.80816e-06 4.77305e-06 9.30142e-06 2.53309e-06 4.2075e-06
threshold=157.23496875000004 147.74224819008927 0.24099999999999969 -0.29650000000000881 0.051500000000004327 4.2974619682532819e-05 159.13756250000003 0.036499999999989548 1.4572535773209649 0.0019999999999953393 0.00065033606604410405 0.0026084944679104233 0.0039082686943320314 0.042499999999989775 0.084499999999991374 150.77940625000002 0.0011584178095714712 155.82131149607432 148.49798811502191 152.60687500000003
decision_type=2 2 2 2 2 2 2 2 2 2 2 2 2 2 2 2 2 2 2 2
left_child=1 2 3 -1 -5 -6 7 -2 9 -9 -11 15 13 14 -13 -3 -17 -18 -14 -20
right_child=6 11 -4 4 5 -7 -8 8 -10 10 -12 12 18 -15 -16 16 17 -19 19 -21
leaf_value=0 0 0 0 0 0 7.7824887337522306e-06 0 0 0 0 -1.0141285419959516e-05 0 0 0 -1.2495902833751686e-05 0 4.5820025990255272e-06 0 3.1270779090799488e-06 0
leaf_weight=702 228 9097 628 500 179 3602 1116 35 252 36 1358 351 391 1724 1479 2098 2752 1204 1723 2010
leaf_count=702 228 9097 628 500 179 3602 1116 35 252 36 1358 351 391 1724 1479 2098 2752 1204 1723 2010
internal_value=0 3.32704e-07 2.40209e-06 4.51955e-06 5.88475e-06 7.20605e-06 -4.16523e-06 -6.13019e-06 -7.25894e-06 -8.79526e-06 -9.62607e-06 0 -9.08279e-07 -5.00613e-06 -9.7297e-06 1.95192e-07 1.93197e-06 2.95431e-06 0 1.30241e-06
internal_weight=0 28440 5611 4983 4281 3781 3025 1909 1681 1429 1394 22829 7678 3554 1830 15151 6054 3956 4124 3733
internal_count=31465 28440 5611 4983 4281 3781 3025 1909 1681 1429 1394 22829 7678 3554 1830 15151 6054 3956 4124 3733
is_linear=0
shrinkage=0.05


Tree=3
num_leaves=19
num_cat=0
split_feature=1 2 4 25 7 17 17 5 7 24 20 1 4 17 20 24 8 9
split_gain=1.88574e-05 1.04901e-05 2.49527e-05 2.03865e-05 1.84503e-05 8.41429e-06 3.80777e-05 2.33948e-05 1.19137e-05 6.3012e-06 6.09373e-06 5.18327e-06 4.91158e-06 5.20196e-06 4.78835e-06 2.95051e-06 2.54551e-06 1.50743e-06
threshold=157.23496875000004 147.74224819008927 0.24099999999999969 0.26700000000001017 0.00034789269478606265 0.0026084944679104233 0.0039082686943320314 0.048499999999990002 0.00051792976030309845 1.2538117460645835 0.0003434203119144083 150.77940625000002 -0.58749999999999136 0.00062740282587946323 0.00021760893621739801 -6.7979804642530715 0.00099999999999056421 3.1947044642783913e-05
decision_type=2 2 2 2 2 2 2 2 2 2 2 2 2 2 2 2 2 2
left_child=1 2 3 4 -1 11 7 8 -7 12 -6 -3 -2 -14 -13 -15 -17 -16
right_child=9 5 -4 -5 10 6 -8 -9 -10 -11 -12 14 13 15 17 16 -18 -19
leaf_value=0 0 0 0 0 0 0 0 0 -1.1535284335815505e-05 0 7.7477545914730153e-06 0 0 0 0 0 -6.6195370679424197e-06 2.5938619258437207e-06
leaf_weight=476 29 9119 622 389 736 303 4078 1719 1534 545 3349 1191 102 56 504 35 2323 4316
leaf_count=476 29 9119 622 389 736 303 4078 1719 1534 545 3349 1191 102 56 504 35 2323 4316
internal_value=0 6.4397e-08 2.17426e-06 4.23356e-06 5.53401e-06 0 -1.64636e-06 -5.70845e-06 -9.74206e-06 -3.90094e-06 6.74419e-06 1.50554e-07 -4.96636e-06 -5.46157e-06 1.48751e-06 -6.0395e-06 -6.36156e-06 2.28972e-06
internal_weight=0 28336 5572 4950 4561 22764 7634 3556 1837 3090 4085 15130 2545 2516 6011 2414 2358 4820
internal_count=31426 28336 5572 4950 4561 22764 7634 3556 1837 3090 4085 15130 2545 2516 6011 2414 2358 4820
is_linear=0
shrinkage=0.05


Tree=4
num_leaves=22
num_cat=0
split_feature=1 1 5 5 20 17 20 24 24 8 24 3 5 3 8 2 3 2 2 2 3
split_gain=3.45599e-05 8.27036e-06 2.03782e-05 1.50193e-05 1.51653e-05 5.81267e-06 4.94863e-06 4.07026e-06 3.04566e-06 2.73367e-06 3.10461e-06 1.12559e-06 3.97589e-06 3.59835e-06 2.82203e-06 2.84617e-06 2.63032e-06 1.17549e-06 1.10611e-06 3.74422e-07 1.00299e-08
threshold=157.23496875000004 147.50993750000001 0.30399999999998789 -0.29650000000000881 0.00033768186747290091 0.00062740282587946323 0.0057969559311303346 -4.0889318352932227 -4.7142812244964931 0.0019999999999953393 13.177084698361105 150.72757964326649 -0.0090000000000003393 149.42472595548591 0.0024999999999977267 157.34304147360669 148.16314072925886 150.05119969994101 150.52704543583408 151.69858018542968 146.88661738470003
decision_type=2 2 2 2 2 2 2 2 2 2 2 2 2 2 2 2 2 2 2 2 2
left_child=1 2 3 -1 -5 -2 8 -6 -7 -10 -11 13 -13 16 -14 -16 20 -15 -18 -19 -3
right_child=5 11 -4 4 7 6 -8 -9 9 10 -12 12 14 17 15 -17 18 19 -20 -21 -22
leaf_value=0 0 0 0 0 0 0 0 7.7058255832422406e-06 0 -6.8951845152483021e-06 0 0 0 0 2.2260110926857731e-06 0 1.6184123358647347e-06 -1.7709966926556282e-06 0 0 -8.1987418995244402e-08
leaf_weight=789 123 29 740 813 151 80 78 2833 104 2619 30 4745 283 907 5424 128 3566 4118 50 28 3730
leaf_count=789 123 29 740 813 151 80 78 2833 104 2619 30 4745 283 907 5424 128 3566 4118 50 28 3730
internal_value=0 6.22566e-07 2.43797e-06 4.24393e-06 5.62506e-06 -4.98549e-06 -5.55848e-06 7.27774e-06 -6.00947e-06 -6.3189e-06 -6.63894e-06 0 5.11474e-07 -6.09051e-08 1.47571e-06 1.88663e-06 0 -1.33766e-06 1.34847e-06 -1.69985e-06 0
internal_weight=0 28334 5326 4586 3797 3034 2911 2984 2833 2753 2649 23008 10580 12428 5835 5552 7375 5053 3616 4146 3759
internal_count=31368 28334 5326 4586 3797 3034 2911 2984 2833 2753 2649 23008 10580 12428 5835 5552 7375 5053 3616 4146 3759
is_linear=0
shrinkage=0.05


Tree=5
num_leaves=18
num_cat=0
split_feature=1 4 25 17 6 20 16 20 21 6 20 2 2 16 17 5 1
split_gain=1.69202e-05 2.59975e-05 2.47343e-05 1.90785e-05 2.0195e-05 2.11581e-05 8.85194e-06 8.23139e-06 8.18392e-06 4.21495e-06 2.60546e-06 5.75793e-06 3.16092e-06 1.49455e-06 8.63144e-07 4.2753e-07 4.40778e-07
threshold=146.78265625000003 0.28900000000000153 -0.0035000000000025007 0.0026084944679104233 0.087500000000005698 0.0057969559311303346 -12.949807380448194 -1.6512134414105575e-05 4.0122244544539227e-05 0.03799999999999671 0.00043954055666627821 155.82131149607432 147.34192679470436 -31.982694318691447 0.0013518494466676068 -0.038499999999999084 146.87903125000003
decision_type=2 2 2 2 2 2 2 2 2 2 2 2 2 2 2 2 2
left_child=1 2 8 10 -5 6 -6 -8 -1 -10 14 12 -12 -14 15 -2 -17
right_child=3 -3 -4 4 5 -7 7 -9 9 -11 11 -13 13 -15 -16 16 -18
leaf_value=0 0 0 0 0 0 0 0 -6.046495122764373e-06 0 1.1432696777002832e-05 0 0 0 2.0854798706309555e-06 0 0 -8.9923079443604463e-07
leaf_weight=79 189 423 1624 1931 576 696 378 5582 50 1452 300 2397 229 7392 2252 40 5843
leaf_count=79 189 423 1624 1931 576 696 378 5582 50 1452 300 2397 229 7392 2252 40 5843
internal_value=0 2.9697e-06 5.50091e-06 -6.08695e-07 -2.51583e-06 -3.87301e-06 -4.9689e-06 -5.54877e-06 1.0022e-05 1.09244e-05 0 7.69973e-07 1.60919e-06 1.93088e-06 -2.18207e-07 -6.48563e-07 -7.84741e-07
internal_weight=0 3628 3205 27805 9163 7232 6536 5960 1581 1502 18642 10318 7921 7621 8324 6072 5883
internal_count=31433 3628 3205 27805 9163 7232 6536 5960 1581 1502 18642 10318 7921 7621 8324 6072 5883
is_linear=0
shrinkage=0.05


Tree=6
num_leaves=16
num_cat=0
split_feature=2 17 6 9 13 7 21 17 25 17 9 3 17 5 8
split_gain=1.95116e-05 3.72062e-05 2.69517e-05 2.1458e-05 1.2294e-05 1.01609e-05 9.72648e-06 8.79698e-06 6.33707e-06 5.55347e-06 5.28796e-06 6.15437e-06 5.28528e-06 4.50367e-06 4.49662e-06
threshold=145.90114223209963 0.0025664157461275368 0.095000000000013088 0.001152891467753528 0.52791205123052853 0.0004976902073122962 0.007462473795199715 0.0010331774299239429 0.65950000000000852 0.014296111262698089 0.00047177433815237031 157.70326846234295 0.0015958363502948515 0.17499999999999719 0.0024999999999977267
decision_type=2 2 2 2 2 2 2 2 2 2 2 2 2 2 2
left_child=4 7 -3 8 5 -1 12 -2 9 -4 11 13 -7 -9 -14
right_child=1 2 3 -5 -6 6 -8 10 -10 -11 -12 -13 14 -15 -16
leaf_value=0 0 0 -6.3054815425581263e-06 0 0 0 0 2.9065842685346289e-06 0 0 0 0 0 0 9.583763198188952e-06
leaf_weight=271 7332 2543 6174 1094 312 99 43 7531 164 77 2604 931 28 592 1635
leaf_count=271 7332 2543 6174 1094 312 99 43 7531 164 77 2604 931 28 592 1635
internal_value=0 -3.46519e-07 -3.06987e-06 -4.64632e-06 4.35477e-06 6.05115e-06 7.4956e-06 3.05186e-07 -5.79929e-06 -6.08674e-06 1.42763e-06 2.02098e-06 8.44706e-06 2.539e-06 9.14023e-06
internal_weight=0 29042 10052 7509 2388 2076 1805 18990 6415 6251 11658 9054 1762 8123 1663
internal_count=31430 29042 10052 7509 2388 2076 1805 18990 6415 6251 11658 9054 1762 8123 1663
is_linear=0
shrinkage=0.05


Tree=7
num_leaves=19
num_cat=0
split_feature=1 17 20 17 2 0 0 0 2 24 21 17 24 8 17 0 0 0
split_gain=1.26778e-05 5.59536e-06 1.41748e-05 1.02275e-05 2.08736e-05 1.11732e-05 8.39022e-06 7.40566e-06 6.11247e-06 4.54087e-06 4.1902e-06 4.18614e-06 3.22233e-06 2.34076e-06 2.40917e-06 1.99075e-06 1.90225e-06 1.00349e-06
threshold=157.23496875000004 0.0026084944679104233 0.00043337944057848029 0.0037215331200145915 148.07447635133596 71.300428447188494 22.222182098845689 84.062881364885769 155.82131149607432 1.2538117460645835 0.0010252079903331299 0.00062740282587946323 -2.631578947368244 0.13400000000000037 0.00077222315610450741 8.3333148148710396 8.3333148148710396 89.772659263153002
decision_type=2 2 2 2 2 2 2 2 2 2 2 2 2 2 2 2 2 2
left_child=1 2 -1 4 -3 6 -6 10 13 11 -5 -2 -13 14 -4 -14 -12 -17
right_child=9 3 8 7 5 -7 -8 -9 -10 -11 16 12 15 -15 -16 17 -18 -19
leaf_value=0 0 0 0 0 0 0 -7.5563419346500341e-06 0 0 0 0 0 0 0 3.1703182932048728e-06 -5.5047874338804592e-06 2.7365065230786076e-06 0
leaf_weight=7854 94 1060 858 1392 217 603 2218 646 1021 547 47 135 23 278 7714 2247 4506 43
leaf_count=7854 94 1060 858 1392 217 603 2218 646 1021 547 47 135 23 278 7714 2247 4506 43
internal_value=0 1.83263e-07 9.18159e-07 0 -2.49777e-06 -5.05874e-06 -6.58767e-06 0 2.25913e-06 -3.15445e-06 1.76468e-06 -4.06901e-06 -4.63326e-06 2.7238e-06 2.88831e-06 -5.11881e-06 2.52324e-06 -5.35148e-06
internal_weight=0 28414 17725 10689 4098 3038 2435 6591 9871 3089 5945 2542 2448 8850 8572 2313 4553 2290
internal_count=31503 28414 17725 10689 4098 3038 2435 6591 9871 3089 5945 2542 2448 8850 8572 2313 4553 2290
is_linear=0
shrinkage=0.05


Tree=8
num_leaves=19
num_cat=0
split_feature=1 1 13 17 7 2 24 21 7 17 17 17 24 16 1 7 24 2
split_gain=3.42527e-05 6.58382e-06 1.05822e-05 8.72038e-06 1.38473e-05 2.94006e-05 1.58655e-05 8.20738e-06 1.12477e-05 7.69838e-06 7.31987e-06 6.3876e-06 6.77737e-06 6.16008e-06 4.40347e-06 7.33523e-06 4.77639e-06 4.12676e-06
threshold=157.23496875000004 144.80140625000004 0.63859759485554535 0.0025664157461275368 0.00083146309128768385 156.70218333616825 1.8666664592591957 0.007462473795199715 0.00070770703970882305 0.001146479009466276 0.0015958363502948515 0.00062740282587946323 1.2538117460645835 10.502914059007312 159.13756250000003 0.00023116063836020121 -1.7487855937666752 146.4776807709284
decision_type=2 2 2 2 2 2 2 2 2 2 2 2 2 2 2 2 2 2
left_child=1 2 7 9 -5 6 -6 8 -1 -3 -10 -2 14 17 15 -13 -17 -11
right_child=11 3 -4 4 5 -7 -8 -9 10 13 -12 12 -14 -15 -16 16 -18 -19
leaf_value=0 0 0 0 0 -5.9561623593027416e-06 0 0 0 0 0 9.4119785516802027e-06 0 0 0 0 0 -1.1216505997177401e-05 2.5364404008448743e-06
leaf_weight=422 128 7976 100 3952 4670 290 441 69 31 242 1240 156 492 1204 883 105 1270 7595
leaf_count=422 128 7976 100 3952 4670 290 441 69 31 242 1240 156 492 1204 883 105 1270 7595
internal_value=0 2.65311e-08 2.97472e-06 0 -1.38336e-06 -3.1182e-06 -4.96538e-06 4.93589e-06 6.12154e-06 4.78821e-07 8.48709e-06 -5.31189e-06 -5.91215e-06 1.60006e-06 -7.00674e-06 -9.19745e-06 -1.03693e-05 2.21777e-06
internal_weight=0 28232 1862 26370 9353 5401 5111 1762 1693 17017 1271 3034 2906 9041 2414 1531 1375 7837
internal_count=31266 28232 1862 26370 9353 5401 5111 1762 1693 17017 1271 3034 2906 9041 2414 1531 1375 7837
is_linear=0
shrinkage=0.05


Tree=9
num_leaves=19
num_cat=0
split_feature=3 17 6 4 25 17 20 17 8 3 17 16 7 7 20 25 25 3
split_gain=7.36913e-06 2.74213e-05 2.76808e-05 2.91247e-05 3.05371e-05 1.02283e-05 8.09772e-06 6.71119e-06 6.82287e-06 6.47306e-06 6.20751e-06 4.83375e-06 4.16043e-06 2.65741e-06 1.45875e-06 1.67322e-07 6.97402e-07 6.94537e-07
threshold=144.48458562678016 0.0025885152672514376 0.12149999999999751 -0.28149999999999403 0.55450000000000454 0.014296111262698089 0.00043337944057848029 0.014296111262698089 0.0035000000000025015 155.80241846016995 0.0013648239495463209 14.15980594665985 0.00037866331848984317 0.0012081222003325314 -0.00037131673677029945 -0.035000000000010793 0.112000000000009 145.55693233991624
decision_type=2 2 2 2 2 2 2 2 2 2 2 2 2 2 2 2 2 2
left_child=7 6 -3 -4 5 -5 15 8 -1 11 -10 13 -12 -8 -14 -2 17 -17
right_child=1 2 3 4 -6 -7 9 -9 10 -11 12 -13 14 -15 -16 16 -18 -19
leaf_value=0 0 0 0 -8.5319080866200716e-06 0 0 2.6977132187890166e-06 0 0 0 0 0 0 0 6.9800657712348593e-06 0 0 -8.3252100574494932e-07
leaf_weight=46 2722 4219 1215 4331 220 60 7615 82 49 2153 45 605 36 403 1616 45 151 5624
leaf_count=46 2722 4219 1215 4331 220 60 7615 82 49 2153 45 605 36 403 1616 45 151 5624
internal_value=0 -3.23685e-07 -2.66535e-06 -4.91181e-06 -6.8024e-06 -8.12255e-06 1.17497e-07 2.86143e-06 4.23362e-06 1.37962e-06 5.30691e-06 2.06281e-06 6.1741e-06 2.46644e-06 6.74186e-06 0 -2.68086e-07 -6.1751e-07
internal_weight=0 29363 10045 5826 4611 4391 19318 1874 1792 10776 1746 8623 1697 8018 1652 8542 5820 5669
internal_count=31237 29363 10045 5826 4611 4391 19318 1874 1792 10776 1746 8623 1697 8018 1652 8542 5820 5669
is_linear=0
shrinkage=0.05


Tree=10
num_leaves=10
num_cat=0
split_feature=3 5 5 25 5 5 25 25 9
split_gain=8.46104e-06 9.18256e-06 5.69585e-06 5.97654e-06 5.41927e-06 4.14533e-06 3.10596e-06 1.13347e-06 1.72229e-06
threshold=149.37332711650748 0.013499999999993408 0.4774999999999921 0.0014999999999929516 -0.59450000000001058 -0.73999999999999477 0.55450000000000454 -0.28749999999999426 0.00037283561985281872
decision_type=2 2 2 2 2 2 2 2 2
left_child=2 4 3 5 -2 -1 7 -6 -9
right_child=1 -3 -4 -5 6 -7 -8 8 -10
leaf_value=0 0 0 0 0 0 2.9569196847592721e-06 0 0 -4.8232376613524504e-06
leaf_weight=24 504 9165 511 6124 56 5831 81 6374 2627
leaf_count=24 504 9165 511 6124 56 5831 81 6374 2627
internal_value=0 -7.18594e-07 9.57071e-07 1.46415e-06 -1.84065e-06 2.63394e-06 -2.24887e-06 -2.4413e-06 -2.51234e-06
internal_weight=0 18807 12490 11979 9642 5855 9138 9057 9001
internal_count=31297 18807 12490 11979 9642 5855 9138 9057 9001
is_linear=0
shrinkage=0.05


end of trees

feature_importances:
bb_width=35
bb_middle=18
bb_upper=16
price_bb_upper_dist=16
momentum_20=15
bb_lower=11
momentum_ratio=11
momentum_convergence=9
range=8
range_pct=8
momentum_10=7
body=7
rsi_divergence=7
rsi=6
price_bb_lower_dist=6
body_pct=4
rsi_normalized=2
upper_shadow=1

parameters:
[boosting: gbdt]
[objective: regression]
[metric: rmse]
[tree_learner: serial]
[device_type: cpu]
[data: ]
[valid: ]
[num_iterations: 500]
[learning_rate: 0.05]
[num_leaves: 31]
[num_threads: 8]
[deterministic: 0]
[force_col_wise: 0]
[force_row_wise: 0]
[histogram_pool_size: -1]
[max_depth: 6]
[min_data_in_leaf: 20]
[min_sum_hessian_in_leaf: 0.001]
[bagging_fraction: 0.8]
[pos_bagging_fraction: 1]
[neg_bagging_fraction: 1]
[bagging_freq: 1]
[bagging_seed: 400]
[feature_fraction: 0.8]
[feature_fraction_bynode: 1]
[feature_fraction_seed: 30056]
[extra_trees: 0]
[extra_seed: 12879]
[early_stopping_round: 0]
[first_metric_only: 0]
[max_delta_step: 0]
[lambda_l1: 0.3]
[lambda_l2: 0.3]
[linear_lambda: 0]
[min_gain_to_split: 0]
[drop_rate: 0.1]
[max_drop: 50]
[skip_drop: 0.5]
[xgboost_dart_mode: 0]
[uniform_drop: 0]
[drop_seed: 17869]
[top_rate: 0.2]
[other_rate: 0.1]
[min_data_per_group: 100]
[max_cat_threshold: 32]
[cat_l2: 10]
[cat_smooth: 10]
[max_cat_to_onehot: 4]
[top_k: 20]
[monotone_constraints: ]
[monotone_constraints_method: basic]
[monotone_penalty: 0]
[feature_contri: ]
[forcedsplits_filename: ]
[refit_decay_rate: 0.9]
[cegb_tradeoff: 1]
[cegb_penalty_split: 0]
[cegb_penalty_feature_lazy: ]
[cegb_penalty_feature_coupled: ]
[path_smooth: 0]
[interaction_constraints: ]
[verbosity: -1]
[saved_feature_importance_type: 0]
[linear_tree: 0]
[max_bin: 255]
[max_bin_by_feature: ]
[min_data_in_bin: 3]
[bin_construct_sample_cnt: 200000]
[data_random_seed: 175]
[is_enable_sparse: 1]
[enable_bundle: 1]
[use_missing: 1]
[zero_as_missing: 0]
[feature_pre_filter: 1]
[pre_partition: 0]
[two_round: 0]
[header: 0]
[label_column: ]
[weight_column: ]
[group_column: ]
[ignore_column: ]
[categorical_feature: ]
[forcedbins_filename: ]
[precise_float_parser: 0]
[parser_config_file: ]
[objective_seed: 16083]
[num_class: 1]
[is_unbalance: 0]
[scale_pos_weight: 1]
[sigmoid: 1]
[boost_from_average: 1]
[reg_sqrt: 0]
[alpha: 0.9]
[fair_c: 1]
[poisson_max_delta_step: 0.7]
[tweedie_variance_power: 1.5]
[lambdarank_truncation_level: 30]
[lambdarank_norm: 1]
[label_gain: ]
[lambdarank_position_bias_regularization: 0]
[eval_at: ]
[multi_error_top_k: 1]
[auc_mu_weights: ]
[num_machines: 1]
[local_listen_port: 12400]
[time_out: 120]
[machine_list_filename: ]
[machines: ]
[gpu_platform_id: -1]
[gpu_device_id: -1]
[gpu_use_dp: 0]
[num_gpu: 1]

end of parameters

pandas_categorical:[]
