tree
version=v4
num_class=1
num_tree_per_iteration=1
label_index=0
max_feature_idx=33
objective=regression
feature_names=rsi ema_fast ema_slow bb_middle bb_upper bb_lower atr range range_pct body body_pct upper_shadow lower_shadow is_bullish rsi_normalized rsi_overbought rsi_oversold rsi_divergence ema_cross ema_cross_pct ema_cross_signal price_ema_fast_dist price_ema_slow_dist bb_width bb_position bb_position_normalized price_bb_upper_dist price_bb_lower_dist bb_breakout_upper bb_breakout_lower atr_normalized atr_ma atr_ratio signal_convergence
feature_infos=[0:99.999992774566991] [139.84172317124145:161.9044463934776] [139.985622134078:161.8633237416141] [0:161.88062500000001] [0:163.46980690478767] [0:161.79437304114759] [0:1.1185000000000032] [0:3.0139999999999816] [0:0.019088400286395583] [0:2.7609999999999957] [0:0.017392783349291913] [0:1.1620000000000061] [0:1.3590000000000089] [0:1] [-1:0.99999985549133985] [0:1] [0:1] [-89.854942239242206:87.39492126263913] [-1.0350786189282246:0.79769146520030176] [-0.006549151847441992:0.0054000600139474395] [0:1] [-0.014331159141718369:0.0093718883724765341] [-0.017546516855659215:0.012454695205154643] [0:0.040499613571001979] [-0.43688158368442731:1.4336560662958788] [-1.8737631673688546:1.8673121325917577] [-0.0052970182941306683:0.036124521721180282] [-0.0076876891014397734:0.023272312637101344] [0:1] [0:1] [0:0.0071150494268520962] [0:0.79457500000000281] [0:5.222190663820645] [0:2]
tree_sizes=1472 1557 1188 1060 1444 1261 1177 1439 1227 1183 1381 1397 1156 1150

Tree=0
num_leaves=14
num_cat=0
split_feature=2 5 5 6 2 30 27 31 31 21 23 31 23
split_gain=0.000102951 0.00010473 0.000105179 9.03019e-05 7.34719e-05 0.000123679 5.69201e-05 2.66396e-05 1.9724e-05 1.14631e-05 5.15451e-06 1.60986e-05 8.37524e-06
threshold=144.80409874510858 144.63325149780746 143.83084081759944 0.15649999999999839 157.44772907243387 0.00095991529893155658 0.0061948612279900048 0.11952499999999945 0.1208125000000002 -0.0011505431807122882 0.0029409277711425299 0.15643000000000087 0.0015958363502948515
decision_type=2 2 2 2 2 2 2 2 2 2 2 2 2
left_child=3 2 -2 10 7 -6 8 -3 -5 -4 12 -12 -1
right_child=1 4 9 6 5 -7 -8 -9 -10 -11 11 -13 -14
leaf_value=7.6252981068255304e-06 7.6252981068255304e-06 8.5209370915772394e-06 7.6252981068255304e-06 7.6252981068255304e-06 6.115171320744894e-06 -1.8278541603332244e-05 7.6252981068255304e-06 6.585382160240156e-06 2.5671103178504479e-05 -3.8638682352205045e-05 3.5629135912786129e-07 7.6252981068255304e-06 1.2887369631652818e-05
leaf_weight=52 27 17117 20 50 2298 259 134 9654 723 95 299 230 391
leaf_count=52 27 17117 20 50 2298 259 134 9654 723 95 299 230 391
internal_value=7.6253e-06 7.12765e-06 -1.87892e-05 1.43643e-05 7.35587e-06 2.46672e-06 2.11757e-05 7.71088e-06 2.44078e-05 -3.33675e-05 7.6253e-06 6.03663e-06 1.03542e-05
internal_weight=0 29470 142 1879 29328 2557 907 26771 773 115 972 529 443
internal_count=31349 29470 142 1879 29328 2557 907 26771 773 115 972 529 443
is_linear=0
shrinkage=1


Tree=1
num_leaves=16
num_cat=0
split_feature=4 23 22 30 19 19 2 6 23 23 5 5 18 8 1
split_gain=9.24768e-05 5.85305e-05 4.32552e-05 5.7972e-05 0.000111028 6.24222e-05 3.70162e-05 0.000115121 4.83625e-05 2.59226e-05 1.44767e-05 1.04052e-05 6.65011e-06 1.76105e-05 8.42965e-06
threshold=147.74224819008927 0.0025885152672514376 0.00073428829587919727 0.0011328604780251295 -0.0022813225000132818 -0.0003848812141833984 157.44772907243387 0.14494999999999722 0.0039082686943320314 0.0016861971563320048 157.19597677020835 150.67369415712446 0.17076885223221441 0.0011060786431773659 145.95004312599514
decision_type=2 2 2 2 2 2 2 2 2 2 2 2 2 2 2
left_child=2 9 3 5 -5 -1 8 -8 -3 10 -2 -11 14 -14 -4
right_child=1 6 12 4 -6 -7 7 -9 -10 11 -12 -13 13 -15 -16
leaf_value=-5.2825029180627004e-06 0 -4.2299171457579714e-06 3.7604606881010133e-06 -3.7535122929302093e-06 1.5128248614658272e-05 4.3561512874153061e-06 0 -2.6896013195643584e-05 0 0 -3.4236868127923607e-06 3.1151539836537526e-06 0 -1.1965684942518489e-05 0
leaf_weight=565 10734 3731 536 71 1091 2609 480 249 4223 1909 1321 3136 125 152 441
leaf_count=565 10734 3731 536 71 1091 2609 480 249 4223 1909 1321 3136 125 152 441
internal_value=0 -7.45461e-07 3.51065e-06 4.98656e-06 1.13928e-05 1.69479e-06 -2.77363e-06 -1.02657e-05 -1.70922e-06 1.09016e-07 -4.51826e-07 2.04365e-06 0 -4.64413e-06 0
internal_weight=0 25783 5590 4336 1162 3174 8683 729 7954 17100 12055 5045 1254 277 977
internal_count=31373 25783 5590 4336 1162 3174 8683 729 7954 17100 12055 5045 1254 277 977
is_linear=0
shrinkage=0.03


Tree=2
num_leaves=12
num_cat=0
split_feature=27 1 31 3 26 7 22 26 23 27 1
split_gain=0.000101478 9.72184e-05 8.61648e-05 9.36803e-05 7.93815e-05 4.01734e-05 7.86555e-05 3.67133e-05 2.95239e-05 5.0272e-05 3.48603e-05
threshold=0.007462473795199715 147.36291571608322 0.14698250000000099 142.62662500000002 0.0037674803643961666 0.29399999999999699 -0.0013401083618178216 0.0019917402060750122 0.0026084944679104233 0.0013940305491365261 161.47654085763477
decision_type=2 2 2 2 2 2 2 2 2 2 2
left_child=1 5 -2 -4 -5 6 -1 -7 10 -10 -3
right_child=2 8 3 4 -6 7 -8 -9 9 -11 -12
leaf_value=-5.8863309366514838e-06 0 3.3781158398937806e-07 0 -4.2270485352380716e-05 0 0 4.509133538875683e-06 2.0946548875135106e-05 -5.1795521879687345e-06 0 -1.1166914645661221e-05
leaf_weight=574 53 17644 30 181 101 93 3813 281 2932 5471 235
leaf_count=574 53 17644 30 181 101 93 3813 281 2932 5471 235
internal_value=0 1.03241e-07 -1.57788e-05 -2.3224e-05 -2.99179e-05 4.12361e-06 2.4647e-06 1.55426e-05 -5.10972e-07 -1.99445e-06 1.84965e-08
internal_weight=0 31043 365 312 282 4761 4387 374 26282 8403 17879
internal_count=31408 31043 365 312 282 4761 4387 374 26282 8403 17879
is_linear=0
shrinkage=0.03


Tree=3
num_leaves=11
num_cat=0
split_feature=5 22 32 0 30 4 32 22 30 2
split_gain=9.99452e-05 7.42417e-05 0.000107427 0.000108565 6.20347e-05 5.58831e-05 4.69253e-05 3.72508e-05 6.33951e-05 4.6549e-05
threshold=142.20776518415337 0.0030147634209110505 1.738029806589972 81.94620738534384 0.0011328604780251295 143.96590861604219 1.6031327546787695 -0.0013401083618178216 0.0011616344171654993 147.51248935389609
decision_type=2 2 2 2 2 2 2 2 2 2
left_child=4 7 3 -3 -1 6 -6 8 -2 -9
right_child=1 2 -4 -5 5 -7 -8 9 -10 -11
leaf_value=0 -8.6291496403842986e-06 0 0 -4.6959609752115148e-05 2.7491572803483351e-05 0 0 3.1587474872370501e-06 0 -3.3552477272824259e-07
leaf_weight=267 1226 122 84 120 308 29 43 3935 1341 23953
leaf_count=267 1226 122 84 120 308 29 43 3935 1341 23953
internal_value=0 -4.16234e-07 -1.47811e-05 -2.63222e-05 1.14441e-05 1.9225e-05 2.33062e-05 -1.63723e-07 -3.65356e-06 4.9994e-08
internal_weight=0 30781 326 242 647 380 351 30455 2567 27888
internal_count=31428 30781 326 242 647 380 351 30455 2567 27888
is_linear=0
shrinkage=0.03


Tree=4
num_leaves=15
num_cat=0
split_feature=2 27 2 31 19 31 5 23 2 31 31 22 23 21
split_gain=7.28831e-05 6.78391e-05 5.42338e-05 8.51998e-05 7.86374e-05 5.32554e-05 5.44678e-05 3.6627e-05 2.91353e-05 3.18085e-05 2.70034e-05 2.54775e-05 1.14299e-05 4.61175e-06
threshold=157.26542796134086 0.0035672578012112908 144.80409874510858 0.13143500000000116 0.0011879602929002254 0.11952499999999945 145.07209229566271 0.0011809025631633002 157.44772907243387 0.097449999999999357 0.12599750000000109 0.00011442687828976064 0.0034074212456120215 0.00030262391441719102
decision_type=2 2 2 2 2 2 2 2 2 2 2 2 2 2
left_child=2 10 3 12 -5 7 -7 -4 -3 -10 11 -2 -1 -12
right_child=1 8 5 4 -6 6 -8 -9 9 -11 13 -13 -14 -15
leaf_value=0 -6.9395164549902569e-06 0 0 1.278010707412622e-05 0 -1.6262802929762101e-05 -8.3923981950982868e-07 2.5428841111125905e-06 0 -4.3297765633899849e-05 3.8235542846582046e-06 0 -7.5111576301278529e-06 0
leaf_weight=279 1219 37 8023 1254 167 247 9396 8989 37 85 318 1161 187 85
leaf_count=279 1219 37 8023 1254 167 247 9396 8989 37 85 318 1161 187 85
internal_value=0 -4.37736e-06 5.68241e-07 5.53074e-06 9.71364e-06 1.04284e-07 -1.54622e-06 1.21621e-06 -2.57109e-05 -3.27836e-05 -2.07635e-06 -3.87786e-06 -7.90288e-07 1.11956e-06
internal_weight=0 2942 28542 1887 1421 26655 9643 17012 159 122 2783 2380 466 403
internal_count=31484 2942 28542 1887 1421 26655 9643 17012 159 122 2783 2380 466 403
is_linear=0
shrinkage=0.03


Tree=5
num_leaves=13
num_cat=0
split_feature=3 27 3 32 23 32 6 23 27 23 5 21
split_gain=6.67617e-05 0.000105264 5.49948e-05 4.77535e-05 5.50667e-05 4.12664e-05 7.04118e-05 2.23593e-05 1.07037e-05 1.28851e-05 2.42883e-06 2.12128e-06
threshold=157.23496875000004 0.0067005891656742303 144.80140625000004 1.8286426055833358 0.0024344778133849779 1.6031327546787695 0.15649999999999839 0.0035795006144827462 0.00071000145996515834 0.00062740282587946323 143.27702776443138 0.00023614641447125483
decision_type=2 2 2 2 2 2 2 2 2 2 2 2
left_child=2 8 5 4 -4 6 -1 -5 9 -2 -7 -10
right_child=1 -3 3 7 -6 10 -8 -9 11 -11 -12 -13
leaf_value=0 0 -6.7305927727016079e-05 6.9236447940061867e-07 0 -2.1338353910435684e-06 -5.3109048710828024e-06 1.3589630833769748e-05 1.2507182743387733e-05 0 -6.150714529328304e-06 0 -1.5414432120451801e-06
leaf_weight=945 126 28 16245 271 9479 77 828 394 944 1162 27 803
leaf_count=945 126 28 16245 271 9479 77 828 394 944 1162 27 803
internal_value=0 -4.31798e-06 3.25783e-07 0 -2.32459e-07 5.28775e-06 7.10925e-06 7.90516e-06 -2.73757e-06 -5.01316e-06 0 0
internal_weight=0 3063 28266 26389 25724 1877 1773 665 3035 1288 104 1747
internal_count=31329 3063 28266 26389 25724 1877 1773 665 3035 1288 104 1747
is_linear=0
shrinkage=0.03


Tree=6
num_leaves=12
num_cat=0
split_feature=22 31 0 23 2 18 8 31 31 7 21
split_gain=0.000143485 0.000132891 0.000168912 0.000181953 6.21418e-05 7.08386e-05 5.17923e-05 4.27048e-05 7.28783e-05 4.3682e-05 3.76323e-05
threshold=0.0030147634209110505 0.15643000000000087 81.94620738534384 0.014296111262698089 146.7755330999405 -0.29315723468184268 0.0023747237950489373 0.2500850000000005 0.38842500000000302 0.1295000000000073 -0.0017913534367993843
decision_type=2 2 2 2 2 2 2 2 2 2 2
left_child=4 -2 -3 -4 5 10 -7 9 -9 -6 -1
right_child=1 2 3 -5 7 6 -8 8 -10 -11 -12
leaf_value=0 0 0 -8.6384346324137857e-05 0 6.7411426518948914e-08 3.5288987462058245e-06 2.6373775998419077e-05 1.3269929031329041e-05 0 -2.6438590933403221e-06 -2.9725295423808085e-05
leaf_weight=39 113 143 75 42 20389 3168 154 561 122 6476 60
leaf_count=39 113 143 75 42 20389 3168 154 561 122 6476 60
internal_value=0 -1.85137e-05 -3.08312e-05 -5.83199e-05 1.89904e-07 4.05085e-06 5.49468e-06 -1.80727e-07 6.97835e-06 -4.74529e-07 -1.40309e-05
internal_weight=0 373 260 117 30969 3421 3322 27548 683 26865 99
internal_count=31342 373 260 117 30969 3421 3322 27548 683 26865 99
is_linear=0
shrinkage=0.03


Tree=7
num_leaves=15
num_cat=0
split_feature=2 27 31 3 26 3 9 31 24 31 31 2 5 21
split_gain=6.48929e-05 9.18893e-05 3.4978e-05 8.77144e-05 4.7987e-05 3.96608e-05 3.31159e-05 3.13759e-05 3.03566e-05 2.89586e-05 2.62175e-05 3.44025e-05 2.50453e-05 1.15237e-05
threshold=157.26542796134086 0.0035011263154722189 0.18869750000000177 142.62662500000002 0.0020574259550643586 143.81262500000003 0.13899999999999582 0.12599750000000109 0.55295929165950786 0.11843999999999903 0.09685000000000174 157.39645575701857 141.9757996335542 0.00032162669321801526
decision_type=2 2 2 2 2 2 2 2 2 2 2 2 2 2
left_child=2 7 4 12 9 -5 -6 8 -2 -1 -3 -12 -4 -9
right_child=1 10 3 5 6 -7 -8 13 -10 -11 11 -13 -14 -15
leaf_value=1.3895516002019445e-06 -6.9140945310215766e-06 0 2.9173305571249131e-05 -9.2134502940476933e-06 -4.4986533294581104e-06 2.8757322503027916e-06 0 6.5274275725744781e-06 0 -8.8554986100857458e-07 0 -4.3864483567357102e-05 0 0
leaf_weight=15746 1263 62 159 194 3169 2673 822 320 1150 5747 23 94 43 83
leaf_count=15746 1263 62 159 194 3169 2673 822 320 1150 5747 23 94 43 83
internal_value=0 -4.1942e-06 4.47144e-07 3.48076e-06 0 1.01003e-06 -2.93312e-06 -1.6986e-06 -3.70221e-06 6.4163e-07 -2.66274e-05 -3.58323e-05 2.36442e-05 2.85299e-06
internal_weight=0 2995 28553 3069 25484 2867 3991 2816 2413 21493 179 117 202 403
internal_count=31548 2995 28553 3069 25484 2867 3991 2816 2413 21493 179 117 202 403
is_linear=0
shrinkage=0.03


Tree=8
num_leaves=13
num_cat=0
split_feature=2 31 18 5 2 5 32 32 31 18 5 2
split_gain=0.000102988 9.11914e-05 0.000242901 7.17368e-05 0.000202546 5.52688e-05 5.04172e-05 6.9844e-05 3.73431e-05 5.93483e-05 2.34935e-05 1.43438e-05
threshold=144.80409874510858 0.30200250000000289 -0.26521787249777157 144.86397726396893 145.13993803282855 144.48458562678016 1.8286426055833358 1.3378616125566347 0.1213450000000048 0.12018256553659513 154.51054377422932 143.43294119965122
decision_type=2 2 2 2 2 2 2 2 2 2 2 2
left_child=1 8 -3 4 -2 -6 7 -5 11 -10 -8 -1
right_child=3 2 -4 6 5 -7 10 -9 9 -11 -12 -13
leaf_value=-9.2006544789015938e-06 0 0 6.8363184528178229e-05 4.9938909773628201e-08 0 -8.398378641851356e-05 1.0550549207522944e-05 -4.2151723441604835e-06 9.4885926848244614e-06 0 0 0
leaf_weight=152 190 39 79 24842 27 42 556 3808 1170 264 283 172
leaf_count=152 190 39 79 24842 27 42 556 3808 1170 264 283 172
internal_value=0 6.89553e-06 3.59248e-05 -3.41282e-07 -1.61557e-05 -5.99787e-05 -1.00383e-07 -4.1231e-07 3.23137e-06 6.01906e-06 6.97158e-06 0
internal_weight=0 1876 118 29748 259 69 29489 28650 1758 1434 839 324
internal_count=31624 1876 118 29748 259 69 29489 28650 1758 1434 839 324
is_linear=0
shrinkage=0.03


Tree=9
num_leaves=12
num_cat=0
split_feature=22 5 32 2 22 21 19 2 4 31 31
split_gain=5.5107e-05 7.34308e-05 0.000148644 5.08074e-05 6.20338e-05 3.73561e-05 3.70819e-05 2.28938e-05 3.54862e-05 2.09168e-05 1.50283e-05
threshold=0.0035238175548991967 144.48458562678016 1.738029806589972 146.7755330999405 -0.00082446824825520456 -0.0013864445349157691 0.0013317686264980163 157.26542796134086 156.70218333616825 0.14935249999999897 0.13143500000000116
decision_type=2 2 2 2 2 2 2 2 2 2 2
left_child=3 -2 9 4 5 -1 -6 8 -5 -3 -9
right_child=1 2 -4 7 6 -7 -8 10 -10 -11 -12
leaf_value=4.842035924290483e-06 0 0 0 -1.5237517350310407e-07 7.4113065902415535e-06 -6.4832836797347308e-06 0 -3.6890631031938685e-06 4.486398942651219e-06 -5.4971240624859162e-05 0
leaf_weight=198 84 22 59 23141 2452 697 139 2560 1560 88 408
leaf_count=198 84 22 59 23141 2452 697 139 2560 1560 88 408
internal_value=0 -1.38662e-05 -2.60279e-05 1.65738e-07 3.62666e-06 -6.26406e-07 6.25325e-06 -1.61937e-07 1.92229e-08 -4.74325e-05 -2.67999e-06
internal_weight=0 253 169 31155 3486 895 2591 27669 24701 110 2968
internal_count=31408 253 169 31155 3486 895 2591 27669 24701 110 2968
is_linear=0
shrinkage=0.03


Tree=10
num_leaves=15
num_cat=0
split_feature=1 5 31 23 31 31 6 8 32 1 31 31 23 22
split_gain=6.82776e-05 4.73197e-05 0.000103416 7.76225e-05 4.02706e-05 5.78392e-05 3.69505e-05 2.78092e-05 6.87775e-05 4.95345e-05 1.14293e-05 1.28609e-05 8.70857e-07 2.81188e-07
threshold=157.28366245665651 142.20776518415337 0.15943749999999904 0.014296111262698089 0.38842500000000302 0.46716000000000324 0.19100000000000394 0.0012376991510780458 1.9824867242069897 159.08858359542194 0.10017999999999781 0.046732499999999538 0.0025885152672514376 0.0007503660978578526
decision_type=2 2 2 2 2 2 2 2 2 2 2 2 2 2
left_child=1 2 12 -4 6 -6 -3 10 9 -9 11 -2 -1 -12
right_child=7 4 3 -5 5 -7 -8 8 -10 -11 13 -13 -14 -15
leaf_value=0 0 0 2.4925365142728546e-05 0 -3.0066421253159494e-05 0 3.5554370606236971e-06 -3.6443869413870876e-05 0 0 6.3354500919116481e-07 -4.5698943496156504e-06 -1.9722284795225313e-06 0
leaf_weight=65 213 24718 339 44 94 74 2920 130 49 22 630 1690 201 198
leaf_count=65 213 24718 339 44 94 74 2920 130 49 22 630 1690 201 198
internal_value=0 4.66458e-07 8.59561e-06 1.91789e-05 1.68682e-07 -1.40731e-05 3.64049e-07 -4.3409e-06 -1.82134e-05 -2.90554e-05 -2.21845e-06 -3.53076e-06 0 0
internal_weight=0 28455 649 383 27806 168 27638 2932 201 152 2731 1903 266 828
internal_count=31387 28455 649 383 27806 168 27638 2932 201 152 2731 1903 266 828
is_linear=0
shrinkage=0.03


Tree=11
num_leaves=15
num_cat=0
split_feature=2 2 32 8 11 32 6 32 32 27 32 2 1 26
split_gain=6.53359e-05 4.64444e-05 5.22806e-05 6.34506e-05 4.95172e-05 4.97215e-05 3.42656e-05 4.86351e-05 5.6854e-05 2.79178e-05 2.06915e-05 1.48947e-05 4.10847e-07 2.33077e-07
threshold=157.26542796134086 144.80409874510858 1.8286426055833358 0.00083748342876524269 0.016500000000007734 1.6031327546787695 0.14494999999999722 1.1582370579331567 2.4314132344670454 0.00078859451803701269 1.2797749652108561 146.24631306909006 158.03787947423376 0.0050750522425266316
decision_type=2 2 2 2 2 2 2 2 2 2 2 2 2 2
left_child=1 4 3 -3 13 -6 9 -8 -9 10 -2 -4 -11 -1
right_child=6 2 11 -5 5 -7 7 8 -10 12 -12 -13 -14 -15
leaf_value=-6.1395759571753822e-07 -6.9263890337913776e-06 6.0062185222682386e-07 0 -2.6624862704470139e-06 1.0670065060585653e-05 0 0 -2.6636877671130594e-05 0 0 0 9.7685627282048543e-06 7.0855760000428526e-07 0
leaf_weight=556 1062 18513 44 7262 1179 86 104 245 29 554 202 622 736 42
leaf_count=556 1062 18513 44 7262 1179 86 104 245 29 554 202 622 736 42
internal_value=0 3.3474e-07 0 -2.0239e-07 4.91252e-06 8.41144e-06 -4.35562e-06 -1.44697e-05 -2.11697e-05 -1.68176e-06 -5.05806e-06 8.30737e-06 0 0
internal_weight=0 28304 26441 25775 1863 1265 2932 378 274 2554 1264 666 1290 598
internal_count=31236 28304 26441 25775 1863 1265 2932 378 274 2554 1264 666 1290 598
is_linear=0
shrinkage=0.03


Tree=12
num_leaves=12
num_cat=0
split_feature=27 2 2 18 21 2 3 31 31 7 7
split_gain=6.28839e-05 8.31549e-05 8.23331e-05 4.66631e-05 5.07813e-05 2.43523e-05 6.08273e-05 2.11456e-05 4.06686e-05 3.58825e-05 1.93702e-05
threshold=0.007462473795199715 157.39645575701857 146.87549983748696 -0.080150128638649662 0.00068460229183494811 151.88046676004146 142.62662500000002 0.2500850000000005 0.33721250000000441 0.1295000000000073 0.35349999999999687
decision_type=2 2 2 2 2 2 2 2 2 2 2
left_child=2 5 3 10 -5 6 -2 9 -9 -4 -1
right_child=1 -3 7 4 -6 -7 -8 8 -10 -11 -12
leaf_value=-3.54903401995154e-06 0 -7.6410876284353424e-05 0 8.2665605633806396e-06 0 0 -1.9904369251706564e-05 1.0089781245948204e-05 0 -2.6009677403500406e-06 8.6151595095428284e-06
leaf_weight=756 38 22 20085 2296 547 117 193 482 166 6465 106
leaf_count=756 38 22 20085 2296 547 117 193 482 166 6465 106
internal_value=0 -1.23522e-05 4.64135e-08 4.32251e-06 6.2544e-06 0 -9.73006e-06 -4.25858e-07 4.39361e-06 -6.56559e-07 0
internal_weight=0 370 30903 3705 2843 348 231 27198 648 26550 862
internal_count=31273 370 30903 3705 2843 348 231 27198 648 26550 862
is_linear=0
shrinkage=0.03


Tree=13
num_leaves=12
num_cat=0
split_feature=5 31 22 31 32 4 11 18 2 30 3
split_gain=6.68313e-05 0.000101387 6.06761e-05 0.000113888 6.44634e-05 3.22902e-05 5.00916e-05 1.91878e-05 6.81504e-05 4.42559e-05 1.74339e-06
threshold=142.20776518415337 0.13735249999999768 0.0027150355378517993 0.15546999999999964 1.8286426055833358 143.96590861604219 0.019499999999993637 -0.013352722440345131 146.65245808140523 0.0013601567753080547 140.69262500000005
decision_type=2 2 2 2 2 2 2 2 2 2 2
left_child=1 10 7 -4 -5 6 -3 9 -9 -2 -1
right_child=2 5 3 4 -6 -7 -8 8 -10 -11 -12
leaf_value=0 -2.0829788232489313e-06 0 0 -3.0389979404980911e-05 0 0 2.6983073969087595e-05 6.5141757212990337e-06 0 2.8318360324233068e-06 -3.6388122909234477e-06
leaf_weight=42 9393 156 172 235 30 25 306 1535 17752 1562 118
leaf_count=42 9393 156 172 235 30 25 306 1535 17752 1562 118
internal_value=0 9.44536e-06 -2.78616e-07 -1.14123e-05 -2.45087e-05 1.74835e-05 1.96222e-05 -1.83492e-08 4.452e-07 -1.10828e-06 0
internal_weight=0 647 30679 437 265 487 462 30242 19287 10955 160
internal_count=31326 647 30679 437 265 487 462 30242 19287 10955 160
is_linear=0
shrinkage=0.03


end of trees

feature_importances:
atr_ma=28
ema_slow=22
bb_lower=14
bb_width=14
atr_ratio=14
price_ema_slow_dist=10
price_bb_lower_dist=9
bb_middle=7
price_ema_fast_dist=7
ema_fast=6
ema_cross=6
atr=5
atr_normalized=5
bb_upper=4
range=4
range_pct=4
ema_cross_pct=4
price_bb_upper_dist=4
rsi=2
upper_shadow=2
body=1
bb_position=1

parameters:
[boosting: gbdt]
[objective: regression]
[metric: rmse]
[tree_learner: serial]
[device_type: cpu]
[data: ]
[valid: ]
[num_iterations: 300]
[learning_rate: 0.03]
[num_leaves: 16]
[num_threads: 8]
[deterministic: 0]
[force_col_wise: 0]
[force_row_wise: 0]
[histogram_pool_size: -1]
[max_depth: 4]
[min_data_in_leaf: 20]
[min_sum_hessian_in_leaf: 0.001]
[bagging_fraction: 0.8]
[pos_bagging_fraction: 1]
[neg_bagging_fraction: 1]
[bagging_freq: 1]
[bagging_seed: 9057]
[feature_fraction: 0.8]
[feature_fraction_bynode: 1]
[feature_fraction_seed: 15199]
[extra_trees: 0]
[extra_seed: 31159]
[early_stopping_round: 0]
[first_metric_only: 0]
[max_delta_step: 0]
[lambda_l1: 0.1]
[lambda_l2: 0.5]
[linear_lambda: 0]
[min_gain_to_split: 0]
[drop_rate: 0.1]
[max_drop: 50]
[skip_drop: 0.5]
[xgboost_dart_mode: 0]
[uniform_drop: 0]
[drop_seed: 20727]
[top_rate: 0.2]
[other_rate: 0.1]
[min_data_per_group: 100]
[max_cat_threshold: 32]
[cat_l2: 10]
[cat_smooth: 10]
[max_cat_to_onehot: 4]
[top_k: 20]
[monotone_constraints: ]
[monotone_constraints_method: basic]
[monotone_penalty: 0]
[feature_contri: ]
[forcedsplits_filename: ]
[refit_decay_rate: 0.9]
[cegb_tradeoff: 1]
[cegb_penalty_split: 0]
[cegb_penalty_feature_lazy: ]
[cegb_penalty_feature_coupled: ]
[path_smooth: 0]
[interaction_constraints: ]
[verbosity: 1]
[saved_feature_importance_type: 0]
[linear_tree: 0]
[max_bin: 255]
[max_bin_by_feature: ]
[min_data_in_bin: 3]
[bin_construct_sample_cnt: 200000]
[data_random_seed: 218]
[is_enable_sparse: 1]
[enable_bundle: 1]
[use_missing: 1]
[zero_as_missing: 0]
[feature_pre_filter: 1]
[pre_partition: 0]
[two_round: 0]
[header: 0]
[label_column: ]
[weight_column: ]
[group_column: ]
[ignore_column: ]
[categorical_feature: ]
[forcedbins_filename: ]
[precise_float_parser: 0]
[parser_config_file: ]
[objective_seed: 19100]
[num_class: 1]
[is_unbalance: 0]
[scale_pos_weight: 1]
[sigmoid: 1]
[boost_from_average: 1]
[reg_sqrt: 0]
[alpha: 0.9]
[fair_c: 1]
[poisson_max_delta_step: 0.7]
[tweedie_variance_power: 1.5]
[lambdarank_truncation_level: 30]
[lambdarank_norm: 1]
[label_gain: ]
[lambdarank_position_bias_regularization: 0]
[eval_at: ]
[multi_error_top_k: 1]
[auc_mu_weights: ]
[num_machines: 1]
[local_listen_port: 12400]
[time_out: 120]
[machine_list_filename: ]
[machines: ]
[gpu_platform_id: -1]
[gpu_device_id: -1]
[gpu_use_dp: 0]
[num_gpu: 1]

end of parameters

pandas_categorical:[]
