tree
version=v4
num_class=1
num_tree_per_iteration=1
label_index=0
max_feature_idx=39
objective=regression
feature_names=rsi ema_fast ema_slow bb_middle bb_upper bb_lower macd macd_signal atr range range_pct body body_pct upper_shadow lower_shadow is_bullish rsi_normalized rsi_overbought rsi_oversold rsi_divergence ema_cross ema_cross_pct ema_cross_signal price_ema_fast_dist price_ema_slow_dist bb_width bb_position bb_position_normalized price_bb_upper_dist price_bb_lower_dist bb_breakout_upper bb_breakout_lower macd_hist macd_hist_change macd_cross_signal macd_strength atr_normalized atr_ma atr_ratio signal_convergence
feature_infos=[0:99.999992774566991] [139.84172317124145:161.9044463934776] [139.985622134078:161.8633237416141] [0:161.88062500000001] [0:163.46980690478767] [0:161.79437304114759] [-0.81371595198632463:0.5970017482619312] [-0.71071676355148927:0.57046413909616056] [0:1.1185000000000032] [0:3.0139999999999816] [0:0.019088400286395583] [0:2.7609999999999957] [0:0.017392783349291913] [0:1.1620000000000061] [0:1.3590000000000089] [0:1] [-1:0.99999985549133985] [0:1] [0:1] [-89.854942239242206:87.39492126263913] [-1.0350786189282246:0.79769146520030176] [-0.006549151847441992:0.0054000600139474395] [0:1] [-0.014331159141718369:0.0093718883724765341] [-0.017546516855659215:0.012454695205154643] [0:0.040499613571001979] [-0.43688158368442731:1.4336560662958788] [-1.8737631673688546:1.8673121325917577] [-0.0052970182941306683:0.036124521721180282] [-0.0076876891014397734:0.023272312637101344] [0:1] [0:1] [-0.39438439545005155:0.22667986490852632] [-0.22179621176243974:0.13953656655988411] [0:1] [-0.33719861601597845:0.18761226476060436] [0:0.0071150494268520962] [0:0.79457500000000281] [0:5.222190663820645] [0:3]
tree_sizes=918 878 787 804 881 555 874 883 879 961 709 790 881 631 789 781 804 965 885 797 965 795 643 792 774 732 797 789 802 803 948

Tree=0
num_leaves=8
num_cat=0
split_feature=5 32 25 25 25 3 4
split_gain=7.23783e-06 2.1062e-05 1.54443e-05 1.35893e-05 1.57248e-05 5.92138e-06 1.42412e-06
threshold=149.42472595548591 0.021311766805824372 0.0011343361943190993 0.0025664157461275368 0.006701914616254378 159.13756250000003 150.62947069383884
decision_type=2 2 2 2 2 2 2
left_child=1 2 -1 -2 5 -5 -4
right_child=3 -3 6 4 -6 -7 -8
leaf_value=7.6252981068255304e-06 7.6252981068255304e-06 7.6252981068255304e-06 9.6783989075399631e-06 5.2555125107471235e-06 7.6252981068255304e-06 7.6252981068255304e-06 7.6252981068255304e-06
leaf_weight=3636 13589 1560 9103 6052 1145 242 26
leaf_count=3636 13589 1560 9103 6052 1145 242 26
internal_value=7.6253e-06 8.16907e-06 8.97317e-06 7.29615e-06 6.2288e-06 5.49145e-06 9.64094e-06
internal_weight=0 14325 12765 21028 7439 6294 9129
internal_count=35353 14325 12765 21028 7439 6294 9129
is_linear=0
shrinkage=1


Tree=1
num_leaves=9
num_cat=0
split_feature=4 25 25 5 25 25 25 25
split_gain=1.36872e-05 1.59502e-05 1.40208e-05 5.1376e-06 5.12487e-06 4.24553e-06 1.22009e-07 1.469e-08
threshold=147.74224819008927 0.0025885152672514376 0.006701914616254378 158.83308603720829 0.012134542979832406 0.00063888450390927947 0.0010331774299239429 0.0024966055924485271
decision_type=2 2 2 2 2 2 2 2
left_child=4 6 3 -3 5 -1 -2 -8
right_child=1 2 -4 -5 -6 -7 7 -9
leaf_value=0 0 -2.0540252437678899e-06 0 0 0 1.7949763709970605e-06 1.0366877337322676e-07 0
leaf_weight=403 7388 8016 1519 234 140 5750 11447 461
leaf_count=403 7388 8016 1519 234 140 5750 11447 461
internal_value=0 -2.7662e-07 -1.3027e-06 -1.8812e-06 1.26647e-06 1.54596e-06 0 9.60258e-08
internal_weight=0 29065 9769 8250 6293 6153 19296 11908
internal_count=35358 29065 9769 8250 6293 6153 19296 11908
is_linear=0
shrinkage=0.03


Tree=2
num_leaves=8
num_cat=0
split_feature=4 32 7 7 25 7 7
split_gain=7.26942e-06 2.79272e-05 1.97572e-05 1.48808e-05 1.4579e-05 2.56934e-05 1.25573e-05
threshold=147.74224819008927 0.021311766805824372 -0.066147343621020191 0.12637014859898268 0.0026084944679104233 -0.10758690612775271 0.061566646923474973
decision_type=2 2 2 2 2 2 2
left_child=1 2 -1 -4 -2 -6 -7
right_child=4 -3 3 -5 5 6 -8
leaf_value=0 0 0 3.7017802178617158e-06 0 0 -2.9979709126911512e-06 0
leaf_weight=792 19491 915 4355 188 1394 5642 2666
leaf_count=792 19491 915 4355 188 1394 5642 2666
internal_value=0 7.34864e-07 2.31159e-06 3.19194e-06 -3.2937e-07 -1.29567e-06 -2.17798e-06
internal_weight=0 6250 5335 4543 29193 9702 8308
internal_count=35443 6250 5335 4543 29193 9702 8308
is_linear=0
shrinkage=0.03


Tree=3
num_leaves=8
num_cat=0
split_feature=5 25 25 12 25 25 11
split_gain=4.60996e-06 1.3668e-05 7.91449e-06 5.43747e-06 4.66669e-06 4.0366e-06 7.52057e-07
threshold=149.37332711650748 0.0025664157461275368 0.006701914616254378 0.00015180119624059747 0.010075046721625356 0.0010431805489616757 0.0019999999999953393
decision_type=2 2 2 2 2 2 2
left_child=4 -2 3 -3 5 -1 -7
right_child=1 2 -4 -5 -6 6 -8
leaf_value=0 0 0 0 -2.3492247757684864e-06 0 0 1.0015990466429715e-06
leaf_weight=3176 13740 1585 1159 4817 378 182 10356
leaf_count=3176 13740 1585 1159 4817 378 182 10356
internal_value=0 -3.26381e-07 -1.38813e-06 -1.84072e-06 3.65229e-07 6.6582e-07 9.60025e-07
internal_weight=0 21301 7561 6402 14092 13714 10538
internal_count=35393 21301 7561 6402 14092 13714 10538
is_linear=0
shrinkage=0.03


Tree=4
num_leaves=9
num_cat=0
split_feature=4 7 7 25 7 7 25 25
split_gain=9.00321e-06 1.85845e-05 2.85542e-05 1.21811e-05 2.37626e-05 1.71363e-05 1.08001e-05 4.24453e-07
threshold=147.77091793910532 -0.10013695755559808 0.10960302461290507 0.0025885152672514376 -0.10758690612775271 0.061566646923474973 0.00065033606604410405 0.0011343361943190993
decision_type=2 2 2 2 2 2 2 2
left_child=1 -1 6 7 -5 -6 -3 -2
right_child=3 2 -4 4 5 -7 -8 -9
leaf_value=0 0 0 0 0 -2.8962123974167977e-06 0 3.4643416382262201e-06 1.8836448734238731e-07
leaf_weight=636 8437 423 400 1363 5714 2665 5006 10766
leaf_count=636 8437 423 400 1363 5714 2665 5006 10766
internal_value=0 1.10828e-06 2.05706e-06 -7.46797e-08 -1.06857e-06 -1.96972e-06 3.04572e-06 0
internal_weight=0 6465 5829 28945 9742 8379 5429 19203
internal_count=35410 6465 5829 28945 9742 8379 5429 19203
is_linear=0
shrinkage=0.03


Tree=5
num_leaves=5
num_cat=0
split_feature=2 32 3 4
split_gain=5.7601e-06 6.77808e-06 1.14782e-05 3.53851e-06
threshold=157.26542796134086 0.013643809088325473 147.50993750000001 147.99067090479738
decision_type=2 2 2 2
left_child=1 2 3 -1
right_child=-2 -3 -4 -5
leaf_value=2.1222102432757433e-06 -1.1874665589996726e-06 0 0 0
leaf_weight=4465 3324 5376 22095 24
leaf_count=4465 3324 5376 22095 24
internal_value=0 1.24612e-07 4.98132e-07 1.94174e-06
internal_weight=0 31960 26584 4489
internal_count=35284 31960 26584 4489
is_linear=0
shrinkage=0.03


Tree=6
num_leaves=9
num_cat=0
split_feature=2 25 25 25 4 5 2 2
split_gain=8.12353e-06 3.31601e-06 7.74819e-06 3.14168e-06 2.49876e-06 4.49717e-07 2.434e-10 9.42173e-07
threshold=157.26542796134086 0.0026084944679104233 0.0010331774299239429 0.00062740282587946323 155.82131149607432 156.9301937906491 144.80409874510858 156.5122715858225
decision_type=2 2 2 2 2 2 2 2
left_child=1 2 -1 -2 -4 -5 -3 -8
right_child=3 6 4 5 -6 -7 7 -9
leaf_value=0 0 0 1.1081060819859618e-06 0 0 -1.7737805513144588e-06 -2.9552854740861597e-07 0
leaf_weight=7789 136 1689 10598 80 1547 3094 9711 551
leaf_count=7789 136 1689 10598 80 1547 3094 9711 551
internal_value=0 1.59111e-07 4.36124e-07 -1.40166e-06 9.41454e-07 -1.7145e-06 0 -4.62014e-09
internal_weight=0 31885 19934 3310 12145 3174 11951 10262
internal_count=35195 31885 19934 3310 12145 3174 11951 10262
is_linear=0
shrinkage=0.03


Tree=7
num_leaves=9
num_cat=0
split_feature=4 32 25 23 25 25 23 25
split_gain=4.54247e-06 2.27705e-05 6.63748e-06 5.28781e-06 5.15742e-06 7.56656e-06 5.39764e-06 5.15148e-08
threshold=147.77091793910532 0.026352796065206279 0.00065033606604410405 0.0013446809000377672 0.0025885152672514376 0.006701914616254378 0.00088838802777751861 0.0010331774299239429
decision_type=2 2 2 2 2 2 2 2
left_child=1 2 -1 -4 7 6 -6 -2
right_child=4 -3 3 -5 5 -7 -8 -9
leaf_value=0 0 0 2.5950667843508179e-06 0 -1.4929575828170296e-06 0 0 6.2572576897385983e-08
leaf_weight=414 7384 703 5240 66 7327 1528 930 11841
leaf_count=414 7384 703 5240 66 7327 1528 930 11841
internal_value=0 7.95533e-07 2.07198e-06 2.3987e-06 -2.8139e-08 -6.90428e-07 -1.17881e-06 0
internal_weight=0 6423 5720 5306 29010 9785 8257 19225
internal_count=35433 6423 5720 5306 29010 9785 8257 19225
is_linear=0
shrinkage=0.03


Tree=8
num_leaves=9
num_cat=0
split_feature=1 32 25 25 11 2 11 25
split_gain=5.43393e-06 2.40114e-05 1.55736e-05 6.90216e-06 1.11739e-05 6.75894e-06 4.76479e-06 1.18689e-06
threshold=146.92349002971176 0.021311766805824372 0.0024966055924485271 0.006701914616254378 0.029000000000010576 146.95088568512338 0.0024999999999977267 0.0010331774299239429
decision_type=2 2 2 2 2 2 2 2
left_child=1 5 7 4 -4 6 -1 -2
right_child=2 -3 3 -5 -6 -7 -8 -9
leaf_value=0 0 0 0 0 -2.1820779910917228e-06 0 3.2203022546110625e-06 2.9618591728615274e-07
leaf_weight=98 8059 808 2704 1516 6495 46 3493 12176
leaf_count=98 8059 808 2704 1516 6495 46 3493 12176
internal_value=0 9.77435e-07 -1.4418e-07 -1.16965e-06 -1.50624e-06 2.66619e-06 2.98217e-06 0
internal_weight=0 4445 30950 10715 9199 3637 3591 20235
internal_count=35395 4445 30950 10715 9199 3637 3591 20235
is_linear=0
shrinkage=0.03


Tree=9
num_leaves=10
num_cat=0
split_feature=2 12 25 12 25 12 12 4 4
split_gain=4.31784e-06 6.66306e-06 8.57368e-06 3.60397e-06 2.10627e-06 1.24505e-06 8.56669e-07 2.45204e-07 2.8988e-06
threshold=157.22748201287658 0.00037636407861243011 0.00096103676494828849 1.3352650172662249e-05 0.00062740282587946323 0.0023423093143916563 1.0000000180025095e-35 145.55125773387809 156.70218333616825
decision_type=2 2 2 2 2 2 2 2 2
left_child=1 2 -1 -4 -2 6 -6 -3 -9
right_child=4 7 3 -5 5 -7 -8 8 -10
leaf_value=0 0 0 0 1.131330506552419e-06 0 0 -1.4896897032070883e-06 -5.4374483403622239e-07 0
leaf_weight=6303 135 1294 667 13562 37 25 3276 9570 484
leaf_count=6303 135 1294 667 13562 37 25 3276 9570 484
internal_value=0 1.1231e-07 5.58253e-07 9.95975e-07 -1.0015e-06 -1.2694e-06 -1.40061e-06 0 -1.48151e-07
internal_weight=0 31880 20532 14229 3473 3338 3313 11348 10054
internal_count=35353 31880 20532 14229 3473 3338 3313 11348 10054
is_linear=0
shrinkage=0.03


Tree=10
num_leaves=7
num_cat=0
split_feature=1 25 25 25 5 3
split_gain=5.85387e-06 2.54515e-06 7.59282e-06 2.31771e-06 1.35049e-06 8.439e-07
threshold=155.85954132056145 0.0011343361943190993 0.0026084944679104233 0.00062740282587946323 155.35963516585289 155.81862500000003
decision_type=2 2 2 2 2 2
left_child=1 -1 4 -2 -3 -5
right_child=3 2 -4 5 -6 -7
leaf_value=0 0 1.0688581158105974e-06 0 0 0 -1.146186520942654e-06
leaf_weight=8400 220 9322 10871 48 435 5939
leaf_count=8400 220 9322 10871 48 435 5939
internal_value=0 1.03499e-07 3.55129e-07 -8.93664e-07 9.83342e-07 -1.0846e-06
internal_weight=0 29028 20628 6207 9757 5987
internal_count=35235 29028 20628 6207 9757 5987
is_linear=0
shrinkage=0.03


Tree=11
num_leaves=8
num_cat=0
split_feature=4 32 7 25 7 7 25
split_gain=1.07009e-05 2.33613e-05 1.9451e-05 1.39301e-05 2.53356e-05 1.7817e-05 1.24098e-05
threshold=147.74224819008927 0.021311766805824372 -0.066147343621020191 0.0025885152672514376 -0.10758690612775271 0.061566646923474973 0.00063888450390927947
decision_type=2 2 2 2 2 2 2
left_child=1 2 -1 -2 -5 -6 -4
right_child=3 -3 6 4 5 -7 -8
leaf_value=0 0 0 0 0 -3.0850045836798213e-06 0 3.697861637206401e-06
leaf_weight=809 19223 922 397 1399 5684 2670 4139
leaf_count=809 19223 922 397 1399 5684 2670 4139
internal_value=0 1.04958e-06 2.2858e-06 -3.06739e-07 -1.25097e-06 -2.13455e-06 3.16473e-06
internal_weight=0 6267 5345 28976 9753 8354 4536
internal_count=35243 6267 5345 28976 9753 8354 4536
is_linear=0
shrinkage=0.03


Tree=12
num_leaves=9
num_cat=0
split_feature=1 32 2 5 2 5 5 5
split_gain=6.02259e-06 3.09873e-05 6.72399e-06 3.11009e-06 2.25522e-06 8.87321e-08 5.54398e-07 1.02111e-08
threshold=146.92349002971176 0.025460422356931803 146.95088568512338 146.82221417084784 157.26542796134086 150.81398007965117 149.42472595548591 157.19597677020835
decision_type=2 2 2 2 2 2 2 2
left_child=1 2 3 -1 5 6 -2 -7
right_child=4 -3 -4 -5 -6 7 -8 -9
leaf_value=3.3449196806414875e-06 0 0 0 0 -8.7418313025490772e-07 2.7950862177168822e-08 -3.1666684787510419e-07 0
leaf_weight=3721 9752 654 52 40 3338 11844 5771 32
leaf_count=3721 9752 654 52 40 3338 11844 5771 32
internal_value=0 1.04715e-06 2.93218e-06 3.21331e-06 -1.30263e-07 0 -7.16959e-08 2.3123e-09
internal_weight=0 4467 3813 3761 30737 27399 15523 11876
internal_count=35204 4467 3813 3761 30737 27399 15523 11876
is_linear=0
shrinkage=0.03


Tree=13
num_leaves=6
num_cat=0
split_feature=2 32 5 32 3
split_gain=5.2581e-06 7.1478e-06 9.22003e-06 3.40273e-07 3.01264e-07
threshold=157.26542796134086 0.023940908468545529 149.42472595548591 -0.051442616102023941 149.93446875000004
decision_type=2 2 2 2 2
left_child=1 2 4 -2 -1
right_child=3 -3 -4 -5 -6
leaf_value=1.09566870781488e-06 0 0 0 -1.179338879573493e-06 0
leaf_weight=12910 60 2828 16300 3265 21
leaf_count=12910 60 2828 16300 3265 21
internal_value=0 1.24477e-07 4.86893e-07 -1.12856e-06 1.08516e-06
internal_weight=0 32059 29231 3325 12931
internal_count=35384 32059 29231 3325 12931
is_linear=0
shrinkage=0.03


Tree=14
num_leaves=8
num_cat=0
split_feature=1 32 25 4 25 32 3
split_gain=2.70729e-06 3.6215e-06 8.941e-06 5.02632e-06 1.61493e-06 1.15001e-06 1.09047e-06
threshold=155.85954132056145 0.013643809088325473 0.0010331774299239429 155.05870772668973 0.00062740282587946323 -0.051442616102023941 155.81862500000003
decision_type=2 2 2 2 2 2 2
left_child=1 2 -1 -4 -2 -6 -7
right_child=4 -3 3 -5 5 6 -8
leaf_value=0 0 0 1.0165099376402153e-06 0 0 0 -9.7912783846177679e-07
leaf_weight=7352 219 4830 15600 1390 102 49 5858
leaf_count=7352 219 4830 15600 1390 102 49 5858
internal_value=0 9.96933e-08 3.81846e-07 8.26142e-07 -5.87065e-07 -7.7399e-07 -8.85781e-07
internal_weight=0 29172 24342 16990 6228 6009 5907
internal_count=35400 29172 24342 16990 6228 6009 5907
is_linear=0
shrinkage=0.03


Tree=15
num_leaves=8
num_cat=0
split_feature=1 7 7 7 3 32 3
split_gain=7.18908e-06 6.9877e-06 6.74573e-06 5.09624e-06 3.97048e-06 2.04397e-06 1.4304e-06
threshold=155.85954132056145 -0.10758690612775271 0.0014284547803628061 0.14971633497029216 155.60446875000002 -0.051442616102023941 155.81862500000003
decision_type=2 2 2 2 2 2 2
left_child=2 -2 -1 4 -4 -3 -7
right_child=1 5 3 -5 -6 6 -8
leaf_value=0 0 0 1.0497155200537153e-06 0 0 0 -1.6115471274294731e-06
leaf_weight=14609 263 63 13566 578 313 49 5840
leaf_count=14609 263 63 13566 578 313 49 5840
internal_value=0 -9.62026e-07 1.57142e-07 6.85257e-07 9.05313e-07 -1.42229e-06 -1.53522e-06
internal_weight=0 6215 29066 14457 13879 5952 5889
internal_count=35281 6215 29066 14457 13879 5952 5889
is_linear=0
shrinkage=0.03


Tree=16
num_leaves=8
num_cat=0
split_feature=5 32 25 11 25 25 11
split_gain=2.93139e-06 1.67956e-05 1.24621e-05 6.79133e-06 4.86124e-06 7.53871e-06 6.20807e-06
threshold=149.42472595548591 0.017173800265856954 0.0011343361943190993 0.011499999999998069 0.0025200236367554454 0.006701914616254378 0.023999999999986702
decision_type=2 2 2 2 2 2 2
left_child=1 2 -1 -4 -2 6 -6
right_child=4 -3 3 -5 5 -7 -8
leaf_value=0 0 0 0 2.1453631824116858e-06 0 0 -1.8983678577558417e-06
leaf_weight=3649 13462 2031 1110 7461 1621 1126 4852
leaf_count=3649 13462 2031 1110 7461 1621 1126 4852
internal_value=0 3.6494e-07 1.17994e-06 1.81479e-06 -1.87472e-07 -8.20436e-07 -1.35584e-06
internal_weight=0 14251 12220 8571 21061 7599 6473
internal_count=35312 14251 12220 8571 21061 7599 6473
is_linear=0
shrinkage=0.03


Tree=17
num_leaves=10
num_cat=0
split_feature=2 12 25 12 25 11 11 2 4
split_gain=5.83095e-06 7.11961e-06 7.36169e-06 3.24822e-06 2.05703e-06 6.66277e-07 5.10989e-07 2.95544e-07 3.99872e-06
threshold=157.26542796134086 0.00039707936714188292 0.00096103676494828849 2.7226999503818534e-05 0.00062740282587946323 1.0000000180025095e-35 0.42450000000000904 144.80409874510858 156.70218333616825
decision_type=2 2 2 2 2 2 2 2 2
left_child=1 2 -1 -4 -2 -6 -7 -3 -9
right_child=4 7 3 -5 5 6 -8 8 -10
leaf_value=0 0 0 0 1.1072237236436455e-06 0 -1.5584887911698245e-06 0 -6.5250282049561895e-07 0
leaf_weight=6351 130 1118 1353 13470 26 3129 21 9077 501
leaf_count=6351 130 1118 1353 13470 26 3129 21 9077 501
internal_value=0 1.32262e-07 5.73534e-07 9.57514e-07 -1.19102e-06 -1.43506e-06 -1.50556e-06 0 -1.66642e-07
internal_weight=0 31870 21174 14823 3306 3176 3150 10696 9578
internal_count=35176 31870 21174 14823 3306 3176 3150 10696 9578
is_linear=0
shrinkage=0.03


Tree=18
num_leaves=9
num_cat=0
split_feature=2 25 25 3 32 25 25 32
split_gain=9.59479e-07 1.89203e-05 6.20796e-06 6.30155e-06 4.68898e-06 4.04846e-06 2.38742e-06 5.00099e-06
threshold=144.80409874510858 0.0025664157461275368 0.014296111262698089 159.13756250000003 0.043092201298830027 0.0015958363502948515 0.0010431805489616757 0.013643809088325473
decision_type=2 2 2 2 2 2 2 2
left_child=4 6 3 -3 5 -1 -2 -8
right_child=1 2 -4 -5 -6 -7 7 -9
leaf_value=0 0 -1.6003114911181721e-06 0 0 0 2.1495306196519851e-06 7.5373784760466797e-07 0
leaf_weight=63 8492 11085 217 247 175 1866 11704 1466
leaf_count=63 8492 11085 217 247 175 1866 11704 1466
internal_value=0 -5.57181e-08 -1.21791e-06 -1.41588e-06 6.0111e-07 1.60663e-06 0 4.0391e-07
internal_weight=0 33211 11549 11332 2104 1929 21662 13170
internal_count=35315 33211 11549 11332 2104 1929 21662 13170
is_linear=0
shrinkage=0.03


Tree=19
num_leaves=8
num_cat=0
split_feature=2 25 25 25 4 5 3
split_gain=3.54278e-06 3.48001e-06 8.7293e-06 1.93388e-06 6.7243e-07 9.0043e-08 1.4843e-06
threshold=157.26542796134086 0.0026084944679104233 0.0010331774299239429 0.00062740282587946323 157.42462012457 144.27950611927272 156.52021875000005
decision_type=2 2 2 2 2 2 2
left_child=1 2 -1 -2 -4 -3 -7
right_child=3 5 4 -5 -6 6 -8
leaf_value=0 0 0 9.8935234499730033e-07 -1.2029248558011405e-06 0 -3.8075514852397983e-07 0
leaf_weight=7850 135 1697 12126 3215 26 9773 526
leaf_count=7850 135 1697 12126 3215 26 9773 526
internal_value=0 9.28852e-08 4.12774e-07 -9.32337e-07 9.62769e-07 0 -8.8703e-08
internal_weight=0 31998 20002 3350 12152 11996 10299
internal_count=35348 31998 20002 3350 12152 11996 10299
is_linear=0
shrinkage=0.03


Tree=20
num_leaves=10
num_cat=0
split_feature=5 32 25 7 7 25 28 3 3
split_gain=4.64586e-06 1.1947e-05 7.3823e-06 7.45359e-06 6.95389e-06 1.62628e-05 2.12813e-05 2.00788e-10 5.58975e-06
threshold=149.42472595548591 0.021311766805824372 0.0010431805489616757 -0.066147343621020191 -0.11200515761230627 0.0025200236367554454 0.00073866671203710497 142.62662500000002 149.24165625000003
decision_type=2 2 2 2 2 2 2 2 2
left_child=1 2 -1 -4 -2 -6 -7 -3 -9
right_child=4 7 3 -5 5 6 -8 8 -10
leaf_value=0 0 0 0 1.7282537138061553e-06 0 0 -2.9635336813409229e-06 -2.0749658821695351e-06 0
leaf_weight=3246 1038 198 1337 8092 13406 1594 5028 1168 189
leaf_count=3246 1038 198 1337 8092 13406 1594 5028 1168 189
internal_value=0 6.83891e-08 9.23865e-07 1.36086e-06 -4.41951e-07 -7.19669e-07 -1.94332e-06 0 -1.15377e-08
internal_weight=0 14230 12675 9429 21066 20028 6622 1555 1357
internal_count=35296 14230 12675 9429 21066 20028 6622 1555 1357
is_linear=0
shrinkage=0.03


Tree=21
num_leaves=8
num_cat=0
split_feature=25 2 25 32 2 1 5
split_gain=1.54438e-06 1.88013e-05 8.66734e-06 4.86402e-06 4.72931e-06 4.5457e-06 3.09645e-06
threshold=0.0025885152672514376 144.80409874510858 0.0010331774299239429 0.013643809088325473 159.1136154483477 157.89536586443876 144.06831578204171
decision_type=2 2 2 2 2 2 2
left_child=2 -2 -1 5 6 -4 -3
right_child=1 4 3 -5 -6 -7 -8
leaf_value=0 0 0 1.2064327030749926e-06 0 0 0 -1.5057584232670806e-06
leaf_weight=8369 1719 25 11257 1575 268 1003 11131
leaf_count=8369 1719 25 11257 1575 268 1003 11131
internal_value=0 -3.11365e-07 7.21873e-08 7.56422e-07 -1.26201e-06 1.00136e-06 -1.4186e-06
internal_weight=0 13143 22204 13835 11424 12260 11156
internal_count=35347 13143 22204 13835 11424 12260 11156
is_linear=0
shrinkage=0.03


Tree=22
num_leaves=6
num_cat=0
split_feature=2 11 11 1 11
split_gain=3.93018e-06 2.91121e-06 3.01978e-06 6.13305e-07 5.45178e-07
threshold=157.26542796134086 0.059000000000011717 0.0090000000000003428 157.23048464037296 1.0000000180025095e-35
decision_type=2 2 2 2 2
left_child=1 2 -1 -4 -2
right_child=4 -3 3 -5 -6
leaf_value=0 0 0 5.9541401640216517e-07 0 -1.1036230138327275e-06
leaf_weight=4399 32 10804 16632 100 3301
leaf_count=4399 32 10804 16632 100 3301
internal_value=0 1.44304e-08 3.52568e-07 5.65165e-07 -1.02913e-06
internal_weight=0 31935 21131 16732 3333
internal_count=35268 31935 21131 16732 3333
is_linear=0
shrinkage=0.03


Tree=23
num_leaves=8
num_cat=0
split_feature=4 25 2 25 25 25 12
split_gain=7.13776e-06 2.06384e-05 5.10759e-06 4.86913e-06 3.89113e-06 3.41292e-06 7.08872e-07
threshold=147.74224819008927 0.0025885152672514376 159.1136154483477 0.006701914616254378 0.006870545815346127 0.00065033606604410405 2.0432278916361985e-05
decision_type=2 2 2 2 2 2 2
left_child=4 -2 3 -3 5 -1 -7
right_child=1 2 -4 -5 -6 6 -8
leaf_value=0 0 -1.9638971562044299e-06 0 0 0 0 1.4234896319633106e-06
leaf_weight=416 19223 8026 264 1494 659 173 5049
leaf_count=416 19223 8026 264 1494 659 173 5049
internal_value=0 -3.42547e-07 -1.49874e-06 -1.67074e-06 6.92533e-07 1.07552e-06 1.35537e-06
internal_weight=0 29007 9784 9520 6297 5638 5222
internal_count=35304 29007 9784 9520 6297 5638 5222
is_linear=0
shrinkage=0.03


Tree=24
num_leaves=8
num_cat=0
split_feature=1 7 32 5 7 11 3
split_gain=1.80976e-06 2.62995e-06 2.57725e-06 9.79338e-06 2.60822e-05 1.01295e-06 9.09606e-07
threshold=155.85954132056145 -0.10758690612775271 0.023284781550556428 147.2868273945692 -0.068327144675387447 0.0014999999999929516 155.81862500000003
decision_type=2 2 2 2 2 2 2
left_child=2 -2 3 4 -1 -3 -7
right_child=1 5 -4 -5 -6 6 -8
leaf_value=0 0 0 0 0 2.9104695572277243e-06 0 -9.9900038898246781e-07
leaf_weight=900 259 201 2634 21541 4085 44 5737
leaf_count=900 259 201 2634 21541 4085 44 5737
internal_value=0 -5.10842e-07 0 2.95706e-07 1.49439e-06 -8.17254e-07 -9.21308e-07
internal_weight=0 6241 29160 26526 4985 5982 5781
internal_count=35401 6241 29160 26526 4985 5982 5781
is_linear=0
shrinkage=0.03


Tree=25
num_leaves=7
num_cat=0
split_feature=2 5 5 4 4 1
split_gain=2.28176e-06 9.63757e-07 1.45713e-06 4.27074e-07 3.73125e-07 1.5814e-07
threshold=157.26542796134086 149.42472595548591 150.81398007965117 150.62947069383884 151.69858018542968 157.28366245665651
decision_type=2 2 2 2 2 2
left_child=1 3 4 -1 -3 -4
right_child=-2 2 5 -5 -6 -7
leaf_value=3.186861606801592e-07 -7.4717421808701155e-07 -5.1299007677470745e-07 1.4872439425709769e-07 0 0 0
leaf_weight=14111 3353 5805 11835 41 40 83
leaf_count=14111 3353 5805 11835 41 40 83
internal_value=0 7.53966e-08 0 2.72227e-07 -4.51564e-07 1.00116e-07
internal_weight=0 31915 17763 14152 5845 11918
internal_count=35268 31915 17763 14152 5845 11918
is_linear=0
shrinkage=0.03


Tree=26
num_leaves=8
num_cat=0
split_feature=7 2 25 7 25 5 7
split_gain=1.21545e-07 4.79876e-06 4.13282e-06 5.27402e-06 4.12985e-06 1.74537e-05 1.25361e-05
threshold=-0.012631562302483117 145.01931706642185 0.0016713861414237826 -0.31962478102129582 0.0013403443123583267 155.35963516585289 0.14971633497029216
decision_type=2 2 2 2 2 2 2
left_child=1 -1 -3 -4 -2 6 -6
right_child=4 2 3 -5 5 -7 -8
leaf_value=0 0 0 0 -1.3110063692330524e-06 1.7485215174849517e-06 0 0
leaf_weight=973 9877 3097 112 7499 10045 3091 600
leaf_count=973 9877 3097 112 7499 10045 3091 600
internal_value=0 -9.46423e-08 -6.42716e-07 -1.03433e-06 1.41942e-08 5.20509e-07 1.35099e-06
internal_weight=0 11681 10708 7611 23613 13736 10645
internal_count=35294 11681 10708 7611 23613 13736 10645
is_linear=0
shrinkage=0.03


Tree=27
num_leaves=8
num_cat=0
split_feature=5 7 7 2 7 7 7
split_gain=4.65597e-06 7.02475e-06 1.00304e-05 2.00847e-05 6.28094e-06 1.83037e-05 5.21093e-09
threshold=149.42472595548591 -0.20610275809468684 0.106044549945621 147.51248935389609 -0.002894912413346567 -0.11200515761230627 -0.0032451174698603508
decision_type=2 2 2 2 2 2 2
left_child=1 -1 3 -3 5 -2 -7
right_child=4 2 -4 -5 -6 6 -8
leaf_value=0 0 2.5591128340244178e-06 0 0 0 -1.7820456071342615e-06 0
leaf_weight=172 1029 5388 695 8023 12297 7701 87
leaf_count=172 1029 5388 695 8023 12297 7701 87
internal_value=0 3.61285e-07 7.61774e-07 1.13291e-06 -3.31952e-07 -9.51295e-07 -1.77189e-06
internal_weight=0 14278 14106 13411 21114 8817 7788
internal_count=35392 14278 14106 13411 21114 8817 7788
is_linear=0
shrinkage=0.03


Tree=28
num_leaves=8
num_cat=0
split_feature=25 2 25 12 11 32 2
split_gain=1.96177e-06 1.58478e-05 7.65766e-06 6.47601e-06 8.66839e-06 6.42557e-06 6.57336e-06
threshold=0.0025885152672514376 144.80409874510858 0.0010331774299239429 0.00019942366571435534 0.47350000000000142 0.012970122860102963 157.44772907243387
decision_type=2 2 2 2 2 2 2
left_child=2 -2 -1 -3 -5 6 -4
right_child=1 3 5 4 -6 -7 -8
leaf_value=0 0 0 1.3408626712001502e-06 -1.8866455620037896e-06 0 0 0
leaf_weight=8353 1720 3209 10690 8155 95 1708 1365
leaf_count=8353 1720 3209 10690 8155 95 1708 1365
internal_value=0 -2.93581e-07 1.6873e-07 -1.15921e-06 -1.60401e-06 7.39246e-07 1.05053e-06
internal_weight=0 13179 22116 11459 8250 13763 12055
internal_count=35295 13179 22116 11459 8250 13763 12055
is_linear=0
shrinkage=0.03


Tree=29
num_leaves=8
num_cat=0
split_feature=1 3 4 5 5 5 5
split_gain=2.0878e-06 5.21394e-07 4.77879e-07 3.95406e-07 8.94205e-08 9.56349e-08 1.91788e-08
threshold=155.85954132056145 155.81862500000003 147.74224819008927 147.38702820900224 150.72757964326649 155.73399141565696 149.42472595548591
decision_type=2 2 2 2 2 2 2
left_child=2 -2 3 -1 6 -6 -4
right_child=1 -3 4 -5 5 -7 -8
leaf_value=4.3506018902752839e-07 0 -5.7703579463826175e-07 0 0 1.3487300226886488e-07 0 -5.5232729679767219e-08
leaf_weight=5751 49 6143 7957 495 9151 26 5683
leaf_count=5751 49 6143 7957 495 9151 26 5683
internal_value=0 -5.04537e-07 1.0205e-07 3.42502e-07 0 9.35984e-08 -2.38352e-09
internal_weight=0 6192 29063 6246 22817 9177 13640
internal_count=35255 6192 29063 6246 22817 9177 13640
is_linear=0
shrinkage=0.03


Tree=30
num_leaves=10
num_cat=0
split_feature=2 25 32 3 25 11 7 25 5
split_gain=2.40689e-06 2.30947e-05 6.6335e-06 5.02383e-06 4.73368e-06 4.05757e-06 3.82998e-06 1.3899e-06 1.33864e-06
threshold=144.80409874510858 0.0025885152672514376 0.045389152191847304 159.13756250000003 0.0015958363502948515 0.47350000000000142 0.14152927466722084 0.0010331774299239429 161.02541380174912
decision_type=2 2 2 2 2 2 2 2 2
left_child=2 7 4 5 -1 -3 -6 -2 -9
right_child=1 3 -4 -5 6 -7 -8 8 -10
leaf_value=0 0 -1.6461232497581508e-06 0 0 2.866945516408086e-06 0 0 4.3277249646930059e-07 0
leaf_weight=59 8339 11081 154 266 1797 85 99 13111 256
leaf_count=59 8339 11081 154 266 1797 85 99 13111 256
internal_value=0 -1.79633e-07 7.21093e-07 -1.38261e-06 1.90103e-06 -1.5369e-06 2.44392e-06 0 3.05906e-07
internal_weight=0 33138 2109 11432 1955 11166 1896 21706 13367
internal_count=35247 33138 2109 11432 1955 11166 1896 21706 13367
is_linear=0
shrinkage=0.03


end of trees

feature_importances:
bb_width=63
macd_signal=27
bb_lower=24
ema_slow=23
macd_hist=20
bb_upper=17
bb_middle=14
body=13
ema_fast=10
body_pct=9
price_ema_fast_dist=2
price_bb_upper_dist=1

parameters:
[boosting: gbdt]
[objective: regression]
[metric: rmse]
[tree_learner: serial]
[device_type: cpu]
[data: ]
[valid: ]
[num_iterations: 500]
[learning_rate: 0.03]
[num_leaves: 16]
[num_threads: 8]
[deterministic: 0]
[force_col_wise: 0]
[force_row_wise: 0]
[histogram_pool_size: -1]
[max_depth: 4]
[min_data_in_leaf: 20]
[min_sum_hessian_in_leaf: 0.001]
[bagging_fraction: 0.9]
[pos_bagging_fraction: 1]
[neg_bagging_fraction: 1]
[bagging_freq: 1]
[bagging_seed: 9057]
[feature_fraction: 0.9]
[feature_fraction_bynode: 1]
[feature_fraction_seed: 15199]
[extra_trees: 0]
[extra_seed: 31159]
[early_stopping_round: 0]
[first_metric_only: 0]
[max_delta_step: 0]
[lambda_l1: 0.5]
[lambda_l2: 0.5]
[linear_lambda: 0]
[min_gain_to_split: 0]
[drop_rate: 0.1]
[max_drop: 50]
[skip_drop: 0.5]
[xgboost_dart_mode: 0]
[uniform_drop: 0]
[drop_seed: 20727]
[top_rate: 0.2]
[other_rate: 0.1]
[min_data_per_group: 100]
[max_cat_threshold: 32]
[cat_l2: 10]
[cat_smooth: 10]
[max_cat_to_onehot: 4]
[top_k: 20]
[monotone_constraints: ]
[monotone_constraints_method: basic]
[monotone_penalty: 0]
[feature_contri: ]
[forcedsplits_filename: ]
[refit_decay_rate: 0.9]
[cegb_tradeoff: 1]
[cegb_penalty_split: 0]
[cegb_penalty_feature_lazy: ]
[cegb_penalty_feature_coupled: ]
[path_smooth: 0]
[interaction_constraints: ]
[verbosity: 1]
[saved_feature_importance_type: 0]
[linear_tree: 0]
[max_bin: 255]
[max_bin_by_feature: ]
[min_data_in_bin: 3]
[bin_construct_sample_cnt: 200000]
[data_random_seed: 218]
[is_enable_sparse: 1]
[enable_bundle: 1]
[use_missing: 1]
[zero_as_missing: 0]
[feature_pre_filter: 1]
[pre_partition: 0]
[two_round: 0]
[header: 0]
[label_column: ]
[weight_column: ]
[group_column: ]
[ignore_column: ]
[categorical_feature: ]
[forcedbins_filename: ]
[precise_float_parser: 0]
[parser_config_file: ]
[objective_seed: 19100]
[num_class: 1]
[is_unbalance: 0]
[scale_pos_weight: 1]
[sigmoid: 1]
[boost_from_average: 1]
[reg_sqrt: 0]
[alpha: 0.9]
[fair_c: 1]
[poisson_max_delta_step: 0.7]
[tweedie_variance_power: 1.5]
[lambdarank_truncation_level: 30]
[lambdarank_norm: 1]
[label_gain: ]
[lambdarank_position_bias_regularization: 0]
[eval_at: ]
[multi_error_top_k: 1]
[auc_mu_weights: ]
[num_machines: 1]
[local_listen_port: 12400]
[time_out: 120]
[machine_list_filename: ]
[machines: ]
[gpu_platform_id: -1]
[gpu_device_id: -1]
[gpu_use_dp: 0]
[num_gpu: 1]

end of parameters

pandas_categorical:[]
