tree
version=v4
num_class=1
num_tree_per_iteration=1
label_index=0
max_feature_idx=25
objective=regression
feature_names=rsi ema_fast ema_slow macd macd_signal range range_pct body body_pct upper_shadow lower_shadow is_bullish rsi_normalized rsi_overbought rsi_oversold rsi_divergence ema_cross ema_cross_pct ema_cross_signal price_ema_fast_dist price_ema_slow_dist macd_hist macd_hist_change macd_cross_signal macd_strength signal_convergence
feature_infos=[0:99.999992774566991] [139.84172317124145:161.9044463934776] [139.985622134078:161.8633237416141] [-0.81371595198632463:0.5970017482619312] [-0.71071676355148927:0.57046413909616056] [0:3.0139999999999816] [0:0.019088400286395583] [0:2.7609999999999957] [0:0.017392783349291913] [0:1.1620000000000061] [0:1.3590000000000089] [0:1] [-1:0.99999985549133985] [0:1] [0:1] [-89.854942239242206:87.39492126263913] [-1.0350786189282246:0.79769146520030176] [-0.006549151847441992:0.0054000600139474395] [0:1] [-0.014331159141718369:0.0093718883724765341] [-0.017546516855659215:0.012454695205154643] [-0.39438439545005155:0.22667986490852632] [-0.22179621176243974:0.13953656655988411] [0:1] [-0.33719861601597845:0.18761226476060436] [0:3]
tree_sizes=1483 571 1015 871 888 1103 794 704 1413 844 573 1104 626 1163 1029 939 1107 1178 863 1019 863 1084 1013 1017 1572 494 1108 1259 1078 881 935 850 1070

Tree=0
num_leaves=14
num_cat=0
split_feature=1 24 3 7 3 7 4 15 2 21 2 2 2
split_gain=2.5517e-06 1.90796e-05 9.56313e-06 1.17362e-05 6.09426e-06 4.86439e-06 8.57914e-06 5.49032e-06 1.78814e-06 1.51948e-06 8.06776e-07 1.64135e-09 8.38621e-08
threshold=146.92349002971176 0.019890257863387373 0.14764840643985624 0.010500000000007505 -0.25216169537048921 0.046500000000008875 -0.11210133874392736 -16.525447962711521 159.1136154483477 0.086571931295999965 146.95088568512338 157.18066086937378 147.09314247465394
decision_type=2 2 2 2 2 2 2 2 2 2 2 2 2
left_child=1 2 3 -1 -5 11 -7 -8 9 -9 -6 12 -2
right_child=5 -3 -4 4 10 6 7 8 -10 -11 -12 -13 -14
leaf_value=4.7848720581320742e-06 4.7848720581320742e-06 4.7848720581320742e-06 4.7848720581320742e-06 4.7848720581320742e-06 8.7916192855671777e-06 4.7848720581320742e-06 4.7848720581320742e-06 3.2509130435356633e-06 4.7848720581320742e-06 4.7848720581320742e-06 4.7848720581320742e-06 4.7848720581320742e-06 4.8587918643328934e-06
leaf_weight=410 183 691 79 57 2732 786 959 8925 279 47 35 2086 14083
leaf_count=410 183 691 79 57 2732 786 959 8925 279 47 35 2086 14083
internal_value=4.78487e-06 5.35736e-06 7.14681e-06 7.67902e-06 8.43617e-06 4.59517e-06 4.08657e-06 3.65289e-06 3.38904e-06 3.30559e-06 8.73311e-06 4.78487e-06 4.79505e-06
internal_weight=0 4004 3313 3234 2824 27348 10996 10210 9251 8972 2767 16352 14266
internal_count=31352 4004 3313 3234 2824 27348 10996 10210 9251 8972 2767 16352 14266
is_linear=0
shrinkage=1


Tree=1
num_leaves=5
num_cat=0
split_feature=2 19 19 19
split_gain=5.90037e-06 9.3349e-06 2.30325e-06 9.68488e-07
threshold=147.51248935389609 0.00062848211078796992 -2.7351093755629632e-06 0.0012093094227761108
decision_type=2 2 2 2
left_child=1 -1 -2 -4
right_child=2 -3 3 -5
leaf_value=1.6779950394688778e-06 0 0 -5.5999596341757063e-07 0
leaf_weight=4452 12310 876 13138 599
leaf_count=4452 12310 876 13138 599
internal_value=0 8.80911e-07 -2.12442e-07 -4.86283e-07
internal_weight=0 5328 26047 13737
internal_count=31375 5328 26047 13737
is_linear=0
shrinkage=0.03


Tree=2
num_leaves=11
num_cat=0
split_feature=1 24 4 4 19 12 19 4 1 24
split_gain=5.43326e-06 2.73236e-05 1.03333e-05 3.68029e-06 2.31845e-06 1.8912e-06 3.66682e-07 2.65438e-07 2.24019e-07 1.99197e-07
threshold=147.36291571608322 0.015518706247105395 0.12637014859898268 -0.10016992834903073 2.3293973331330707e-05 0.99999873815858609 0.002558861597799634 -0.1348826524812852 147.40962592188743 -0.046902564548075169
decision_type=2 2 2 2 2 2 2 2 2 2
left_child=1 2 3 -1 -2 -5 7 -6 -9 -10
right_child=4 -3 -4 5 6 -7 -8 8 9 -11
leaf_value=0 0 0 0 3.6469215042732328e-06 0 0 0 0 0 -5.2088920040796268e-07
leaf_weight=478 13491 1001 136 3262 166 36 59 69 23 12690
leaf_count=478 13491 1001 136 3262 166 36 59 69 23 12690
internal_value=0 9.55223e-07 2.72608e-06 3.18777e-06 -1.23902e-07 3.55511e-06 -4.37827e-07 -4.66961e-07 -4.89463e-07 -5.06688e-07
internal_weight=0 4913 3912 3776 26498 3298 13007 12948 12782 12713
internal_count=31411 4913 3912 3776 26498 3298 13007 12948 12782 12713
is_linear=0
shrinkage=0.03


Tree=3
num_leaves=9
num_cat=0
split_feature=21 1 24 4 2 2 24 24
split_gain=2.29728e-06 8.71123e-06 7.8673e-06 8.01616e-06 7.35374e-06 2.98494e-07 2.41992e-08 4.21695e-07
threshold=0.013643809088325473 147.36291571608322 0.021115765038642081 -0.10016992834903073 142.92288614344798 161.47316191788482 -0.012081846174631648 -0.052467154957068961
decision_type=2 2 2 2 2 2 2 2
left_child=1 2 3 -1 -2 -6 7 -3
right_child=4 6 -4 -5 5 -7 -8 -9
leaf_value=0 0 0 0 2.6500534717753716e-06 -1.3228147516835216e-06 0 0 -3.2208997883662865e-07
leaf_weight=402 286 255 112 3191 4959 24 18332 3868
leaf_count=402 286 255 112 3191 4959 24 18332 3868
internal_value=0 1.02824e-07 1.48006e-06 2.05653e-06 -5.82998e-07 -1.29904e-06 0 -7.26774e-08
internal_weight=0 26160 3705 3593 5269 4983 22455 4123
internal_count=31429 26160 3705 3593 5269 4983 22455 4123
is_linear=0
shrinkage=0.03


Tree=4
num_leaves=9
num_cat=0
split_feature=2 4 17 24 8 15 8 21
split_gain=3.68121e-06 4.96605e-06 5.61081e-06 4.2378e-06 1.15819e-06 1.23354e-06 8.31667e-07 3.54838e-07
threshold=157.26542796134086 0.0014284547803628061 0.0014227806729777508 -0.011300094199198535 1.3210432278483532e-05 -31.982694318691447 6.8382849832215835e-06 0.0029809821974998087
decision_type=2 2 2 2 2 2 2 2
left_child=1 7 3 -3 -5 -6 -2 -1
right_child=6 2 -4 4 5 -7 -8 -9
leaf_value=0 0 0 0 0 0 1.1975061106582055e-06 -1.0810060646858302e-06 -2.423732621361391e-07
leaf_weight=8677 109 1860 580 440 232 11322 2833 5436
leaf_count=8677 109 1860 580 440 232 11322 2833 5436
internal_value=0 1.62159e-07 6.0137e-07 8.60973e-07 1.08361e-06 1.14418e-06 -9.33215e-07 0
internal_weight=0 28547 14434 13854 11994 11554 2942 14113
internal_count=31489 28547 14434 13854 11994 11554 2942 14113
is_linear=0
shrinkage=0.03


Tree=5
num_leaves=12
num_cat=0
split_feature=19 1 2 21 15 7 15 15 24 19 21
split_gain=2.65852e-06 5.13086e-06 4.73601e-06 1.59159e-06 1.34559e-06 1.04789e-06 8.66134e-07 9.14093e-07 8.3055e-07 7.15565e-07 3.81803e-07
threshold=2.3293973331330707e-05 146.92349002971176 154.88131113422824 0.020737408216801739 -10.406136737114258 0.0079999999999955679 -22.688669814728549 16.320292417308668 0.078476648035433152 0.002558861597799634 -0.026283703164007893
decision_type=2 2 2 2 2 2 2 2 2 2 2
left_child=2 -2 3 5 -3 -1 -7 -8 9 10 -6
right_child=1 4 -4 -5 8 6 7 -9 -10 -11 -12
leaf_value=0 0 0 0 0 0 0 9.4880694812738892e-07 0 0 0 -8.7065401392497621e-07
leaf_weight=1608 1927 695 3430 226 77 791 9651 270 64 45 12543
leaf_count=1608 1927 695 3430 226 77 791 9651 270 64 45 12543
internal_value=0 -3.55891e-07 1.6751e-07 6.12752e-07 -6.99161e-07 7.06129e-07 8.13329e-07 8.90401e-07 -7.81442e-07 -8.20218e-07 -8.52165e-07
internal_weight=0 15351 15976 12546 13424 12320 10712 9921 12729 12665 12620
internal_count=31327 15351 15976 12546 13424 12320 10712 9921 12729 12665 12620
is_linear=0
shrinkage=0.03


Tree=6
num_leaves=8
num_cat=0
split_feature=1 21 2 2 2 2 19
split_gain=3.57186e-06 5.20619e-06 2.45534e-06 1.52657e-06 6.2589e-06 5.95158e-07 5.17879e-07
threshold=157.23048464037296 0.013278494177322247 149.61433885285592 151.62642587721919 142.66107813779567 149.27685438730282 0.00068460229183494811
decision_type=2 2 2 2 2 2 2
left_child=1 2 6 4 -3 -6 -1
right_child=-2 3 -4 -5 5 -7 -8
leaf_value=8.721408564075596e-07 -9.8292151198850983e-07 0 0 0 -2.0406302293576172e-06 0 0
leaf_weight=9984 3086 229 13224 1945 1811 836 236
leaf_count=9984 3086 229 13224 1945 1811 836 236
internal_value=0 9.07719e-08 4.58032e-07 0 -6.91134e-07 -1.6269e-06 8.35142e-07
internal_weight=0 28265 23444 4821 2876 2647 10220
internal_count=31351 28265 23444 4821 2876 2647 10220
is_linear=0
shrinkage=0.03


Tree=7
num_leaves=7
num_cat=0
split_feature=2 21 1 16 16 19
split_gain=1.97318e-06 3.57996e-06 4.49267e-06 1.98214e-06 1.1577e-06 9.6322e-07
threshold=157.26542796134086 0.0091106641311640337 149.34332343763981 0.21422943289007892 -0.3441223831558346 -0.0023013148637652
decision_type=2 2 2 2 2 2
left_child=1 2 3 4 -1 -2
right_child=5 -3 -4 -5 -6 -7
leaf_value=0 0 0 0 0 1.1089658253065479e-06 -8.0876762138810315e-07
leaf_weight=73 30 6802 12783 117 8777 2965
leaf_count=73 30 6802 12783 117 8777 2965
internal_value=0 1.56928e-07 4.24809e-07 9.42666e-07 1.04973e-06 -5.98443e-07
internal_weight=0 28552 21750 8967 8850 2995
internal_count=31547 28552 21750 8967 8850 2995
is_linear=0
shrinkage=0.03


Tree=8
num_leaves=16
num_cat=0
split_feature=2 24 8 3 6 17 11 15 6 17 8 2 8 6 6
split_gain=2.72133e-06 1.65474e-05 1.03482e-05 1.27357e-05 5.00131e-06 8.50686e-07 5.59019e-07 3.37664e-06 1.55443e-06 2.58635e-06 1.09407e-06 9.74927e-08 5.89263e-07 1.09293e-06 1.12367e-06
threshold=146.7755330999405 0.016764862581509887 7.3769804744832802e-05 0.14764840643985624 0.000692971306515731 -0.0022813225000132818 1.0000000180025095e-35 -1.4041114168562634 0.0004846669139425323 0.0010396862618450061 2.0060381867593927e-05 157.26542796134086 0.00052155770415069703 0.00033399844118861896 0.0014808794666464973
decision_type=2 2 2 2 2 2 2 2 2 2 2 2 2 2 2
left_child=1 2 -1 4 -4 -6 11 -8 -9 10 -10 12 13 -2 -15
right_child=6 -3 3 -5 5 -7 7 8 9 -11 -12 -13 -14 14 -16
leaf_value=0 0 0 0 0 0 5.1272474239478938e-06 0 0 0 0 -1.1024056745183923e-06 0 0 6.151043747401118e-07 0
leaf_weight=344 2588 790 707 62 53 1650 2265 4612 119 407 6791 1443 2747 6906 139
leaf_count=344 2588 790 707 62 53 1650 2265 4612 119 407 6791 1443 2747 6906 139
internal_value=0 8.24102e-07 2.48147e-06 3.28353e-06 3.97673e-06 5.00212e-06 0 -1.88268e-07 -5.44907e-07 -8.21742e-07 -1.02561e-06 0 8.41863e-08 2.533e-07 4.76808e-07
internal_weight=0 3606 2816 2472 2410 1703 28017 14194 11929 7317 6910 13823 12380 9633 7045
internal_count=31623 3606 2816 2472 2410 1703 28017 14194 11929 7317 6910 13823 12380 9633 7045
is_linear=0
shrinkage=0.03


Tree=9
num_leaves=9
num_cat=0
split_feature=21 1 2 24 4 2 24 4
split_gain=7.55334e-07 5.33249e-06 4.97876e-06 3.326e-06 1.39065e-06 3.61034e-07 3.29977e-07 2.7411e-07
threshold=0.013643809088325473 149.32071875820267 142.92288614344798 0.021115765038642081 0.27344348277244318 161.47316191788482 -0.016950395309193116 -0.066231512829526357
decision_type=2 2 2 2 2 2 2 2
left_child=1 3 -2 4 7 6 -4 -1
right_child=2 -3 5 -5 -6 -7 -8 -9
leaf_value=0 0 0 0 0 0 0 -1.057896474831903e-06 1.0621357573407067e-06
leaf_weight=928 272 16558 41 156 36 21 4910 8490
leaf_count=928 272 16558 41 156 36 21 4910 8490
internal_value=0 1.04773e-07 -2.73588e-07 7.27514e-07 9.2446e-07 -9.90008e-07 -1.02465e-06 9.9538e-07
internal_weight=0 26168 5244 9610 9454 4972 4951 9418
internal_count=31412 26168 5244 9610 9454 4972 4951 9418
is_linear=0
shrinkage=0.03


Tree=10
num_leaves=5
num_cat=0
split_feature=2 19 19 19
split_gain=8.9648e-07 2.91432e-06 8.04453e-07 6.20766e-07
threshold=147.51248935389609 0.00055049499243308461 2.0252307785676054e-05 0.0012685256456393106
decision_type=2 2 2 2
left_child=1 -1 -2 -4
right_child=2 -3 3 -5
leaf_value=8.8110845289226586e-07 0 0 -3.3042628641877346e-07 0
leaf_weight=4337 13161 1036 12320 535
leaf_count=4337 13161 1036 12320 535
internal_value=0 3.72201e-07 -4.89948e-08 -2.47342e-07
internal_weight=0 5373 26016 12855
internal_count=31389 5373 26016 12855
is_linear=0
shrinkage=0.03


Tree=11
num_leaves=12
num_cat=0
split_feature=2 19 4 7 1 0 7 2 1 24 7
split_gain=4.28882e-06 6.00267e-06 3.06072e-06 2.58903e-06 2.07564e-06 1.28555e-06 1.05765e-06 2.63627e-06 4.29646e-06 1.87529e-06 7.61997e-07
threshold=157.26542796134086 3.7263089951172669e-05 -0.17096645649361544 0.0035000000000025015 155.70432995907512 73.123326278434462 0.046000000000006487 142.66107813779567 156.65746689870258 -0.046902564548075169 0.00099999999999056421
decision_type=2 2 2 2 2 2 2 2 2 2 2
left_child=1 2 -1 -4 5 -5 -3 -8 9 -9 -2
right_child=10 6 3 4 -6 -7 7 8 -10 -11 -12
leaf_value=0 0 0 0 1.0583498689025214e-06 0 0 0 0 0 -1.2601672336109065e-06 -1.2510778513554171e-06
leaf_weight=484 43 7159 906 12084 1268 342 201 30 244 5591 2889
leaf_count=484 43 7159 906 12084 1268 342 201 30 244 5591 2889
internal_value=0 2.87588e-08 5.9975e-07 7.48528e-07 8.7608e-07 9.98082e-07 0 -3.96123e-07 -7.5287e-07 -1.13106e-06 -1.14384e-06
internal_weight=0 28309 15084 14600 13694 12426 13225 6066 5865 5621 2932
internal_count=31241 28309 15084 14600 13694 12426 13225 6066 5865 5621 2932
is_linear=0
shrinkage=0.03


Tree=12
num_leaves=6
num_cat=0
split_feature=24 1 21 1 1
split_gain=4.1332e-06 2.35176e-05 8.61698e-07 5.70017e-07 6.25132e-07
threshold=0.019890257863387373 146.92349002971176 0.045389152191847304 159.61254919162982 142.89169451319287
decision_type=2 2 2 2 2
left_child=1 2 -1 4 -2
right_child=3 -3 -4 -5 -6
leaf_value=2.613925362523191e-06 0 0 0 0 -1.2326377437079564e-06
leaf_weight=3283 187 24892 21 58 2832
leaf_count=3283 187 24892 21 58 2832
internal_value=0 1.32112e-07 2.56017e-06 -1.02415e-06 -1.11308e-06
internal_weight=0 28196 3304 3077 3019
internal_count=31273 28196 3304 3077 3019
is_linear=0
shrinkage=0.03


Tree=13
num_leaves=13
num_cat=0
split_feature=24 1 16 4 15 15 2 2 4 1 16 4
split_gain=1.55042e-06 6.93717e-06 5.40362e-06 5.75698e-06 1.86246e-06 2.36172e-06 3.43036e-06 3.26729e-07 2.2409e-07 2.17546e-06 3.59676e-06 1.67704e-07
threshold=0.019427466085986559 146.92349002971176 0.20182572549491343 -0.10016992834903073 14.151105741561354 -17.016923248257402 142.92288614344798 159.1136154483477 0.016049236025846608 149.54376869000919 -0.16617764235753893 -0.12821971042354016
decision_type=2 2 2 2 2 2 2 2 2 2 2 2
left_child=1 2 3 -1 5 -2 -7 -8 9 -3 -11 -12
right_child=4 8 -4 -5 -6 6 7 -9 -10 10 11 -13
leaf_value=0 0 0 0 2.4505576804309531e-06 0 0 -1.8042265035135386e-06 0 0 0 0 -7.3841541464497144e-07
leaf_weight=455 99 5476 82 2712 207 186 2635 62 8430 786 26 10174
leaf_count=455 99 5476 82 2712 207 186 2635 62 8430 786 26 10174
internal_value=0 0 1.38617e-06 1.87261e-06 -6.61451e-07 -1.01486e-06 -1.34257e-06 -1.75254e-06 0 -1.10685e-07 -4.43364e-07 -7.27372e-07
internal_weight=0 28141 3249 3167 3189 2982 2883 2697 24892 16462 10986 10200
internal_count=31330 28141 3249 3167 3189 2982 2883 2697 24892 16462 10986 10200
is_linear=0
shrinkage=0.03


Tree=14
num_leaves=11
num_cat=0
split_feature=2 4 16 2 16 15 15 1 16 1
split_gain=3.51326e-06 2.45275e-06 2.93403e-06 5.56916e-06 4.9786e-06 6.10182e-07 4.33904e-07 3.21962e-07 1.607e-07 1.31437e-07
threshold=157.26542796134086 -0.012631562302483117 0.21422943289007892 146.87549983748696 0.17991055034895001 14.151105741561354 32.787778168463127 148.15588621227582 -0.10805254423952702 157.23048464037296
decision_type=2 2 2 2 2 2 2 2 2 2
left_child=1 8 3 4 6 -2 -3 -5 -1 -9
right_child=5 2 -4 7 -6 -7 -8 9 -10 -11
leaf_value=0 -1.1527933983590606e-06 2.7051088643685865e-06 0 0 0 0 0 1.7718832615517842e-07 -1.4730585599376546e-07 0
leaf_weight=2835 2764 2018 568 3131 86 205 27 12997 6665 163
leaf_count=2835 2764 2018 568 3131 86 205 27 12997 6665 163
internal_value=0 3.62956e-08 3.4383e-07 5.14978e-07 2.15501e-06 -1.02579e-06 2.65143e-06 0 0 1.48385e-07
internal_weight=0 28490 18990 18422 2131 2969 2045 16291 9500 13160
internal_count=31459 28490 18990 18422 2131 2969 2045 16291 9500 13160
is_linear=0
shrinkage=0.03


Tree=15
num_leaves=10
num_cat=0
split_feature=1 21 19 24 4 4 4 2 24
split_gain=5.68072e-06 4.16671e-06 3.02582e-06 1.51539e-06 2.26474e-06 1.34347e-06 1.04782e-06 1.10149e-06 2.54156e-07
threshold=155.85954132056145 0.013278494177322247 -0.0023013148637652 -0.015651254586490058 0.14971633497029216 -0.17096645649361544 -0.1077452560449232 155.81200190883823 -0.033222874381414531
decision_type=2 2 2 2 2 2 2 2 2
left_child=1 3 -2 -1 5 -5 -4 -8 -9
right_child=2 -3 6 4 -6 -7 7 8 -10
leaf_value=0 0 0 0 0 0 7.1265637360135867e-07 0 0 -1.3376897131798282e-06
leaf_weight=3197 50 4385 195 103 242 17927 34 111 5172
leaf_count=3197 50 4385 195 103 242 17927 34 111 5172
internal_value=0 1.69595e-07 -8.86267e-07 4.57501e-07 5.66187e-07 6.61753e-07 -1.13429e-06 -1.22929e-06 -1.30711e-06
internal_weight=0 25854 5562 21469 18272 18030 5512 5317 5283
internal_count=31416 25854 5562 21469 18272 18030 5512 5317 5283
is_linear=0
shrinkage=0.03


Tree=16
num_leaves=12
num_cat=0
split_feature=19 2 2 19 7 15 7 19 21 15 24
split_gain=7.88835e-07 2.25924e-06 1.91936e-06 1.8352e-06 1.63847e-06 1.40758e-06 8.39243e-07 7.65668e-07 6.02402e-07 4.05436e-07 2.45091e-07
threshold=2.3293973331330707e-05 157.26542796134086 146.87549983748696 -0.00071142594531113971 0.077000000000012406 -1.2388156485768105 0.0035000000000025015 0.002558861597799634 -0.032824335880164902 -22.688669814728549 0.078476648035433152
decision_type=2 2 2 2 2 2 2 2 2 2 2
left_child=1 3 -2 -1 6 -4 -5 8 -7 -8 -10
right_child=2 -3 5 4 -6 7 9 -9 10 -11 -12
leaf_value=0 0 0 0 0 0 0 0 0 -6.8154797533962148e-07 8.8467743405739555e-07 0
leaf_weight=2549 1936 1401 3441 815 1973 27 580 53 9916 8726 29
leaf_count=2549 1936 1401 3441 815 1973 27 580 53 9916 8726 29
internal_value=0 1.85122e-07 -1.01956e-07 4.20007e-07 5.91736e-07 -3.74389e-07 7.51068e-07 -5.60927e-07 -6.20816e-07 8.33467e-07 -6.64058e-07
internal_weight=0 16044 15402 14643 12094 13466 10121 10025 9972 9306 9945
internal_count=31446 16044 15402 14643 12094 13466 10121 10025 9972 9306 9945
is_linear=0
shrinkage=0.03


Tree=17
num_leaves=13
num_cat=0
split_feature=1 7 19 7 4 4 21 2 2 7 4 7
split_gain=2.33125e-06 5.94508e-06 3.60872e-06 2.72076e-06 2.49772e-06 2.44458e-06 2.19364e-06 5.2168e-06 4.27015e-06 5.89722e-07 6.6332e-07 9.17621e-08
threshold=157.23048464037296 0.046500000000008875 -0.00071142594531113971 0.0014999999999929516 -0.17096645649361544 0.14971633497029216 0.0037363798741599373 142.66107813779567 154.63381955721374 0.00099999999999056421 -0.20610275809468684 0.3384999999999963
decision_type=2 2 2 2 2 2 2 2 2 2 2 2
left_child=1 2 -1 -4 -5 -6 -3 -8 -9 -2 -11 -12
right_child=9 6 3 4 5 -7 7 8 -10 10 11 -13
leaf_value=0 0 0 0 0 1.0434881995493391e-06 0 0 -1.5803335328819591e-06 0 0 -1.0043857404362626e-06 0
leaf_weight=553 47 7023 673 82 14502 182 206 4209 758 24 2986 21
leaf_count=553 47 7023 673 82 14502 182 206 4209 758 24 2986 21
internal_value=0 1.02456e-07 5.94201e-07 7.59001e-07 8.76452e-07 9.62052e-07 0 -6.17761e-07 -1.15873e-06 -7.65155e-07 -8.77285e-07 -9.87059e-07
internal_weight=0 28188 15992 15439 14766 14684 12196 5173 4967 3078 3031 3007
internal_count=31266 28188 15992 15439 14766 14684 12196 5173 4967 3078 3031 3007
is_linear=0
shrinkage=0.03


Tree=18
num_leaves=9
num_cat=0
split_feature=21 2 2 4 4 2 4 4
split_gain=6.49349e-07 5.80116e-06 4.16644e-06 1.96282e-06 1.81314e-06 6.0951e-07 3.7773e-08 1.18163e-06
threshold=0.013643809088325473 149.56253254430587 142.92288614344798 0.106044549945621 -0.24134130100428289 159.1136154483477 0.00034925342346194178 -0.1077452560449232
decision_type=2 2 2 2 2 2 2 2
left_child=1 3 -2 4 -1 -4 7 -3
right_child=2 6 5 -5 -6 -7 -8 -9
leaf_value=0 0 0 -9.8409146388339256e-07 0 9.4712661369546072e-07 0 0 -4.1016818731104295e-07
leaf_weight=62 270 706 4865 378 9799 138 8752 6523
leaf_count=62 270 706 4865 378 9799 138 8752 6523
internal_value=0 8.07663e-08 -2.79982e-07 7.25677e-07 8.52016e-07 -9.12187e-07 0 -6.85747e-08
internal_weight=0 26220 5273 10239 9861 5003 15981 7229
internal_count=31493 26220 5273 10239 9861 5003 15981 7229
is_linear=0
shrinkage=0.03


Tree=19
num_leaves=11
num_cat=0
split_feature=2 21 8 24 8 19 7 4 4 7
split_gain=1.76397e-06 1.74205e-06 2.11787e-06 1.94293e-06 1.25741e-06 1.20938e-06 9.6095e-07 8.54028e-07 8.404e-07 6.63959e-07
threshold=157.26542796134086 0.012970122860102963 4.7336477949728435e-05 0.021115765038642081 0.00022785073375116297 -0.0023013148637652 0.39899999999998675 -0.03987686031463266 0.27344348277244318 0.00099999999999056421
decision_type=2 2 2 2 2 2 2 2 2 2
left_child=1 2 -1 7 -3 -2 -6 -4 -9 -7
right_child=5 4 3 -5 6 9 -8 8 -10 -11
leaf_value=0 0 0 0 0 -7.6290605873128969e-07 0 0 6.3212926195474907e-07 0 -1.0627707316799549e-06
leaf_weight=2866 29 1467 3314 329 3430 43 67 16886 48 2898
leaf_count=2866 29 1467 3314 329 3430 43 67 16886 48 2898
internal_value=0 0 2.58608e-07 4.10881e-07 0 -7.31083e-07 -5.68844e-07 5.07864e-07 5.94803e-07 -9.53838e-07
internal_weight=0 28407 23443 20577 4964 2970 3497 20248 16934 2941
internal_count=31377 28407 23443 20577 4964 2970 3497 20248 16934 2941
is_linear=0
shrinkage=0.03


Tree=20
num_leaves=9
num_cat=0
split_feature=1 4 4 19 9 15 21 4
split_gain=1.38894e-06 4.79744e-06 6.35962e-06 4.17759e-06 1.82526e-06 2.23619e-06 1.45228e-06 9.26876e-07
threshold=146.87628294159168 -0.10016992834903073 0.10960302461290507 3.1584918142658481e-05 0.01299999999999102 -10.406136737114258 0.066871212061325166 -0.1348826524812852
decision_type=2 2 2 2 2 2 2 2
left_child=1 -1 -3 -2 -5 -6 7 -7
right_child=3 2 -4 4 5 6 -8 -9
leaf_value=0 0 1.8776163901550021e-06 0 0 0 0 0 -1.1781931552040342e-06
leaf_weight=527 14326 2984 323 5097 363 110 126 7439
leaf_count=527 14326 2984 323 5097 363 110 126 7439
internal_value=0 3.53677e-07 1.20438e-06 -1.67496e-07 -5.87274e-07 -8.76325e-07 -1.0327e-06 -1.12134e-06
internal_weight=0 3834 3307 27461 13135 8038 7675 7549
internal_count=31295 3834 3307 27461 13135 8038 7675 7549
is_linear=0
shrinkage=0.03


Tree=21
num_leaves=12
num_cat=0
split_feature=2 21 1 7 24 7 1 1 21 7 7
split_gain=3.54693e-07 2.18846e-06 7.85981e-06 8.62032e-06 7.47736e-06 1.07663e-06 2.71318e-06 2.24316e-06 6.94372e-07 3.59555e-07 3.40248e-07
threshold=157.26542796134086 0.0091106641311640337 147.36291571608322 0.01299999999999102 0.018792766866107511 0.033500000000003645 142.63513381453683 149.29320764955673 0.0082496984914631078 0.39899999999998675 0.0019999999999953393
decision_type=2 2 2 2 2 2 2 2 2 2 2
left_child=1 2 3 -1 8 -3 -7 9 -5 -8 -2
right_child=10 5 -4 4 -6 6 7 -9 -10 -11 -12
leaf_value=0 0 0 0 3.0043301726036232e-06 0 0 -1.7695678677455524e-06 0 0 0 -4.7125464616476088e-07
leaf_weight=536 127 2137 18378 2676 89 189 1837 2569 69 24 2816
leaf_count=536 127 2137 18378 2676 89 189 1837 2569 69 24 2816
internal_value=0 0 3.00939e-07 1.63807e-06 2.43475e-06 0 -4.58e-07 -8.77431e-07 2.92771e-06 -1.70796e-06 -3.29329e-07
internal_weight=0 28504 21748 3370 2834 6756 4619 4430 2745 1861 2943
internal_count=31447 28504 21748 3370 2834 6756 4619 4430 2745 1861 2943
is_linear=0
shrinkage=0.03


Tree=22
num_leaves=11
num_cat=0
split_feature=2 19 8 15 24 16 12 8 16 0
split_gain=1.87393e-06 7.50759e-07 7.27071e-07 8.10127e-07 1.30219e-07 1.2469e-06 2.05298e-06 1.65699e-06 7.28682e-07 6.33473e-08
threshold=157.26542796134086 -0.0023013148637652 6.8382849832215835e-06 14.151105741561354 0.019890257863387373 -0.056641151674526206 0.64912063712232548 4.0208278929766205e-05 -0.029865461195981876 13.157881752105341
decision_type=2 2 2 2 2 2 2 2 2 2
left_child=4 -2 -3 9 5 -1 7 -7 -9 -4
right_child=1 2 3 -5 -6 6 -8 8 -10 -11
leaf_value=0 0 0 0 0 0 0 0 0 6.0419376911486405e-07 -1.2187125593036444e-06
leaf_weight=4555 32 105 40 191 2820 1982 2627 2075 14338 2560
leaf_count=4555 32 105 40 191 2820 1982 2627 2075 14338 2560
internal_value=0 -7.5891e-07 -9.03106e-07 -1.03957e-06 0 6.7691e-08 2.42811e-07 4.09658e-07 5.28151e-07 -1.2002e-06
internal_weight=0 2928 2896 2791 28397 25577 21022 18395 16413 2600
internal_count=31325 2928 2896 2791 28397 25577 21022 18395 16413 2600
is_linear=0
shrinkage=0.03


Tree=23
num_leaves=11
num_cat=0
split_feature=1 24 7 17 7 4 16 24 9 7
split_gain=3.82509e-06 2.03543e-05 8.49507e-06 7.30737e-06 6.72547e-06 5.34984e-06 4.40142e-06 1.85327e-06 1.19423e-06 8.37705e-07
threshold=146.92349002971176 0.019890257863387373 0.010500000000007505 -0.0022813225000132818 0.030999999999991704 -0.11210133874392736 0.20182572549491343 -0.061375907222615385 0.25949999999998857 0.046500000000008875
decision_type=2 2 2 2 2 2 2 2 2 2
left_child=1 2 -1 -4 -2 -6 -5 -7 9 -9
right_child=4 -3 3 6 5 7 -8 8 -10 -11
leaf_value=0 0 0 0 3.7102897309211446e-06 0 0 0 0 0 -1.2677580258291024e-06
leaf_weight=400 12309 685 67 2767 898 46 76 4013 27 10088
leaf_count=400 12309 685 67 2767 898 46 76 4013 27 10088
internal_value=0 6.31446e-07 2.45258e-06 3.07716e-06 -2.599e-07 -7.24089e-07 3.46484e-06 -9.47212e-07 -1.00905e-06 -1.04707e-06
internal_weight=0 3995 3310 2910 27381 15072 2843 14174 14128 14101
internal_count=31376 3995 3310 2910 27381 15072 2843 14174 14128 14101
is_linear=0
shrinkage=0.03


Tree=24
num_leaves=18
num_cat=0
split_feature=24 1 4 8 4 15 15 15 8 4 4 24 1 8 1 8 24
split_gain=3.83522e-06 1.04744e-05 6.62297e-06 4.53112e-06 4.152e-06 3.9021e-06 3.49299e-06 2.62653e-06 2.21138e-06 3.89022e-06 5.92648e-06 1.93441e-06 1.5056e-06 1.94034e-07 1.90243e-07 4.56113e-09 1.06749e-07
threshold=0.019890257863387373 147.36291571608322 -0.10016992834903073 2.7226999503818534e-05 0.12637014859898268 -12.653926401818447 6.6325149191643513 14.510781981883904 0.00039707936714188292 -0.11210133874392736 0.061566646923474973 -0.052467154957068961 142.89169451319287 6.603253435157702e-06 159.61254919162982 5.2166887180972765e-05 -0.023301850884033162
decision_type=2 2 2 2 2 2 2 2 2 2 2 2 2 2 2 2 2
left_child=1 2 -1 -4 6 -2 -5 12 15 -10 11 -11 -7 -14 -15 -3 -17
right_child=5 8 3 4 -6 7 -8 -9 9 10 -12 -13 13 14 -16 16 -18
leaf_value=0 0 0 0 3.1708320754828268e-06 0 0 0 0 0 0 0 -1.5161983830012292e-06 0 -2.1014539855239178e-06 0 0 8.6495444247475079e-08
leaf_weight=531 214 3281 172 2621 150 160 719 191 561 51 797 5466 34 2495 45 650 13390
leaf_count=531 214 3281 172 2621 150 160 719 191 561 51 797 5466 34 2495 45 650 13390
internal_value=0 1.76446e-08 1.50007e-06 2.05038e-06 2.36212e-06 -1.04723e-06 2.63607e-06 -1.5419e-06 0 -5.38031e-07 -9.32569e-07 -1.40074e-06 -1.84609e-06 -2.03623e-06 -2.06651e-06 0 1.70989e-08
internal_weight=0 28389 4193 3662 3490 3139 3340 2925 24196 6875 6314 5517 2734 2574 2540 17321 14040
internal_count=31528 28389 4193 3662 3490 3139 3340 2925 24196 6875 6314 5517 2734 2574 2540 17321 14040
is_linear=0
shrinkage=0.03


Tree=25
num_leaves=4
num_cat=0
split_feature=24 21 24
split_gain=1.24926e-06 9.77877e-07 2.46303e-06
threshold=0.019890257863387373 0.013643809088325473 -0.011300094199198535
decision_type=2 2 2
left_child=1 2 -1
right_child=-2 -3 -4
leaf_value=0 -5.9393259430990618e-07 0 3.9632536359015201e-07
leaf_weight=5636 3046 2730 20032
leaf_count=5636 3046 2730 20032
internal_value=0 4.18469e-08 1.90327e-07
internal_weight=0 28398 25668
internal_count=31444 28398 25668
is_linear=0
shrinkage=0.03


Tree=26
num_leaves=12
num_cat=0
split_feature=19 1 1 21 15 15 15 3 4 21 12
split_gain=7.07798e-07 2.44483e-06 2.10883e-06 1.84043e-06 1.84027e-06 9.07584e-07 6.76137e-07 5.56442e-07 2.65056e-07 5.0045e-07 1.54699e-07
threshold=2.3293973331330707e-05 146.92349002971176 157.28366245665651 0.0029809821974998087 3.7704411875385273 -8.8110913466179017 -35.178511219442377 0.18624879589383173 -0.1348826524812852 0.066871212061325166 -0.50189097673295879
decision_type=2 2 2 2 2 2 2 2 2 2 2
left_child=2 -2 3 4 6 -3 -1 -8 -7 10 -10
right_child=1 5 -4 -5 -6 8 7 -9 9 -11 -12
leaf_value=0 0 0 0 0 0 0 8.2139109604052108e-07 0 0 0 -5.6188069279243968e-07
leaf_weight=283 1928 927 1415 1801 2189 163 10303 26 20 107 12197
leaf_count=283 1928 927 1415 1801 2189 163 10303 26 20 107 12197
internal_value=0 -1.88519e-08 1.9857e-07 4.16206e-07 5.71831e-07 -4.05508e-07 7.41961e-07 7.90254e-07 -4.91992e-07 -5.14406e-07 -5.51178e-07
internal_weight=0 15342 16017 14602 12801 13414 10612 10329 12487 12324 12217
internal_count=31359 15342 16017 14602 12801 13414 10612 10329 12487 12324 12217
is_linear=0
shrinkage=0.03


Tree=27
num_leaves=14
num_cat=0
split_feature=2 16 12 3 8 2 9 7 19 9 12 12 9
split_gain=1.9614e-06 4.7746e-06 1.33013e-05 5.28898e-06 2.45442e-06 1.98585e-06 6.14332e-07 7.43939e-07 2.4915e-07 2.0772e-07 8.72935e-08 8.35428e-08 6.71872e-09
threshold=157.26542796134086 0.025659190871124341 0.64912063712232548 0.15683813300871921 1.2814926929858337e-05 155.55679376037219 0.0019999999999953393 0.00099999999999056421 -0.0023013148637652 0.038499999999999097 0.82075342050668343 -0.79899992356945648 0.12400000000000945
decision_type=2 2 2 2 2 2 2 2 2 2 2 2 2
left_child=1 9 3 4 -3 -6 -2 -8 -9 -1 11 -10 -11
right_child=6 2 -4 -5 5 -7 7 8 10 12 -12 -13 -14
leaf_value=-1.1246546531771272e-07 0 0 0 0 2.1282305820954775e-06 0 0 0 0 3.9899733272490311e-08 0 -1.0487706165038427e-06 0
leaf_weight=14780 379 160 2293 352 5680 1010 36 29 21 3798 26 2420 338
leaf_count=14780 379 160 2293 352 5680 1010 36 29 21 3798 26 2420 338
internal_value=0 1.57363e-07 7.25706e-07 1.53507e-06 1.78112e-06 1.89168e-06 -6.03891e-07 -7.98501e-07 -9.56563e-07 0 -1.00829e-06 -1.0294e-06 0
internal_weight=0 28411 9495 7202 6850 6690 2911 2532 2496 18916 2467 2441 4136
internal_count=31322 28411 9495 7202 6850 6690 2911 2532 2496 18916 2467 2441 4136
is_linear=0
shrinkage=0.03


Tree=28
num_leaves=12
num_cat=0
split_feature=21 1 2 15 2 3 7 7 15 21 15
split_gain=3.22345e-06 7.43195e-06 5.34551e-06 4.76838e-06 4.43283e-06 4.34223e-06 3.74206e-06 3.2923e-06 4.07882e-06 4.09125e-06 2.55048e-06
threshold=0.013278494177322247 149.32071875820267 142.92288614344798 14.933917548139862 149.27685438730282 0.11601817923484249 0.018499999999988862 0.0040000000000048894 14.151105741561354 0.0082496984914631078 -17.016923248257402
decision_type=2 2 2 2 2 2 2 2 2 2 2
left_child=1 5 -2 4 6 7 -4 -1 9 -9 -8
right_child=2 -3 3 -5 -6 -7 10 8 -10 -11 -12
leaf_value=0 0 0 0 0 0 0 0 1.7589903110391525e-06 0 0 -3.9012440402259686e-06
leaf_weight=534 283 16538 262 528 2953 228 20 7116 826 801 1350
leaf_count=534 283 16538 262 528 2953 228 20 7116 826 801 1350
internal_value=0 2.06009e-07 -5.76879e-07 -1.1367e-06 -1.54169e-06 9.0552e-07 -3.02007e-06 1.1231e-06 1.2951e-06 1.52182e-06 -3.64999e-06
internal_weight=0 26043 5396 5113 4585 9505 1632 9277 8743 7917 1370
internal_count=31439 26043 5396 5113 4585 9505 1632 9277 8743 7917 1370
is_linear=0
shrinkage=0.03


Tree=29
num_leaves=9
num_cat=0
split_feature=2 4 4 2 2 2 2 2
split_gain=5.65164e-07 2.69887e-06 4.09006e-06 4.40301e-06 8.24135e-08 6.51351e-08 2.6001e-10 5.90575e-07
threshold=157.26542796134086 0.00034925342346194178 0.10960302461290507 146.87549983748696 150.85927057232769 157.22748201287658 149.65703374480958 155.7061751684968
decision_type=2 2 2 2 2 2 2 2
left_child=1 6 3 -3 -5 -6 -1 -8
right_child=-2 2 -4 4 5 -7 7 -9
leaf_value=0 -4.1402074464190533e-07 2.5006803949313422e-06 0 0 1.5950807556959764e-07 0 -2.9531512349558507e-07 0
leaf_weight=6357 2911 1612 1262 6504 5219 74 6097 1299
leaf_count=6357 2911 1612 1262 6504 5219 74 6097 1299
internal_value=0 1.83894e-08 4.07695e-07 6.75554e-07 0 1.18374e-07 0 -5.62482e-09
internal_weight=0 28424 14671 13409 11797 5293 13753 7396
internal_count=31335 28424 14671 13409 11797 5293 13753 7396
is_linear=0
shrinkage=0.03


Tree=30
num_leaves=10
num_cat=0
split_feature=16 16 1 1 4 7 16 7 3
split_gain=6.81362e-08 3.13522e-06 4.85845e-06 1.74321e-06 4.10996e-06 6.92177e-06 1.66137e-06 1.65598e-06 6.53525e-07
threshold=0.025659190871124341 0.21422943289007892 157.23048464037296 147.45759108472197 -0.1077452560449232 0.046500000000008875 -0.19312038522321015 0.0014999999999929516 0.010148299415959629
decision_type=2 2 2 2 2 2 2 2 2
left_child=3 2 7 -1 -5 -6 -7 -2 -8
right_child=1 -3 -4 4 5 6 8 -9 -10
leaf_value=0 0 0 0 0 0 0 -1.6234246545408626e-06 1.0071212744895289e-06 0
leaf_weight=3244 201 618 1291 1209 10352 23 5176 8562 699
leaf_count=3244 201 618 1291 1209 10352 23 5176 8562 699
internal_value=0 0 5.2976e-07 -5.4424e-08 -3.05568e-07 -5.72663e-07 -1.39988e-06 9.06067e-07 -1.49059e-06
internal_weight=0 10672 10054 20703 17459 16250 5898 8763 5875
internal_count=31375 10672 10054 20703 17459 16250 5898 8763 5875
is_linear=0
shrinkage=0.03


Tree=31
num_leaves=9
num_cat=0
split_feature=5 1 25 12 15 5 1 1
split_gain=1.48897e-06 6.1531e-06 6.08323e-06 4.13634e-06 5.34984e-06 5.49739e-06 1.18177e-07 3.45667e-07
threshold=0.12049999999999274 145.00486446509709 1.0000000180025095e-35 -0.83758123278929386 -14.79109655038919 0.90850000000000375 157.23048464037296 143.79794429616831
decision_type=2 2 2 2 2 2 2 2
left_child=6 -2 -3 -4 -5 -6 7 -1
right_child=1 2 3 4 5 -7 -8 -9
leaf_value=0 0 0 0 0 -1.9565905815913896e-06 0 0 1.5119646040508861e-07
leaf_weight=420 1245 1254 471 672 6749 40 2482 18261
leaf_count=420 1245 1254 471 672 6749 40 2482 18261
internal_value=0 -3.58423e-07 -8.6528e-07 -1.24791e-06 -1.46783e-06 -1.75412e-06 0 7.54544e-08
internal_weight=0 10431 9186 7932 7461 6789 21163 18681
internal_count=31594 10431 9186 7932 7461 6789 21163 18681
is_linear=0
shrinkage=0.03


Tree=32
num_leaves=12
num_cat=0
split_feature=2 6 6 10 15 12 3 5 21 0 9
split_gain=2.18322e-06 2.20531e-06 5.70256e-06 4.64898e-06 2.94128e-06 2.3859e-06 1.5693e-06 4.75032e-06 5.07889e-06 2.97901e-06 1.12283e-06
threshold=144.80409874510858 0.0008374110074765897 0.004601223213581653 0.0090000000000003428 -14.47969949713764 -0.79899992356945648 0.13988119244636724 0.088500000000010473 0.057155185151547432 82.898482530689193 0.0069999999999907922
decision_type=2 2 2 2 2 2 2 2 2 2 2
left_child=6 -2 3 -3 -5 -6 7 -1 9 10 -9
right_child=1 2 -4 4 5 -7 -8 8 -10 -11 -12
leaf_value=0 0 0 0 0 0 -1.7736178516975504e-06 0 0 0 0 3.5131373804287502e-06
leaf_weight=301 21184 1519 99 654 372 5741 149 204 47 30 1130
leaf_count=301 21184 1519 99 654 372 5741 149 204 47 30 1130
internal_value=0 -2.5778e-07 -6.86312e-07 -1.04691e-06 -1.40011e-06 -1.6134e-06 0 9.08206e-07 2.00751e-06 2.74215e-06 3.11413e-06
internal_weight=0 29569 8385 8286 6767 6113 1861 1712 1411 1364 1334
internal_count=31430 29569 8385 8286 6767 6113 1861 1712 1411 1364 1334
is_linear=0
shrinkage=0.03


end of trees

feature_importances:
ema_slow=47
macd_signal=37
ema_fast=35
macd_strength=27
body=26
rsi_divergence=25
price_ema_fast_dist=23
macd_hist=23
body_pct=14
ema_cross=14
macd=8
rsi_normalized=8
range_pct=6
upper_shadow=6
ema_cross_pct=4
rsi=3
range=3
lower_shadow=1
is_bullish=1
signal_convergence=1

parameters:
[boosting: gbdt]
[objective: regression]
[metric: rmse]
[tree_learner: serial]
[device_type: cpu]
[data: ]
[valid: ]
[num_iterations: 500]
[learning_rate: 0.03]
[num_leaves: 50]
[num_threads: 8]
[deterministic: 0]
[force_col_wise: 0]
[force_row_wise: 0]
[histogram_pool_size: -1]
[max_depth: 6]
[min_data_in_leaf: 20]
[min_sum_hessian_in_leaf: 0.001]
[bagging_fraction: 0.8]
[pos_bagging_fraction: 1]
[neg_bagging_fraction: 1]
[bagging_freq: 1]
[bagging_seed: 9057]
[feature_fraction: 0.8]
[feature_fraction_bynode: 1]
[feature_fraction_seed: 15199]
[extra_trees: 0]
[extra_seed: 31159]
[early_stopping_round: 0]
[first_metric_only: 0]
[max_delta_step: 0]
[lambda_l1: 0.3]
[lambda_l2: 0.3]
[linear_lambda: 0]
[min_gain_to_split: 0]
[drop_rate: 0.1]
[max_drop: 50]
[skip_drop: 0.5]
[xgboost_dart_mode: 0]
[uniform_drop: 0]
[drop_seed: 20727]
[top_rate: 0.2]
[other_rate: 0.1]
[min_data_per_group: 100]
[max_cat_threshold: 32]
[cat_l2: 10]
[cat_smooth: 10]
[max_cat_to_onehot: 4]
[top_k: 20]
[monotone_constraints: ]
[monotone_constraints_method: basic]
[monotone_penalty: 0]
[feature_contri: ]
[forcedsplits_filename: ]
[refit_decay_rate: 0.9]
[cegb_tradeoff: 1]
[cegb_penalty_split: 0]
[cegb_penalty_feature_lazy: ]
[cegb_penalty_feature_coupled: ]
[path_smooth: 0]
[interaction_constraints: ]
[verbosity: 1]
[saved_feature_importance_type: 0]
[linear_tree: 0]
[max_bin: 255]
[max_bin_by_feature: ]
[min_data_in_bin: 3]
[bin_construct_sample_cnt: 200000]
[data_random_seed: 218]
[is_enable_sparse: 1]
[enable_bundle: 1]
[use_missing: 1]
[zero_as_missing: 0]
[feature_pre_filter: 1]
[pre_partition: 0]
[two_round: 0]
[header: 0]
[label_column: ]
[weight_column: ]
[group_column: ]
[ignore_column: ]
[categorical_feature: ]
[forcedbins_filename: ]
[precise_float_parser: 0]
[parser_config_file: ]
[objective_seed: 19100]
[num_class: 1]
[is_unbalance: 0]
[scale_pos_weight: 1]
[sigmoid: 1]
[boost_from_average: 1]
[reg_sqrt: 0]
[alpha: 0.9]
[fair_c: 1]
[poisson_max_delta_step: 0.7]
[tweedie_variance_power: 1.5]
[lambdarank_truncation_level: 30]
[lambdarank_norm: 1]
[label_gain: ]
[lambdarank_position_bias_regularization: 0]
[eval_at: ]
[multi_error_top_k: 1]
[auc_mu_weights: ]
[num_machines: 1]
[local_listen_port: 12400]
[time_out: 120]
[machine_list_filename: ]
[machines: ]
[gpu_platform_id: -1]
[gpu_device_id: -1]
[gpu_use_dp: 0]
[num_gpu: 1]

end of parameters

pandas_categorical:[]
