tree
version=v4
num_class=1
num_tree_per_iteration=1
label_index=0
max_feature_idx=25
objective=regression
feature_names=rsi ema_fast ema_slow macd macd_signal range range_pct body body_pct upper_shadow lower_shadow is_bullish rsi_normalized rsi_overbought rsi_oversold rsi_divergence ema_cross ema_cross_pct ema_cross_signal price_ema_fast_dist price_ema_slow_dist macd_hist macd_hist_change macd_cross_signal macd_strength signal_convergence
feature_infos=[0:99.999992774566991] [139.84172317124145:161.9044463934776] [139.985622134078:161.8633237416141] [-0.81371595198632463:0.5970017482619312] [-0.71071676355148927:0.57046413909616056] [0:3.0139999999999816] [0:0.019088400286395583] [0:2.7609999999999957] [0:0.017392783349291913] [0:1.1620000000000061] [0:1.3590000000000089] [0:1] [-1:0.99999985549133985] [0:1] [0:1] [-89.854942239242206:87.39492126263913] [-1.0350786189282246:0.79769146520030176] [-0.006549151847441992:0.0054000600139474395] [0:1] [-0.014331159141718369:0.0093718883724765341] [-0.017546516855659215:0.012454695205154643] [-0.39438439545005155:0.22667986490852632] [-0.22179621176243974:0.13953656655988411] [0:1] [-0.33719861601597845:0.18761226476060436] [0:3]
tree_sizes=1100 789 954 959 986 697 870 952 870 967 948 961 866 953 969 1039 793 1047 781 870 952 869 868 787 945 1040 804 950 1055 801 1032 955 780 635 794 947 632 639 796 789 701 864 786 799 795 642 877 947 955 948 637 789 701 562 792 943 640 779

Tree=0
num_leaves=10
num_cat=0
split_feature=2 24 1 16 19 1 2 7 7
split_gain=7.087e-06 4.46802e-06 1.75172e-05 9.58188e-06 2.2787e-06 2.20166e-06 4.37815e-06 8.47637e-07 2.17862e-07
threshold=157.26542796134086 0.018792766866107511 147.36291571608322 0.20182572549491343 -0.0023013148637652 151.50034149597434 142.92288614344798 0.00099999999999056421 0.046500000000008875
decision_type=2 2 2 2 2 2 2 2 2
left_child=1 2 3 -1 -2 6 -3 -6 -4
right_child=4 5 8 -5 7 -7 -8 -9 -10
leaf_value=7.2882908803734366e-06 4.7848720581320742e-06 4.7848720581320742e-06 4.898060009987913e-06 4.7848720581320742e-06 4.7848720581320742e-06 4.7848720581320742e-06 2.9087965515345319e-06 3.1257788821844228e-06 4.7545760105388631e-06
leaf_weight=4574 34 219 14640 105 45 1542 1682 3245 9270
leaf_count=4574 34 219 14640 105 45 1542 1682 3245 9270
internal_value=4.78487e-06 4.8747e-06 5.17178e-06 6.85456e-06 3.4281e-06 4.78487e-06 3.76406e-06 3.20908e-06 4.78487e-06
internal_weight=0 32032 28589 4679 3324 3443 1901 3290 23910
internal_count=35356 32032 28589 4679 3324 3443 1901 3290 23910
is_linear=0
shrinkage=1


Tree=1
num_leaves=8
num_cat=0
split_feature=2 24 4 4 4 4 2
split_gain=7.39888e-06 2.36261e-05 5.77704e-06 6.47315e-06 4.42015e-06 5.92203e-06 2.79118e-06
threshold=147.51248935389609 0.019890257863387373 -0.10016992834903073 0.12637014859898268 -0.1077452560449232 0.016049236025846608 149.65703374480958
decision_type=2 2 2 2 2 2 2
left_child=1 2 -1 -4 -2 6 -6
right_child=4 -3 3 -5 5 -7 -8
leaf_value=0 0 0 2.9467455850666553e-06 0 0 0 -1.0472122770665633e-06
leaf_weight=586 1392 926 4308 172 5459 10339 12178
leaf_count=586 1392 926 4308 172 5459 10339 12178
internal_value=0 9.24647e-07 2.28213e-06 2.65513e-06 -2.28662e-07 -4.43941e-07 -7.84092e-07
internal_weight=0 5992 5066 4480 29368 27976 17637
internal_count=35360 5992 5066 4480 29368 27976 17637
is_linear=0
shrinkage=0.03


Tree=2
num_leaves=10
num_cat=0
split_feature=1 24 7 4 2 19 7 4 4
split_gain=6.96399e-06 3.20026e-05 1.06856e-05 1.14212e-05 3.15191e-06 1.19434e-06 1.11093e-06 4.75706e-08 4.09823e-06
threshold=147.36291571608322 0.016764862581509887 0.0040000000000048894 0.12637014859898268 157.26542796134086 -0.0023013148637652 0.00099999999999056421 -0.0012557492976406981 -0.1077452560449232
decision_type=2 2 2 2 2 2 2 2 2
left_child=1 2 -1 -4 7 -6 -7 8 -2
right_child=4 -3 3 -5 5 6 -8 -9 -10
leaf_value=0 0 0 3.6196024436555397e-06 0 0 0 -1.3461370078029129e-06 0 -5.8538459321724707e-07
leaf_weight=225 1269 1050 4113 153 34 47 3302 14366 10888
leaf_count=225 1269 1050 4113 153 34 47 3302 14366 10888
internal_value=0 9.68197e-07 2.75121e-06 3.19725e-06 -1.89412e-07 -1.07495e-06 -1.2199e-06 0 -5.93429e-08
internal_weight=0 5541 4491 4266 29906 3383 3349 26523 12157
internal_count=35447 5541 4491 4266 29906 3383 3349 26523 12157
is_linear=0
shrinkage=0.03


Tree=3
num_leaves=10
num_cat=0
split_feature=2 21 1 4 19 2 2 7 24
split_gain=3.92126e-06 4.60213e-06 4.96003e-06 7.0801e-06 2.09242e-06 1.30354e-06 5.96556e-06 1.13913e-06 2.11352e-07
threshold=157.26542796134086 0.013643809088325473 147.36291571608322 -0.10016992834903073 -0.0023013148637652 142.92288614344798 149.27685438730282 0.0019999999999953393 -0.012081846174631648
decision_type=2 2 2 2 2 2 2 2 2
left_child=1 2 3 -1 -2 -3 -7 -6 -4
right_child=4 5 8 -5 7 6 -8 -9 -10
leaf_value=0 0 0 0 2.0228896088345563e-06 0 -1.8328320132438227e-06 0 -1.4043430854393631e-06 1.015497147613881e-07
leaf_weight=463 30 321 4024 3702 145 1947 3141 3176 18445
leaf_count=463 30 321 4024 3702 145 1947 3141 3176 18445
internal_value=0 7.34567e-08 4.02493e-07 1.45173e-06 -1.00071e-06 0 -4.80162e-07 -1.25595e-06 0
internal_weight=0 32043 26634 4165 3351 5409 5088 3321 22469
internal_count=35394 32043 26634 4165 3351 5409 5088 3321 22469
is_linear=0
shrinkage=0.03


Tree=4
num_leaves=10
num_cat=0
split_feature=2 24 1 8 8 8 19 2 2
split_gain=3.15225e-06 5.48711e-06 2.09138e-05 1.33668e-05 7.25804e-07 6.18056e-07 5.64609e-07 1.22157e-07 2.75032e-06
threshold=157.26542796134086 0.019890257863387373 147.36291571608322 8.7978724634589912e-05 0.00030634551449403361 6.8382849832215835e-06 -0.0023013148637652 149.30277893168838 142.92288614344798
decision_type=2 2 2 2 2 2 2 2 2
left_child=1 2 3 -1 -4 -2 -7 8 -3
right_child=5 7 4 -5 -6 6 -8 -9 -10
leaf_value=0 0 0 1.9778861140402674e-07 3.0249739252448912e-06 -8.9727407554556111e-08 0 -9.9198175779363894e-07 0 -1.5306051260337085e-06
leaf_weight=721 125 220 14767 3995 9379 31 3182 1892 1103
leaf_count=721 125 220 14767 3995 9379 31 3182 1892 1103
internal_value=0 1.54909e-07 4.44714e-07 2.28057e-06 0 -7.86906e-07 -9.03552e-07 0 -2.88217e-07
internal_weight=0 32077 28862 4716 24146 3338 3213 3215 1323
internal_count=35415 32077 28862 4716 24146 3338 3213 3215 1323
is_linear=0
shrinkage=0.03


Tree=5
num_leaves=7
num_cat=0
split_feature=21 1 24 2 12 2
split_gain=2.69946e-06 9.97446e-06 6.41204e-06 4.6553e-06 6.65781e-07 4.3505e-07
threshold=0.013643809088325473 147.36291571608322 0.021115765038642081 142.92288614344798 0.99999735088070207 161.47316191788482
decision_type=2 2 2 2 2 2
left_child=1 2 4 -2 -1 -5
right_child=3 -3 -4 5 -6 -7
leaf_value=1.991135681407591e-06 0 0 0 -1.087873002583245e-06 0 0
leaf_weight=3979 315 25210 118 5560 72 30
leaf_count=3979 315 25210 118 5560 72 30
internal_value=0 1.21002e-07 1.50206e-06 -5.81858e-07 1.93553e-06 -1.05218e-06
internal_weight=0 29379 4169 5905 4051 5590
internal_count=35284 29379 4169 5905 4051 5590
is_linear=0
shrinkage=0.03


Tree=6
num_leaves=9
num_cat=0
split_feature=1 21 1 7 7 1 2 1
split_gain=6.64141e-06 4.82334e-06 9.35524e-06 5.01644e-06 1.04518e-06 7.80863e-07 5.82895e-06 1.87576e-07
threshold=157.23048464037296 0.0091106641311640337 149.34332343763981 0.0079999999999955679 0.00099999999999056421 150.77563386802913 142.92288614344798 157.28366245665651
decision_type=2 2 2 2 2 2 2 2
left_child=1 2 3 -1 -2 6 -3 -6
right_child=4 5 -4 -5 7 -7 -8 -9
leaf_value=0 0 0 0 1.4266426144313988e-06 0 0 -1.229463703831327e-06 -1.4015979597341113e-06
leaf_weight=1129 58 372 14235 8830 142 3248 3935 3252
leaf_count=1129 58 372 14235 8830 142 3248 3935 3252
internal_value=0 1.48196e-07 4.56334e-07 1.16244e-06 -1.23666e-06 0 -4.03921e-07 -1.35372e-06
internal_weight=0 31749 24194 9959 3452 7555 4307 3394
internal_count=35201 31749 24194 9959 3452 7555 4307 3394
is_linear=0
shrinkage=0.03


Tree=7
num_leaves=10
num_cat=0
split_feature=1 17 4 7 19 16 7 19 1
split_gain=2.22043e-06 1.42348e-05 2.03178e-05 1.55686e-05 4.15456e-06 1.13372e-06 1.07196e-06 2.86437e-06 8.96844e-07
threshold=146.92349002971176 0.0011879602929002254 -0.1504694601697612 0.012499999999988633 3.1584918142658481e-05 0.17076885223221441 0.077000000000012406 -0.00071142594531113971 155.15827598669759
decision_type=2 2 2 2 2 2 2 2 2
left_child=1 2 -1 -4 6 8 7 -2 -6
right_child=4 -3 3 -5 5 -7 -8 -9 -10
leaf_value=0 0 0 0 3.7485261845726221e-06 -7.3764453136856649e-07 0 0 5.4785013662038921e-07 0
leaf_weight=250 836 313 553 3352 10230 836 3548 11803 3712
leaf_count=250 836 313 553 3352 10230 836 3548 11803 3712
internal_value=0 6.68743e-07 1.88783e-06 2.91104e-06 0 -5.03001e-07 0 2.76278e-07 -5.84263e-07
internal_weight=0 4468 4155 3905 30965 14778 16187 12639 13942
internal_count=35433 4468 4155 3905 30965 14778 16187 12639 13942
is_linear=0
shrinkage=0.03


Tree=8
num_leaves=9
num_cat=0
split_feature=2 24 2 3 19 8 8 0
split_gain=2.64189e-06 4.01935e-06 1.43254e-05 1.12566e-05 6.49719e-07 5.21373e-07 5.19763e-07 1.48681e-07
threshold=157.26542796134086 0.021115765038642081 146.7755330999405 0.13224573069871329 -0.0023013148637652 1.0000000180025095e-35 0.00030998945134043274 91.497539472941853
decision_type=2 2 2 2 2 2 2 2
left_child=1 2 3 -1 -2 -6 -4 -7
right_child=4 -3 6 -5 5 7 -8 -9
leaf_value=2.9374353676734887e-06 0 0 1.7233082108580261e-07 0 0 -9.1747638102739345e-07 0 0
leaf_weight=3187 32 2920 15751 134 32 3211 10092 36
leaf_count=3187 32 2920 15751 134 32 3211 10092 36
internal_value=0 1.63927e-07 3.91915e-07 2.28699e-06 -6.76502e-07 -8.00265e-07 0 -8.89509e-07
internal_weight=0 32084 29164 3321 3311 3279 25843 3247
internal_count=35395 32084 29164 3321 3311 3279 25843 3247
is_linear=0
shrinkage=0.03


Tree=9
num_leaves=10
num_cat=0
split_feature=21 2 8 1 24 8 15 17 17
split_gain=3.19965e-06 9.09257e-06 6.77463e-06 5.51499e-06 3.65427e-06 3.76467e-06 3.46313e-06 1.29395e-07 2.13435e-06
threshold=0.013278494177322247 142.92288614344798 0.00015510990247624611 149.32071875820267 0.021115765038642081 6.0871477008927252e-05 14.933917548139862 -0.0011110888125698678 -0.00022209160974683061
decision_type=2 2 2 2 2 2 2 2 2
left_child=3 -2 -3 4 5 -1 -4 -5 -9
right_child=1 2 6 7 -6 -7 -8 8 -10
leaf_value=0 0 0 -2.2704485857524709e-06 0 0 1.1226217425352941e-06 0 -7.6807762526455734e-07 0
leaf_weight=1352 311 1298 3933 752 173 9236 511 3453 14340
leaf_count=1352 311 1298 3933 752 173 9236 511 3453 14340
internal_value=0 -6.8971e-07 -1.38799e-06 1.10759e-09 6.79139e-07 8.8282e-07 -1.96494e-06 0 -8.09002e-08
internal_weight=0 6053 5742 29306 10761 10588 4444 18545 17793
internal_count=35359 6053 5742 29306 10761 10588 4444 18545 17793
is_linear=0
shrinkage=0.03


Tree=10
num_leaves=10
num_cat=0
split_feature=2 21 1 24 19 7 15 2 2
split_gain=4.26394e-06 1.88324e-06 3.90715e-06 2.78961e-06 1.0305e-06 1.01348e-06 8.07505e-07 7.27966e-09 3.75752e-06
threshold=157.26542796134086 0.013278494177322247 149.32071875820267 0.021115765038642081 -0.0023013148637652 0.00099999999999056421 14.151105741561354 142.92288614344798 149.27685438730282
decision_type=2 2 2 2 2 2 2 2 2
left_child=1 2 3 -1 -2 -6 -7 -3 -9
right_child=4 7 -4 -5 5 6 -8 8 -10
leaf_value=8.5422765399972128e-07 0 0 0 0 0 -1.4610058861607529e-06 0 -1.3024132362620429e-06 0
leaf_weight=10610 32 309 15657 165 51 2990 233 1997 3195
leaf_count=10610 32 309 15657 165 51 2990 233 1997 3195
internal_value=0 2.53615e-08 2.54754e-07 6.96804e-07 -1.07443e-06 -1.20371e-06 -1.32469e-06 0 -3.55213e-08
internal_weight=0 31933 26432 10775 3306 3274 3223 5501 5192
internal_count=35239 31933 26432 10775 3306 3274 3223 5501 5192
is_linear=0
shrinkage=0.03


Tree=11
num_leaves=10
num_cat=0
split_feature=1 24 4 16 19 21 16 2 21
split_gain=3.29887e-06 1.39609e-05 6.99383e-06 9.69735e-06 6.51169e-06 8.35969e-07 4.70582e-07 1.49345e-07 1.25284e-06
threshold=146.92349002971176 0.019890257863387373 -0.02293157983769532 0.20182572549491343 2.3293973331330707e-05 0.066871212061325166 -0.15988927332929845 154.88131113422824 -0.01384611855905602
decision_type=2 2 2 2 2 2 2 2 2
left_child=1 2 -1 -4 7 6 -6 8 -2
right_child=4 -3 3 -5 5 -7 -8 -9 -10
leaf_value=0 0 0 3.6587219117574776e-06 0 0 0 -7.2363470627483006e-07 0 3.7618549373986834e-07
leaf_weight=1363 2899 768 2229 88 152 156 14795 3879 8917
leaf_count=1363 2899 768 2229 88 152 156 14795 3879 8917
internal_value=0 7.12416e-07 2.00682e-06 3.01861e-06 -1.51961e-07 -6.59631e-07 -6.99992e-07 0 1.06653e-07
internal_weight=0 4448 3680 2317 30798 15103 14947 15695 11816
internal_count=35246 4448 3680 2317 30798 15103 14947 15695 11816
is_linear=0
shrinkage=0.03


Tree=12
num_leaves=9
num_cat=0
split_feature=24 1 2 2 2 19 24 24
split_gain=3.06004e-06 2.43671e-05 3.58808e-06 2.39197e-06 1.12793e-06 5.15314e-07 8.60349e-08 3.28408e-08
threshold=0.019890257863387373 146.92349002971176 146.95088568512338 142.92288614344798 159.1136154483477 0.0014463497468009975 -0.0098132931295831574 -0.052467154957068961
decision_type=2 2 2 2 2 2 2 2
left_child=1 2 5 -2 -5 -1 7 -3
right_child=3 6 -4 4 -6 -7 -8 -9
leaf_value=2.6982276110595826e-06 0 0 0 -1.32949714071118e-06 0 0 0 -1.3674548194057354e-07
leaf_weight=3568 214 301 50 3148 75 79 22050 5721
leaf_count=3568 214 301 50 3148 75 79 22050 5721
internal_value=0 1.05973e-07 2.45512e-06 -8.35095e-07 -1.18807e-06 2.64492e-06 0 -1.13389e-07
internal_weight=0 31769 3697 3437 3223 3647 28072 6022
internal_count=35206 31769 3697 3437 3223 3647 28072 6022
is_linear=0
shrinkage=0.03


Tree=13
num_leaves=10
num_cat=0
split_feature=2 19 4 7 19 7 1 1 0
split_gain=5.29116e-06 4.97263e-06 3.1117e-06 3.50604e-06 3.08354e-06 1.32696e-06 1.26111e-06 5.7951e-06 1.82697e-07
threshold=157.26542796134086 3.1584918142658481e-05 -0.17096645649361544 0.0079999999999955679 -0.0023013148637652 0.0019999999999953393 154.87051138381142 146.92349002971176 91.497539472941853
decision_type=2 2 2 2 2 2 2 2 2
left_child=1 2 -1 -4 -2 -6 7 -3 -7
right_child=4 6 3 -5 5 8 -8 -9 -10
leaf_value=0 0 0 0 8.6014201766718242e-07 0 -1.6843668020878424e-06 0 -7.7320279107450748e-07 0
leaf_weight=527 30 2168 2182 14103 131 3134 2459 10622 30
leaf_count=527 30 2168 2182 14103 131 3134 2459 10622 30
internal_value=0 9.7669e-09 5.16115e-07 6.6855e-07 -1.19627e-06 -1.51202e-06 0 -2.97888e-07 -1.66079e-06
internal_weight=0 32061 16812 16285 3325 3295 15249 12790 3164
internal_count=35386 32061 16812 16285 3325 3295 15249 12790 3164
is_linear=0
shrinkage=0.03


Tree=14
num_leaves=10
num_cat=0
split_feature=2 19 15 7 7 15 16 1 16
split_gain=3.25778e-06 1.89866e-06 1.6903e-06 3.36277e-06 8.05393e-07 3.41989e-07 4.99927e-08 1.34289e-06 3.32761e-08
threshold=157.26542796134086 2.3293973331330707e-05 1.7904768583218316 0.0079999999999955679 0.00099999999999056421 14.151105741561354 0.026215006172208181 147.40962592188743 0.21422943289007892
decision_type=2 2 2 2 2 2 2 2 2
left_child=1 2 3 -1 -2 -6 7 -3 -8
right_child=4 6 -4 -5 5 -7 8 -9 -10
leaf_value=0 0 0 0 7.5449734105245445e-07 -1.1309966868054007e-06 0 6.3537402639049285e-08 -4.430100154353699e-07 0
leaf_weight=1561 48 1243 3782 11100 3050 236 7418 6387 579
leaf_count=1561 48 1243 3782 11100 3050 236 7418 6387 579
internal_value=0 4.41777e-08 3.28216e-07 5.09953e-07 -9.27644e-07 -1.04578e-06 0 -7.67888e-08 0
internal_weight=0 32070 16443 12661 3334 3286 15627 7630 7997
internal_count=35404 32070 16443 12661 3334 3286 15627 7630 7997
is_linear=0
shrinkage=0.03


Tree=15
num_leaves=11
num_cat=0
split_feature=2 4 4 19 7 21 2 7 15 1
split_gain=3.1279e-06 2.33339e-06 3.87209e-06 2.03316e-06 1.44574e-06 1.01663e-06 2.37719e-06 8.62365e-07 2.92626e-07 1.59358e-07
threshold=157.26542796134086 0.0014284547803628061 0.10960302461290507 -0.0023013148637652 0.0035000000000025015 0.0029809821974998087 155.59692028297857 0.00099999999999056421 14.151105741561354 149.54376869000919
decision_type=2 2 2 2 2 2 2 2 2 2
left_child=1 5 4 -2 -3 9 -7 -5 -9 -1
right_child=3 2 -4 7 -6 6 -8 8 -10 -11
leaf_value=1.7911418572304655e-07 0 0 0 0 7.0705898771909853e-07 -7.5861432952436953e-07 0 -1.3753790584110579e-06 0 0
leaf_weight=4470 35 922 1428 47 13783 5307 706 3002 230 5353
leaf_count=4470 35 922 1428 47 13783 5307 706 3002 230 5353
internal_value=0 1.21509e-08 3.61192e-07 -9.20819e-07 6.16527e-07 0 -3.90067e-07 -1.18951e-06 -1.29445e-06 0
internal_weight=0 31969 16133 3314 14705 15836 6013 3279 3232 9823
internal_count=35283 31969 16133 3314 14705 15836 6013 3279 3232 9823
is_linear=0
shrinkage=0.03


Tree=16
num_leaves=8
num_cat=0
split_feature=19 1 2 4 15 4 21
split_gain=1.185e-06 3.37213e-06 2.7424e-06 3.3551e-06 2.04071e-06 1.27923e-06 5.20175e-07
threshold=2.3293973331330707e-05 146.92349002971176 154.88131113422824 -0.17096645649361544 -2.058224175608284 0.12637014859898268 -0.032824335880164902
decision_type=2 2 2 2 2 2 2
left_child=2 -2 3 -1 -3 -5 -6
right_child=1 4 -4 5 6 -7 -8
leaf_value=0 0 0 0 7.3687587765481273e-07 0 0 -6.9745108588040986e-07
leaf_weight=415 2192 3396 3882 13539 31 157 11704
leaf_count=415 2192 3396 3882 13539 31 157 11704
internal_value=0 -1.4291e-07 1.99019e-07 4.74772e-07 -4.73235e-07 6.72832e-07 -6.67279e-07
internal_weight=0 17323 17993 14111 15131 13696 11735
internal_count=35316 17323 17993 14111 15131 13696 11735
is_linear=0
shrinkage=0.03


Tree=17
num_leaves=11
num_cat=0
split_feature=24 2 7 4 7 2 24 19 24 1
split_gain=2.97651e-06 1.65628e-05 1.05788e-05 9.0726e-06 2.33433e-06 2.30983e-06 2.14493e-06 1.04343e-06 9.29604e-07 4.40958e-07
threshold=0.019890257863387373 146.7755330999405 0.010500000000007505 0.12637014859898268 0.059000000000011717 142.92288614344798 -0.052467154957068961 -2.9779028694615559e-05 -0.016035688781938513 159.61254919162982
decision_type=2 2 2 2 2 2 2 2 2 2
left_child=1 2 -1 -4 8 -2 -6 -7 -3 -9
right_child=5 4 3 -5 6 7 -8 9 -10 -11
leaf_value=0 0 0 3.4751611956192113e-06 0 0 0 -7.0272653770084234e-07 -1.4746870945456991e-06 2.1577971782337942e-07 0
leaf_weight=402 223 1721 2731 134 230 533 8122 2620 18403 55
leaf_count=402 223 1721 2731 134 230 533 8122 2620 18403 55
internal_value=0 1.11529e-07 2.164e-06 2.94321e-06 0 -8.15844e-07 -4.99105e-07 -1.1661e-06 3.17134e-08 -1.40772e-06
internal_weight=0 31743 3267 2865 28476 3431 8352 3208 20124 2675
internal_count=35174 31743 3267 2865 28476 3431 8352 3208 20124 2675
is_linear=0
shrinkage=0.03


Tree=18
num_leaves=8
num_cat=0
split_feature=21 2 2 15 24 15 4
split_gain=1.8209e-06 6.28469e-06 6.27628e-06 3.38573e-06 2.98344e-06 2.12715e-06 1.50941e-06
threshold=0.013643809088325473 142.92288614344798 149.74115071230139 14.933917548139862 0.021115765038642081 -17.016923248257402 0.27344348277244318
decision_type=2 2 2 2 2 2 2
left_child=2 -2 4 5 6 -3 -1
right_child=1 3 -4 -5 -6 -7 -8
leaf_value=9.3168501078612032e-07 0 0 0 0 0 -1.5404452367302365e-06 0
leaf_weight=11678 307 71 17478 583 177 4977 42
leaf_count=11678 307 71 17478 583 177 4977 42
internal_value=0 -4.48332e-07 1.23102e-07 -1.10288e-06 7.15676e-07 -1.40014e-06 8.6546e-07
internal_weight=0 5938 29375 5631 11897 5048 11720
internal_count=35313 5938 29375 5631 11897 5048 11720
is_linear=0
shrinkage=0.03


Tree=19
num_leaves=9
num_cat=0
split_feature=2 21 7 24 19 7 1 1
split_gain=4.34281e-06 3.84154e-06 3.3946e-06 2.09911e-06 1.30109e-06 1.11648e-06 5.5514e-07 6.02619e-06
threshold=157.26542796134086 0.013278494177322247 0.0074999999999931797 0.021115765038642081 -0.0023013148637652 0.00099999999999056421 142.89169451319287 149.26739497426658
decision_type=2 2 2 2 2 2 2 2
left_child=1 2 -1 -4 -2 -6 -3 -8
right_child=4 6 3 -5 5 -7 7 -9
leaf_value=0 0 0 6.1125091637837418e-07 0 0 -1.35150835131672e-06 -1.7181394483094178e-06 0
leaf_weight=3347 32 309 22792 375 50 3268 2006 3180
leaf_count=3347 32 309 22792 375 50 3268 2006 3180
internal_value=0 5.97261e-08 3.67018e-07 5.34822e-07 -1.06418e-06 -1.22322e-06 0 -3.10374e-07
internal_weight=0 32009 26514 23167 3350 3318 5495 5186
internal_count=35359 32009 26514 23167 3350 3318 5495 5186
is_linear=0
shrinkage=0.03


Tree=20
num_leaves=10
num_cat=0
split_feature=24 1 7 3 10 2 15 17 5
split_gain=2.25668e-06 1.0028e-05 5.292e-06 6.44904e-06 3.70151e-06 4.90547e-06 3.78716e-06 2.53096e-06 4.67499e-06
threshold=0.019890257863387373 147.36291571608322 0.012499999999988633 0.13224573069871329 0.015500000000002958 142.92288614344798 -10.877942571763695 0.00017705521856313541 0.084999999999993761
decision_type=2 2 2 2 2 2 2 2 2
left_child=1 2 -1 -4 -2 -6 -7 8 -3
right_child=4 7 3 -5 5 6 -8 -9 -10
leaf_value=0 0 0 2.2458463458984106e-06 0 0 0 -2.5744253626069357e-06 0 -8.670540713138315e-07
leaf_weight=710 1112 10331 3876 114 162 188 1989 8137 8679
leaf_count=710 1112 10331 3876 114 162 188 1989 8137 8679
internal_value=0 0 1.3826e-06 1.85614e-06 -7.67101e-07 -1.51397e-06 -2.119e-06 -3.82646e-08 -3.49159e-07
internal_weight=0 31847 4700 3990 3451 2339 2177 27147 19010
internal_count=35298 31847 4700 3990 3451 2339 2177 27147 19010
is_linear=0
shrinkage=0.03


Tree=21
num_leaves=9
num_cat=0
split_feature=2 21 1 24 7 19 1 1
split_gain=1.89666e-06 2.24811e-06 3.73952e-06 5.82355e-06 7.13462e-07 7.86043e-07 5.70346e-07 5.08323e-06
threshold=157.26542796134086 0.013278494177322247 147.36291571608322 0.021115765038642081 0.00099999999999056421 -0.0023013148637652 149.49494766400923 142.89169451319287
decision_type=2 2 2 2 2 2 2 2
left_child=1 2 3 -1 -2 -6 7 -3
right_child=4 6 -4 -5 5 -7 -8 -9
leaf_value=1.6293194722237462e-06 0 0 0 0 0 -9.6494442610008231e-07 0 -1.5457671158796843e-06
leaf_weight=4014 49 316 22366 115 34 3253 3072 2129
leaf_count=4014 49 316 22366 115 34 3253 3072 2129
internal_value=0 2.91277e-08 2.78189e-07 1.14523e-06 -7.09558e-07 -8.40415e-07 0 -4.58149e-07
internal_weight=0 32012 26495 4129 3336 3287 5517 2445
internal_count=35348 32012 26495 4129 3336 3287 5517 2445
is_linear=0
shrinkage=0.03


Tree=22
num_leaves=9
num_cat=0
split_feature=2 21 1 8 8 1 19 8
split_gain=2.41074e-06 2.14699e-06 4.05404e-06 4.08708e-06 1.97084e-06 3.8009e-06 9.38514e-07 6.47566e-07
threshold=157.26542796134086 0.0091106641311640337 149.34332343763981 6.0871477008927252e-05 0.00015510990247624611 155.60165050445082 -0.0023013148637652 6.8382849832215835e-06
decision_type=2 2 2 2 2 2 2 2
left_child=1 2 3 -1 -3 -6 -2 -8
right_child=6 4 -4 -5 5 -7 7 -9
leaf_value=0 0 0 0 1.0313764369867456e-06 -1.0001987531718611e-06 0 0 -1.0634837368094483e-06
leaf_weight=1267 33 1768 14313 8704 5192 691 120 3180
leaf_count=1267 33 1768 14313 8704 5192 691 120 3180
internal_value=0 0 2.82079e-07 7.48123e-07 0 -5.49072e-07 -8.06763e-07 -9.55664e-07
internal_weight=0 31935 24284 9971 7651 5883 3333 3300
internal_count=35268 31935 24284 9971 7651 5883 3333 3300
is_linear=0
shrinkage=0.03


Tree=23
num_leaves=8
num_cat=0
split_feature=1 24 8 7 4 4 9
split_gain=3.66892e-06 1.70699e-05 9.74721e-06 7.14318e-06 8.21859e-06 4.52856e-06 3.75054e-06
threshold=146.92349002971176 0.019890257863387373 7.7155780775206575e-05 0.059000000000011717 -0.1077452560449232 -0.068379813897103056 0.00099999999999056421
decision_type=2 2 2 2 2 2 2
left_child=1 2 -1 -2 -5 -4 -6
right_child=3 -3 5 4 6 -7 -8
leaf_value=0 0 0 0 0 0 3.4725249302722468e-06 -1.546204166688815e-06
leaf_weight=491 21385 773 712 846 807 2492 7804
leaf_count=491 21385 773 712 846 807 2492 7804
internal_value=0 6.42481e-07 2.15785e-06 -2.17386e-07 -9.13167e-07 2.84734e-06 -1.33219e-06
internal_weight=0 4468 3695 30842 9457 3204 8611
internal_count=35310 4468 3695 30842 9457 3204 8611
is_linear=0
shrinkage=0.03


Tree=24
num_leaves=10
num_cat=0
split_feature=2 21 1 8 8 1 1 15 2
split_gain=2.29057e-06 1.90605e-06 3.32971e-06 4.47096e-06 4.98881e-07 4.44448e-07 6.24319e-06 4.35698e-07 5.34421e-07
threshold=157.26542796134086 0.013643809088325473 149.92858001422505 6.0871477008927252e-05 6.8382849832215835e-06 149.44020830329683 142.89169451319287 14.510781981883904 159.1136154483477
decision_type=2 2 2 2 2 2 2 2 2
left_child=1 2 3 -1 -2 6 -3 8 -6
right_child=4 5 -4 -5 7 -7 -8 -9 -10
leaf_value=0 0 0 0 9.0090853476996805e-07 -1.3438883585604674e-06 0 -1.7095304508928913e-06 0 0
leaf_weight=1653 116 306 14248 10763 1873 3069 2059 202 1114
leaf_count=1653 116 306 14248 10763 1873 3069 2059 202 1114
internal_value=0 0 2.53643e-07 6.16044e-07 -7.89722e-07 0 -4.11216e-07 -8.87195e-07 -9.85693e-07
internal_weight=0 32098 26664 12416 3305 5434 2365 3189 2987
internal_count=35403 32098 26664 12416 3305 5434 2365 3189 2987
is_linear=0
shrinkage=0.03


Tree=25
num_leaves=11
num_cat=0
split_feature=24 2 7 7 24 1 24 2 2 8
split_gain=1.14815e-06 8.19565e-06 5.78861e-06 2.21736e-06 1.98408e-06 1.41979e-06 1.05475e-06 8.31264e-07 4.50587e-07 2.31321e-07
threshold=0.019890257863387373 146.7755330999405 0.010500000000007505 0.059000000000011717 -0.052467154957068961 146.78435571945198 -0.010548538316482796 142.92288614344798 159.1136154483477 6.603253435157702e-06
decision_type=2 2 2 2 2 2 2 2 2 2
left_child=1 2 -1 6 -5 -4 -3 -2 9 -9
right_child=7 3 5 4 -6 -7 -8 8 -10 -11
leaf_value=0 0 0 2.2111697761809527e-06 0 -6.8183530039056003e-07 0 2.3663524452242826e-07 0 0 -8.6623625829274834e-07
leaf_weight=392 207 3093 2846 222 8112 33 17127 39 77 3120
leaf_count=392 207 3093 2846 222 8112 33 17127 39 77 3120
internal_value=0 4.10676e-08 1.507e-06 0 -4.88125e-07 2.09511e-06 2.20131e-08 -5.33381e-07 -7.30649e-07 -8.21712e-07
internal_weight=0 31825 3271 28554 8334 2879 20220 3443 3236 3159
internal_count=35268 31825 3271 28554 8334 2879 20220 3443 3236 3159
is_linear=0
shrinkage=0.03


Tree=26
num_leaves=8
num_cat=0
split_feature=19 1 1 21 15 15 21
split_gain=8.34075e-07 2.34901e-06 1.78713e-06 2.17008e-06 2.30976e-06 1.16703e-06 5.45425e-07
threshold=2.3293973331330707e-05 146.92349002971176 157.28366245665651 0.0033598171919343102 3.7704411875385273 -2.058224175608284 -0.032824335880164902
decision_type=2 2 2 2 2 2 2
left_child=2 -2 3 4 -1 -3 -7
right_child=1 5 -4 -5 -6 6 -8
leaf_value=7.1048453850372958e-07 0 0 0 0 0 0 -5.7988757728273196e-07
leaf_weight=12123 2170 3380 1581 1893 2444 33 11676
leaf_count=12123 2170 3380 1581 1893 2444 33 11676
internal_value=0 -1.25336e-07 1.63032e-07 3.56155e-07 5.26688e-07 -3.97584e-07 -5.41664e-07
internal_weight=0 17259 18041 16460 14567 15089 11709
internal_count=35300 17259 18041 16460 14567 15089 11709
is_linear=0
shrinkage=0.03


Tree=27
num_leaves=10
num_cat=0
split_feature=2 16 4 8 9 7 19 9 2
split_gain=2.86377e-06 1.62658e-06 7.084e-06 1.65465e-06 1.09624e-06 1.0018e-06 3.62563e-07 2.0763e-07 6.24425e-07
threshold=157.26542796134086 0.025659190871124341 0.10960302461290507 1.2814926929858337e-05 0.0019999999999953393 0.00099999999999056421 -0.0023013148637652 0.038499999999999097 156.62715552460301
decision_type=2 2 2 2 2 2 2 2 2
left_child=1 7 3 -3 -2 -6 -7 8 -1
right_child=4 2 -4 -5 5 6 -8 -9 -10
leaf_value=-2.1685258445297481e-07 0 0 0 1.0162820524966038e-06 0 0 -1.3024755248634524e-06 0 0
leaf_weight=15924 424 238 1441 9032 42 30 2824 4676 768
leaf_count=15924 424 238 1441 9032 42 30 2824 4676 768
internal_value=0 3.20146e-09 3.69728e-07 9.19607e-07 -8.8097e-07 -1.10921e-06 -1.25072e-06 0 -1.05805e-07
internal_weight=0 32079 10711 9270 3320 2896 2854 21368 16692
internal_count=35399 32079 10711 9270 3320 2896 2854 21368 16692
is_linear=0
shrinkage=0.03


Tree=28
num_leaves=11
num_cat=0
split_feature=24 1 8 2 8 2 24 7 24 24
split_gain=4.44669e-06 8.61876e-06 4.82228e-06 4.59134e-06 1.92269e-06 1.18516e-06 1.10973e-06 8.33793e-07 1.06568e-06 7.98789e-07
threshold=0.019890257863387373 147.36291571608322 7.5187670765780468e-05 142.92288614344798 8.1320922932568343e-05 159.1136154483477 0.016764862581509887 0.046500000000008875 -0.052467154957068961 -0.01647470607585674
decision_type=2 2 2 2 2 2 2 2 2 2
left_child=1 2 -1 -2 -5 -6 -4 9 -9 -3
right_child=3 7 6 4 5 -7 -8 8 -10 -11
leaf_value=0 0 0 1.8605609931862491e-06 0 -1.9388018246624846e-06 0 0 0 -4.109308140415029e-07 2.1537453437872586e-07
leaf_weight=650 224 1256 3895 380 2804 60 168 226 10119 15513
leaf_count=650 224 1256 3895 380 2804 60 168 226 10119 15513
internal_value=0 1.10598e-07 1.31464e-06 -1.02058e-06 -1.54502e-06 -1.81875e-06 1.75293e-06 0 -2.69198e-07 6.46954e-09
internal_weight=0 31827 4713 3468 3244 2864 4063 27114 10345 16769
internal_count=35295 31827 4713 3468 3244 2864 4063 27114 10345 16769
is_linear=0
shrinkage=0.03


Tree=29
num_leaves=8
num_cat=0
split_feature=2 4 17 1 7 2 2
split_gain=2.72377e-06 1.99173e-06 4.71258e-06 6.27634e-06 8.21245e-07 2.35382e-08 1.17564e-06
threshold=157.26542796134086 0.0014284547803628061 0.0014227806729777508 146.70375620995 0.0019999999999953393 149.65703374480958 155.59692028297857
decision_type=2 2 2 2 2 2 2
left_child=1 5 3 -3 -2 -1 -7
right_child=4 2 -4 -5 -6 6 -8
leaf_value=0 0 2.5971123879339383e-06 0 0 -1.0034525217739372e-06 -3.9582256802140574e-07 0
leaf_weight=7304 136 1732 659 13740 3165 6888 1633
leaf_count=7304 136 1732 659 13740 3165 6888 1633
internal_value=0 9.87238e-09 3.33639e-07 6.24641e-07 -8.61141e-07 0 -4.98597e-08
internal_weight=0 31956 16131 15472 3301 15825 8521
internal_count=35257 31956 16131 15472 3301 15825 8521
is_linear=0
shrinkage=0.03


Tree=30
num_leaves=11
num_cat=0
split_feature=24 1 8 3 3 4 15 15 8 1
split_gain=1.12228e-06 8.79883e-06 6.25761e-06 6.6707e-06 3.08759e-06 4.1314e-06 1.87325e-06 1.69809e-06 2.73651e-06 1.31269e-08
threshold=0.019890257863387373 147.36291571608322 7.7155780775206575e-05 0.13224573069871329 0.010578862438180183 -0.11210133874392736 -10.009845177036452 14.151105741561354 8.5796123510002156e-05 148.99479749569016
decision_type=2 2 2 2 2 2 2 2 2 2
left_child=1 2 -1 -4 5 -3 -2 8 -8 -6
right_child=6 4 3 -5 9 -7 7 -9 -10 -11
leaf_value=0 0 0 2.2401919350984632e-06 0 0 -6.4667042962064103e-07 0 0 -1.6452313597322533e-06 3.7445931320566677e-08
leaf_weight=676 373 1050 3896 118 2099 15536 394 212 2470 8425
leaf_count=676 373 1050 3896 118 2099 15536 394 212 2470 8425
internal_value=0 0 1.29934e-06 1.83724e-06 0 -4.09312e-07 -5.4112e-07 -9.36115e-07 -1.21437e-06 0
internal_weight=0 31800 4690 4014 27110 16586 3449 3076 2864 10524
internal_count=35249 31800 4690 4014 27110 16586 3449 3076 2864 10524
is_linear=0
shrinkage=0.03


Tree=31
num_leaves=10
num_cat=0
split_feature=1 25 21 7 24 17 5 17 8
split_gain=8.89572e-07 9.80127e-07 5.8158e-07 1.57987e-06 1.72106e-06 5.66405e-07 6.24795e-07 3.42061e-08 8.13743e-08
threshold=157.23048464037296 1.0000000180025095e-35 0.013278494177322247 0.0084999999999979554 0.021115765038642081 -0.0017621990346476013 0.025499999999993864 0.00015779229754292367 0.00015704849138112862
decision_type=2 2 2 2 2 2 2 2 2
left_child=2 -2 3 -1 -5 -3 -7 8 -4
right_child=1 5 7 4 -6 6 -8 -9 -10
leaf_value=0 0 0 0 3.9545948088764234e-07 0 0 -9.7658387579501681e-07 0 -2.2003695699765301e-07
leaf_weight=3752 449 31 628 22343 366 146 2888 2738 2148
leaf_count=3752 449 31 628 22343 366 146 2888 2738 2148
internal_value=0 -4.77287e-07 0 1.40643e-07 2.92678e-07 -7.40895e-07 -8.50013e-07 0 -1.05299e-07
internal_weight=0 3514 31975 26461 22709 3065 3034 5514 2776
internal_count=35489 3514 31975 26461 22709 3065 3034 5514 2776
is_linear=0
shrinkage=0.03


Tree=32
num_leaves=8
num_cat=0
split_feature=2 8 6 15 16 5 4
split_gain=1.41188e-06 4.37466e-06 4.61167e-06 5.40246e-06 3.1089e-06 9.93589e-06 8.24979e-06
threshold=144.80409874510858 0.00029043154395833791 0.004601223213581653 -15.162297168271929 0.17076885223221441 0.088500000000010473 -0.1504694601697612
decision_type=2 2 2 2 2 2 2
left_child=4 -2 3 -3 5 -1 -7
right_child=1 2 -4 -5 -6 6 -8
leaf_value=0 0 0 0 -1.0562421165254997e-06 0 0 3.6349375544466089e-06
leaf_weight=340 19003 1402 103 12746 188 120 1450
leaf_count=340 19003 1402 103 12746 188 120 1450
internal_value=0 -1.95476e-07 -6.04506e-07 -8.1329e-07 0 1.21018e-06 2.73414e-06
internal_weight=0 33254 14251 14148 2098 1910 1570
internal_count=35352 33254 14251 14148 2098 1910 1570
is_linear=0
shrinkage=0.03


Tree=33
num_leaves=6
num_cat=0
split_feature=24 24 24 19 24
split_gain=1.98032e-07 4.39469e-07 4.22218e-07 2.66391e-07 6.56912e-08
threshold=0.019890257863387373 -0.015651254586490058 0.078476648035433152 0.0010954959811881053 0.016764862581509887
decision_type=2 2 2 2 2
left_child=1 -1 -2 4 -3
right_child=2 3 -4 -5 -6
leaf_value=0 -4.113207063504768e-07 1.6330979588132703e-07 0 0 0
leaf_weight=4475 3299 26036 140 539 765
leaf_count=4475 3299 26036 140 539 765
internal_value=0 0 -2.27636e-07 1.20277e-07 1.53958e-07
internal_weight=0 31815 3439 27340 26801
internal_count=35254 31815 3439 27340 26801
is_linear=0
shrinkage=0.03


Tree=34
num_leaves=8
num_cat=0
split_feature=7 2 6 15 19 5 24
split_gain=1.353e-06 7.15469e-06 4.53831e-06 2.84695e-06 6.95229e-07 2.85824e-06 3.81182e-06
threshold=0.046500000000008875 144.80409874510858 0.004601223213581653 -16.525447962711521 -0.00071142594531113971 0.044499999999999325 0.018792766866107511
decision_type=2 2 2 2 2 2 2
left_child=4 -2 3 -3 -1 -6 -7
right_child=1 2 -4 -5 5 6 -8
leaf_value=0 0 0 0 -1.0785754297846694e-06 0 7.1187509633401685e-07 0
leaf_weight=667 1258 1177 105 12295 5282 13080 1434
leaf_count=667 1258 1177 105 12295 5282 13080 1434
internal_value=0 -2.86497e-07 -7.50961e-07 -9.33547e-07 0 1.77783e-07 4.69403e-07
internal_weight=0 14835 13577 13472 20463 19796 14514
internal_count=35298 14835 13577 13472 20463 19796 14514
is_linear=0
shrinkage=0.03


Tree=35
num_leaves=10
num_cat=0
split_feature=24 1 4 16 15 8 15 16 16
split_gain=5.51183e-07 5.3964e-06 6.09267e-06 7.14462e-06 1.30918e-06 2.11151e-06 2.86234e-06 9.79607e-07 3.55292e-06
threshold=0.019890257863387373 147.40962592188743 -0.068379813897103056 0.20182572549491343 -12.949807380448194 9.1448284245680849e-05 14.151105741561354 0.024390095208204347 -0.16617764235753893
decision_type=2 2 2 2 2 2 2 2 2
left_child=1 2 -1 -4 -2 -6 -7 8 -3
right_child=4 7 3 -5 5 6 -8 -9 -10
leaf_value=0 0 0 2.0984262280826987e-06 0 0 -1.555069844951113e-06 0 0 -4.8474165232382588e-07
leaf_weight=926 223 1034 3808 109 458 2543 194 8562 17360
leaf_count=926 223 1034 3808 109 458 2543 194 8562 17360
internal_value=0 0 1.00137e-06 1.62465e-06 -3.80936e-07 -7.23853e-07 -1.14273e-06 0 -2.18929e-07
internal_weight=0 31799 4843 3917 3418 3195 2737 26956 18394
internal_count=35217 31799 4843 3917 3418 3195 2737 26956 18394
is_linear=0
shrinkage=0.03


Tree=36
num_leaves=6
num_cat=0
split_feature=2 24 1 19 19
split_gain=8.9771e-07 2.34087e-06 6.70676e-06 3.19741e-06 1.12323e-06
threshold=157.26542796134086 0.021115765038642081 147.36291571608322 0.0014463497468009975 -0.0023013148637652
decision_type=2 2 2 2 2
left_child=1 2 3 -1 -2
right_child=4 -3 -4 -5 -6
leaf_value=1.5349709523364497e-06 0 0 0 0 -7.3176772019036211e-07
leaf_weight=4696 34 2898 24353 96 3312
leaf_count=4696 34 2898 24353 96 3312
internal_value=0 3.7496e-08 2.71718e-07 1.30709e-06 -4.77458e-07
internal_weight=0 32043 29145 4792 3346
internal_count=35389 32043 29145 4792 3346
is_linear=0
shrinkage=0.03


Tree=37
num_leaves=6
num_cat=0
split_feature=2 19 4 17 1
split_gain=3.16411e-06 1.79382e-06 1.0482e-06 2.77362e-06 7.21476e-06
threshold=157.26542796134086 -0.0023013148637652 -0.012631562302483117 0.0014227806729777508 146.92349002971176
decision_type=2 2 2 2 2
left_child=2 -2 -1 4 -4
right_child=1 -3 3 -5 -6
leaf_value=0 0 -1.1657114295804755e-06 2.0282904658300073e-06 0 0
leaf_weight=10693 35 3283 2414 651 18242
leaf_count=10693 35 3283 2414 651 18242
internal_value=0 -9.26313e-07 2.76476e-09 2.10442e-07 4.08078e-07
internal_weight=0 3318 32000 21307 20656
internal_count=35318 3318 32000 21307 20656
is_linear=0
shrinkage=0.03


Tree=38
num_leaves=8
num_cat=0
split_feature=2 19 4 24 19 1 1
split_gain=5.03745e-07 1.19193e-06 9.0768e-07 1.31357e-06 6.96003e-07 2.08619e-08 1.83804e-06
threshold=157.26542796134086 3.1584918142658481e-05 -0.17096645649361544 -0.015651254586490058 -0.0023013148637652 146.92349002971176 154.87051138381142
decision_type=2 2 2 2 2 2 2
left_child=1 2 -1 -4 -2 -3 -7
right_child=4 5 3 -5 -6 6 -8
leaf_value=0 0 0 0 4.8221518730047991e-07 -5.7266848472567532e-07 -3.9611347713099331e-07 0
leaf_weight=538 33 2151 3077 13210 3292 10662 2450
leaf_count=538 33 2151 3077 13210 3292 10662 2450
internal_value=0 0 2.525e-07 3.40614e-07 -3.69231e-07 0 -3.78404e-08
internal_weight=0 32088 16825 16287 3325 15263 13112
internal_count=35413 32088 16825 16287 3325 15263 13112
is_linear=0
shrinkage=0.03


Tree=39
num_leaves=8
num_cat=0
split_feature=2 24 1 19 19 1 2
split_gain=1.82441e-06 1.73951e-06 5.87826e-06 1.026e-06 5.88769e-07 2.80746e-07 1.10198e-06
threshold=157.26542796134086 0.019890257863387373 147.40962592188743 0.0014463497468009975 -0.0023013148637652 151.50034149597434 142.92288614344798
decision_type=2 2 2 2 2 2 2
left_child=1 2 3 -1 -2 6 -3
right_child=4 5 -4 -5 -6 -7 -8
leaf_value=1.2836678382060544e-06 0 0 0 0 -8.0665337563666395e-07 0 -8.944458068512698e-07
leaf_weight=4727 31 220 23990 91 3321 1407 1555
leaf_count=4727 31 220 23990 91 3321 1407 1555
internal_value=0 1.81975e-08 2.33905e-07 1.19375e-06 -6.97577e-07 0 -3.7724e-07
internal_weight=0 31990 28808 4818 3352 3182 1775
internal_count=35342 31990 28808 4818 3352 3182 1775
is_linear=0
shrinkage=0.03


Tree=40
num_leaves=7
num_cat=0
split_feature=2 4 4 2 7 7
split_gain=6.22903e-07 8.68979e-07 2.80721e-06 6.17406e-06 3.46276e-07 8.60837e-08
threshold=157.26542796134086 -0.012631562302483117 0.10960302461290507 146.87549983748696 0.00099999999999056421 0.3384999999999963
decision_type=2 2 2 2 2 2
left_child=1 -1 3 -3 -2 -6
right_child=4 2 -4 -5 5 -7
leaf_value=0 0 2.0044392774363455e-06 0 0 -5.4178977553295664e-07 0
leaf_weight=10659 52 2206 1413 17715 3235 31
leaf_count=10659 52 2206 1413 17715 3235 31
internal_value=0 0 1.91463e-07 4.0753e-07 -4.11018e-07 -5.16752e-07
internal_weight=0 31993 21334 19921 3318 3266
internal_count=35311 31993 21334 19921 3318 3266
is_linear=0
shrinkage=0.03


Tree=41
num_leaves=9
num_cat=0
split_feature=4 2 8 4 3 1 16 1
split_gain=1.7604e-06 3.46701e-06 5.50574e-06 5.14895e-06 1.40082e-06 3.11567e-06 3.666e-06 4.78716e-09
threshold=-0.012206254546406241 145.01931706642185 0.00018398870305659545 -0.11210133874392736 0.15683813300871921 146.92349002971176 0.17076885223221441 153.31819565899571
decision_type=2 2 2 2 2 2 2 2
left_child=1 -1 -3 -4 5 6 -2 -7
right_child=4 2 3 -5 -6 7 -8 -9
leaf_value=0 1.8033398966316554e-06 0 0 -1.524474175334596e-06 0 0 0 2.4536346457049347e-08
leaf_weight=972 2264 3475 1190 6150 677 13303 122 7156
leaf_count=972 2264 3475 1190 6150 677 13303 122 7156
internal_value=0 -3.6662e-07 -6.5954e-07 -1.14716e-06 0 2.34915e-07 1.30509e-06 0
internal_weight=0 11787 10815 7340 23522 22845 2386 20459
internal_count=35309 11787 10815 7340 23522 22845 2386 20459
is_linear=0
shrinkage=0.03


Tree=42
num_leaves=8
num_cat=0
split_feature=4 2 8 24 17 1 16
split_gain=7.77733e-07 2.65308e-06 5.16534e-06 4.12776e-06 1.02305e-06 4.11745e-06 3.77771e-06
threshold=-0.012206254546406241 145.01931706642185 0.00018398870305659545 -0.039465903749390248 0.0014227806729777508 146.92349002971176 0.17076885223221441
decision_type=2 2 2 2 2 2 2
left_child=1 -1 -3 -4 5 6 -2
right_child=4 2 3 -5 -6 -7 -8
leaf_value=0 1.8810079651145896e-06 0 0 -1.2879444773719532e-06 0 0 0
leaf_weight=966 2268 3465 436 6903 691 20467 102
leaf_count=966 2268 3465 436 6903 691 20467 102
internal_value=0 -2.43859e-07 -5.34586e-07 -1.02669e-06 0 2.00791e-07 1.39702e-06
internal_weight=0 11770 10804 7339 23528 22837 2370
internal_count=35298 11770 10804 7339 23528 22837 2370
is_linear=0
shrinkage=0.03


Tree=43
num_leaves=8
num_cat=0
split_feature=24 4 7 4 7 19 19
split_gain=6.76064e-07 1.6192e-06 1.93666e-06 1.01164e-06 9.62358e-07 5.55995e-09 4.31035e-09
threshold=0.019890257863387373 -0.012631562302483117 0.0064999999999884048 0.14971633497029216 0.012499999999988633 -0.0016247494825208087 0.0010954959811881053
decision_type=2 2 2 2 2 2 2
left_child=1 5 -3 -4 -2 -1 -7
right_child=4 2 3 -5 -6 6 -8
leaf_value=0 0 0 4.7206694771094986e-07 0 -6.967484686980625e-07 -3.0158988591727776e-08 0
leaf_weight=552 405 2650 18446 356 3037 9766 121
leaf_count=552 405 2650 18446 356 3037 9766 121
internal_value=0 0 2.60635e-07 4.12559e-07 -4.20415e-07 0 -2.24964e-08
internal_weight=0 31891 21452 18802 3442 10439 9887
internal_count=35333 31891 21452 18802 3442 10439 9887
is_linear=0
shrinkage=0.03


Tree=44
num_leaves=8
num_cat=0
split_feature=1 24 7 19 24 7 24
split_gain=1.50806e-07 3.07551e-06 1.75667e-06 1.74841e-06 5.72824e-07 7.87757e-07 1.32035e-06
threshold=149.92858001422505 0.019427466085986559 0.0084999999999979554 0.00070527226773802203 0.043655616371098653 0.027500000000003414 -0.052467154957068961
decision_type=2 2 2 2 2 2 2
left_child=1 2 -1 -4 5 -2 -7
right_child=4 -3 3 -5 -6 6 -8
leaf_value=0 0 0 7.288953794269696e-07 0 0 0 -4.8500130019192535e-07
leaf_weight=1611 8823 1536 11147 781 385 208 10834
leaf_count=1611 8823 1536 11147 781 385 208 10834
internal_value=0 0 4.52146e-07 6.0381e-07 -8.18678e-08 -1.81063e-07 -3.50974e-07
internal_weight=0 15075 13539 11928 20250 19865 11042
internal_count=35325 15075 13539 11928 20250 19865 11042
is_linear=0
shrinkage=0.03


Tree=45
num_leaves=6
num_cat=0
split_feature=1 4 4 24 4
split_gain=1.06576e-06 2.5501e-06 4.39778e-06 2.03657e-06 1.87119e-07
threshold=157.23048464037296 0.0014284547803628061 0.10960302461290507 -0.0037339433136157059 -0.18501118076190207
decision_type=2 2 2 2 2
left_child=1 -1 3 -3 -2
right_child=4 2 -4 -5 -6
leaf_value=0 0 0 0 8.9849521960250224e-07 -5.1850952304890294e-07
leaf_weight=15892 35 4327 1411 10263 3451
leaf_count=15892 35 4327 1411 10263 3451
internal_value=0 7.91189e-08 3.9485e-07 6.65024e-07 -4.66745e-07
internal_weight=0 31893 16001 14590 3486
internal_count=35379 31893 16001 14590 3486
is_linear=0
shrinkage=0.03


Tree=46
num_leaves=9
num_cat=0
split_feature=24 4 8 15 15 15 8 4
split_gain=3.12844e-07 9.04519e-07 1.55416e-06 8.24401e-07 1.39658e-06 8.23501e-07 7.85623e-07 3.99512e-08
threshold=0.019890257863387373 -0.012206254546406241 4.1067766616934191e-05 14.151105741561354 -12.949807380448194 12.903632672987539 0.00015180119624059747 -0.11210133874392736
decision_type=2 2 2 2 2 2 2 2
left_child=1 7 -3 4 -2 -4 -6 -1
right_child=3 2 5 -5 6 -7 -8 -9
leaf_value=0 0 0 4.1827168023273957e-07 0 0 0 -1.1418105543113223e-06 -6.2836294048444622e-08
leaf_weight=1524 224 2591 16884 213 699 1742 2291 9106
leaf_count=1524 224 2591 16884 213 699 1742 2291 9106
internal_value=0 0 1.95877e-07 -2.86613e-07 -5.64276e-07 3.44673e-07 -8.73248e-07 0
internal_weight=0 31847 21217 3427 3214 18626 2990 10630
internal_count=35274 31847 21217 3427 3214 18626 2990 10630
is_linear=0
shrinkage=0.03


Tree=47
num_leaves=10
num_cat=0
split_feature=2 2 6 9 7 2 2 24 9
split_gain=2.04695e-06 1.41597e-06 2.77038e-06 1.44203e-06 6.11475e-07 1.31837e-06 4.89137e-06 1.23374e-06 1.6171e-06
threshold=157.26542796134086 159.1136154483477 0.00023452083276034657 0.0019999999999953393 0.046000000000006487 144.80409874510858 156.62715552460301 -0.016035688781938513 0.016500000000007734
decision_type=2 2 2 2 2 2 2 2 2
left_child=4 2 -2 -4 7 -6 -7 -1 -9
right_child=1 -3 3 -5 5 6 -8 8 -10
leaf_value=0 0 0 0 -2.0640078371315014e-06 0 -6.807590747694713e-07 0 0 6.0638359351133549e-07
leaf_weight=1503 250 1250 197 1621 1289 12059 547 8191 8474
leaf_count=1503 250 1250 197 1621 1289 12059 547 8191 8474
internal_value=0 -7.45082e-07 -1.22748e-06 -1.7564e-06 0 0 -3.06791e-07 1.74041e-07 3.15672e-07
internal_weight=0 3318 2068 1818 32063 13895 12606 18168 16665
internal_count=35381 3318 2068 1818 32063 13895 12606 18168 16665
is_linear=0
shrinkage=0.03


Tree=48
num_leaves=10
num_cat=0
split_feature=21 2 8 15 1 8 24 17 17
split_gain=2.86631e-07 2.99987e-06 3.37421e-06 2.36354e-06 9.90157e-07 1.89765e-06 2.69078e-06 4.79957e-09 1.39001e-06
threshold=0.013643809088325473 142.92288614344798 0.00015510990247624611 14.933917548139862 149.54376869000919 6.0871477008927252e-05 0.021115765038642081 0.00020171744716607044 -0.0011110888125698678
decision_type=2 2 2 2 2 2 2 2 2
left_child=4 -2 -3 -4 5 -1 -7 8 -6
right_child=1 2 3 -5 7 6 -8 -9 -10
leaf_value=0 0 0 -1.45139789393633e-06 0 0 7.1165613000766205e-07 0 0 -3.2236969286448928e-07
leaf_weight=1507 309 1272 3855 488 721 9913 163 5079 12079
leaf_count=1507 309 1272 3855 488 721 9913 163 5079 12079
internal_value=0 -2.08668e-07 -7.25761e-07 -1.17479e-06 0 2.77366e-07 5.07868e-07 0 -1.837e-08
internal_weight=0 5924 5615 4343 29462 11583 10076 17879 12800
internal_count=35386 5924 5615 4343 29462 11583 10076 17879 12800
is_linear=0
shrinkage=0.03


Tree=49
num_leaves=10
num_cat=0
split_feature=1 4 3 17 7 3 15 19 8
split_gain=8.18908e-07 1.20781e-06 4.1742e-06 9.56812e-07 4.29405e-07 4.00404e-07 5.06746e-07 3.90778e-07 1.63943e-06
threshold=157.28366245665651 0.0014284547803628061 0.15683813300871921 -0.00019877422379932527 0.00099999999999056421 -0.21745723608079001 13.804117295306471 -0.0016247494825208087 0.00018398870305659545
decision_type=2 2 2 2 2 2 2 2 2
left_child=1 7 3 -3 -2 -6 -7 -1 -9
right_child=4 2 -4 -5 5 6 -8 8 -10
leaf_value=0 0 0 0 6.0891323421850448e-07 0 -8.0180348430640192e-07 0 0 -4.378813264176046e-07
leaf_weight=562 52 49 638 15386 33 3017 243 5876 9529
leaf_count=562 52 49 638 15386 33 3017 243 5876 9529
internal_value=0 0 2.60055e-07 5.60187e-07 -4.69363e-07 -5.84056e-07 -6.74609e-07 0 -1.51094e-07
internal_weight=0 32040 16073 15435 3345 3293 3260 15967 15405
internal_count=35385 32040 16073 15435 3345 3293 3260 15967 15405
is_linear=0
shrinkage=0.03


Tree=50
num_leaves=6
num_cat=0
split_feature=2 4 4 2 2
split_gain=4.11678e-07 9.09387e-07 2.4569e-06 5.17428e-06 8.9346e-09
threshold=157.26542796134086 -0.012631562302483117 0.10960302461290507 146.87549983748696 159.1136154483477
decision_type=2 2 2 2 2
left_child=1 -1 3 -3 -2
right_child=4 2 -4 -5 -6
leaf_value=0 -4.2090277125662749e-07 1.8811630400670402e-06 0 0 0
leaf_weight=10708 2088 2174 1431 17692 1250
leaf_count=10708 2088 2174 1431 17692 1250
internal_value=0 1.63489e-08 1.97056e-07 3.91065e-07 -3.2927e-07
internal_weight=0 32005 21297 19866 3338
internal_count=35343 32005 21297 19866 3338
is_linear=0
shrinkage=0.03


Tree=51
num_leaves=8
num_cat=0
split_feature=4 19 1 17 1 16 16
split_gain=7.65232e-07 2.29979e-06 1.98045e-06 1.21934e-06 5.72187e-06 5.59099e-06 1.00427e-07
threshold=-0.013940384003731305 -0.0016247494825208087 142.38914915155195 0.0014227806729777508 146.92349002971176 0.17076885223221441 0.00047436805496658968
decision_type=2 2 2 2 2 2 2
left_child=1 -1 -3 4 5 -2 -4
right_child=3 2 6 -5 -6 -7 -8
leaf_value=0 2.1933590718645711e-06 0 -6.7145040622369593e-07 0 0 0 0
leaf_weight=566 2344 283 10272 684 20988 104 120
leaf_count=566 2344 283 10272 684 20988 104 120
internal_value=0 -2.47517e-07 -5.08328e-07 0 2.1639e-07 1.59731e-06 -6.61016e-07
internal_weight=0 11241 10675 24120 23436 2448 10392
internal_count=35361 11241 10675 24120 23436 2448 10392
is_linear=0
shrinkage=0.03


Tree=52
num_leaves=7
num_cat=0
split_feature=21 1 24 2 2 4
split_gain=2.60527e-08 2.94678e-06 2.91339e-06 1.78798e-06 2.46646e-06 1.01702e-06
threshold=0.013278494177322247 149.92858001422505 0.021115765038642081 142.66107813779567 149.27685438730282 -0.24134130100428289
decision_type=2 2 2 2 2 2
left_child=1 2 5 -2 -5 -1
right_child=3 -3 -4 4 -6 -7
leaf_value=0 0 0 0 -1.3595648391741639e-06 0 7.1504415121422691e-07
leaf_weight=65 253 16898 178 2071 3736 12151
leaf_count=65 253 16898 178 2071 3736 12151
internal_value=0 2.82924e-08 4.64614e-07 0 -5.26391e-07 6.58516e-07
internal_weight=0 29292 12394 6060 5807 12216
internal_count=35352 29292 12394 6060 5807 12216
is_linear=0
shrinkage=0.03


Tree=53
num_leaves=5
num_cat=0
split_feature=2 16 17 1
split_gain=8.11175e-07 3.09393e-06 5.24131e-06 1.2741e-06
threshold=157.26542796134086 0.025659190871124341 0.0014227806729777508 157.23048464037296
decision_type=2 2 2 2
left_child=1 -1 3 -3
right_child=-2 2 -4 -5
leaf_value=0 -4.1672066551192227e-07 9.4237287548308887e-07 0 0
leaf_weight=21418 3334 9908 649 143
leaf_count=21418 3334 9908 649 143
internal_value=0 6.85665e-08 5.23771e-07 8.72554e-07
internal_weight=0 32118 10700 10051
internal_count=35452 32118 10700 10051
is_linear=0
shrinkage=0.03


Tree=54
num_leaves=8
num_cat=0
split_feature=7 2 24 15 2 19 6
split_gain=1.33906e-06 6.48808e-06 6.88835e-06 6.8222e-06 5.70982e-07 2.02308e-06 3.4809e-06
threshold=0.046500000000008875 142.92288614344798 -0.034952435586593701 -8.4582482363904834 156.96690902383651 -0.00060231578897446689 0.00032789218081254358
decision_type=2 2 2 2 2 2 2
left_child=4 -2 -3 -4 5 -1 -7
right_child=1 2 3 -5 -6 6 -8
leaf_value=0 0 0 0 -1.3449137323703043e-06 0 0 6.926701878099488e-07
leaf_weight=798 521 778 2835 10716 2738 5510 11395
leaf_count=798 521 778 2835 10716 2738 5510 11395
internal_value=0 -2.84873e-07 -7.01144e-07 -9.88587e-07 0 1.70374e-07 3.71619e-07
internal_weight=0 14850 14329 13551 20441 17703 16905
internal_count=35291 14850 14329 13551 20441 17703 16905
is_linear=0
shrinkage=0.03


Tree=55
num_leaves=10
num_cat=0
split_feature=24 15 2 15 17 3 5 1 6
split_gain=2.25492e-06 2.9346e-06 4.32983e-06 3.65169e-06 6.18626e-07 1.28464e-06 1.86943e-06 1.00627e-06 4.59021e-06
threshold=0.019890257863387373 -12.653926401818447 142.92288614344798 14.151105741561354 0.00017705521856313541 0.15683813300871921 0.049499999999994777 149.54376869000919 0.0005556084278807242
decision_type=2 2 2 2 2 2 2 2 2
left_child=4 -2 -3 -4 7 6 -6 -1 -9
right_child=1 2 3 -5 5 -7 -8 8 -10
leaf_value=0 0 0 -2.052251679779848e-06 0 0 0 6.5195062796333333e-07 0 -9.3499854044364361e-07
leaf_weight=8972 232 202 2814 200 1494 264 7988 7484 5761
leaf_count=8972 232 202 2814 200 1494 264 7988 7484 5761
internal_value=0 -7.67136e-07 -1.20502e-06 -1.68584e-06 0 2.39007e-07 4.25021e-07 0 -2.61484e-07
internal_weight=0 3448 3216 3014 31963 9746 9482 22217 13245
internal_count=35411 3448 3216 3014 31963 9746 9482 22217 13245
is_linear=0
shrinkage=0.03


Tree=56
num_leaves=6
num_cat=0
split_feature=2 4 4 2 2
split_gain=8.99433e-07 1.25317e-06 2.32666e-06 7.06409e-06 2.45731e-07
threshold=157.26542796134086 -0.012631562302483117 0.10960302461290507 146.87549983748696 159.1136154483477
decision_type=2 2 2 2 2
left_child=1 -1 3 -3 -2
right_child=4 2 -4 -5 -6
leaf_value=0 -7.0628257904912138e-07 2.0999029378539786e-06 0 0 0
leaf_weight=10706 2065 2172 1431 17700 1236
leaf_count=10706 2065 2172 1431 17700 1236
internal_value=0 3.07897e-09 2.30123e-07 4.02668e-07 -4.95072e-07
internal_weight=0 32009 21303 19872 3301
internal_count=35310 32009 21303 19872 3301
is_linear=0
shrinkage=0.03


Tree=57
num_leaves=8
num_cat=0
split_feature=2 24 3 4 16 16 4
split_gain=2.47624e-07 5.39144e-06 5.05584e-06 4.26291e-06 1.6729e-06 1.79932e-06 3.16112e-07
threshold=146.7755330999405 0.016764862581509887 0.13224573069871329 -0.02293157983769532 -0.16617764235753893 0.024390095208204347 -0.1348826524812852
decision_type=2 2 2 2 2 2 2
left_child=1 2 3 -1 -2 6 -6
right_child=4 -3 -4 -5 5 -7 -8
leaf_value=0 0 0 0 2.6512310209315994e-06 0 0 -4.3455264402320954e-07
leaf_weight=1165 1264 870 117 1883 46 10615 19235
leaf_count=1165 1264 870 117 1883 46 10615 19235
internal_value=0 0 1.23809e-06 1.75622e-06 -8.45697e-08 -2.40448e-07 -4.1669e-07
internal_weight=0 4035 3165 3048 31160 29896 19281
internal_count=35195 4035 3165 3048 31160 29896 19281
is_linear=0
shrinkage=0.03


end of trees

feature_importances:
ema_slow=78
ema_fast=61
macd_strength=52
macd_signal=47
body=39
price_ema_fast_dist=36
body_pct=29
rsi_divergence=26
macd_hist=19
ema_cross=18
ema_cross_pct=15
macd=9
range=5
range_pct=5
upper_shadow=5
rsi=2
lower_shadow=1
rsi_normalized=1
signal_convergence=1

parameters:
[boosting: gbdt]
[objective: regression]
[metric: rmse]
[tree_learner: serial]
[device_type: cpu]
[data: ]
[valid: ]
[num_iterations: 300]
[learning_rate: 0.03]
[num_leaves: 16]
[num_threads: 8]
[deterministic: 0]
[force_col_wise: 0]
[force_row_wise: 0]
[histogram_pool_size: -1]
[max_depth: 4]
[min_data_in_leaf: 30]
[min_sum_hessian_in_leaf: 0.001]
[bagging_fraction: 0.9]
[pos_bagging_fraction: 1]
[neg_bagging_fraction: 1]
[bagging_freq: 1]
[bagging_seed: 9057]
[feature_fraction: 0.9]
[feature_fraction_bynode: 1]
[feature_fraction_seed: 15199]
[extra_trees: 0]
[extra_seed: 31159]
[early_stopping_round: 0]
[first_metric_only: 0]
[max_delta_step: 0]
[lambda_l1: 0.3]
[lambda_l2: 0.5]
[linear_lambda: 0]
[min_gain_to_split: 0]
[drop_rate: 0.1]
[max_drop: 50]
[skip_drop: 0.5]
[xgboost_dart_mode: 0]
[uniform_drop: 0]
[drop_seed: 20727]
[top_rate: 0.2]
[other_rate: 0.1]
[min_data_per_group: 100]
[max_cat_threshold: 32]
[cat_l2: 10]
[cat_smooth: 10]
[max_cat_to_onehot: 4]
[top_k: 20]
[monotone_constraints: ]
[monotone_constraints_method: basic]
[monotone_penalty: 0]
[feature_contri: ]
[forcedsplits_filename: ]
[refit_decay_rate: 0.9]
[cegb_tradeoff: 1]
[cegb_penalty_split: 0]
[cegb_penalty_feature_lazy: ]
[cegb_penalty_feature_coupled: ]
[path_smooth: 0]
[interaction_constraints: ]
[verbosity: 1]
[saved_feature_importance_type: 0]
[linear_tree: 0]
[max_bin: 255]
[max_bin_by_feature: ]
[min_data_in_bin: 3]
[bin_construct_sample_cnt: 200000]
[data_random_seed: 218]
[is_enable_sparse: 1]
[enable_bundle: 1]
[use_missing: 1]
[zero_as_missing: 0]
[feature_pre_filter: 1]
[pre_partition: 0]
[two_round: 0]
[header: 0]
[label_column: ]
[weight_column: ]
[group_column: ]
[ignore_column: ]
[categorical_feature: ]
[forcedbins_filename: ]
[precise_float_parser: 0]
[parser_config_file: ]
[objective_seed: 19100]
[num_class: 1]
[is_unbalance: 0]
[scale_pos_weight: 1]
[sigmoid: 1]
[boost_from_average: 1]
[reg_sqrt: 0]
[alpha: 0.9]
[fair_c: 1]
[poisson_max_delta_step: 0.7]
[tweedie_variance_power: 1.5]
[lambdarank_truncation_level: 30]
[lambdarank_norm: 1]
[label_gain: ]
[lambdarank_position_bias_regularization: 0]
[eval_at: ]
[multi_error_top_k: 1]
[auc_mu_weights: ]
[num_machines: 1]
[local_listen_port: 12400]
[time_out: 120]
[machine_list_filename: ]
[machines: ]
[gpu_platform_id: -1]
[gpu_device_id: -1]
[gpu_use_dp: 0]
[num_gpu: 1]

end of parameters

pandas_categorical:[]
