tree
version=v4
num_class=1
num_tree_per_iteration=1
label_index=0
max_feature_idx=24
objective=regression
feature_names=ema_fast ema_slow macd macd_signal atr range range_pct body body_pct upper_shadow lower_shadow is_bullish ema_cross ema_cross_pct ema_cross_signal price_ema_fast_dist price_ema_slow_dist macd_hist macd_hist_change macd_cross_signal macd_strength atr_normalized atr_ma atr_ratio signal_convergence
feature_infos=[139.84172317124145:161.9044463934776] [139.985622134078:161.8633237416141] [-0.81371595198632463:0.5970017482619312] [-0.71071676355148927:0.57046413909616056] [0:1.1185000000000032] [0:3.0139999999999816] [0:0.019088400286395583] [0:2.7609999999999957] [0:0.017392783349291913] [0:1.1620000000000061] [0:1.3590000000000089] [0:1] [-1.0350786189282246:0.79769146520030176] [-0.006549151847441992:0.0054000600139474395] [0:1] [-0.014331159141718369:0.0093718883724765341] [-0.017546516855659215:0.012454695205154643] [-0.39438439545005155:0.22667986490852632] [-0.22179621176243974:0.13953656655988411] [0:1] [-0.33719861601597845:0.18761226476060436] [0:0.0071150494268520962] [0:0.79457500000000281] [0:5.222190663820645] [0:2]
tree_sizes=1310 1432 1159 1156 1225 1241 1057 1070 1154 1049 1142 1176 1344 1137 1230 1215 1162 1088 1052 1150 1050

Tree=0
num_leaves=12
num_cat=0
split_feature=1 13 13 0 0 1 9 10 16 4 8
split_gain=6.08041e-06 3.62206e-06 5.08346e-06 1.03835e-05 3.67438e-06 2.73855e-06 4.35657e-06 2.35024e-06 1.91012e-06 5.79861e-06 3.88602e-06
threshold=157.26542796134086 0.00017705521856313541 0.0013317686264980163 146.92349002971176 147.78264733751561 159.1136154483477 0.0019999999999953393 0.0079999999999955679 -0.00014567123275500453 0.19309999999999977 0.00022535057700868733
decision_type=2 2 2 2 2 2 2 2 2 2 2
left_child=1 8 3 -3 -4 6 -2 -8 9 -1 -10
right_child=5 2 4 -5 -6 -7 7 -9 10 -11 -12
leaf_value=2.8855772141851433e-06 2.8855772141851433e-06 6.54207743212016e-06 -6.3044287826925974e-07 2.9695363174070692e-06 2.8855772141851433e-06 2.8855772141851433e-06 2.8855772141851433e-06 -6.0013313163554406e-07 2.8855772141851433e-06 4.6527238022127697e-06 1.7138290394729326e-06
leaf_weight=8451 222 1302 267 7343 447 1097 476 1126 5187 1697 3739
leaf_count=8451 222 1302 267 7343 447 1097 476 1126 5187 1697 3739
internal_value=2.88558e-06 2.98587e-06 3.50109e-06 3.85477e-06 2.88558e-06 1.5532e-06 8.37774e-07 1.9835e-07 2.88558e-06 2.97558e-06 2.45735e-06
internal_weight=0 28433 9359 8645 714 2921 1824 1602 19074 10148 8926
internal_count=31354 28433 9359 8645 714 2921 1824 1602 19074 10148 8926
is_linear=0
shrinkage=1


Tree=1
num_leaves=15
num_cat=0
split_feature=0 21 12 13 4 13 23 22 15 1 0 16 16 21
split_gain=1.18069e-05 9.44319e-06 1.22439e-05 1.60883e-05 7.21584e-06 1.2661e-05 1.58478e-05 4.39363e-06 8.56284e-07 3.8585e-06 1.31649e-06 6.53757e-07 1.6776e-06 3.17986e-07
threshold=146.92349002971176 0.0011616344171654993 0.17076885223221441 -0.0022813225000132818 0.14309999999999976 -0.00079008462398363021 1.1395605690667463 0.15036250000000209 -2.7351093755629632e-06 155.76456784659464 155.2532560594999 -0.00014567123275500453 0.00090192865607254403 0.00049993916173551466
decision_type=2 2 2 2 2 2 2 2 2 2 2 2 2 2
left_child=1 11 3 -3 8 7 -7 -6 9 -2 -10 13 -13 -1
right_child=4 2 -4 -5 5 6 -8 -9 10 -11 -12 12 -14 -15
leaf_value=0 6.7351057489833997e-07 0 0 6.090583711713818e-06 0 0 -3.8273225847919245e-06 2.0647906731489216e-06 -4.4249612443998504e-07 -2.9257260138270006e-07 0 1.3543863065853588e-06 0 -5.7419154874077625e-07
leaf_weight=98 7875 81 174 1143 514 1958 2345 927 8545 2131 3108 1142 460 875
leaf_count=98 7875 81 174 1143 514 1958 2345 927 8545 2131 3108 1142 460 875
internal_value=0 1.45574e-06 3.47825e-06 4.77667e-06 -2.83704e-07 -1.23064e-06 -2.16088e-06 0 0 1.67952e-07 -2.04718e-07 0 6.04672e-07 -5.02871e-08
internal_weight=0 3973 1398 1224 27403 5744 4303 1441 21659 10006 11653 2575 1602 973
internal_count=31376 3973 1398 1224 27403 5744 4303 1441 21659 10006 11653 2575 1602 973
is_linear=0
shrinkage=0.03


Tree=2
num_leaves=12
num_cat=0
split_feature=1 9 4 23 16 6 22 6 17 5 22
split_gain=7.54312e-06 2.92743e-05 9.04598e-06 1.17016e-05 1.37074e-05 8.45915e-06 8.29344e-06 3.87803e-06 5.62227e-06 9.10016e-07 4.80388e-08
threshold=142.92288614344798 0.015500000000002958 0.14309999999999976 1.2740117155962982 -0.0027128383941498603 0.00080639290437467862 0.13735499999999834 0.00070280461995627101 0.0076397992122782437 0.087500000000005698 0.21520250000000021
decision_type=2 2 2 2 2 2 2 2 2 2 2
left_child=1 -1 7 10 -5 -3 -7 9 -9 -2 -4
right_child=2 5 3 4 -6 6 -8 8 -10 -11 -12
leaf_value=0 0 0 -1.117561457678449e-07 0 -3.4935026775684031e-06 0 1.2521183944184799e-05 1.4420464183426313e-06 0 -5.2731032989131509e-07 7.0357556075205916e-08
leaf_weight=231 14497 131 2920 414 2533 69 306 4231 1770 2945 1365
leaf_count=231 14497 131 2920 414 2533 69 306 4231 1770 2945 1365
internal_value=0 2.99806e-06 -7.21967e-08 -1.05514e-06 -2.51095e-06 8.06878e-06 1.03968e-05 1.03084e-07 7.89348e-07 0 0
internal_weight=0 737 30675 7232 2947 506 375 23443 6001 17442 4285
internal_count=31412 737 30675 7232 2947 506 375 23443 6001 17442 4285
is_linear=0
shrinkage=0.03


Tree=3
num_leaves=12
num_cat=0
split_feature=1 9 8 4 22 24 4 4 18 9 3
split_gain=5.36915e-06 1.97283e-05 1.60504e-05 1.11434e-05 7.48829e-06 7.12478e-06 1.2258e-05 3.29227e-06 1.48935e-06 3.24273e-06 1.26568e-06
threshold=142.92288614344798 0.013999999999995795 0.00030330092515396413 0.14219999999999547 0.12138000000000114 1.0000000180025095e-35 0.20530000000000401 0.17779999999999921 0.0045696489051571801 0.038499999999999097 0.0029002120944386766
decision_type=2 2 2 2 2 2 2 2 2 2 2
left_child=1 -1 -3 8 -4 7 -7 -5 9 -2 -10
right_child=3 2 4 5 -6 6 -8 -9 10 -11 -12
leaf_value=0 0 0 0 -1.1141612868101661e-06 1.2290140291665533e-05 0 -4.1553458753790044e-06 1.1133470290440432e-06 -8.2038768937920462e-07 1.258812884884661e-06 0
leaf_weight=210 17554 230 30 982 288 3363 1579 1406 1692 2937 1161
leaf_count=210 17554 230 30 982 288 3363 1579 1406 1692 2937 1161
internal_value=0 2.47249e-06 6.38943e-06 -7.98049e-08 1.07545e-05 -1.15792e-06 -1.81272e-06 0 1.30229e-07 2.91091e-07 0
internal_weight=0 758 548 30674 318 7330 4942 2388 23344 20491 2853
internal_count=31432 758 548 30674 318 7330 4942 2388 23344 20491 2853
is_linear=0
shrinkage=0.03


Tree=4
num_leaves=13
num_cat=0
split_feature=1 4 8 6 1 3 13 0 22 22 22 22
split_gain=1.19468e-05 1.29002e-05 5.29118e-06 6.33759e-06 1.04999e-05 4.53696e-06 2.92317e-06 5.95018e-06 2.71082e-06 4.02333e-06 8.01263e-07 1.54705e-06
threshold=157.26542796134086 0.18124999999999719 0.0011174146176288018 0.0013663205389764139 144.80409874510858 0.001795813259194998 -0.0022813225000132818 147.40962592188743 0.26537500000000286 0.11605499999999788 0.10908750000000154 0.054025000000000468
decision_type=2 2 2 2 2 2 2 2 2 2 2 2
left_child=2 10 3 5 -5 -1 -4 -8 9 -3 11 -2
right_child=1 8 6 4 -6 -7 7 -9 -10 -11 -12 -13
leaf_value=0 0 0 0 0 -3.1710051313864489e-06 6.5545294650702535e-07 5.2319743007118579e-06 0 0 -1.412902843460508e-05 0 -1.1013255326183959e-06
leaf_weight=12331 418 32 72 286 1359 12980 522 996 35 134 574 1749
leaf_count=12331 418 32 72 286 1359 12980 522 996 35 134 574 1749
internal_value=0 -1.76704e-06 2.34096e-07 1.90295e-08 -1.60147e-06 2.42901e-07 1.99286e-06 2.42741e-06 -1.01574e-05 -1.18116e-05 -5.57349e-08 -5.80201e-07
internal_weight=0 2942 28546 26956 1645 25311 1590 1518 201 166 2741 2167
internal_count=31488 2942 28546 26956 1645 25311 1590 1518 201 166 2741 2167
is_linear=0
shrinkage=0.03


Tree=5
num_leaves=13
num_cat=0
split_feature=1 21 23 23 21 13 13 21 12 15 22 23
split_gain=8.01472e-06 1.09094e-05 2.31214e-05 9.80332e-06 6.31175e-06 1.36175e-05 1.54538e-05 6.81089e-06 5.34968e-06 2.92423e-06 7.29408e-07 8.32866e-07
threshold=157.26542796134086 0.0012911728386038538 2.0575286262233572 1.29165925054829 0.0012629813027265901 -0.00074127819199700678 -0.0022813225000132818 0.00092961990708649068 0.024390095208204347 3.162143020520556e-05 0.10908750000000154 1.3238661987582705
decision_type=2 2 2 2 2 2 2 2 2 2 2 2
left_child=4 10 3 -3 7 6 -6 9 -9 -1 11 -2
right_child=1 2 -4 -5 5 -7 -8 8 -10 -11 -12 -13
leaf_value=5.1813414518847631e-07 -9.040085373277271e-07 0 0 -2.4048062390421863e-05 0 0 5.5444231451693323e-06 -2.0332860718959365e-06 0 -2.2284624557058831e-08 0 0
leaf_weight=10813 1720 31 45 80 191 2174 1039 2580 1789 9786 614 469
leaf_count=10813 1720 31 45 80 191 2174 1039 2580 1789 9786 614 469
internal_value=0 -1.54923e-06 -1.03983e-05 -1.83955e-05 6.22921e-08 1.30418e-06 3.82961e-06 0 -1.15745e-06 1.15768e-07 0 -5.47563e-07
internal_weight=0 2959 156 111 28372 3404 1230 24968 4369 20599 2803 2189
internal_count=31331 2959 156 111 28372 3404 1230 24968 4369 20599 2803 2189
is_linear=0
shrinkage=0.03


Tree=6
num_leaves=11
num_cat=0
split_feature=20 10 0 5 2 7 9 21 12 21
split_gain=7.84454e-06 1.59953e-05 1.33818e-05 1.6512e-05 1.32927e-05 7.87238e-06 2.94263e-06 2.9348e-06 7.60078e-06 1.07864e-06
threshold=0.019886693146148871 0.040500000000008647 146.92349002971176 0.12850000000000253 0.12116713880426745 0.0095000000000027302 0.0030000000000001141 0.0008866519720495291 -0.12720958630288234 0.00043420969496843134
decision_type=2 2 2 2 2 2 2 2 2 2
left_child=2 -2 3 -1 -5 -3 -7 9 -9 -4
right_child=1 5 7 4 -6 6 -8 8 -10 -11
leaf_value=0 0 0 0 5.1925055751860807e-06 0 0 -5.7761180579678192e-06 0 -1.5273472119279153e-06 3.0080392877336856e-07
leaf_weight=1697 1874 133 7793 1465 88 108 915 1270 4015 11996
leaf_count=1697 1874 133 7793 1465 88 108 915 1270 4015 11996
internal_value=0 -1.45493e-06 1.50911e-07 1.97576e-06 4.21116e-06 -4.24201e-06 -5.22068e-06 0 -6.91396e-07 7.61341e-08
internal_weight=0 3030 28324 3250 1553 1156 1023 25074 5285 19789
internal_count=31354 3030 28324 3250 1553 1156 1023 25074 5285 19789
is_linear=0
shrinkage=0.03


Tree=7
num_leaves=11
num_cat=0
split_feature=1 20 0 9 10 1 9 7 8 10
split_gain=9.18958e-06 4.02051e-06 1.42e-05 1.58703e-05 7.03782e-06 1.32756e-05 2.40341e-06 1.88704e-06 1.48989e-06 7.61297e-07
threshold=157.26542796134086 0.018786088784669929 147.36291571608322 0.013999999999995795 0.045000000000001712 150.31832405846811 0.0019999999999953393 0.0054999999999978408 0.00029332325600986089 0.11100000000000422
decision_type=2 2 2 2 2 2 2 2 2 2
left_child=1 2 3 -1 -3 -6 -2 -8 -4 -9
right_child=6 4 8 -5 5 -7 7 9 -10 -11
leaf_value=0 0 0 2.6293671746159802e-07 3.3313007384634148e-06 -5.9423157651263326e-06 0 0 -2.3194387979890675e-06 -2.3167504369353815e-07 0
leaf_weight=1410 392 2036 12661 2763 542 468 320 2222 8673 61
leaf_count=1410 392 2036 12661 2763 542 468 320 2222 8673 61
internal_value=0 1.73609e-07 3.75932e-07 1.9814e-06 -5.35683e-07 -2.67083e-06 -1.57281e-06 -1.91755e-06 0 -2.22172e-06
internal_weight=0 28553 25507 4173 3046 1010 2995 2603 21334 2283
internal_count=31548 28553 25507 4173 3046 1010 2995 2603 21334 2283
is_linear=0
shrinkage=0.03


Tree=8
num_leaves=12
num_cat=0
split_feature=1 9 3 8 21 13 23 4 1 21 1
split_gain=6.24835e-06 1.56285e-05 1.07436e-05 1.05268e-05 6.89727e-06 9.75587e-06 1.26312e-05 3.26871e-06 1.97913e-06 1.63322e-06 1.15603e-06
threshold=144.80409874510858 0.012499999999988633 -0.15974607527746162 0.00015510990247624611 0.00091294263245516791 -0.00081663259663809133 1.1946487438824813 0.18309999999999749 149.61433885285592 0.0003638230165588779 150.85927057232769
decision_type=2 2 2 2 2 2 2 2 2 2 2
left_child=1 -1 -3 -4 8 7 -7 -6 9 -2 -10
right_child=4 2 3 -5 5 6 -8 -9 10 -11 -12
leaf_value=0 0 0 0 6.2196789918961639e-06 0 0 -3.1495865917231231e-06 1.6225027233479477e-06 -4.3006762780657051e-07 7.7719098156906114e-07 1.4696751609425948e-07
leaf_weight=505 1009 75 292 1004 551 3049 2585 1117 4401 6554 10478
leaf_count=505 1009 75 292 1004 551 3049 2585 1117 4401 6554 10478
internal_value=0 1.73511e-06 3.79141e-06 4.76071e-06 0 -8.67818e-07 -1.59197e-06 0 1.77612e-07 5.73677e-07 0
internal_weight=0 1876 1371 1296 29744 7302 5634 1668 22442 7563 14879
internal_count=31620 1876 1371 1296 29744 7302 5634 1668 22442 7563 14879
is_linear=0
shrinkage=0.03


Tree=9
num_leaves=11
num_cat=0
split_feature=17 0 2 4 10 1 23 20 13 0
split_gain=5.14576e-06 9.19633e-06 6.65465e-06 1.3091e-05 5.65645e-06 8.54812e-06 4.22693e-06 1.05513e-06 3.98636e-06 1.15287e-06
threshold=0.015115885158113908 147.36291571608322 0.11601817923484249 0.17440000000000569 0.025499999999993864 142.92288614344798 1.1897595155648275 -0.015651254586490058 -0.0012888094942163494 155.60165050445082
decision_type=2 2 2 2 2 2 2 2 2 2
left_child=1 2 3 -1 -2 -6 -7 8 -3 -9
right_child=4 7 -4 -5 5 6 -8 9 -10 -11
leaf_value=0 0 0 0 5.6350523394296461e-06 0 0 -4.8044216422716372e-06 2.6664938900286057e-07 -1.3235363385000677e-06 0
leaf_weight=2773 2363 454 174 856 143 1373 869 15570 2550 4293
leaf_count=2773 2363 454 174 856 143 1373 869 15570 2550 4293
internal_value=0 2.07591e-07 1.57425e-06 2.06087e-06 -8.56301e-07 -1.89569e-06 -2.69323e-06 0 -5.4123e-07 5.91559e-08
internal_weight=0 26670 3803 3629 4748 2385 2242 22867 3004 19863
internal_count=31418 26670 3803 3629 4748 2385 2242 22867 3004 19863
is_linear=0
shrinkage=0.03


Tree=10
num_leaves=12
num_cat=0
split_feature=0 21 3 2 7 2 13 16 15 0 9
split_gain=6.78006e-06 1.13854e-05 1.77732e-05 1.64733e-05 3.10382e-06 3.74161e-06 5.72164e-06 1.01874e-06 4.71943e-06 4.40787e-07 1.51145e-08
threshold=146.92349002971176 0.0011616344171654993 -0.15974607527746162 0.12590097217996291 0.04000000000000626 0.036599917126565636 -0.00074127819199700678 -0.00018607547027023083 -0.00071132494329829803 148.15588621227582 0.057000000000002167
decision_type=2 2 2 2 2 2 2 2 2 2 2
left_child=1 -1 -3 -4 7 6 -6 8 -2 -7 -9
right_child=4 2 3 -5 5 9 -8 10 -10 -11 -12
leaf_value=0 0 0 6.6217191214223966e-06 0 0 0 -1.2270685733714141e-06 -3.6453783109306376e-08 1.2006455354648859e-06 3.8938164861198629e-07 0
leaf_weight=2565 395 181 1066 191 1472 487 7782 10236 3582 2616 816
leaf_count=2565 395 181 1066 191 1472 487 7782 10236 3582 2616 816
internal_value=0 1.19262e-06 3.32893e-06 5.03957e-06 -1.22015e-07 -5.08966e-07 -8.42481e-07 0 4.80118e-07 0 0
internal_weight=0 4003 1438 1257 27386 12357 9254 15029 3977 3103 11052
internal_count=31389 4003 1438 1257 27386 12357 9254 15029 3977 3103 11052
is_linear=0
shrinkage=0.03


Tree=11
num_leaves=12
num_cat=0
split_feature=1 23 15 4 16 3 22 23 10 20 0
split_gain=8.61559e-06 7.78353e-06 6.1379e-06 4.82071e-06 1.09707e-05 9.69959e-06 4.74598e-06 5.26751e-06 3.18731e-06 3.42639e-06 6.26259e-08
threshold=157.26542796134086 0.70208333207806628 3.7283790544230313e-05 0.18509999999999852 -0.0012141153906114666 -0.17096645649361544 0.054559999999996701 2.1672443163425785 0.039500000000003872 -0.030192905751673032 147.73215919631642
decision_type=2 2 2 2 2 2 2 2 2 2 2
left_child=2 -2 3 4 -1 -5 -3 -8 10 -10 -4
right_child=1 6 8 5 -6 -7 7 -9 9 -11 -12
leaf_value=-1.822096944520632e-06 0 0 1.6802099720314567e-07 0 6.5229725989805408e-07 3.3582464354029999e-06 -3.4948727498292151e-06 0 0 -1.4998989649912531e-06 0
leaf_weight=1559 579 394 1996 362 11550 1619 1912 47 72 2877 8275
leaf_count=1559 579 394 1996 362 11550 1619 1912 47 72 2877 8275
internal_value=0 -1.58232e-06 1.20609e-07 5.99015e-07 1.29128e-07 2.19361e-06 -2.46905e-06 -3.0825e-06 -1.9855e-07 -1.07204e-06 0
internal_weight=0 2932 28310 15090 13109 1981 2353 1959 13220 2949 10271
internal_count=31242 2932 28310 15090 13109 1981 2353 1959 13220 2949 10271
is_linear=0
shrinkage=0.03


Tree=12
num_leaves=14
num_cat=0
split_feature=20 0 8 13 0 16 5 21 13 23 0 0 16
split_gain=7.26804e-06 1.84082e-05 1.90161e-05 9.34516e-06 6.50277e-06 2.25506e-06 3.65845e-06 2.06872e-06 6.58615e-06 6.98978e-07 2.67118e-07 2.33531e-07 2.14222e-09
threshold=0.019410780680945438 146.92349002971176 0.00021935436717603174 0.001250670147601166 151.58089143675019 0.0047619104469322328 0.16600000000001106 0.0008866519720495291 -0.00079008462398363021 0.80072347186033299 156.41131105707356 159.61254919162982 0.00012621655216809362
decision_type=2 2 2 2 2 2 2 2 2 2 2 2 2
left_child=1 2 12 -4 5 6 -2 9 -9 -3 -6 -12 -1
right_child=4 7 3 -5 10 -7 -8 8 -10 -11 11 -13 -14
leaf_value=-5.386486504113143e-08 0 -6.120121355316225e-08 4.50412165218863e-06 0 2.4843430188178554e-07 0 -5.364891537572182e-06 0 -1.4223109532996556e-06 2.1326191849269293e-07 -9.8587295434483335e-07 0 0
leaf_weight=664 947 6281 2099 81 1119 74 597 1345 3859 13314 392 64 442
leaf_count=664 947 6281 2099 81 1119 74 597 1345 3859 13314 392 64 442
internal_value=0 1.35887e-07 2.27887e-06 3.95933e-06 -1.37328e-06 -2.70871e-06 -3.00045e-06 -2.71403e-08 -6.01039e-07 0 0 -6.12593e-07 0
internal_weight=0 28085 3286 2180 3193 1618 1544 24799 5204 19595 1575 456 1106
internal_count=31278 28085 3286 2180 3193 1618 1544 24799 5204 19595 1575 456 1106
is_linear=0
shrinkage=0.03


Tree=13
num_leaves=12
num_cat=0
split_feature=7 21 1 13 17 21 3 0 10 3 23
split_gain=4.69425e-06 1.14966e-05 8.32533e-06 7.55568e-06 7.62148e-06 1.47279e-05 7.04685e-06 7.49689e-07 1.78323e-06 6.3237e-07 7.85025e-08
threshold=0.16600000000001106 0.00092961990708649068 144.80409874510858 0.00099142280616932666 0.047951319827546836 0.0012098726810208106 -0.11692911857420912 149.6573889607524 0.011499999999998069 -0.0012557492976406981 0.97035141613060472
decision_type=2 2 2 2 2 2 2 2 2 2 2
left_child=1 7 10 4 5 -2 -4 8 -1 -9 -3
right_child=3 2 6 -5 -6 -7 -8 9 -10 -11 -12
leaf_value=0 0 0 0 0 0 6.4522749966223358e-06 -2.2574707325077337e-06 -3.1462402795864303e-07 6.5551872254572761e-07 0 3.2485364474874709e-07
leaf_weight=2908 677 348 830 190 95 723 4944 5749 5313 8879 669
leaf_count=2908 677 348 830 190 95 723 4944 5749 5313 8879 669
internal_value=0 -1.85478e-07 -1.2935e-06 1.37919e-06 2.58667e-06 3.47023e-06 -1.80703e-06 1.25653e-08 2.8724e-07 0 0
internal_weight=0 29640 6791 1685 1495 1400 5774 22849 8221 14628 1017
internal_count=31325 29640 6791 1685 1495 1400 5774 22849 8221 14628 1017
is_linear=0
shrinkage=0.03


Tree=14
num_leaves=13
num_cat=0
split_feature=23 21 21 13 17 13 22 4 2 23 0 20
split_gain=5.45845e-06 1.15807e-05 1.06923e-05 1.69996e-05 6.96118e-06 6.14547e-06 4.62406e-06 2.7223e-06 2.43118e-06 3.38018e-06 2.72215e-06 7.11251e-09
threshold=1.2797749652108561 0.0011849400575106399 0.00091793377280829057 -0.00081663259663809133 0.052345479139238815 0.001905169394417078 0.28376499999999899 0.21449999999999822 -0.050910723259306671 0.85535873900379367 147.6304822026523 0.0099009679489091302
decision_type=2 2 2 2 2 2 2 2 2 2 2 2
left_child=1 8 11 7 5 -3 -5 -4 9 -1 -10 -2
right_child=2 4 3 6 -6 -7 -8 -9 10 -11 -12 -13
leaf_value=0 5.1650227789211301e-08 3.4010275657024695e-06 0 -3.8499858590722104e-06 0 0 0 2.1450117553273149e-06 9.2222143766481062e-07 -2.0254098867128449e-06 0 0
leaf_weight=915 2399 1991 326 2238 195 83 38 532 3027 1244 18004 472
leaf_count=915 2399 1991 326 2238 195 83 38 532 3027 1244 18004 472
internal_value=0 1.79139e-07 -8.25816e-07 -2.09205e-06 2.22542e-06 2.90483e-06 -3.57028e-06 0 0 -9.77433e-07 7.70734e-08 0
internal_weight=0 25459 6005 3134 2269 2074 2276 858 23190 2159 21031 2871
internal_count=31464 25459 6005 3134 2269 2074 2276 858 23190 2159 21031 2871
is_linear=0
shrinkage=0.03


Tree=15
num_leaves=12
num_cat=0
split_feature=1 23 23 21 15 3 4 6 8 20 4
split_gain=6.56677e-06 5.12765e-06 5.43437e-06 9.5118e-06 2.93324e-06 6.95909e-06 3.41907e-06 9.72743e-07 1.57068e-05 1.01072e-06 5.65861e-07
threshold=157.18066086937378 0.70208333207806628 1.9824867242069897 0.0012911728386038538 -7.6687960688149738e-05 -0.0090123928660160221 0.066399999999994477 0.001287539085821859 0.0011174146176288018 -0.0036241712498454558 0.18509999999999852
decision_type=2 2 2 2 2 2 2 2 2 2 2
left_child=4 -2 3 -3 5 10 -7 9 -9 -6 -1
right_child=1 2 -4 -5 7 6 -8 8 -10 -11 -12
leaf_value=-2.5840116673115977e-07 0 -5.9977988711825591e-07 0 -1.432783807052802e-05 -4.1220396568092001e-09 0 1.9124571897530613e-06 -3.9096045519265413e-06 0 2.7040144860278173e-07 3.9008961873671809e-07
leaf_weight=4517 650 2366 92 107 3250 1246 3564 981 715 12568 1364
leaf_count=4517 650 2366 92 107 3250 1246 3564 981 715 12568 1364
internal_value=0 -1.22854e-06 -1.92108e-06 -2.40939e-06 1.93573e-07 5.88021e-07 1.43891e-06 0 -7.14504e-07 2.43476e-08 0
internal_weight=0 3215 2565 2473 28205 10691 4810 17514 1696 15818 5881
internal_count=31420 3215 2565 2473 28205 10691 4810 17514 1696 15818 5881
is_linear=0
shrinkage=0.03


Tree=16
num_leaves=12
num_cat=0
split_feature=1 15 16 4 5 10 9 6 0 12 5
split_gain=3.26665e-06 3.14449e-06 2.60182e-06 8.39135e-06 3.65017e-06 1.4594e-06 1.76e-06 1.26734e-06 2.95227e-07 2.84804e-06 1.49776e-06
threshold=157.26542796134086 -7.6687960688149738e-05 -0.0012141153906114666 0.18124999999999719 0.10899999999999467 0.11100000000000422 0.0019999999999953393 0.0005556084278807242 146.92349002971176 0.17076885223221441 0.084499999999991374
decision_type=2 2 2 2 2 2 2 2 2 2 2
left_child=1 2 3 -1 -4 6 -2 -8 9 -3 -10
right_child=5 8 4 -5 -6 -7 7 -9 10 -11 -12
leaf_value=-1.7142851999264578e-06 0 1.137850388784276e-06 0 1.5151307531510456e-06 1.7054378606384118e-06 0 0 -2.5967584063913491e-06 0 0 -4.784356640031798e-07
leaf_weight=1548 362 1994 4928 1307 3149 79 1575 930 8359 249 6966
leaf_count=1548 362 1994 4928 1307 3149 79 1575 930 8359 249 6966
internal_value=0 1.57115e-07 5.68523e-07 0 8.52852e-07 -8.71216e-07 -1.11264e-06 -1.43145e-06 0 9.21498e-08 -1.26863e-07
internal_weight=0 28500 10932 2855 8077 2946 2867 2505 17568 2243 15325
internal_count=31446 28500 10932 2855 8077 2946 2867 2505 17568 2243 15325
is_linear=0
shrinkage=0.03


Tree=17
num_leaves=11
num_cat=0
split_feature=3 21 23 9 0 23 3 23 6 13
split_gain=7.52041e-06 7.39823e-06 1.32942e-05 6.55806e-06 9.16619e-06 1.02542e-05 5.22079e-06 4.0338e-06 3.72046e-06 1.08566e-06
threshold=0.14971633497029216 0.0014921028649926358 1.4809445662185772 0.038499999999999097 146.63586297622467 0.7498301578757437 -0.042175181643299926 1.0875130084194804 0.00055977235986206045 0.00024184420756795394
decision_type=2 2 2 2 2 2 2 2 2 2
left_child=3 -2 -3 6 5 -5 8 -6 -1 -8
right_child=1 2 -4 4 7 -7 9 -9 -10 -11
leaf_value=0 0 -1.3198821877378532e-05 0 0 1.1024232910014189e-06 4.8793920435327645e-06 0 -2.51143634084352e-07 -1.8190060926936403e-06 4.1270776867750205e-07
leaf_weight=796 360 143 88 193 2839 998 14676 2845 2423 5905
leaf_count=796 360 143 88 193 2839 998 14676 2845 2423 5905
internal_value=0 -3.28313e-06 -7.50354e-06 1.13133e-07 9.56807e-07 3.49377e-06 -4.54265e-09 0 -1.20444e-06 3.73911e-08
internal_weight=0 591 231 30675 6875 1191 23800 5684 3219 20581
internal_count=31266 591 231 30675 6875 1191 23800 5684 3219 20581
is_linear=0
shrinkage=0.03


Tree=18
num_leaves=11
num_cat=0
split_feature=0 23 0 22 8 17 12 17 0 13
split_gain=3.26018e-06 3.69758e-06 4.89149e-06 4.90581e-06 3.59175e-06 3.25067e-06 4.07311e-06 2.092e-06 4.08529e-06 1.81441e-06
threshold=157.28366245665651 0.69850312562247707 159.85528470655717 0.075192499999995818 0.0010885957633879199 0.057155185151547432 0.13571504130570136 0.015115885158113908 151.54608166499958 0.00017705521856313541
decision_type=2 2 2 2 2 2 2 2 2 2
left_child=4 -2 3 -3 7 6 -6 9 -9 -1
right_child=1 2 -4 -5 5 -7 -8 8 -10 -11
leaf_value=0 0 0 0 -3.7013289925400099e-06 2.6556988804518404e-06 0 0 -1.5412857317556468e-06 0 5.572650693985224e-07
leaf_weight=16197 603 633 677 1068 1455 114 146 2136 1650 6817
leaf_count=16197 603 633 677 1068 1455 114 146 2136 1650 6817
internal_value=0 -9.14395e-07 -1.56436e-06 -2.45117e-06 1.24399e-07 1.46341e-06 2.02997e-06 0 -6.07761e-07 1.45044e-07
internal_weight=0 2981 2378 1701 28515 1715 1601 26800 3786 23014
internal_count=31496 2981 2378 1701 28515 1715 1601 26800 3786 23014
is_linear=0
shrinkage=0.03


Tree=19
num_leaves=12
num_cat=0
split_feature=17 10 6 15 20 9 5 5 17 8 23
split_gain=3.84635e-06 7.54651e-06 4.39787e-06 4.01522e-06 3.66807e-06 3.40131e-06 6.17218e-06 1.97749e-06 1.83239e-06 7.46869e-07 2.93536e-07
threshold=0.015115885158113908 0.025499999999993864 0.00070280461995627101 -0.00091759881864203528 0.0099009679489091302 0.21900000000000833 0.19749999999999093 0.087500000000005698 0.0076397992122782437 0.0010885957633879199 0.82112977815835986
decision_type=2 2 2 2 2 2 2 2 2 2 2
left_child=2 -2 7 9 -5 6 -3 10 -9 -4 -1
right_child=1 5 3 4 -6 -7 -8 8 -10 -11 -12
leaf_value=0 0 0 -7.7941307637991429e-07 1.2938712230485406e-06 0 0 -5.2634632181625396e-06 -1.178466046086367e-06 0 0 1.7995900987405e-07
leaf_weight=5891 2411 1636 1106 6735 1141 33 666 2470 508 626 8157
leaf_count=5891 2411 1636 1106 6735 1141 33 666 2470 508 626 8157
internal_value=0 -8.02496e-07 1.23308e-07 6.73695e-07 1.00621e-06 -2.05351e-06 -2.36788e-06 -1.10977e-08 -7.73455e-07 0 0
internal_weight=0 4746 26634 9608 7876 2335 2302 17026 2978 1732 14048
internal_count=31380 4746 26634 9608 7876 2335 2302 17026 2978 1732 14048
is_linear=0
shrinkage=0.03


Tree=20
num_leaves=11
num_cat=0
split_feature=20 22 3 8 3 4 10 8 5 21
split_gain=2.67912e-06 9.41736e-06 1.44006e-05 1.03168e-05 6.69649e-06 6.09396e-06 3.51515e-06 4.94214e-06 6.12264e-06 1.90016e-06
threshold=0.010319827864873501 0.22281500000000123 0.106044549945621 6.0871477008927252e-05 -0.039880905461362241 0.22144999999999584 0.023499999999998526 0.00014412337022285063 0.38450000000000278 0.00043420969496843134
decision_type=2 2 2 2 2 2 2 2 2 2
left_child=1 4 3 -3 5 -1 -2 -8 -9 -6
right_child=6 2 -4 -5 9 -7 7 8 -10 -11
leaf_value=-1.8133231102914757e-06 0 0 0 6.9844924370694518e-06 0 0 0 -2.6856303366763923e-06 0 4.4678447811996901e-07
leaf_weight=3248 3012 57 181 634 7618 574 979 2121 147 12724
leaf_count=3248 3012 57 181 634 7618 574 979 2121 147 12724
internal_value=0 9.6178e-08 3.15905e-06 5.59772e-06 0 -1.16601e-06 -5.90092e-07 -1.28271e-06 -2.07753e-06 2.01979e-07
internal_weight=0 25036 872 691 24164 3822 6259 3247 2268 20342
internal_count=31295 25036 872 691 24164 3822 6259 3247 2268 20342
is_linear=0
shrinkage=0.03


end of trees

feature_importances:
ema_fast=23
atr_ratio=20
ema_slow=18
atr_normalized=18
ema_cross_pct=17
atr=15
atr_ma=13
macd_signal=12
upper_shadow=12
body_pct=11
lower_shadow=10
price_ema_slow_dist=9
macd_strength=9
range=8
macd_hist=8
range_pct=7
price_ema_fast_dist=7
macd=5
ema_cross=5
body=4
macd_hist_change=1
signal_convergence=1

parameters:
[boosting: gbdt]
[objective: regression]
[metric: rmse]
[tree_learner: serial]
[device_type: cpu]
[data: ]
[valid: ]
[num_iterations: 300]
[learning_rate: 0.03]
[num_leaves: 16]
[num_threads: 8]
[deterministic: 0]
[force_col_wise: 0]
[force_row_wise: 0]
[histogram_pool_size: -1]
[max_depth: 4]
[min_data_in_leaf: 30]
[min_sum_hessian_in_leaf: 0.001]
[bagging_fraction: 0.8]
[pos_bagging_fraction: 1]
[neg_bagging_fraction: 1]
[bagging_freq: 1]
[bagging_seed: 9057]
[feature_fraction: 0.8]
[feature_fraction_bynode: 1]
[feature_fraction_seed: 15199]
[extra_trees: 0]
[extra_seed: 31159]
[early_stopping_round: 0]
[first_metric_only: 0]
[max_delta_step: 0]
[lambda_l1: 0.1]
[lambda_l2: 0.5]
[linear_lambda: 0]
[min_gain_to_split: 0]
[drop_rate: 0.1]
[max_drop: 50]
[skip_drop: 0.5]
[xgboost_dart_mode: 0]
[uniform_drop: 0]
[drop_seed: 20727]
[top_rate: 0.2]
[other_rate: 0.1]
[min_data_per_group: 100]
[max_cat_threshold: 32]
[cat_l2: 10]
[cat_smooth: 10]
[max_cat_to_onehot: 4]
[top_k: 20]
[monotone_constraints: ]
[monotone_constraints_method: basic]
[monotone_penalty: 0]
[feature_contri: ]
[forcedsplits_filename: ]
[refit_decay_rate: 0.9]
[cegb_tradeoff: 1]
[cegb_penalty_split: 0]
[cegb_penalty_feature_lazy: ]
[cegb_penalty_feature_coupled: ]
[path_smooth: 0]
[interaction_constraints: ]
[verbosity: 1]
[saved_feature_importance_type: 0]
[linear_tree: 0]
[max_bin: 255]
[max_bin_by_feature: ]
[min_data_in_bin: 3]
[bin_construct_sample_cnt: 200000]
[data_random_seed: 218]
[is_enable_sparse: 1]
[enable_bundle: 1]
[use_missing: 1]
[zero_as_missing: 0]
[feature_pre_filter: 1]
[pre_partition: 0]
[two_round: 0]
[header: 0]
[label_column: ]
[weight_column: ]
[group_column: ]
[ignore_column: ]
[categorical_feature: ]
[forcedbins_filename: ]
[precise_float_parser: 0]
[parser_config_file: ]
[objective_seed: 19100]
[num_class: 1]
[is_unbalance: 0]
[scale_pos_weight: 1]
[sigmoid: 1]
[boost_from_average: 1]
[reg_sqrt: 0]
[alpha: 0.9]
[fair_c: 1]
[poisson_max_delta_step: 0.7]
[tweedie_variance_power: 1.5]
[lambdarank_truncation_level: 30]
[lambdarank_norm: 1]
[label_gain: ]
[lambdarank_position_bias_regularization: 0]
[eval_at: ]
[multi_error_top_k: 1]
[auc_mu_weights: ]
[num_machines: 1]
[local_listen_port: 12400]
[time_out: 120]
[machine_list_filename: ]
[machines: ]
[gpu_platform_id: -1]
[gpu_device_id: -1]
[gpu_use_dp: 0]
[num_gpu: 1]

end of parameters

pandas_categorical:[]
