tree
version=v4
num_class=1
num_tree_per_iteration=1
label_index=0
max_feature_idx=25
objective=regression
feature_names=rsi ema_fast ema_slow macd macd_signal range range_pct body body_pct upper_shadow lower_shadow is_bullish rsi_normalized rsi_overbought rsi_oversold rsi_divergence ema_cross ema_cross_pct ema_cross_signal price_ema_fast_dist price_ema_slow_dist macd_hist macd_hist_change macd_cross_signal macd_strength signal_convergence
feature_infos=[0:99.999992774566991] [139.84172317124145:161.9044463934776] [139.985622134078:161.8633237416141] [-0.81371595198632463:0.5970017482619312] [-0.71071676355148927:0.57046413909616056] [0:3.0139999999999816] [0:0.019088400286395583] [0:2.7609999999999957] [0:0.017392783349291913] [0:1.1620000000000061] [0:1.3590000000000089] [0:1] [-1:0.99999985549133985] [0:1] [0:1] [-89.854942239242206:87.39492126263913] [-1.0350786189282246:0.79769146520030176] [-0.006549151847441992:0.0054000600139474395] [0:1] [-0.014331159141718369:0.0093718883724765341] [-0.017546516855659215:0.012454695205154643] [-0.39438439545005155:0.22667986490852632] [-0.22179621176243974:0.13953656655988411] [0:1] [-0.33719861601597845:0.18761226476060436] [0:3]
tree_sizes=2852 2034 1968 2650 2095 2365 2160 2202 2760 2455 2200 2255 2806 2602 2564 2477

Tree=0
num_leaves=28
num_cat=0
split_feature=16 1 24 5 4 0 24 15 12 16 9 3 16 5 2 10 16 9 1 8 9 2 20 15 20 10 12
split_gain=3.10715e-05 2.80312e-05 3.13273e-05 2.8122e-05 2.54948e-05 2.06097e-05 1.9688e-05 1.49739e-05 1.32631e-05 1.3016e-05 1.17289e-05 1.15472e-05 8.89313e-06 1.04856e-05 7.19698e-06 7.12615e-06 6.24682e-06 6.02513e-06 5.00172e-06 3.47235e-06 5.03174e-06 6.4795e-06 3.36406e-06 3.15958e-06 2.64271e-06 1.30969e-06 3.23144e-08
threshold=0.21422943289007892 146.92349002971176 0.019890257863387373 0.12850000000000253 -0.20610275809468684 58.195539872149453 -0.015651254586490058 4.3203678136691481 -0.78065503272217762 -0.054833055033640214 0.0024999999999977267 0.13224573069871329 -0.10805254423952702 0.1295000000000073 147.51248935389609 0.0035000000000025015 0.065867014200861732 0.038499999999999097 147.17669221228661 0.00027777217581966202 0.00099999999999056421 142.66107813779567 -0.00070372922043809513 -13.814798050291065 -0.00040856345475758518 0.071000000000012178 -0.69877772143587258
decision_type=2 2 2 2 2 2 2 2 2 2 2 2 2 2 2 2 2 2 2 2 2 2 2 2 2 2 2
left_child=1 2 3 24 -5 -2 8 10 -3 14 -7 -6 18 17 -10 -12 -15 -14 -8 -4 -21 -22 -20 -17 26 -26 -1
right_child=5 6 19 4 11 7 12 -9 9 -11 15 -13 13 16 -16 23 -18 -19 22 20 21 -23 -24 -25 25 -27 -28
leaf_value=4.7848720581320742e-06 4.7848720581320742e-06 4.7848720581320742e-06 4.7848720581320742e-06 4.7848720581320742e-06 2.0422964794663379e-05 4.7848720581320742e-06 4.7848720581320742e-06 4.7848720581320742e-06 4.7848720581320742e-06 4.7848720581320742e-06 4.7848720581320742e-06 4.7848720581320742e-06 4.7848720581320742e-06 1.0223928782322928e-06 -6.1080374759000711e-06 4.7848720581320742e-06 4.7848720581320742e-06 7.6499924386523877e-06 1.2061928580505086e-05 4.7848720581320742e-06 4.7848720581320742e-06 -7.1773922983270004e-06 4.7848720581320742e-06 -2.1635244259408874e-05 7.8995981580144614e-06 4.7848720581320742e-06 4.3114858854396081e-06
leaf_weight=54 65 343 166 56 1259 23 28 80 41 1150 47 26 13968 2907 1147 13.999999999999998 1087 1931 812 18 90 262 144 317 1018 39 360
leaf_count=54 65 343 166 56 1259 23 28 80 41 1150 47 26 13968 2907 1147 14 1087 1931 812 18 90 262 144 317 1018 39 360
internal_value=4.78487e-06 4.83018e-06 9.2542e-06 1.19676e-05 1.74565e-05 -7.13332e-06 4.41361e-06 -1.15927e-05 3.6149e-07 -1.26618e-06 -1.55844e-05 1.95208e-05 4.78487e-06 4.70692e-06 -5.18626e-06 -1.79657e-05 2.25617e-06 5.00816e-06 9.52408e-06 4.34531e-06 -8.44151e-08 -3.00016e-06 1.08007e-05 -2.06064e-05 4.78487e-06 7.28438e-06 4.78487e-06
internal_weight=0 26906 3348 2812 1341 546 23558 481 2681 2338 401 1285 20877 19893 1188 378 3994 15899 984 536 370 352 956 331 1471 1057 414
internal_count=27452 26906 3348 2812 1341 546 23558 481 2681 2338 401 1285 20877 19893 1188 378 3994 15899 984 536 370 352 956 331 1471 1057 414
is_linear=0
shrinkage=1


Tree=1
num_leaves=23
num_cat=0
split_feature=2 2 16 5 4 12 9 21 8 21 4 24 2 5 24 6 24 7 9 21 7 2
split_gain=2.88054e-05 1.39101e-05 1.65378e-05 2.29034e-05 1.74819e-05 1.21807e-05 8.27603e-06 7.12472e-06 6.93126e-06 1.21459e-05 8.66024e-06 6.98941e-06 6.59126e-06 4.67345e-06 8.64096e-06 4.56278e-06 4.26843e-06 2.77076e-06 4.51561e-06 3.93811e-06 2.21981e-06 1.33818e-06
threshold=157.26542796134086 144.80409874510858 0.1562879608012793 0.092500000000001151 -0.1504694601697612 0.6587951359167733 0.011499999999998069 -0.086611781908479776 0.00022314985585582852 0.0040229797298164264 -0.013940384003731305 0.047047845733713428 159.1136154483477 0.052000000000006714 -0.018374767543620281 0.00023452083276034657 0.019427466085986559 0.12450000000001184 0.0024999999999977267 -0.01070819053238606 0.0019999999999953393 149.23467975125439
decision_type=2 2 2 2 2 2 2 2 2 2 2 2 2 2 2 2 2 2 2 2 2 2
left_child=1 2 3 -1 -5 -6 -2 -8 13 17 11 -11 15 -3 -15 -9 -16 19 -19 -10 -17 -12
right_child=6 8 -4 4 5 -7 7 12 9 10 21 -13 -14 14 16 20 -18 18 -20 -21 -22 -23
leaf_value=0 0 0 0 0 1.4329928128768735e-05 0 0 0 -2.113724520891197e-06 -6.8234067636359149e-06 -1.6317242972124447e-06 0 0 0 3.2266873374788833e-06 0 0 0 4.0629304723220869e-06 1.024409631862935e-08 -1.2735283982416309e-05 0
leaf_weight=290 1094 4634 179 89 1020 34 13.999999999999998 52 2203 1678 1256 82 516 591 5054 27 621 257 1103 3901 875 1855
leaf_count=290 1094 4634 179 89 1020 34 14 52 2203 1678 1256 82 516 591 5054 27 621 257 1103 3901 875 1855
internal_value=0 2.85236e-07 4.77701e-06 7.38315e-06 1.08816e-05 1.30326e-05 -5.21252e-06 -7.81862e-06 0 -8.37891e-07 -2.83035e-06 -5.87069e-06 -8.59218e-06 8.91729e-07 1.80213e-06 -1.14455e-05 2.71884e-06 0 2.25642e-06 0 -1.22958e-05 0
internal_weight=0 24847 1612 1433 1143 1054 2578 1484 23235 12335 4871 1760 1470 10900 6266 954 5675 7464 1360 6104 902 3111
internal_count=27425 24847 1612 1433 1143 1054 2578 1484 23235 12335 4871 1760 1470 10900 6266 954 5675 7464 1360 6104 902 3111
is_linear=0
shrinkage=0.05


Tree=2
num_leaves=22
num_cat=0
split_feature=16 2 22 24 7 9 10 12 15 10 15 20 16 24 7 6 1 12 1 16 12
split_gain=3.25568e-05 5.09365e-05 3.56822e-05 3.28861e-05 2.00869e-05 1.92799e-05 1.56065e-05 1.50011e-05 1.30133e-05 1.11799e-05 7.46457e-06 4.3665e-06 4.37091e-06 2.95356e-06 3.85908e-06 6.39525e-06 2.71799e-06 2.06957e-06 2.6109e-06 1.53527e-06 1.38195e-06
threshold=0.21422943289007892 146.7755330999405 -0.0092813651067578506 0.016361361985912839 0.010500000000007505 0.010000000000005118 0.0035000000000025015 0.82075342050668343 -16.525447962711521 1.0000000180025095e-35 5.6944327261474337 -0.00082505913936370911 0.08542889718710002 -0.016035688781938513 0.049499999999994777 0.00033139275258383636 147.40962592188743 -0.83758123278929386 147.36291571608322 -0.10805254423952702 0.17892288346732646
decision_type=2 2 2 2 2 2 2 2 2 2 2 2 2 2 2 2 2 2 2 2 2
left_child=1 3 6 4 -1 -6 -2 8 -8 -7 13 -12 16 17 15 -15 -13 -3 -19 -16 -10
right_child=2 10 -4 -5 5 9 7 -9 20 -11 11 12 -14 14 19 -17 -18 18 -20 -21 -22
leaf_value=0 0 0 0 0 0 0 0 0 0 1.5486415187215067e-05 0 0 0 0 2.0071060311467732e-06 2.1840805945925378e-06 -3.2500032966888456e-06 0 -2.7187962655791821e-06 -6.6606384684244976e-07 -4.43951205002986e-05
leaf_weight=273 18 284 316 596 554 81 12.999999999999998 18 9.9999999999999982 1437 503 252 401 4009 404 7049 4342 108 1694 4978 139
leaf_count=273 18 284 316 596 554 81 13 18 10 1437 503 252 401 4009 404 7049 4342 108 1694 4978 139
internal_value=0 5.72272e-07 -1.19304e-05 6.80393e-06 9.64931e-06 1.13844e-05 -2.86064e-05 -3.34079e-05 -3.83471e-05 1.4444e-05 0 -1.77015e-06 -2.37364e-06 2.78035e-07 6.9721e-07 1.26297e-06 -2.9162e-06 -6.28543e-07 -1.82421e-06 0 -4.26143e-05
internal_weight=0 26965 514 2941 2345 2072 198 180 162 1518 24024 5498 4995 18526 16440 11058 4594 2086 1802 5382 149
internal_count=27479 26965 514 2941 2345 2072 198 180 162 1518 24024 5498 4995 18526 16440 11058 4594 2086 1802 5382 149
is_linear=0
shrinkage=0.05


Tree=3
num_leaves=31
num_cat=0
split_feature=21 2 1 5 5 16 1 4 3 10 7 24 7 16 16 24 0 10 1 2 20 24 5 16 2 2 2 22 2 20
split_gain=2.143e-05 1.62905e-05 4.11445e-05 1.72683e-05 2.78482e-05 1.84359e-05 1.52097e-05 1.70482e-05 1.22859e-05 1.13527e-05 1.20686e-05 3.99866e-06 7.57737e-06 1.36858e-05 7.38689e-06 8.8786e-06 4.22707e-06 2.13929e-06 2.11794e-06 6.61142e-06 3.90974e-06 1.2339e-06 1.99503e-06 8.83906e-07 5.79265e-06 2.15594e-06 9.02014e-07 7.56321e-08 6.38251e-09 2.80929e-09
threshold=0.022537369919812162 142.66107813779567 149.49494766400923 0.66149999999998965 0.16799999999999218 0.39245003495311442 147.36291571608322 -0.10016992834903073 0.13224573069871329 0.0030000000000001141 0.01299999999999102 -0.018374767543620281 0.1295000000000073 -0.029005630711750992 -0.10805254423952702 -0.012344201909554639 17.897050497220572 0.12850000000000253 155.85954132056145 154.9961501691225 -9.1201649109212178e-05 -0.034952435586593701 0.30700000000000222 0.023870662446100258 157.01962187037216 155.64948493183098 149.61433885285592 -0.014623395866713325 149.20112248427577 0.00099403706402055006
decision_type=2 2 2 2 2 2 2 2 2 2 2 2 2 2 2 2 2 2 2 2 2 2 2 2 2 2 2 2 2 2
left_child=6 -2 3 4 -3 -6 7 21 9 -9 -11 12 13 17 15 -13 -17 -8 19 -16 -20 -1 27 25 29 26 -4 -23 -14 -25
right_child=1 2 23 -5 5 -7 11 8 -10 10 -12 14 28 -15 18 16 -18 -19 20 -21 -22 22 -24 24 -26 -27 -28 -29 -30 -31
leaf_value=0 0 0 0 0 -2.9632553931304163e-05 0 -8.4301575334663325e-06 0 0 0 8.7892891869058283e-06 0 0 0 0 0 1.006051400836432e-05 0 -3.3616701580589602e-06 4.6117091703957874e-06 0 0 0 0 0 0 -4.496071374798341e-06 -5.3982125593402614e-06 2.0837083524829465e-07 4.8478318065895349e-06
leaf_weight=91 140 423 13.999999999999998 11.999999999999998 396 29 943 357 126 478 2301 174 72 672 13834 44 520 65 1178 859 2552 11.999999999999998 40 77 138 229 487 283 367 616
leaf_count=91 140 423 14 12 396 29 943 357 126 478 2301 174 72 672 13834 44 520 65 1178 859 2552 12 40 77 138 229 487 283 367 616
internal_value=0 -4.22357e-06 -5.97398e-06 -1.48312e-05 -1.65516e-05 -2.66444e-05 5.61844e-07 3.52785e-06 5.20909e-06 6.16582e-06 7.28776e-06 0 -2.00803e-06 -4.0445e-06 2.75131e-07 5.19331e-06 8.63738e-06 -7.82202e-06 0 3.45225e-07 -9.74638e-07 0 -3.03224e-06 0 0 -1.73925e-06 -3.89278e-06 -5.22661e-06 0 4.56968e-06
internal_weight=0 2561 2421 860 848 425 24968 3688 3262 3136 2779 21280 2119 1680 19161 738 564 1008 18423 14693 3730 426 335 1561 831 730 501 295 439 693
internal_count=27529 2561 2421 860 848 425 24968 3688 3262 3136 2779 21280 2119 1680 19161 738 564 1008 18423 14693 3730 426 335 1561 831 730 501 295 439 693
is_linear=0
shrinkage=0.05


Tree=4
num_leaves=24
num_cat=0
split_feature=17 2 9 4 8 24 24 15 3 17 2 21 1 0 1 6 10 10 4 15 2 2 8
split_gain=1.52058e-05 2.83458e-05 2.93019e-05 2.53724e-05 2.16325e-05 1.58169e-05 1.57137e-05 1.53743e-05 1.04056e-05 1.62648e-05 1.24439e-05 7.31887e-06 1.18525e-05 8.61979e-06 7.064e-06 9.60682e-06 6.47679e-06 7.46052e-06 6.43907e-06 4.24728e-06 1.84889e-06 1.55368e-06 7.26367e-08
threshold=0.0014227806729777508 144.80409874510858 0.0455000000000041 -0.18501118076190207 2.7226999503818534e-05 -0.0069842375378576941 -0.015651254586490058 7.3804270067022637 -0.15085903115829066 -0.00034132301308517464 147.51248935389609 0.012970122860102963 149.44020830329683 77.803595419604918 155.60165050445082 0.00032789218081254358 0.0054999999999978408 0.1674999999999898 0.10960302461290507 -13.814798050291065 156.62715552460301 152.71841689874833 0.0002095274152536648
decision_type=2 2 2 2 2 2 2 2 2 2 2 2 2 2 2 2 2 2 2 2 2 2 2
left_child=1 2 22 -4 -5 -2 8 16 -3 10 -10 14 13 -13 15 -8 -7 19 -6 -18 -16 -14 -1
right_child=5 6 3 4 18 7 11 -9 9 -11 -12 12 21 -15 20 -17 17 -19 -20 -21 -22 -23 -24
leaf_value=0 0 0 0 0 2.482327440816459e-05 0 0 0 0 0 -1.1670971543761269e-05 -8.3068962024495962e-06 2.0015976711776208e-06 0 -2.1801213487376505e-06 2.2961181952071495e-06 0 0 0 -2.3082329303813351e-05 0 0 4.8961743681856573e-07
leaf_weight=233 104 477 32 14.999999999999998 455 55 3677 37 189 1355 981 804 969 464 972 11194 19 12.999999999999998 26 297 2668 1809 757
leaf_count=233 104 477 32 15 455 55 3677 37 189 1355 981 804 969 464 972 11194 19 13 26 297 2668 1809 757
internal_value=0 3.2993e-07 6.97198e-06 1.66815e-05 2.05904e-05 -8.16888e-06 0 -1.33045e-05 -3.45813e-06 -4.95155e-06 -9.36159e-06 3.87e-07 -1.03485e-06 -5.1745e-06 9.679e-07 1.53416e-06 -1.71466e-05 -1.98046e-05 2.34412e-05 -2.16162e-05 0 0 0
internal_weight=0 27077 1518 528 496 525 25559 421 3002 2525 1170 22557 4046 1268 18511 14871 384 329 481 316 3640 2778 990
internal_count=27602 27077 1518 528 496 525 25559 421 3002 2525 1170 22557 4046 1268 18511 14871 384 329 481 316 3640 2778 990
is_linear=0
shrinkage=0.05


Tree=5
num_leaves=27
num_cat=0
split_feature=1 24 8 3 12 6 2 17 7 25 20 9 5 9 2 5 2 19 6 2 19 2 15 19 1 9
split_gain=2.04178e-05 2.50399e-05 1.57612e-05 1.54207e-05 1.8342e-05 2.31588e-05 1.42366e-05 1.21331e-05 1.12452e-05 1.08661e-05 1.01023e-05 8.81681e-06 6.66626e-06 6.26106e-06 5.94031e-06 5.90209e-06 1.57008e-05 4.45096e-06 3.92994e-06 3.43945e-06 3.93938e-06 4.65902e-06 4.68885e-06 2.09408e-06 1.88481e-06 1.44227e-06
threshold=146.92349002971176 0.019890257863387373 7.5187670765780468e-05 0.13224573069871329 -0.39402097229462052 0.000692971306515731 157.26542796134086 -0.0011110888125698678 0.059000000000011717 1.0000000180025095e-35 0.00052869991089689262 0.0024999999999977267 0.12850000000000253 0.010500000000007505 147.59967782044495 0.063500000000004789 159.1136154483477 -2.7351093755629632e-06 0.00042669152942295105 142.92288614344798 0.0017188008842891705 146.11714374787405 10.933315157083578 0.00047427726478734233 154.99509619636297 0.05649999999999978
decision_type=2 2 2 2 2 2 2 2 2 2 2 2 2 2 2 2 2 2 2 2 2 2 2 2 2 2
left_child=1 2 -1 4 -4 -6 7 13 17 -8 12 -11 -10 -2 -15 -13 -17 18 -9 -3 21 22 -21 -16 -19 -12
right_child=6 19 3 -5 5 -7 9 8 10 11 25 15 -14 14 23 16 -18 24 -20 20 -22 -23 -24 -25 -26 -27
leaf_value=0 0 0 0 0 0 1.540031106005554e-05 0 0 0 0 1.2493686297326995e-06 0 -5.28675804181024e-06 0 1.0263997986600626e-05 -1.360464362131077e-05 0 -8.4391265363323329e-07 2.5484249617807609e-06 -1.3131648901857185e-05 0 0 0 0 2.4427671848637682e-07 -1.6348333399806745e-06
leaf_weight=351 155 164 654 86 579 1228 342 3078 1642 368 1747 781 2508 25 617 771 336 6503 3370 242 50 116 28 33 1392 328
leaf_count=351 155 164 654 86 579 1228 342 3078 1642 368 1747 781 2508 25 617 771 336 6503 3370 242 50 116 28 33 1392 328
internal_value=0 3.66748e-06 6.15077e-06 7.6493e-06 8.7303e-06 1.13651e-05 -4.07675e-07 0 -2.22454e-07 -3.90279e-06 -2.12798e-06 -5.43865e-06 -3.58847e-06 5.94119e-06 8.15899e-06 -6.85671e-06 -9.66911e-06 2.56017e-07 1.36782e-06 0 -4.43836e-06 -6.90858e-06 -1.05478e-05 9.58944e-06 -1.87741e-08 0
internal_weight=0 3498 2898 2547 2461 1807 23996 21398 20568 2598 6225 2256 4150 830 675 1888 1107 14343 6448 600 436 386 270 650 7895 2075
internal_count=27494 3498 2898 2547 2461 1807 23996 21398 20568 2598 6225 2256 4150 830 675 1888 1107 14343 6448 600 436 386 270 650 7895 2075
is_linear=0
shrinkage=0.05


Tree=6
num_leaves=25
num_cat=0
split_feature=1 2 9 0 5 5 2 21 1 6 7 22 10 15 22 20 5 10 2 21 7 1 1 12
split_gain=2.64564e-05 9.94425e-06 2.1282e-05 1.35856e-05 9.38972e-06 8.66636e-06 1.07797e-05 8.51844e-06 2.63887e-05 1.06061e-05 1.35557e-05 7.2186e-06 5.94893e-06 4.63865e-06 4.58717e-06 3.62325e-06 4.90442e-06 3.2731e-06 5.18156e-06 1.98315e-06 1.20921e-06 1.20208e-06 2.13437e-06 6.442e-08
threshold=157.28366245665651 142.92288614344798 0.013999999999995795 81.94620738534384 0.12850000000000253 0.06199999999999762 159.1136154483477 0.022537369919812162 151.54608166499958 0.0013263718667255264 0.39899999999998675 -0.021655876270959044 0.0079999999999955679 16.320292417308668 0.0044354761894437192 -0.0010004129363984291 0.049499999999994777 0.093000000000003538 156.5122715858225 0.086571931295999965 0.15149999999999866 156.41131105707356 154.04445801096227 -0.64705923133910936
decision_type=2 2 2 2 2 2 2 2 2 2 2 2 2 2 2 2 2 2 2 2 2 2 2 2
left_child=1 2 -1 4 -4 -2 11 14 9 -9 -11 -7 -13 -6 15 20 -17 18 -16 -14 -3 22 -10 -19
right_child=5 7 3 -5 13 6 -8 8 21 10 -12 12 19 -15 17 16 -18 23 -20 -21 -22 -23 -24 -25
leaf_value=0 0 -1.437717449605646e-06 0 0 2.3680523711177734e-05 0 0 0 0 -1.9348073963425298e-05 0 0 -1.3791175427415828e-05 0 -2.66745060876061e-06 0 1.806319502895184e-06 0 0 0 0 0 4.1111972662918509e-06 9.0074134318765491e-07
leaf_weight=184 1078 1462 141 38 271 21 479 742 428 375 26 239 774 18 3001 4310 12213 38 228 9.9999999999999982 540 129 493 198
leaf_count=184 1078 1462 141 38 271 21 479 742 428 375 26 239 774 18 3001 4310 12213 38 228 10 540 129 493 198
internal_value=0 4.63082e-07 6.78157e-06 1.33273e-05 1.64982e-05 -4.83498e-06 -7.35794e-06 8.58397e-08 -2.54357e-06 -8.37277e-06 -1.63003e-05 -1.02356e-05 -1.11602e-05 2.20419e-05 5.75486e-07 1.00015e-06 1.29216e-06 -2.51906e-07 -1.61302e-06 -1.34704e-05 0 0 1.80588e-06 0
internal_weight=0 24835 652 468 430 2601 1523 24183 2193 1143 401 1044 1023 289 21990 18525 16523 3465 3229 784 2002 1050 921 236
internal_count=27436 24835 652 468 430 2601 1523 24183 2193 1143 401 1044 1023 289 21990 18525 16523 3465 3229 784 2002 1050 921 236
is_linear=0
shrinkage=0.05


Tree=7
num_leaves=25
num_cat=0
split_feature=2 16 0 1 17 5 25 10 2 19 5 21 2 9 8 10 2 5 11 5 2 7 10 3
split_gain=1.56448e-05 1.00197e-05 1.83042e-05 8.04108e-06 6.94856e-06 7.26976e-06 5.988e-06 6.5173e-06 1.09671e-05 8.92687e-06 8.84379e-06 4.20154e-06 5.4336e-06 5.29599e-06 1.04612e-05 8.3027e-06 4.49337e-06 3.01196e-06 4.69955e-06 2.97592e-06 3.56567e-06 5.53634e-06 2.6069e-06 3.55322e-07
threshold=157.26542796134086 0.024965425959436519 80.905672310563062 155.55571666727761 0.0014227806729777508 0.042999999999992163 1.0000000180025095e-35 0.013499999999993408 159.1136154483477 0.00025286405317627507 0.065000000000011951 0.0091106641311640337 155.59692028297857 0.027500000000003414 7.3769804744832802e-05 0.017499999999998298 142.92288614344798 0.076000000000007631 1.0000000180025095e-35 0.20000000000000287 142.4411107836064 0.54549999999998999 0.015500000000002958 -0.014309437860575256
decision_type=2 2 2 2 2 2 2 2 2 2 2 2 2 2 2 2 2 2 2 2 2 2 2 2
left_child=1 11 3 4 5 -3 -2 -8 9 -9 -11 13 16 17 -15 -16 -13 23 -19 -4 -21 -22 -18 -1
right_child=6 2 19 -5 -6 -7 7 8 -10 10 -12 12 -14 14 15 -17 22 18 -20 20 21 -23 -24 -25
leaf_value=8.1102392894219321e-07 0 0 0 0 0 5.3748466680284451e-06 0 0 0 0 -2.732950181316904e-05 0 0 0 0 5.6337966015764534e-06 0 0 -3.7167607663555263e-06 0 -1.1557043129009747e-05 0 -5.2421437754844904e-06 0
leaf_weight=1350 348 365 2025 990 276 4549 1034 576 438 54 183 151 403 777 1375 1892 1024 2504 1407 11.999999999999998 227 9.9999999999999982 1519 4106
leaf_count=1350 348 365 2025 990 276 4549 1034 576 438 54 183 151 403 777 1375 1892 1024 2504 1407 12 227 10 1519 4106
internal_value=0 4.54797e-07 1.89038e-06 3.50164e-06 4.29803e-06 4.80055e-06 -3.59042e-06 -4.62644e-06 -7.21852e-06 -1.06708e-05 -2.19997e-05 0 -1.83424e-06 7.84526e-08 1.80367e-06 3.46854e-06 -2.98479e-06 -1.32668e-07 -1.40257e-06 -2.89998e-07 -5.53042e-06 -8.34651e-06 -3.72215e-06 0
internal_weight=0 24962 8454 6180 5190 4914 2633 2285 1251 813 237 16508 3097 13411 4044 3267 2694 9367 3911 2274 249 237 2543 5456
internal_count=27595 24962 8454 6180 5190 4914 2633 2285 1251 813 237 16508 3097 13411 4044 3267 2694 9367 3911 2274 249 237 2543 5456
is_linear=0
shrinkage=0.05


Tree=8
num_leaves=32
num_cat=0
split_feature=2 6 21 16 2 9 16 10 2 24 8 6 15 8 22 2 9 9 16 0 22 22 12 12 22 2 15 3 16 17 15
split_gain=1.941e-05 3.558e-05 4.10491e-05 2.2912e-05 1.39936e-05 8.2399e-06 6.59403e-06 6.17426e-06 9.19837e-06 7.14448e-06 1.59192e-05 5.97515e-06 4.85059e-06 3.57928e-06 3.1346e-06 2.72752e-06 5.34954e-06 1.82114e-06 9.80564e-07 1.79475e-06 1.08261e-06 9.23573e-07 8.1916e-07 1.95398e-06 3.23224e-07 2.23745e-07 7.96962e-07 5.46188e-08 2.59739e-06 6.97513e-08 2.6198e-08
threshold=144.80409874510858 0.0014326194518672357 0.052345479139238815 0.13571504130570136 157.44772907243387 0.0040000000000048894 -0.45548087669624232 0.066999999999993079 149.16940130054465 -0.011300094199198535 0.00012981555996651186 0.004601223213581653 -3.1313000785957601 6.8382849832215835e-06 0.0063963508440162591 146.11714374787405 0.026499999999998639 0.0064999999999884048 -0.061906765207083929 86.471562651526213 -0.017906646061578026 0.015212879654367415 -0.69877772143587258 -0.065218000944602603 -0.0096360865050671932 156.5122715858225 26.065428169918043 0.012258091618164714 -0.11548907166833543 0.00015779229754292367 7.0836213679739304
decision_type=2 2 2 2 2 2 2 2 2 2 2 2 2 2 2 2 2 2 2 2 2 2 2 2 2 2 2 2 2 2 2
left_child=1 18 3 6 7 -6 -3 14 9 -9 -11 12 -7 -14 15 30 -17 -8 22 20 -20 -22 -1 24 -24 26 -16 28 -10 -29 -2
right_child=4 2 -4 -5 5 11 17 8 27 10 -12 -13 13 -15 25 16 -18 -19 19 -21 21 -23 23 -25 -26 -27 -28 29 -30 -31 -32
leaf_value=0 -3.9095651595027722e-07 0 0 0 0 0 0 0 0 0 -1.395056257816097e-05 0 0 -8.9954893487306798e-06 -1.1316742621605203e-06 6.6636584061276484e-08 2.4502292039744606e-06 3.4026229912510751e-05 0 0 3.8166862656683343e-06 0 0 0 -5.6175618793460525e-06 0 0 0 -3.3976423555153208e-06 7.8818112499745547e-07 0
leaf_weight=28 428 15.999999999999998 65 50 511 582 35 247 358 198 455 18 56 1124 1992 12583 5999 275 18 26 811 9.9999999999999982 9.9999999999999982 60 249 186 146 36 562 500 85
leaf_count=28 428 16 65 50 511 582 35 247 358 198 455 18 56 1124 1992 12583 5999 275 18 26 811 10 10 60 249 186 146 36 562 500 85
internal_value=0 5.44811e-06 1.76815e-05 2.5282e-05 -3.4028e-09 -3.87346e-06 3.02076e-05 1.59295e-07 -1.84177e-06 -5.86631e-06 -8.64594e-06 -5.55692e-06 -6.29842e-06 -8.33668e-06 6.12874e-07 9.11983e-07 1.10527e-06 3.18216e-05 0 1.63683e-06 2.84726e-06 3.40281e-06 -6.17618e-07 -2.61239e-06 -5.21795e-06 0 -5.11437e-07 0 0 5.04494e-07 0
internal_weight=0 1653 441 376 26066 2291 326 23775 2356 900 653 1780 1762 1180 21419 19095 18582 310 1212 865 839 821 347 319 259 2324 2138 1456 920 536 513
internal_count=27719 1653 441 376 26066 2291 326 23775 2356 900 653 1780 1762 1180 21419 19095 18582 310 1212 865 839 821 347 319 259 2324 2138 1456 920 536 513
is_linear=0
shrinkage=0.05


Tree=9
num_leaves=28
num_cat=0
split_feature=24 1 5 2 2 7 4 15 3 8 3 5 16 1 5 5 12 24 7 1 3 2 1 0 4 21 21
split_gain=1.33049e-05 3.14971e-05 3.10787e-05 5.30204e-05 2.55998e-05 2.03077e-05 1.32038e-05 1.30587e-05 1.21327e-05 8.12315e-06 7.6174e-06 1.18007e-05 2.10436e-05 1.14993e-05 5.2879e-06 2.95242e-06 3.3175e-06 3.62185e-06 2.70545e-06 1.84634e-06 1.62228e-06 9.92866e-07 8.20299e-07 4.86021e-07 3.96937e-07 4.76411e-08 2.30841e-06
threshold=0.021115765038642081 148.18430318390403 0.19749999999999093 142.92288614344798 147.51248935389609 0.01899999999999125 -0.066231512829526357 12.903632672987539 0.11601817923484249 2.7226999503818534e-05 0.010578862438180183 0.088000000000008086 -0.16617764235753893 149.54376869000919 0.04349999999999455 0.049499999999994777 0.56235308776771586 -0.014900391284131374 0.044499999999999325 156.32678157711891 -0.0188295463430137 159.1136154483477 151.50034149597434 53.017107486637649 0.00034925342346194178 -0.01871600840340067 0.019079881097882122
decision_type=2 2 2 2 2 2 2 2 2 2 2 2 2 2 2 2 2 2 2 2 2 2 2 2 2 2 2
left_child=4 2 -2 -4 6 -5 25 -7 9 -8 11 20 18 -14 -11 -12 17 -17 -13 22 23 -21 -3 -6 -22 -1 -27
right_child=1 19 3 5 10 7 8 -9 -10 14 15 12 13 -15 -16 16 -18 -19 -20 21 24 -23 -24 -25 -26 26 -28
leaf_value=0 0 0 0 0 1.702568164351619e-06 -4.5206590077156497e-05 0 0 0 0 0 0 0 -6.1431685247111922e-06 7.7780730673067868e-06 0 0 2.6104519240399045e-06 3.6776429251372015e-06 -4.3110013950448317e-06 -6.0548018912629049e-07 0 2.0452083718210192e-06 0 0 -3.7162327990515387e-06 0
leaf_weight=188 486 492 58 10.999999999999998 1778 197 157 10.999999999999998 172 168 1805 215 1727 3337 2681 552 1706 4170 570 299 3021 50 856 149 1996 426 107
leaf_count=188 486 492 58 11 1778 197 157 11 172 168 1805 215 1727 3337 2681 552 1706 4170 570 299 3021 50 856 149 1996 426 107
internal_value=0 -3.56162e-06 -1.20006e-05 -2.60042e-05 2.86815e-07 -3.8194e-05 4.09396e-06 -4.2181e-05 5.56306e-06 6.5427e-06 -1.81457e-07 -1.11991e-06 -2.79044e-06 -4.38101e-06 7.23134e-06 6.69478e-07 1.31234e-06 2.02499e-06 1.10113e-06 0 0 -2.97051e-06 1.06583e-06 1.42978e-06 -1.51629e-07 0 -4.72491e-07
internal_weight=0 2460 763 277 24925 219 3899 208 3178 3006 21026 12793 5849 5064 2849 8233 6428 4722 785 1697 6944 349 1348 1927 5017 721 533
internal_count=27385 2460 763 277 24925 219 3899 208 3178 3006 21026 12793 5849 5064 2849 8233 6428 4722 785 1697 6944 349 1348 1927 5017 721 533
is_linear=0
shrinkage=0.05


Tree=10
num_leaves=25
num_cat=0
split_feature=2 8 0 16 1 4 7 9 20 15 5 9 2 6 1 2 9 8 12 7 7 1 24 1
split_gain=1.04658e-05 8.45411e-06 1.37697e-05 1.32259e-05 2.02974e-05 1.41084e-05 5.60982e-06 6.3255e-06 5.84296e-06 5.62391e-06 3.72162e-06 3.70597e-06 4.99367e-06 6.50803e-06 3.08653e-06 3.12745e-06 2.03808e-06 2.48654e-06 1.96139e-06 1.47936e-06 8.06087e-07 2.23017e-07 2.37514e-06 1.22241e-06
threshold=157.26542796134086 0.0010885957633879199 80.905672310563062 -0.3441223831558346 154.35373712950033 0.17868138402803271 0.042499999999989775 0.043999999999996937 -0.0013417794909388993 -1.6719978516789131 0.076500000000010018 0.0035000000000025015 159.1136154483477 0.00025301402978995216 142.63513381453683 156.5122715858225 0.048499999999990002 0.00036562463858968454 -0.68513407270517312 0.00099999999999056421 0.14349999999998889 154.99509619636297 -0.0056016300763684799 149.32071875820267
decision_type=2 2 2 2 2 2 2 2 2 2 2 2 2 2 2 2 2 2 2 2 2 2 2 2
left_child=1 6 3 -3 5 -5 7 21 -9 16 -10 -2 13 -13 -11 -16 17 -8 -15 -20 -18 23 -23 -1
right_child=11 2 -4 4 -6 -7 9 8 10 14 -12 12 -14 18 15 -17 20 -19 19 -21 -22 22 -24 -25
leaf_value=1.5984249812259779e-07 0 0 0 1.3202003951253805e-05 0 0 0 0 0 0 5.0220227290924182e-06 0 0 0 -2.436177041992857e-06 0 -2.0722755346535601e-06 2.2044370505013545e-06 0 -7.9936043542314352e-06 0 0 2.370926408343001e-06 -7.2905221763598413e-07
leaf_weight=3788 520 69 170 1016 199 33 665 307 265 127 1873 152 745 27 6081 274 512 2289 9.9999999999999982 1099 32 491 1155 5567
leaf_count=3788 520 69 170 1016 199 33 665 307 265 127 1873 152 745 27 6081 274 512 2289 10 1099 32 491 1155 5567
internal_value=0 3.18667e-07 3.98866e-06 6.64008e-06 8.54465e-06 1.16278e-05 0 7.48121e-07 3.08932e-06 -8.06935e-07 4.21244e-06 -3.04232e-06 -4.02228e-06 -5.93481e-06 -1.78084e-06 -2.10924e-06 0 1.28908e-06 -7.36537e-06 -7.74522e-06 -5.83875e-07 0 5.81912e-07 0
internal_weight=0 24913 1487 1317 1248 1049 23426 13446 2445 9980 2138 2553 2033 1288 6482 6355 3498 2954 1136 1109 544 11001 1646 9355
internal_count=27466 24913 1487 1317 1248 1049 23426 13446 2445 9980 2138 2553 2033 1288 6482 6355 3498 2954 1136 1109 544 11001 1646 9355
is_linear=0
shrinkage=0.05


Tree=11
num_leaves=26
num_cat=0
split_feature=2 1 21 5 2 3 16 2 8 17 6 6 5 2 25 17 10 16 5 5 24 0 6 7 7
split_gain=1.98565e-05 1.20686e-05 2.04958e-05 2.55657e-05 1.4211e-05 1.55059e-05 9.70096e-06 9.07123e-06 8.83488e-06 1.06139e-05 1.34726e-05 1.0613e-05 5.94548e-06 5.92337e-06 1.05737e-05 5.61864e-06 5.59115e-06 5.0695e-06 3.16277e-06 3.10641e-06 6.87443e-06 6.20194e-06 1.88485e-06 3.40784e-06 1.72095e-06
threshold=157.26542796134086 146.92349002971176 0.003112918883355248 0.15049999999999389 146.7755330999405 0.13224573069871329 -0.15988927332929845 142.66107813779567 0.00029715817846732545 -0.00071453302932026404 0.0015662879764316879 0.004601223213581653 0.06199999999999762 159.1136154483477 1.0000000180025095e-35 0.0011324690470522225 0.0079999999999955679 0.0062885331560096356 0.10000000000000854 0.05649999999999978 -0.010278971405746132 68.339415238209412 0.0012081222003325314 0.25649999999998846 0.0019999999999953393
decision_type=2 2 2 2 2 2 2 2 2 2 2 2 2 2 2 2 2 2 2 2 2 2 2 2 2
left_child=1 2 3 -1 5 -5 7 -4 19 22 17 -12 -2 14 -14 18 -16 -11 -8 -3 -21 -22 -10 -24 -18
right_child=12 8 6 4 -6 -7 15 -9 9 10 11 -13 13 -15 16 -17 24 -19 -20 20 21 -23 23 -25 -26
leaf_value=0 0 0 0 1.8879005234991484e-05 0 0 0 -1.957308946561059e-05 0 -2.2965393098475879e-06 -1.1114665570695216e-05 0 0 0 0 0 0 0 4.9457815236367174e-06 0 3.4700958073206216e-06 0 5.1666177893801304e-06 0 -1.3225013691491601e-05
leaf_weight=1163 1030 5400 27 619 63 30 369 122 544 3275 801 20 135 494 211 163 14.999999999999998 3683 897 1316 3740 1862 519 104 702
leaf_count=1163 1030 5400 27 619 63 30 369 122 544 3275 801 20 135 494 211 163 15 3683 897 1316 3740 1862 519 104 702
internal_value=0 2.18766e-07 3.01314e-06 6.63614e-06 1.43396e-05 1.67413e-05 0 -1.27367e-05 0 -1.3987e-06 -2.36198e-06 -9.39311e-06 -4.3286e-06 -6.37738e-06 -8.57246e-06 0 -1.06133e-05 -8.13194e-07 3.3303e-06 6.10054e-07 1.33609e-06 2.29609e-06 7.37952e-07 2.92869e-06 -1.28549e-05
internal_weight=0 24717 3453 1875 712 649 1578 149 21264 8946 7779 821 2587 1557 1063 1429 928 6958 1266 12318 6918 5602 1167 623 717
internal_count=27304 24717 3453 1875 712 649 1578 149 21264 8946 7779 821 2587 1557 1063 1429 928 6958 1266 12318 6918 5602 1167 623 717
is_linear=0
shrinkage=0.05


Tree=12
num_leaves=33
num_cat=0
split_feature=24 1 17 1 1 6 2 10 3 6 10 2 9 4 11 15 6 2 19 7 6 10 20 6 1 20 20 7 4 4 20 17
split_gain=3.02975e-05 2.88209e-05 2.9531e-05 1.45094e-05 1.81872e-05 1.57172e-05 1.42494e-05 1.21412e-05 1.13835e-05 1.044e-05 1.00112e-05 1.10842e-05 8.07143e-06 6.00788e-06 3.96556e-06 3.83509e-06 3.64611e-06 4.28062e-06 3.0534e-06 2.38339e-06 5.44614e-06 2.13026e-06 1.59262e-06 1.81181e-06 3.22762e-06 1.40258e-06 8.27152e-06 1.38743e-06 5.84753e-07 3.20669e-06 2.4211e-07 4.27516e-07
threshold=0.019890257863387373 146.92349002971176 -0.00038506573080525857 148.13361884828274 156.41131105707356 0.0013663205389764139 142.92288614344798 0.015500000000002958 0.13988119244636724 0.00067488183004754362 0.11700000000000445 159.1136154483477 0.033000000000001257 -0.011772263684262416 1.0000000180025095e-35 12.616655835586231 0.00046421020654994046 156.5122715858225 0.00082622138551913455 0.060499999999990457 0.00045806918323842196 0.0054999999999978408 0.0011298849735298002 0.0035376473904563895 153.56093490749754 -0.0024095703661283509 -0.0013417794909388993 0.1254999999999882 -0.12263097131758734 0.015655339588520462 -0.0008540351397148617 -0.00078986501600183977
decision_type=2 2 2 2 2 2 2 2 2 2 2 2 2 2 2 2 2 2 2 2 2 2 2 2 2 2 2 2 2 2 2 2
left_child=1 2 25 5 22 -2 -7 -6 9 -4 11 -9 -8 -11 19 -14 -16 18 -18 20 -3 -22 30 24 -24 -1 27 -27 -21 -30 -5 -32
right_child=3 14 8 4 7 6 12 10 -10 13 -12 -13 15 -15 16 -17 17 -19 -20 28 21 -23 23 -25 -26 26 -28 -29 29 -31 31 -33
leaf_value=0 0 0 0 0 0 0 0 -2.6325692118090324e-05 0 0 0 0 -4.0596934378239761e-05 1.563504478165609e-05 0 0 -2.6220084888457382e-06 0 0 0 0 2.9502178680584522e-06 7.0509229851092261e-06 0 0 -1.0303236152056222e-05 0 0 -2.198254809504495e-06 0 0 -1.557057264009695e-06
leaf_weight=215 533 4317 799 147 140 74 72 185 73 224 13.999999999999998 42 128 901 4481 11.999999999999998 5084 874 518 208 302 3137 333 9.9999999999999982 265 260 378 66 1961 931 38 690
leaf_count=215 533 4317 799 147 140 74 72 185 73 224 14 42 128 901 4481 12 5084 874 518 208 302 3137 333 10 265 260 378 66 1961 931 38 690
internal_value=0 4.45939e-07 5.13724e-06 -5.13743e-06 0 -1.14319e-05 -2.26046e-05 -1.09171e-05 8.68868e-06 9.65113e-06 -1.77189e-05 -2.10545e-05 -2.92668e-05 1.35077e-05 0 -3.79356e-05 -8.27612e-07 -1.60196e-06 -2.20834e-06 4.71022e-07 1.03862e-06 2.52808e-06 0 2.55797e-06 3.77103e-06 0 -2.23096e-06 -8.60664e-06 0 -7.10918e-07 0 -9.11511e-07
internal_weight=0 24729 2916 2683 1864 819 286 381 1997 1924 241 227 212 1125 21813 140 10957 6476 5602 10856 7756 3439 1483 608 598 919 704 326 3100 2892 875 728
internal_count=27412 24729 2916 2683 1864 819 286 381 1997 1924 241 227 212 1125 21813 140 10957 6476 5602 10856 7756 3439 1483 608 598 919 704 326 3100 2892 875 728
is_linear=0
shrinkage=0.05


Tree=13
num_leaves=30
num_cat=0
split_feature=2 9 0 5 7 7 9 24 5 24 3 1 1 19 5 21 4 4 9 9 4 20 20 2 22 4 0 15 5
split_gain=1.30537e-05 2.23656e-05 1.12163e-05 1.00975e-05 1.45724e-05 8.30637e-06 8.10629e-06 9.75346e-06 1.3946e-05 6.44276e-06 3.07776e-06 7.15346e-06 2.99722e-06 3.80363e-06 4.15768e-06 4.17513e-06 2.17204e-06 2.38755e-06 1.50326e-06 4.85373e-06 2.06776e-06 1.43025e-06 9.82164e-07 6.31852e-07 3.46101e-06 9.4998e-08 3.49752e-08 9.88982e-09 5.01818e-07
threshold=142.92288614344798 0.023499999999998526 88.287724682291497 0.13000000000000969 0.16849999999999457 0.010500000000007505 0.01899999999999125 -0.034952435586593701 0.2200000000000131 0.0022978157565513402 -0.25216169537048921 147.40962592188743 149.92858001422505 -0.00064063615836171359 0.057000000000002167 0.013643809088325473 0.12637014859898268 -0.1504694601697612 0.03799999999999671 0.013999999999995795 -0.12263097131758734 -0.0009677972284110036 -0.004104362491223713 150.85927057232769 0.003979125216160684 -0.05104456459641734 60.043701888413899 -13.229730948346839 0.24250000000000685
decision_type=2 2 2 2 2 2 2 2 2 2 2 2 2 2 2 2 2 2 2 2 2 2 2 2 2 2 2 2 2
left_child=1 -1 5 12 6 -3 21 -8 -9 10 -6 -12 13 -2 -15 -16 17 -7 19 26 -21 22 -5 -20 -25 -23 -14 -11 -29
right_child=3 2 -4 4 9 16 7 8 -10 27 11 -13 18 14 15 -17 -18 -19 23 20 -22 25 -24 24 -26 -27 -28 28 -30
leaf_value=0 0 0 0 0 0 0 0 -1.8010535010003926e-06 -1.3506169078793618e-05 0 1.4922226883063556e-05 0 1.5088844916733687e-07 0 2.8639851178788366e-06 0 0 2.2008047817462209e-05 0 0 -2.2464589764624578e-06 0 -3.6355515655602237e-06 3.3001605749630833e-06 0 4.6947488271095373e-07 0 0 -1.938307182579474e-06
leaf_weight=262 228 46 13.999999999999998 10.999999999999998 64 31 363 3116 738 121 187 519 3840 1836 4553 708 17 299 326 83 4269 143 452 939 240 1305 2244 114 340
leaf_count=262 228 46 14 11 64 31 363 3116 738 121 187 519 3840 1836 4553 708 17 299 326 83 4269 143 452 939 240 1305 2244 114 340
internal_value=0 6.57516e-06 1.44306e-05 -3.72025e-07 -1.96799e-06 1.69384e-05 -3.26446e-06 -4.5045e-06 -5.3411e-06 2.21831e-07 4.58153e-06 5.81229e-06 0 9.78129e-07 1.52553e-06 2.26161e-06 1.96124e-05 2.05149e-05 -2.01424e-07 -6.37588e-07 -1.93976e-06 0 -2.7579e-06 0 1.15725e-06 1.86248e-07 0 0 -2.33237e-07
internal_weight=0 669 407 26739 7473 393 6128 4217 3854 1345 770 706 19266 7325 7097 5261 347 330 11941 10436 4352 1911 463 1505 1179 1448 6084 575 454
internal_count=27408 669 407 26739 7473 393 6128 4217 3854 1345 770 706 19266 7325 7097 5261 347 330 11941 10436 4352 1911 463 1505 1179 1448 6084 575 454
is_linear=0
shrinkage=0.05


Tree=14
num_leaves=29
num_cat=0
split_feature=2 9 4 1 3 6 19 6 16 12 2 15 1 15 6 2 0 15 5 15 6 0 25 5 4 24 24 4
split_gain=1.69224e-05 1.01209e-05 7.41512e-06 1.66382e-05 3.22322e-05 1.81777e-05 1.54394e-05 7.58638e-06 2.38089e-05 1.60364e-05 1.27859e-05 8.94538e-06 7.48243e-06 7.0444e-06 7.11528e-06 6.0283e-06 4.44959e-06 4.41867e-06 4.4166e-06 4.75691e-06 3.21969e-06 2.54838e-06 2.05603e-06 6.81407e-06 1.20325e-06 7.71017e-07 1.28893e-06 8.20743e-07
threshold=157.26542796134086 0.01299999999999102 -0.012206254546406241 146.92349002971176 0.13224573069871329 0.000692971306515731 0.0011504807207271762 0.00056235623997775812 -0.10805254423952702 -0.52884251657073711 155.7061751684968 19.518730188976299 148.15588621227582 7.0836213679739304 0.0015375042279366085 159.1136154483477 31.704680326426189 -4.2631181878871542 0.049499999999994777 2.633767404143907 0.00080128050994746384 8.3333148148710396 1.0000000180025095e-35 0.082000000000007858 -0.064118430870783769 0.014068592150729095 -0.016035688781938513 -0.096455436543634518
decision_type=2 2 2 2 2 2 2 2 2 2 2 2 2 2 2 2 2 2 2 2 2 2 2 2 2 2 2 2
left_child=2 -2 7 4 5 -4 -7 25 10 -10 17 -11 16 14 -6 21 -5 -9 -14 -20 -18 -3 -23 -24 -12 26 -1 -28
right_child=1 15 3 12 13 6 -8 8 9 11 24 -13 18 -15 -16 -17 20 -19 19 -21 -22 22 23 -25 -26 -27 27 -29
leaf_value=0 0 0 0 0 0 1.5074332891846357e-05 0 3.3079955350993311e-06 0 -7.3368769397072686e-06 1.2310686095060828e-05 0 0 0 -2.4812157775791684e-05 0 0 -2.0730424466125678e-06 2.3326128697412757e-06 0 -6.2258463104301719e-06 0 0 -1.5133491090351404e-05 0 0 0 1.9403572326137156e-06
leaf_weight=149 1169 10.999999999999998 724 552 119 983 114 404 740 2658 233 258 3172 32 57 462 1488 1540 6070 2475 718 120 354 477 9.9999999999999982 300 103 2043
leaf_count=149 1169 11 724 552 119 983 114 404 740 2658 233 258 3172 32 57 462 1488 1540 6070 2475 718 120 354 477 10 300 103 2043
internal_value=0 -3.94873e-06 2.73593e-07 1.02483e-06 5.3855e-06 8.74952e-06 1.29793e-05 -6.03215e-07 -1.92013e-06 -4.69651e-06 4.3542e-07 -6.43428e-06 6.80074e-08 -3.53342e-08 -9.98902e-06 -6.79341e-06 -1.77354e-06 0 9.28248e-07 1.57276e-06 -2.99563e-06 -9.163e-06 -9.5722e-06 -1.05372e-05 1.15315e-05 4.35392e-07 1.02667e-06 1.62124e-06
internal_weight=0 2593 24942 16504 2029 1821 1097 8438 5843 3656 2187 2916 14475 208 176 1424 2758 1944 11717 8545 2206 962 951 831 243 2595 2295 2146
internal_count=27535 2593 24942 16504 2029 1821 1097 8438 5843 3656 2187 2916 14475 208 176 1424 2758 1944 11717 8545 2206 962 951 831 243 2595 2295 2146
is_linear=0
shrinkage=0.05


Tree=15
num_leaves=28
num_cat=0
split_feature=4 22 15 2 7 10 4 2 5 3 19 21 1 2 6 15 2 6 8 2 1 1 4 24 19 24 21
split_gain=1.76159e-05 2.98754e-05 1.41337e-05 2.83328e-05 1.11212e-05 1.00309e-05 8.22335e-06 1.77256e-05 1.38563e-05 1.07802e-05 9.27363e-06 7.93661e-06 6.38057e-06 6.19886e-06 7.09582e-06 9.41468e-06 4.60497e-06 5.70919e-06 9.04751e-06 4.93305e-06 3.01233e-06 9.64904e-06 2.03297e-06 1.79964e-06 1.61045e-06 1.39458e-06 8.52035e-08
threshold=0.14971633497029216 -0.0089542957797759792 -5.3034394512522587 145.36526034300113 0.01899999999999125 0.015500000000002958 -0.013940384003731305 146.87549983748696 0.10100000000001332 0.13988119244636724 -0.00099618232889941093 0.0033598171919343102 148.38430704948215 142.92288614344798 0.00067018065273036535 -7.6813320487108383 154.47956772257859 0.0012520556770131781 0.0014754616965605035 156.40210047713933 155.70432995907512 153.31819565899571 -0.0047327993690426179 -0.0080033729915155779 -0.0012870098261000453 0.013686160003322805 -0.0023030680249583524
decision_type=2 2 2 2 2 2 2 2 2 2 2 2 2 2 2 2 2 2 2 2 2 2 2 2 2 2 2
left_child=6 2 -2 -4 -5 -6 11 8 -8 10 -10 16 22 -13 -15 -16 17 23 -19 25 21 -14 -9 -1 -24 -18 -22
right_child=1 -3 3 4 5 -7 7 12 9 -11 -12 13 20 14 15 -17 19 18 -20 -21 26 -23 24 -25 -26 -27 -28
leaf_value=-1.1190471072788209e-06 0 0 0 0 0 -6.3207416816446219e-05 0 0 0 0 1.1903407144933344e-05 0 0 0 0 -7.0994878384416316e-06 -6.4200803778863692e-06 7.8280678908938229e-06 0 0 -3.6781329867377073e-07 4.3387306198054537e-06 0 1.3173483844889225e-06 -2.5906677903402682e-06 0 0
leaf_weight=1499 107 323 25 12.999999999999998 18 69 761 673 82 69 999 173 7509 1513 196 1681 540 684 194 728 1574 2084 15.999999999999998 1510 2603 11.999999999999998 1951
leaf_count=1499 107 323 25 13 18 69 761 673 82 69 999 173 7509 1513 196 1681 540 684 194 728 1574 2084 16 1510 2603 12 1951
internal_value=0 -8.89281e-06 -2.25873e-05 -3.50245e-05 -4.72934e-05 -5.37282e-05 6.37075e-08 8.2701e-07 5.4533e-06 8.9173e-06 1.04648e-05 -9.65428e-07 0 -2.80205e-06 -3.5809e-06 -5.71006e-06 0 1.14015e-06 4.69035e-06 -2.2459e-06 7.6046e-07 1.2553e-06 -1.59393e-06 0 -2.26574e-06 -5.83197e-06 0
internal_weight=0 555 232 125 100 87 27051 18321 1911 1150 1081 8730 16410 3563 3390 1877 5167 3887 878 1280 13118 9593 3292 3009 2619 552 3525
internal_count=27606 555 232 125 100 87 27051 18321 1911 1150 1081 8730 16410 3563 3390 1877 5167 3887 878 1280 13118 9593 3292 3009 2619 552 3525
is_linear=0
shrinkage=0.05


end of trees

feature_importances:
ema_slow=58
ema_fast=36
range=32
macd_strength=25
upper_shadow=24
range_pct=23
macd_signal=22
body=22
ema_cross=22
rsi_divergence=21
lower_shadow=19
macd_hist=15
macd=14
price_ema_slow_dist=14
rsi=13
body_pct=13
rsi_normalized=13
macd_hist_change=10
ema_cross_pct=9
price_ema_fast_dist=9
signal_convergence=4
is_bullish=2

parameters:
[boosting: gbdt]
[objective: regression]
[metric: rmse]
[tree_learner: serial]
[device_type: cpu]
[data: ]
[valid: ]
[num_iterations: 800]
[learning_rate: 0.05]
[num_leaves: 64]
[num_threads: 8]
[deterministic: 0]
[force_col_wise: 0]
[force_row_wise: 0]
[histogram_pool_size: -1]
[max_depth: 6]
[min_data_in_leaf: 10]
[min_sum_hessian_in_leaf: 0.001]
[bagging_fraction: 0.7]
[pos_bagging_fraction: 1]
[neg_bagging_fraction: 1]
[bagging_freq: 1]
[bagging_seed: 9057]
[feature_fraction: 0.9]
[feature_fraction_bynode: 1]
[feature_fraction_seed: 15199]
[extra_trees: 0]
[extra_seed: 31159]
[early_stopping_round: 0]
[first_metric_only: 0]
[max_delta_step: 0]
[lambda_l1: 0.1]
[lambda_l2: 0.5]
[linear_lambda: 0]
[min_gain_to_split: 0]
[drop_rate: 0.1]
[max_drop: 50]
[skip_drop: 0.5]
[xgboost_dart_mode: 0]
[uniform_drop: 0]
[drop_seed: 20727]
[top_rate: 0.2]
[other_rate: 0.1]
[min_data_per_group: 100]
[max_cat_threshold: 32]
[cat_l2: 10]
[cat_smooth: 10]
[max_cat_to_onehot: 4]
[top_k: 20]
[monotone_constraints: ]
[monotone_constraints_method: basic]
[monotone_penalty: 0]
[feature_contri: ]
[forcedsplits_filename: ]
[refit_decay_rate: 0.9]
[cegb_tradeoff: 1]
[cegb_penalty_split: 0]
[cegb_penalty_feature_lazy: ]
[cegb_penalty_feature_coupled: ]
[path_smooth: 0]
[interaction_constraints: ]
[verbosity: 1]
[saved_feature_importance_type: 0]
[linear_tree: 0]
[max_bin: 255]
[max_bin_by_feature: ]
[min_data_in_bin: 3]
[bin_construct_sample_cnt: 200000]
[data_random_seed: 218]
[is_enable_sparse: 1]
[enable_bundle: 1]
[use_missing: 1]
[zero_as_missing: 0]
[feature_pre_filter: 1]
[pre_partition: 0]
[two_round: 0]
[header: 0]
[label_column: ]
[weight_column: ]
[group_column: ]
[ignore_column: ]
[categorical_feature: ]
[forcedbins_filename: ]
[precise_float_parser: 0]
[parser_config_file: ]
[objective_seed: 19100]
[num_class: 1]
[is_unbalance: 0]
[scale_pos_weight: 1]
[sigmoid: 1]
[boost_from_average: 1]
[reg_sqrt: 0]
[alpha: 0.9]
[fair_c: 1]
[poisson_max_delta_step: 0.7]
[tweedie_variance_power: 1.5]
[lambdarank_truncation_level: 30]
[lambdarank_norm: 1]
[label_gain: ]
[lambdarank_position_bias_regularization: 0]
[eval_at: ]
[multi_error_top_k: 1]
[auc_mu_weights: ]
[num_machines: 1]
[local_listen_port: 12400]
[time_out: 120]
[machine_list_filename: ]
[machines: ]
[gpu_platform_id: -1]
[gpu_device_id: -1]
[gpu_use_dp: 0]
[num_gpu: 1]

end of parameters

pandas_categorical:[]
