tree
version=v4
num_class=1
num_tree_per_iteration=1
label_index=0
max_feature_idx=25
objective=regression
feature_names=rsi ema_fast ema_slow macd macd_signal range range_pct body body_pct upper_shadow lower_shadow is_bullish rsi_normalized rsi_overbought rsi_oversold rsi_divergence ema_cross ema_cross_pct ema_cross_signal price_ema_fast_dist price_ema_slow_dist macd_hist macd_hist_change macd_cross_signal macd_strength signal_convergence
feature_infos=[0:99.999992774566991] [139.84172317124145:161.9044463934776] [139.985622134078:161.8633237416141] [-0.81371595198632463:0.5970017482619312] [-0.71071676355148927:0.57046413909616056] [0:3.0139999999999816] [0:0.019088400286395583] [0:2.7609999999999957] [0:0.017392783349291913] [0:1.1620000000000061] [0:1.3590000000000089] [0:1] [-1:0.99999985549133985] [0:1] [0:1] [-89.854942239242206:87.39492126263913] [-1.0350786189282246:0.79769146520030176] [-0.006549151847441992:0.0054000600139474395] [0:1] [-0.014331159141718369:0.0093718883724765341] [-0.017546516855659215:0.012454695205154643] [-0.39438439545005155:0.22667986490852632] [-0.22179621176243974:0.13953656655988411] [0:1] [-0.33719861601597845:0.18761226476060436] [0:3]
tree_sizes=1313 1238 1057 1045 1055 1175 1160 1173 1047 1049 1062 1085 1330 1049 1072 1049 1049 1141 1085 1225 1072 1071 1074 1066 1135 1056 1146 1064 1051 1050 1233 1166 1064

Tree=0
num_leaves=12
num_cat=0
split_feature=2 1 24 5 6 4 15 2 9 15 10
split_gain=6.08081e-06 3.44485e-06 1.01339e-05 1.97273e-05 3.24856e-06 8.48973e-06 3.07791e-06 2.73909e-06 4.35724e-06 2.61609e-06 2.35134e-06
threshold=157.26542796134086 146.92349002971176 0.019886693146148871 0.12850000000000253 0.00086893528385069375 -0.11216511599308396 -0.30726756498279778 159.1136154483477 0.0019999999999953393 -1.0000000180025095e-35 0.0079999999999955679
decision_type=2 2 2 2 2 2 2 2 2 2 2
left_child=1 2 3 -1 9 -6 -4 8 -2 -3 -10
right_child=7 4 6 -5 5 -7 -8 -9 10 -11 -12
leaf_value=2.8855772141851433e-06 2.8855772141851433e-06 3.5168464623119556e-06 -1.2171663140122036e-07 7.2395656696371949e-06 3.5272349738428423e-06 1.5675825309023418e-06 2.8855772141851433e-06 2.8855772141851433e-06 2.8855772141851433e-06 2.8855772141851433e-06 -6.0075209822452039e-07
leaf_weight=1717 222 7220 306 1596 748 5603 385 1097 476 10858 1126
leaf_count=1717 222 7220 306 1596 748 5603 385 1097 476 10858 1126
internal_value=2.88558e-06 2.98587e-06 3.80519e-06 4.82845e-06 2.88558e-06 2.27075e-06 2.88558e-06 1.55311e-06 8.37549e-07 3.05563e-06 1.98015e-07
internal_weight=0 28433 4004 3313 24429 6351 691 2921 1824 18078 1602
internal_count=31354 28433 4004 3313 24429 6351 691 2921 1824 18078 1602
is_linear=0
shrinkage=1


Tree=1
num_leaves=13
num_cat=0
split_feature=2 24 17 8 2 9 16 19 3 19 19 19
split_gain=9.15297e-06 8.41836e-06 7.43823e-06 7.97914e-06 4.12388e-06 2.98876e-06 2.80511e-06 2.77437e-06 4.67715e-06 1.66179e-06 3.90756e-09 2.94709e-07
threshold=147.51248935389609 0.018261710605074113 0.0011879602929002254 0.00017173108256184969 157.26542796134086 0.0024999999999977267 -0.45548087669624232 1.4286277735096328e-05 0.023176629517621453 -0.00071132494329829803 0.0019743679397907156 -6.6996398981267872e-05
decision_type=2 2 2 2 2 2 2 2 2 2 2 2
left_child=1 2 3 -1 7 -6 -7 9 -9 -2 11 -3
right_child=4 10 -4 -5 5 6 -8 8 -10 -11 -12 -13
leaf_value=0 0 0 0 3.0223623688348559e-06 0 0 -2.1228192739510776e-06 -1.021360890060628e-06 0 4.2055063731834587e-07 0 -6.3462599234346517e-07
leaf_weight=1273 1788 142 150 3004 461 22 2477 6210 5295 9795 92 667
leaf_count=1273 1788 142 150 3004 461 22 2477 6210 5295 9795 92 667
internal_value=0 1.06038e-06 1.75058e-06 2.17649e-06 -2.93674e-07 -1.41762e-06 -1.85919e-06 -1.96267e-08 -4.44089e-07 1.42984e-07 0 -6.59204e-08
internal_weight=0 5328 4427 4277 26048 2960 2499 23088 11505 11583 901 809
internal_count=31376 5328 4427 4277 26048 2960 2499 23088 11505 11583 901 809
is_linear=0
shrinkage=0.03


Tree=2
num_leaves=11
num_cat=0
split_feature=4 2 4 6 24 10 19 1 9 9
split_gain=9.80546e-06 2.15928e-05 1.48115e-05 1.29813e-05 3.3224e-06 3.06694e-06 2.68179e-06 3.11101e-06 2.42596e-06 8.88956e-07
threshold=0.14152927466722084 146.87549983748696 -0.022938148802465478 0.00073440970570863822 -0.037094296052330118 0.0069999999999907922 2.3295041508049449e-05 155.15827598669759 0.0014999999999929516 0.016000000000005347
decision_type=2 2 2 2 2 2 2 2 2 2
left_child=1 2 -1 -4 -2 -6 9 -8 -7 -3
right_child=4 6 3 -5 5 8 7 -9 -10 -11
leaf_value=0 0 0 0 5.8424362260806876e-06 0 0 -7.6072789791359179e-07 0 -5.4949850734956255e-06 3.3871622741672187e-07
leaf_weight=1308 55 7083 993 1299 94 22 9525 3506 548 6979
leaf_count=1308 55 7083 993 1299 94 22 9525 3506 548 6979
internal_value=0 8.12944e-08 2.31752e-06 3.77503e-06 -3.46219e-06 -4.18096e-06 -1.05139e-07 -4.56233e-07 -5.02012e-06 6.87898e-09
internal_weight=0 30693 3600 2292 719 664 27093 13031 570 14062
internal_count=31412 30693 3600 2292 719 664 27093 13031 570 14062
is_linear=0
shrinkage=0.03


Tree=3
num_leaves=11
num_cat=0
split_feature=2 9 7 21 10 16 0 2 24 24
split_gain=5.92457e-06 2.07807e-05 1.61466e-05 1.03063e-05 1.63072e-05 5.96358e-06 4.97421e-06 2.08045e-06 3.89089e-06 1.38403e-06
threshold=142.92288614344798 0.013999999999995795 0.041000000000011035 0.022537369919812162 0.025499999999993864 0.39245003495311442 85.827448390195869 149.65703374480958 0.0019825053142668385 -0.012081846174631648
decision_type=2 2 2 2 2 2 2 2 2 2
left_child=1 -1 -3 7 -5 -6 -4 8 -2 -9
right_child=3 2 6 4 5 -7 -8 9 -10 -11
leaf_value=0 8.6657894078458559e-07 0 1.1922608626169479e-05 0 -4.6749901883784972e-06 0 0 -6.6440712612154982e-07 0 0
leaf_weight=210 6916 226 301 1343 1351 47 21 3230 3968 13819
leaf_count=210 6916 226 301 1343 1351 47 21 3230 3968 13819
internal_value=0 2.59796e-06 6.59125e-06 -8.35366e-08 -1.86058e-06 -4.15723e-06 1.09086e-05 0 3.94282e-07 -1.02849e-07
internal_weight=0 758 548 30674 2741 1398 322 27933 10884 17049
internal_count=31432 758 548 30674 2741 1398 322 27933 10884 17049
is_linear=0
shrinkage=0.03


Tree=4
num_leaves=11
num_cat=0
split_feature=2 8 6 2 4 9 6 16 1 24
split_gain=1.13695e-05 5.11281e-06 6.37526e-06 1.07372e-05 4.5989e-06 4.01364e-06 4.13514e-06 3.17631e-06 5.8243e-06 6.80042e-07
threshold=157.26542796134086 0.0011174146176288018 0.0013663205389764139 144.80409874510858 0.001795813259194998 0.0019999999999953393 0.00039520487540664883 -0.3441223831558346 147.40962592188743 0.043655616371098653
decision_type=2 2 2 2 2 2 2 2 2 2
left_child=1 2 4 -4 -1 -2 -7 -3 -9 -8
right_child=5 7 3 -5 -6 6 9 8 -10 -11
leaf_value=0 0 0 0 -3.2038983489994119e-06 6.564375056547162e-07 0 -3.3066722956471662e-06 5.2065363002820374e-06 0 0
leaf_weight=12331 378 72 286 1359 12980 1015 1526 523 995 23
leaf_count=12331 378 72 286 1359 12980 1015 1526 523 995 23
internal_value=0 2.28449e-07 1.5231e-08 -1.61469e-06 2.39704e-07 -1.72378e-06 -2.19501e-06 1.95611e-06 2.42706e-06 -3.22129e-06
internal_weight=0 28546 26956 1645 25311 2942 2564 1590 1518 1549
internal_count=31488 28546 26956 1645 25311 2942 2564 1590 1518 1549
is_linear=0
shrinkage=0.03


Tree=5
num_leaves=12
num_cat=0
split_feature=2 19 20 21 9 7 15 7 0 2 7
split_gain=7.43195e-06 5.07495e-06 5.36463e-06 4.75392e-06 2.65779e-06 2.52238e-06 3.52602e-06 1.84046e-06 1.6043e-06 3.44684e-06 3.1279e-07
threshold=157.26542796134086 -0.00018261845195310014 -0.0010008370055525843 -0.038686970565681288 0.0019999999999953393 0.0040000000000048894 10.109080127417128 0.16299999999999673 53.017107486637649 154.63381955721374 0.035000000000010807
decision_type=2 2 2 2 2 2 2 2 2 2 2
left_child=1 2 7 -4 -2 -6 -7 -1 10 -10 -3
right_child=4 8 3 -5 5 6 -8 -9 9 -11 -12
leaf_value=-5.0942902743233789e-07 0 2.405267432490884e-07 0 1.7604118303947278e-06 0 -2.6757687169365634e-06 0 1.1968387578474897e-06 -6.6239914206275081e-07 0 0
leaf_weight=2655 381 4866 148 4409 260 2016 302 675 10583 2129 2907
leaf_count=2655 381 4866 148 4409 260 2016 302 675 10583 2129 2907
internal_value=0 5.57387e-08 7.60187e-07 1.43512e-06 -1.49347e-06 -1.86757e-06 -2.20413e-06 0 -6.90441e-08 -3.48225e-07 1.58952e-09
internal_weight=0 28372 7887 4557 2959 2578 2318 3330 20485 12712 7773
internal_count=31331 28372 7887 4557 2959 2578 2318 3330 20485 12712 7773
is_linear=0
shrinkage=0.03


Tree=6
num_leaves=12
num_cat=0
split_feature=4 2 3 3 15 10 9 5 4 3 21
split_gain=6.94536e-06 8.26412e-06 1.23922e-05 1.16918e-05 6.95987e-06 5.9914e-06 6.71351e-06 2.05657e-06 4.46877e-06 8.88768e-07 2.19713e-07
threshold=0.14971633497029216 146.87549983748696 -0.057601881562277406 0.11601817923484249 4.9316324957752196 0.0045000000000072768 0.0014999999999929516 0.086500000000000923 -0.11216511599308396 -0.014318106483756308 -0.01070819053238606
decision_type=2 2 2 2 2 2 2 2 2 2 2
left_child=1 2 10 -4 5 -2 -7 9 -9 -3 -1
right_child=4 7 3 -5 -6 6 -8 8 -10 -11 -12
leaf_value=0 0 5.6322002127148937e-07 3.377257672257584e-06 0 0 0 -7.2414648669696506e-06 4.0633463192464909e-07 -6.7935945933095241e-07 0 -6.3701615167266765e-07
leaf_weight=389 55 2994 2563 199 78 25 454 1083 12018 11009 487
leaf_count=389 55 2994 2563 199 78 25 454 1083 12018 11009 487
internal_value=0 6.40634e-08 1.44159e-06 2.60284e-06 -3.16271e-06 -4.81523e-06 -6.09077e-06 -1.01641e-08 -3.60618e-07 1.03481e-07 0
internal_weight=0 30742 3638 2762 612 534 479 27104 13101 14003 876
internal_count=31354 30742 3638 2762 612 534 479 27104 13101 14003 876
is_linear=0
shrinkage=0.03


Tree=7
num_leaves=12
num_cat=0
split_feature=2 19 9 8 9 1 22 1 8 20 17
split_gain=8.37583e-06 2.82488e-06 2.77629e-06 4.84535e-06 2.14861e-06 1.82334e-06 4.85033e-06 2.08756e-06 1.78726e-06 1.13364e-06 2.94939e-07
threshold=157.26542796134086 3.162143020520556e-05 0.016000000000005347 7.3769804744832802e-05 0.0019999999999953393 146.92349002971176 0.00040615454524188787 155.15827598669759 3.4245410202979103e-05 -0.005208373920278851 -0.00043634899487219551
decision_type=2 2 2 2 2 2 2 2 2 2 2
left_child=1 2 10 -4 -2 6 -3 -7 -6 -10 -1
right_child=4 5 3 -5 8 7 -8 -9 9 -11 -12
leaf_value=-3.7725782311649305e-07 0 0 0 1.2844415016619851e-06 0 -5.4299427530407352e-07 2.1131925920019886e-06 0 0 -2.2308447173990065e-06 1.3101699484697569e-07
leaf_weight=1130 392 811 1539 6218 320 9624 1130 2009 24 2259 6092
leaf_count=1130 392 811 1539 6218 320 9624 1130 2009 24 2259 6092
internal_value=0 1.73248e-07 4.76383e-07 8.71967e-07 -1.49351e-06 0 5.9278e-07 -2.87094e-07 -1.81913e-06 -2.11601e-06 0
internal_weight=0 28553 14979 7757 2995 13574 1941 11633 2603 2283 7222
internal_count=31548 28553 14979 7757 2995 13574 1941 11633 2603 2283 7222
is_linear=0
shrinkage=0.03


Tree=8
num_leaves=11
num_cat=0
split_feature=2 9 4 4 10 24 15 2 6 22
split_gain=6.31123e-06 1.62283e-05 1.07531e-05 1.14833e-05 4.88965e-06 6.16702e-06 5.73419e-06 3.72107e-06 2.28116e-06 2.22267e-06
threshold=144.80409874510858 0.012499999999988633 -0.15974607527746162 0.27344348277244318 0.064000000000007176 -0.031775883007533784 10.495908151187903 157.26542796134086 0.00025301402978995216 0.0033918657711086071
decision_type=2 2 2 2 2 2 2 2 2 2
left_child=1 -1 -3 -4 7 -6 -7 9 -9 -2
right_child=4 2 3 -5 5 6 -8 8 -10 -11
leaf_value=0 4.4802707767664974e-07 0 5.6308159053009711e-06 0 0 -2.4512589364371963e-06 0 0 -1.2810741697666988e-06 0
leaf_weight=505 19107 75 1272 24 349 2500 270 497 2227 4794
leaf_count=505 19107 75 1272 24 349 2500 270 497 2227 4794
internal_value=0 1.74622e-06 3.85007e-06 4.81107e-06 0 -1.17579e-06 -1.88684e-06 5.75869e-08 -7.66907e-07 2.77079e-07
internal_weight=0 1876 1371 1296 29744 3119 2770 26625 2724 23901
internal_count=31620 1876 1371 1296 29744 3119 2770 26625 2724 23901
is_linear=0
shrinkage=0.03


Tree=9
num_leaves=11
num_cat=0
split_feature=21 1 4 5 10 2 15 24 4 1
split_gain=5.27051e-06 8.78244e-06 6.56819e-06 7.87141e-06 5.6863e-06 8.65456e-06 5.63102e-06 1.06692e-06 4.16152e-06 1.13256e-06
threshold=0.015115885158113908 147.36291571608322 0.14152927466722084 0.10700000000001354 0.025499999999993864 142.92288614344798 10.495908151187903 -0.015651254586490058 -0.12273817710368745 155.60165050445082
decision_type=2 2 2 2 2 2 2 2 2 2
left_child=1 2 3 -1 -2 -6 -7 8 -3 -9
right_child=4 7 -4 -5 5 6 -8 9 -10 -11
leaf_value=0 0 0 0 3.2860234238588752e-06 0 -3.3549279179429109e-06 0 2.6887840454998314e-07 -1.3405474731994365e-06 0
leaf_weight=1623 2363 445 130 2050 143 1908 334 15570 2559 4293
leaf_count=1623 2363 445 130 2050 143 1908 334 15570 2559 4293
internal_value=0 2.15554e-07 1.55051e-06 2.02446e-06 -8.59071e-07 -1.90121e-06 -2.70533e-06 0 -5.33117e-07 7.31755e-08
internal_weight=0 26670 3803 3673 4748 2385 2242 22867 3004 19863
internal_count=31418 26670 3803 3673 4748 2385 2242 22867 3004 19863
is_linear=0
shrinkage=0.03


Tree=10
num_leaves=11
num_cat=0
split_feature=2 9 8 4 2 6 9 8 24 19
split_gain=5.22455e-06 1.70835e-05 1.23005e-05 1.33121e-05 2.56804e-06 3.23707e-06 1.67405e-06 7.26549e-07 3.08859e-06 1.8669e-06
threshold=145.01931706642185 0.012499999999988633 0.00015510990247624611 0.27344348277244318 157.26542796134086 0.00054405701868318653 0.0019999999999953393 0.00022314985585582852 0.0099009679489091302 -0.00064061917480561588
decision_type=2 2 2 2 2 2 2 2 2 2
left_child=1 -1 -3 -4 7 -6 -7 9 -9 -2
right_child=4 2 3 -5 5 6 -8 8 -10 -11
leaf_value=0 0 0 6.2502494904884175e-06 0 0 0 -2.5648833639312112e-06 0 -9.391416614126561e-07 4.2963187535333454e-07
leaf_weight=531 423 340 1102 25 1775 122 1033 10773 3292 11973
leaf_count=531 423 340 1102 25 1775 122 1033 10773 3292 11973
internal_value=0 1.52309e-06 3.69294e-06 5.25084e-06 -4.75487e-08 -9.00786e-07 -2.14005e-06 0 -9.39061e-08 2.06745e-07
internal_weight=0 1998 1467 1127 29391 2930 1155 26461 14065 12396
internal_count=31389 1998 1467 1127 29391 2930 1155 26461 14065 12396
is_linear=0
shrinkage=0.03


Tree=11
num_leaves=11
num_cat=0
split_feature=24 1 7 16 10 8 8 16 7 1
split_gain=8.08622e-06 1.40869e-05 1.12597e-05 9.65276e-06 5.65717e-06 4.23244e-06 2.39292e-06 3.35477e-06 1.67297e-06 1.28403e-06
threshold=0.019886693146148871 147.40962592188743 0.024999999999991477 0.17076885223221441 0.0054999999999978408 8.5796123510002156e-05 0.00029332325600986089 -0.16618942985374471 0.30100000000000199 157.23048464037296
decision_type=2 2 2 2 2 2 2 2 2 2
left_child=1 2 -1 -4 -2 -6 9 -8 -7 -3
right_child=4 6 3 -5 5 8 7 -9 -10 -11
leaf_value=0 0 3.0096966999517635e-07 3.2704870362207493e-06 0 0 -2.8647467637502241e-06 0 -7.6607352494524308e-07 0 -1.4279461320280547e-07
leaf_weight=1193 492 12520 2979 117 366 2104 650 8865 60 1896
leaf_count=1193 492 12520 2979 117 366 2104 650 8865 60 1896
internal_value=0 1.2118e-07 1.74397e-06 2.73608e-06 -1.50693e-06 -2.17361e-06 -4.43213e-08 -4.7903e-07 -2.69881e-06 3.4506e-08
internal_weight=0 28220 4289 3096 3022 2530 23931 9515 2164 14416
internal_count=31242 28220 4289 3096 3022 2530 23931 9515 2164 14416
is_linear=0
shrinkage=0.03


Tree=12
num_leaves=14
num_cat=0
split_feature=24 1 8 3 1 20 5 8 24 5 1 1 20
split_gain=6.78853e-06 1.68666e-05 1.78168e-05 1.10052e-05 6.65784e-06 2.18572e-06 3.87604e-06 2.02749e-06 3.32328e-06 7.28172e-07 2.99423e-07 2.33182e-07 2.26455e-09
threshold=0.019410780680945438 146.92349002971176 0.00021935436717603174 0.13224573069871329 151.58089143675019 0.0047619104469322328 0.16600000000001106 0.00029332325600986089 0.0043685871314456401 0.049499999999994777 156.41131105707356 159.61254919162982 0.00012621655216809362
decision_type=2 2 2 2 2 2 2 2 2 2 2 2 2
left_child=1 2 12 -4 5 6 -2 9 -9 -3 -6 -12 -1
right_child=4 7 3 -5 10 -7 -8 8 -10 -11 11 -13 -14
leaf_value=-5.5389783387157917e-08 0 0 4.4424033197289581e-06 0 3.2424000479980838e-07 0 -5.3446278465792342e-06 0 -1.3483821929910576e-06 2.7170370740996302e-07 -9.6016824037046862e-07 0 0
leaf_weight=664 947 5483 2108 72 1119 74 597 7271 2631 9414 392 64 442
leaf_count=664 947 5483 2108 72 1119 74 597 7271 2631 9414 392 64 442
internal_value=0 1.32815e-07 2.18346e-06 3.81319e-06 -1.32595e-06 -2.67804e-06 -2.96469e-06 -1.79584e-08 -4.25535e-07 5.1581e-08 0 -5.76793e-07 0
internal_weight=0 28085 3286 2180 3193 1618 1544 24799 9902 14897 1575 456 1106
internal_count=31278 28085 3286 2180 3193 1618 1544 24799 9902 14897 1575 456 1106
is_linear=0
shrinkage=0.03


Tree=13
num_leaves=11
num_cat=0
split_feature=24 1 3 12 10 10 15 19 1 3
split_gain=7.48328e-06 5.99218e-06 4.87017e-06 7.72539e-06 4.24539e-06 4.39692e-06 3.06463e-06 2.11512e-06 1.77748e-06 1.47887e-06
threshold=0.018786088784669929 146.92349002971176 0.13224573069871329 -0.39402097229462052 0.046500000000008875 0.14749999999999377 13.802464072533629 -2.7351093755629632e-06 157.23048464037296 0.022047476597848007
decision_type=2 2 2 2 2 2 2 2 2 2
left_child=1 2 3 -1 -2 6 -6 8 -3 -9
right_child=4 7 -4 -5 5 -7 -8 9 -10 -11
leaf_value=0 0 4.0817275615334354e-07 0 2.7183664312260307e-06 -4.423699399163112e-06 0 0 -6.5272860921510394e-07 0 0
leaf_weight=843 2277 11194 108 2275 878 104 51 6969 1306 5320
leaf_count=843 2277 11194 108 2275 878 104 51 6969 1306 5320
internal_value=0 5.48892e-08 1.30297e-06 1.77824e-06 -1.41749e-06 -3.1835e-06 -3.94045e-06 0 1.4568e-07 -3.6512e-07
internal_weight=0 28015 3226 3118 3310 1033 929 24789 12500 12289
internal_count=31325 28015 3226 3118 3310 1033 929 24789 12500 12289
is_linear=0
shrinkage=0.03


Tree=14
num_leaves=11
num_cat=0
split_feature=2 7 16 9 9 2 6 6 2 4
split_gain=5.77872e-06 4.64204e-06 5.91038e-06 5.96105e-06 2.04576e-06 2.52569e-06 2.54604e-06 1.66931e-06 9.47651e-06 2.90377e-06
threshold=157.26542796134086 0.16299999999999673 0.28787740484683871 0.0064999999999884048 0.0019999999999953393 159.1136154483477 0.00023116063836020121 0.001345156244744382 144.80409874510858 -0.00062227143612030803
decision_type=2 2 2 2 2 2 2 2 2 2
left_child=1 7 3 -3 -2 6 -6 9 -9 -1
right_child=4 2 -4 -5 5 -7 -8 8 -10 -11
leaf_value=-9.8290234553805616e-08 0 0 0 3.4433067658464265e-06 0 0 -2.7507011963880295e-06 0 -2.6715097335679858e-06 4.3939645077079894e-07
leaf_weight=11405 371 354 64 1283 184 927 1487 291 1385 13713
leaf_count=11405 371 354 64 1283 184 927 1487 291 1385 13713
internal_value=0 1.11324e-07 1.63195e-06 2.45279e-06 -1.27774e-06 -1.60447e-06 -2.31566e-06 0 -9.00056e-07 7.5823e-08
internal_weight=0 28495 1701 1637 2969 2598 1671 26794 1676 25118
internal_count=31464 28495 1701 1637 2969 2598 1671 26794 1676 25118
is_linear=0
shrinkage=0.03


Tree=15
num_leaves=11
num_cat=0
split_feature=2 7 4 4 6 0 19 7 10 4
split_gain=5.43943e-06 3.2402e-06 6.17076e-06 4.78268e-06 4.13753e-06 1.92616e-05 3.04083e-06 3.78853e-06 3.37929e-06 2.55963e-06
threshold=157.18066086937378 0.12350000000000706 -0.17096645649361544 0.14971633497029216 0.0013061420467501649 34.615367386022598 0.00019047636627036148 0.013999999999995795 1.0000000180025095e-35 0.0014284547803628061
decision_type=2 2 2 2 2 2 2 2 2 2
left_child=1 4 -3 -4 9 -6 -2 -8 -9 -1
right_child=6 2 3 -5 5 -7 7 8 -10 -11
leaf_value=0 0 0 2.2022524624073028e-06 0 0 -5.0795738953891544e-06 0 0 -4.2229276001018964e-06 4.7479714858744792e-07
leaf_weight=11474 2186 185 2808 160 401 797 206 81 742 12380
leaf_count=11474 2186 185 2808 160 401 797 206 81 742 12380
internal_value=0 1.73163e-07 1.09225e-06 1.77154e-06 0 -1.64345e-06 -1.12228e-06 -2.56774e-06 -3.51916e-06 1.42921e-07
internal_weight=0 28205 3153 2968 25052 1198 3215 1029 823 23854
internal_count=31420 28205 3153 2968 25052 1198 3215 1029 823 23854
is_linear=0
shrinkage=0.03


Tree=16
num_leaves=11
num_cat=0
split_feature=2 19 15 0 5 5 15 8 8 7
split_gain=2.43493e-06 2.85778e-06 2.67827e-06 2.28577e-06 8.35803e-07 1.11454e-06 6.56348e-07 5.91185e-07 2.45604e-06 1.28346e-06
threshold=157.26542796134086 -7.6687960688149738e-05 0.50063010772180061 62.2112108562362 0.66149999999998965 0.08900000000001286 8.5497392829992283 0.00022314985585582852 0.0011174146176288018 0.0090000000000003428
decision_type=2 2 2 2 2 2 2 2 2 2
left_child=1 2 3 -1 5 -2 -7 9 -9 -3
right_child=4 7 -4 -5 -6 6 -8 8 -10 -11
leaf_value=9.8142468626131095e-07 0 0 0 0 0 -2.1623625705810724e-06 0 -5.8850966886716372e-07 0 4.3694045659765968e-07
leaf_weight=7838 1867 2857 2865 229 20 861 198 7911 737 6063
leaf_count=7838 1867 2857 2865 229 20 861 198 7911 737 6063
internal_value=0 1.33793e-07 5.30974e-07 8.25136e-07 -7.55403e-07 -9.11915e-07 -1.80116e-06 0 -2.47461e-07 1.66478e-08
internal_weight=0 28500 10932 8067 2946 2926 1059 17568 8648 8920
internal_count=31446 28500 10932 8067 2946 2926 1059 17568 8648 8920
is_linear=0
shrinkage=0.03


Tree=17
num_leaves=12
num_cat=0
split_feature=4 9 2 21 24 4 12 9 10 16 6
split_gain=7.04733e-06 6.55529e-06 1.32549e-05 1.08345e-05 5.98298e-06 5.25595e-06 4.68835e-06 4.04292e-06 2.17454e-06 1.00594e-06 8.35964e-07
threshold=0.14971633497029216 0.038499999999999097 146.65245808140523 0.052345479139238815 -0.033222874381414531 -0.042175181643299926 -0.69877772143587258 0.0014999999999929516 0.0035000000000025015 0.036640326264588914 0.0009084679865074025
decision_type=2 2 2 2 2 2 2 2 2 2 2
left_child=1 5 3 -3 -2 6 -1 -6 -9 -7 -4
right_child=4 2 10 -5 7 9 -8 8 -10 -11 -12
leaf_value=0 0 5.0125916292863252e-06 5.0101423572088096e-07 0 0 0 -1.7746000054237982e-06 0 -6.035256966853348e-06 3.9304465266998932e-07 0
leaf_weight=377 47 1109 2997 73 20 14665 2842 57 467 5916 2696
leaf_count=377 47 1109 2997 73 20 14665 2842 57 467 5916 2696
internal_value=0 9.92065e-08 9.49002e-07 3.915e-06 -3.19624e-06 -2.02301e-08 -1.21232e-06 -4.58159e-06 -5.36019e-06 2.0472e-08 0
internal_weight=0 30675 6875 1182 591 23800 3219 544 524 20581 5693
internal_count=31266 30675 6875 1182 591 23800 3219 544 524 20581 5693
is_linear=0
shrinkage=0.03


Tree=18
num_leaves=11
num_cat=0
split_feature=2 8 22 16 2 9 8 19 20 17
split_gain=4.79867e-06 4.12996e-06 3.04183e-06 3.90981e-06 2.77275e-06 3.61694e-06 1.65135e-06 1.40823e-06 5.57318e-06 1.43422e-06
threshold=157.26542796134086 0.0010885957633879199 -0.031631861422665768 -0.3441223831558346 159.1136154483477 0.0019999999999953393 3.4245410202979103e-05 1.4286277735096328e-05 -0.0010665954317879611 0.00016504028793741675
decision_type=2 2 2 2 2 2 2 2 2 2
left_child=1 7 -3 -4 5 -2 -7 8 -1 -9
right_child=4 2 3 -5 -6 6 -8 9 -10 -11
leaf_value=-4.4093736429046946e-07 0 0 0 2.6118422865215008e-06 0 0 -2.7167539085868097e-06 -4.9898269638767515e-07 7.1220069792437947e-07 0
leaf_weight=2596 215 95 69 1540 1116 170 1493 6671 10662 6869
leaf_count=2596 215 95 69 1540 1116 170 1493 6671 10662 6869
internal_value=0 1.36885e-07 1.57933e-06 2.08391e-06 -1.12427e-06 -1.82854e-06 -2.39434e-06 0 2.60131e-07 -1.6536e-07
internal_weight=0 28502 1704 1609 2994 1878 1663 26798 13258 13540
internal_count=31496 28502 1704 1609 2994 1878 1663 26798 13258 13540
is_linear=0
shrinkage=0.03


Tree=19
num_leaves=13
num_cat=0
split_feature=19 15 6 5 6 19 21 5 21 7 5 5
split_gain=3.74836e-06 8.68782e-06 3.58678e-06 8.70049e-06 2.78593e-06 3.75173e-06 3.1706e-06 1.35826e-06 2.58385e-06 8.40818e-07 3.52257e-07 3.03768e-07
threshold=0.00049829763658283362 4.696219641721961 0.0013061420467501649 0.38450000000000278 0.00070280461995627101 -0.00091759881864203528 0.0082501848984622757 0.086500000000000923 0.0082501848984622757 0.16299999999999673 0.15250000000000344 0.049499999999994777
decision_type=2 2 2 2 2 2 2 2 2 2 2 2
left_child=4 2 10 -4 7 9 -7 11 -9 -6 -2 -1
right_child=1 -3 3 -5 5 6 -8 8 -10 -11 -12 -13
leaf_value=0 -4.541213823459817e-07 0 -6.9338549641805191e-06 0 -8.2593834975925629e-07 1.2192961253938241e-06 0 -1.1658432735346255e-06 0 0 0 1.8083453703019107e-07
leaf_weight=5843 1537 1808 457 79 1109 6055 1841 2610 606 652 423 8360
leaf_count=5843 1537 1808 457 79 1109 6055 1841 2610 606 652 423 8360
internal_value=0 -8.49834e-07 -2.09226e-06 -5.13763e-06 9.89077e-08 5.35779e-07 8.82435e-07 0 -6.16501e-07 0 0 0
internal_weight=0 4304 2496 536 27076 9657 7896 17419 3216 1761 1960 14203
internal_count=31380 4304 2496 536 27076 9657 7896 17419 3216 1761 1960 14203
is_linear=0
shrinkage=0.03


Tree=20
num_leaves=11
num_cat=0
split_feature=15 4 20 5 5 9 15 0 1 15
split_gain=2.21082e-06 2.38043e-06 3.30225e-06 3.29621e-06 1.36678e-06 1.16872e-06 1.38521e-06 8.48246e-07 3.13928e-06 2.30427e-06
threshold=-14.79109655038919 -0.025598982887438813 -0.0029391968868322346 0.086500000000000923 0.065000000000011951 0.10849999999999228 -29.496502714378355 47.451311520117237 155.64564847218045 4.8167116821873686
decision_type=2 2 2 2 2 2 2 2 2 2
left_child=4 2 -2 -4 -1 6 -6 8 -3 -9
right_child=1 7 3 -5 5 -7 -8 9 -10 -11
leaf_value=0 0 7.7000608790306586e-07 0 -1.3372687465424242e-06 0 0 1.9792812231638738e-06 -4.5810009538167753e-07 0 8.0000687370519613e-08
leaf_weight=726 571 5819 1731 4769 349 39 1294 10411 1300 4286
leaf_count=726 571 5819 1731 4769 349 39 1294 10411 1300 4286
internal_value=0 -1.24517e-07 -6.05233e-07 -9.25039e-07 8.00141e-07 1.28364e-06 1.52542e-06 0 2.96285e-07 -9.70594e-08
internal_weight=0 28887 7071 6500 2408 1682 1643 21816 7119 14697
internal_count=31295 28887 7071 6500 2408 1682 1643 21816 7119 14697
is_linear=0
shrinkage=0.03


Tree=21
num_leaves=11
num_cat=0
split_feature=2 7 5 20 4 16 2 9 25 7
split_gain=3.48597e-06 3.62976e-06 5.5654e-06 2.08809e-05 4.67553e-06 4.27225e-06 4.7574e-06 1.27181e-06 1.49697e-06 2.28641e-06
threshold=157.26542796134086 0.16849999999999457 0.20000000000000287 -1.0184802021622444e-05 0.017241232233793192 -0.3441223831558346 152.71841689874833 0.0019999999999953393 1.0000000180025095e-35 0.0054999999999978408
decision_type=2 2 2 2 2 2 2 2 2 2
left_child=1 2 4 -4 -1 -3 -7 -2 -9 -10
right_child=7 5 3 -5 -6 6 -8 8 9 -11
leaf_value=-9.48394826726062e-08 0 0 0 -5.5938852760360153e-06 6.9637598755118429e-07 3.2756410170843501e-06 0 0 0 -1.9822866581012265e-06
leaf_weight=16616 373 68 1032 758 8520 1063 454 344 274 1952
leaf_count=16616 373 68 1032 758 8520 1063 454 344 274 1952
internal_value=0 2.33594e-08 0 -1.66037e-06 5.40036e-08 1.43892e-06 2.16735e-06 -1.02988e-06 -1.28837e-06 -1.58794e-06
internal_weight=0 28511 26926 1790 25136 1585 1517 2943 2570 2226
internal_count=31454 28511 26926 1790 25136 1585 1517 2943 2570 2226
is_linear=0
shrinkage=0.03


Tree=22
num_leaves=11
num_cat=0
split_feature=2 5 15 25 10 15 2 15 19 16
split_gain=3.39805e-06 3.63597e-06 2.12739e-06 2.67211e-06 1.02166e-06 5.99351e-06 6.33255e-06 2.10388e-06 2.71579e-06 1.3978e-06
threshold=157.26542796134086 0.062500000000000014 8.5497392829992283 1.0000000180025095e-35 0.064000000000007176 -0.00016175358367576107 142.66107813779567 -0.7047072892550047 -0.00018261845195310014 0.035826931169026473
decision_type=2 2 2 2 2 2 2 2 2 2
left_child=4 -2 3 -3 7 6 -6 8 -1 -9
right_child=1 2 -4 -5 5 -7 -8 9 -10 -11
leaf_value=1.1114771666381593e-06 0 0 0 -2.9511519640700319e-06 0 0 -2.8715718405661857e-06 -2.8664189321241825e-07 0 2.7150794894681475e-07
leaf_weight=3648 1177 204 300 1247 77 1698 1436 11860 5823 3846
leaf_count=3648 1177 204 300 1247 77 1698 1436 11860 5823 3846
internal_value=0 -1.05693e-06 -1.93298e-06 -2.41413e-06 0 -4.83323e-07 -2.015e-06 8.20097e-08 4.66688e-07 0
internal_weight=0 2928 1751 1451 28388 3211 1513 25177 9471 15706
internal_count=31316 2928 1751 1451 28388 3211 1513 25177 9471 15706
is_linear=0
shrinkage=0.03


Tree=23
num_leaves=11
num_cat=0
split_feature=24 1 9 7 10 15 7 5 17 5
split_gain=3.31529e-06 1.04984e-05 8.86865e-06 9.42486e-06 7.51386e-06 5.07956e-06 5.19305e-06 3.39046e-06 4.52777e-06 1.13002e-06
threshold=0.016757944583982057 147.40962592188743 0.013999999999995795 0.018499999999988862 0.045000000000001712 4.696219641721961 0.013999999999995795 0.086500000000000923 0.00024184420756795394 0.049499999999994777
decision_type=2 2 2 2 2 2 2 2 2 2
left_child=1 2 -1 -4 -2 6 -6 9 -9 -3
right_child=4 7 3 -5 5 -7 -8 8 -10 -11
leaf_value=0 0 0 0 3.5090455992029712e-06 0 0 -4.9363235555781809e-06 -9.5769176467867555e-07 0 3.8981870170182882e-07
leaf_weight=1442 2592 5432 647 2103 153 255 775 7791 2882 7311
leaf_count=1442 2592 5432 647 2103 153 255 775 7791 2882 7311
internal_value=0 6.00679e-08 1.50015e-06 2.51646e-06 -8.74043e-07 -2.85522e-06 -3.91362e-06 -6.96406e-08 -5.36401e-07 8.58837e-08
internal_weight=0 27608 4192 2750 3775 1183 928 23416 10673 12743
internal_count=31383 27608 4192 2750 3775 1183 928 23416 10673 12743
is_linear=0
shrinkage=0.03


Tree=24
num_leaves=12
num_cat=0
split_feature=24 1 6 3 6 15 19 3 8 6 20
split_gain=6.1842e-06 7.03997e-06 9.83823e-06 1.32467e-05 5.11474e-06 9.17592e-06 7.81323e-06 1.68465e-06 4.12985e-06 1.23529e-06 1.0876e-06
threshold=0.016757944583982057 147.36291571608322 0.0015080284759084915 0.12590097217996291 0.001287539085821859 -12.949807380448194 0.0019743679397907156 0.023717149052856715 0.0003763137395159214 0.00033139275258383636 -0.0010008370055525843
decision_type=2 2 2 2 2 2 2 2 2 2 2
left_child=1 2 10 -4 -2 -6 -7 8 -3 -9 -1
right_child=4 7 3 -5 5 6 -8 9 -10 -11 -12
leaf_value=0 0 0 6.528670665879933e-06 0 0 -6.0457518231286067e-06 0 0 -9.2891931354262358e-07 6.1796019429965768e-07 5.96793018369402e-07
leaf_weight=603 2940 12479 648 29 115 682 158 1019 5165 4943 2748
leaf_count=603 2940 12479 648 29 115 682 158 1019 5165 4943 2748
internal_value=0 1.37236e-07 1.30463e-06 4.81625e-06 -1.13808e-06 -3.17806e-06 -4.61629e-06 0 -2.04824e-07 3.60756e-07 0
internal_weight=0 27634 4028 677 3895 955 840 23606 17644 5962 3351
internal_count=31529 27634 4028 677 3895 955 840 23606 17644 5962 3351
is_linear=0
shrinkage=0.03


Tree=25
num_leaves=11
num_cat=0
split_feature=24 2 9 5 10 15 19 21 20 20
split_gain=5.54582e-06 8.87188e-06 2.26141e-05 1.52863e-05 4.73141e-06 4.45646e-06 3.2297e-06 8.2086e-07 2.45471e-06 1.36685e-06
threshold=0.019886693146148871 143.95308659629526 0.0095000000000027302 0.11549999999999729 0.0084999999999979554 12.903632672987539 0.0019743679397907156 0.013286609096364229 -0.00031888837733658816 -0.0012141153906114666
decision_type=2 2 2 2 2 2 2 2 2 2
left_child=1 2 -1 -4 -2 6 -6 9 -9 -3
right_child=4 7 3 -5 5 -7 -8 8 -10 -11
leaf_value=0 0 0 0 8.9135758904713011e-06 -2.6905564901093033e-06 0 0 0 -1.0673780720686135e-06 2.7174463693659107e-07
leaf_weight=228 634 2495 252 542 2096 176 137 398 2224 22263
leaf_count=228 634 2495 252 542 2096 176 137 398 2224 22263
internal_value=0 1.86863e-07 2.96321e-06 6.07655e-06 -1.14638e-06 -1.85134e-06 -2.34382e-06 0 -3.51992e-07 1.29293e-07
internal_weight=0 28402 1022 794 3043 2409 2233 27380 2622 24758
internal_count=31445 28402 1022 794 3043 2409 2233 27380 2622 24758
is_linear=0
shrinkage=0.03


Tree=26
num_leaves=12
num_cat=0
split_feature=7 21 1 16 22 5 20 10 12 20 8
split_gain=3.2612e-06 1.01258e-05 7.5258e-06 7.06886e-06 2.41607e-06 2.09988e-06 2.51812e-06 3.61116e-07 2.69592e-07 2.21628e-06 9.47422e-07
threshold=0.12350000000000706 0.0012462909919367748 157.28366245665651 0.28787740484683871 0.0023358518981996886 0.087000000000003311 0.00033079060915115456 0.025499999999993864 0.01234474165616945 -0.0011356277698311398 0.00014740516775706584
decision_type=2 2 2 2 2 2 2 2 2 2 2
left_child=4 2 3 -2 8 -6 -7 -3 9 -1 -10
right_child=1 7 -4 -5 5 6 -8 -9 10 -11 -12
leaf_value=0 3.853312182113081e-06 0 0 0 0 -1.544289350270499e-06 0 -6.973632703379051e-07 0 5.1529466746767547e-07 -3.7182451893445245e-07
leaf_weight=1198 1678 884 111 27 2516 2765 1810 668 5110 8423 6172
leaf_count=1198 1678 884 111 27 2516 2765 1810 668 5110 8423 6172
internal_value=0 8.90491e-07 2.54716e-06 3.29882e-06 -9.71289e-08 -5.86414e-07 -9.72651e-07 0 0 1.58586e-07 -7.6598e-09
internal_weight=0 3368 1816 1705 27994 7091 4575 1552 20903 9621 11282
internal_count=31362 3368 1816 1705 27994 7091 4575 1552 20903 9621 11282
is_linear=0
shrinkage=0.03


Tree=27
num_leaves=11
num_cat=0
split_feature=2 17 12 6 6 10 9 20 6 9
split_gain=7.56342e-06 4.78816e-06 7.11815e-06 5.25429e-06 3.31445e-06 2.90267e-06 2.23052e-06 7.71447e-06 2.8804e-06 7.69247e-07
threshold=157.26542796134086 0.00017705521856313541 0.5801608671026891 0.00034490797431449403 0.00039520487540664883 0.091999999999998763 0.04899999999999239 -0.00032727685065981379 0.00056235623997775812 0.0019999999999953393
decision_type=2 2 2 2 2 2 2 2 2 2
left_child=1 6 3 -3 -2 9 8 -8 -1 -6
right_child=4 2 -4 -5 5 -7 7 -9 -10 -11
leaf_value=0 0 0 0 1.7198894912370438e-06 0 0 2.1328649012064579e-06 0 -6.6537635780505613e-07 -2.8791446615502074e-06
leaf_weight=8881 1190 840 2801 5648 172 122 1827 1118 7296 1427
leaf_count=8881 1190 840 2801 5648 172 122 1827 1118 7296 1427
internal_value=0 2.10862e-07 7.74528e-07 1.35876e-06 -1.37994e-06 -2.2257e-06 0 6.8191e-07 -1.98574e-07 -2.63914e-06
internal_weight=0 28411 9289 6488 2911 1721 19122 2945 16177 1599
internal_count=31322 28411 9289 6488 2911 1721 19122 2945 16177 1599
is_linear=0
shrinkage=0.03


Tree=28
num_leaves=11
num_cat=0
split_feature=2 9 16 21 6 7 1 15 24 10
split_gain=5.30288e-06 1.15629e-05 1.16454e-05 8.51477e-06 4.26514e-06 1.35405e-05 1.20234e-05 2.31221e-06 3.75587e-06 2.1089e-06
threshold=144.80409874510858 0.012499999999988633 0.12333720955844286 0.045389152191847304 0.0013663205389764139 0.16849999999999457 153.23364950504484 0.58588205180485187 -0.014581778322386949 0.035000000000010807
decision_type=2 2 2 2 2 2 2 2 2 2
left_child=1 -1 3 -3 7 6 -6 9 -9 -2
right_child=4 2 -4 -5 5 -7 -8 8 -10 -11
leaf_value=0 5.433400721168745e-07 5.6067455616252971e-06 0 0 -5.2688684921155363e-06 0 0 -1.6887030776833865e-06 0 0
leaf_weight=499 12592 1060 248 65 966 1321 464 1284 9148 3793
leaf_count=499 12592 1060 248 65 966 1321 464 1284 9148 3793
internal_value=0 1.59788e-06 3.32547e-06 4.77596e-06 0 -1.17801e-06 -3.34507e-06 2.77561e-08 -1.64465e-07 3.33231e-07
internal_weight=0 1872 1373 1125 29568 2751 1430 26817 10432 16385
internal_count=31440 1872 1373 1125 29568 2751 1430 26817 10432 16385
is_linear=0
shrinkage=0.03


Tree=29
num_leaves=11
num_cat=0
split_feature=2 7 16 9 6 9 2 7 9 6
split_gain=3.22038e-06 4.37776e-06 3.66379e-06 4.38527e-06 2.21529e-06 2.2551e-06 3.07678e-06 2.17327e-06 4.6847e-06 3.03569e-06
threshold=157.26542796134086 0.12450000000001184 0.28787740484683871 0.013499999999993408 0.00039520487540664883 0.0019999999999953393 159.1136154483477 0.043999999999996937 0.042999999999992163 0.0013061420467501649
decision_type=2 2 2 2 2 2 2 2 2 2
left_child=1 7 3 -3 -2 -6 -7 8 -1 -9
right_child=4 2 -4 -5 5 6 -8 9 -10 -11
leaf_value=0 0 0 0 2.5664312101639242e-06 0 -2.8704418780283436e-06 0 0 1.3496355371862662e-06 -1.9421196352807459e-06
leaf_weight=12687 1206 1161 82 1863 190 1044 471 8739 2970 926
leaf_count=12687 1206 1161 82 1863 190 1044 471 8739 2970 926
internal_value=0 1.95687e-07 1.27234e-06 1.65923e-06 -7.88923e-07 -1.49389e-06 -1.96238e-06 0 2.76175e-07 -2.80732e-07
internal_weight=0 28428 3106 3024 2911 1705 1515 25322 15657 9665
internal_count=31339 28428 3106 3024 2911 1705 1515 25322 15657 9665
is_linear=0
shrinkage=0.03


Tree=30
num_leaves=13
num_cat=0
split_feature=4 5 0 1 12 1 3 1 3 9 22 2
split_gain=3.24556e-06 5.07866e-06 5.69008e-06 6.4812e-06 2.02319e-06 4.61022e-06 7.74012e-06 3.40314e-06 8.44035e-07 2.51131e-06 9.16754e-09 3.69238e-07
threshold=-0.012631562302483117 0.086500000000000923 13.157881752105341 142.38914915155195 0.64912063712232548 146.78435571945198 0.12116713880426745 148.99479749569016 0.029567494017626931 0.01899999999999125 -0.001300854105169103 147.28832368031567
decision_type=2 2 2 2 2 2 2 2 2 2 2 2
left_child=1 10 -3 -4 5 6 -2 -7 -6 -10 -1 -12
right_child=4 2 3 -5 8 7 -8 -9 9 -11 11 -13
leaf_value=0 2.9073784018687583e-06 0 0 -1.7552564039776347e-06 0 -5.5699105869342912e-07 0 3.9765328526414788e-07 0 -1.6163346335594151e-06 0 3.5887618989839177e-07
leaf_weight=580 1582 802 227 5839 1306 3564 216 12376 835 1162 245 2644
leaf_count=580 1582 802 227 5839 1306 3564 216 12376 835 1162 245 2644
internal_value=0 -4.8837e-07 -1.01216e-06 -1.41566e-06 1.47134e-07 3.56914e-07 1.88781e-06 0 -7.11899e-08 -6.23467e-07 0 5.34381e-08
internal_weight=0 10337 6868 6066 21041 17738 1798 15940 3303 1997 3469 2889
internal_count=31378 10337 6868 6066 21041 17738 1798 15940 3303 1997 3469 2889
is_linear=0
shrinkage=0.03


Tree=31
num_leaves=12
num_cat=0
split_feature=1 5 16 25 17 12 9 20 6 20 20
split_gain=2.90799e-06 1.31133e-06 1.35564e-06 9.92472e-07 3.95463e-07 4.7229e-06 3.84037e-06 3.70642e-06 4.06578e-06 3.06705e-06 9.78292e-07
threshold=157.23048464037296 0.035000000000010807 -0.3441223831558346 1.0000000180025095e-35 0.00017705521856313541 0.70798175221694615 0.048499999999990002 -0.00021295373562252201 0.00081263933043189439 -0.001297156593632281 0.00061432340047192586
decision_type=2 2 2 2 2 2 2 2 2 2 2
left_child=4 -2 -3 -4 7 6 -6 9 -9 -1 -7
right_child=1 2 3 -5 5 10 -8 8 -10 -11 -12
leaf_value=0 0 0 0 -1.6077106341932729e-06 1.1319878142324101e-06 0 0 0 -1.9689724271600775e-06 6.8409362228187614e-07 -9.9278278874451113e-07
leaf_weight=2685 414 26 345 2341 5963 574 1386 8302 1736 6547 1280
leaf_count=2685 414 26 345 2341 5963 574 1386 8302 1736 6547 1280
internal_value=0 -9.39276e-07 -1.205e-06 -1.38574e-06 0 1.85249e-07 7.54616e-07 -4.56089e-08 -5.53214e-07 1.81367e-07 -4.53538e-07
internal_weight=0 3126 2712 2686 28473 9203 7349 19270 10038 9232 1854
internal_count=31599 3126 2712 2686 28473 9203 7349 19270 10038 9232 1854
is_linear=0
shrinkage=0.03


Tree=32
num_leaves=11
num_cat=0
split_feature=2 9 8 21 1 6 12 21 12 6
split_gain=6.74595e-06 2.02124e-05 1.15817e-05 4.25178e-06 7.91342e-06 6.90673e-06 3.99714e-06 2.0936e-06 4.25525e-06 1.041e-06
threshold=142.92288614344798 0.015500000000002958 0.00027186833621447199 0.030092311126175459 149.44020830329683 0.0010954835423974017 0.70798175221694615 -0.014580554069602085 -0.72609137942450752 0.00070280461995627101
decision_type=2 2 2 2 2 2 2 2 2 2
left_child=1 -1 -3 7 5 -5 -4 8 -2 -9
right_child=3 2 6 4 -6 -7 -8 9 -10 -11
leaf_value=0 0 0 1.0934308779837808e-05 0 0 -7.4120587610693893e-06 0 -3.5201641730363974e-08 -1.2049480352516039e-06 3.4473098430003634e-07
leaf_weight=214 703 193 308 241 1105 340 21 16637 3955 7710
leaf_count=214 703 193 308 241 1105 340 21 16637 3955 7710
internal_value=0 2.51247e-06 6.61271e-06 -2.25424e-07 -1.78243e-06 -4.6334e-06 1.00504e-05 -3.14716e-08 -6.40826e-07 0
internal_weight=0 736 522 30691 1686 581 329 29005 4658 24347
internal_count=31427 736 522 30691 1686 581 329 29005 4658 24347
is_linear=0
shrinkage=0.03


end of trees

feature_importances:
ema_slow=37
upper_shadow=31
ema_fast=25
range_pct=24
range=21
macd_signal=20
rsi_divergence=20
body=19
macd_strength=18
body_pct=17
lower_shadow=17
price_ema_fast_dist=17
price_ema_slow_dist=16
ema_cross=14
macd_hist=12
macd=11
rsi_normalized=8
rsi=6
ema_cross_pct=6
macd_hist_change=5
signal_convergence=3

parameters:
[boosting: gbdt]
[objective: regression]
[metric: rmse]
[tree_learner: serial]
[device_type: cpu]
[data: ]
[valid: ]
[num_iterations: 800]
[learning_rate: 0.03]
[num_leaves: 16]
[num_threads: 8]
[deterministic: 0]
[force_col_wise: 0]
[force_row_wise: 0]
[histogram_pool_size: -1]
[max_depth: 4]
[min_data_in_leaf: 20]
[min_sum_hessian_in_leaf: 0.001]
[bagging_fraction: 0.8]
[pos_bagging_fraction: 1]
[neg_bagging_fraction: 1]
[bagging_freq: 1]
[bagging_seed: 9057]
[feature_fraction: 0.8]
[feature_fraction_bynode: 1]
[feature_fraction_seed: 15199]
[extra_trees: 0]
[extra_seed: 31159]
[early_stopping_round: 0]
[first_metric_only: 0]
[max_delta_step: 0]
[lambda_l1: 0.1]
[lambda_l2: 0.3]
[linear_lambda: 0]
[min_gain_to_split: 0]
[drop_rate: 0.1]
[max_drop: 50]
[skip_drop: 0.5]
[xgboost_dart_mode: 0]
[uniform_drop: 0]
[drop_seed: 20727]
[top_rate: 0.2]
[other_rate: 0.1]
[min_data_per_group: 100]
[max_cat_threshold: 32]
[cat_l2: 10]
[cat_smooth: 10]
[max_cat_to_onehot: 4]
[top_k: 20]
[monotone_constraints: ]
[monotone_constraints_method: basic]
[monotone_penalty: 0]
[feature_contri: ]
[forcedsplits_filename: ]
[refit_decay_rate: 0.9]
[cegb_tradeoff: 1]
[cegb_penalty_split: 0]
[cegb_penalty_feature_lazy: ]
[cegb_penalty_feature_coupled: ]
[path_smooth: 0]
[interaction_constraints: ]
[verbosity: 1]
[saved_feature_importance_type: 0]
[linear_tree: 0]
[max_bin: 255]
[max_bin_by_feature: ]
[min_data_in_bin: 3]
[bin_construct_sample_cnt: 200000]
[data_random_seed: 218]
[is_enable_sparse: 1]
[enable_bundle: 1]
[use_missing: 1]
[zero_as_missing: 0]
[feature_pre_filter: 1]
[pre_partition: 0]
[two_round: 0]
[header: 0]
[label_column: ]
[weight_column: ]
[group_column: ]
[ignore_column: ]
[categorical_feature: ]
[forcedbins_filename: ]
[precise_float_parser: 0]
[parser_config_file: ]
[objective_seed: 19100]
[num_class: 1]
[is_unbalance: 0]
[scale_pos_weight: 1]
[sigmoid: 1]
[boost_from_average: 1]
[reg_sqrt: 0]
[alpha: 0.9]
[fair_c: 1]
[poisson_max_delta_step: 0.7]
[tweedie_variance_power: 1.5]
[lambdarank_truncation_level: 30]
[lambdarank_norm: 1]
[label_gain: ]
[lambdarank_position_bias_regularization: 0]
[eval_at: ]
[multi_error_top_k: 1]
[auc_mu_weights: ]
[num_machines: 1]
[local_listen_port: 12400]
[time_out: 120]
[machine_list_filename: ]
[machines: ]
[gpu_platform_id: -1]
[gpu_device_id: -1]
[gpu_use_dp: 0]
[num_gpu: 1]

end of parameters

pandas_categorical:[]
