tree
version=v4
num_class=1
num_tree_per_iteration=1
label_index=0
max_feature_idx=25
objective=regression
feature_names=rsi ema_fast ema_slow macd macd_signal range range_pct body body_pct upper_shadow lower_shadow is_bullish rsi_normalized rsi_overbought rsi_oversold rsi_divergence ema_cross ema_cross_pct ema_cross_signal price_ema_fast_dist price_ema_slow_dist macd_hist macd_hist_change macd_cross_signal macd_strength signal_convergence
feature_infos=[0:99.999992774566991] [139.84172317124145:161.9044463934776] [139.985622134078:161.8633237416141] [-0.81371595198632463:0.5970017482619312] [-0.71071676355148927:0.57046413909616056] [0:3.0139999999999816] [0:0.019088400286395583] [0:2.7609999999999957] [0:0.017392783349291913] [0:1.1620000000000061] [0:1.3590000000000089] [0:1] [-1:0.99999985549133985] [0:1] [0:1] [-89.854942239242206:87.39492126263913] [-1.0350786189282246:0.79769146520030176] [-0.006549151847441992:0.0054000600139474395] [0:1] [-0.014331159141718369:0.0093718883724765341] [-0.017546516855659215:0.012454695205154643] [-0.39438439545005155:0.22667986490852632] [-0.22179621176243974:0.13953656655988411] [0:1] [-0.33719861601597845:0.18761226476060436] [0:3]
tree_sizes=3144 2664 2676 2608

Tree=0
num_leaves=31
num_cat=0
split_feature=2 8 16 6 12 15 7 1 2 20 2 2 9 3 7 21 1 20 16 7 9 2 20 5 7 10 7 1 19 4
split_gain=9.61073e-06 8.24547e-06 5.85591e-06 4.61881e-06 1.46282e-05 1.10982e-05 1.27506e-05 1.40347e-05 1.74533e-05 5.05681e-06 6.27609e-06 5.92633e-06 6.37341e-06 8.50444e-06 5.57065e-06 4.47183e-06 6.17243e-06 7.86587e-06 5.69877e-06 6.6577e-06 2.93281e-06 3.83382e-06 3.0305e-06 3.18637e-06 2.26109e-06 2.78632e-06 2.069e-06 2.05985e-06 1.89483e-06 2.00291e-06
threshold=157.26542796134086 0.0010885957633879199 0.28787740484683871 0.0013663205389764139 -0.2994354240477804 3.3359594054268276 0.12149999999999751 144.63657042064196 154.36837802947835 -0.001297156593632281 155.44242626953567 146.87549983748696 0.012499999999988633 0.10045803771673435 0.010500000000007505 0.057155185151547432 147.40962592188743 -0.005208373920278851 0.17076885223221441 0.16199999999999196 0.0019999999999953393 159.1136154483477 -0.005208373920278851 0.050499999999999552 0.018499999999988862 0.0079999999999955679 0.12450000000001184 140.7034781813532 1.4286277735096328e-05 0.017241232233793192
decision_type=2 2 2 2 2 2 2 2 2 2 2 2 2 2 2 2 2 2 2 2 2 2 2 2 2 2 2 2 2 2
left_child=1 3 15 9 -5 6 7 -6 -9 10 26 12 -11 14 -14 16 17 -3 19 -19 -2 22 -22 -24 -25 -26 27 -1 -13 -30
right_child=20 2 -4 4 5 -7 -8 8 -10 11 -12 28 13 -15 -16 -17 -18 18 -20 -21 21 -23 23 24 25 -27 -28 -29 29 -31
leaf_value=2.8855772141851433e-06 2.8855772141851433e-06 2.8855772141851433e-06 2.8855772141851433e-06 2.8855772141851433e-06 2.8855772141851433e-06 2.8855772141851433e-06 2.8855772141851433e-06 -1.1584595126288713e-05 2.8855772141851433e-06 2.8855772141851433e-06 2.8855772141851433e-06 3.2534777805749733e-06 2.8855772141851433e-06 2.8855772141851433e-06 7.1176398788477261e-06 2.8855772141851433e-06 2.8855772141851433e-06 2.8855772141851433e-06 2.8855772141851433e-06 1.1830277037399271e-05 2.8855772141851433e-06 2.8855772141851433e-06 2.8855772141851433e-06 2.8855772141851433e-06 2.8855772141851433e-06 -2.7866860981644524e-06 2.8855772141851433e-06 -1.2084247334037891e-07 2.3436253031586115e-06 2.8855772141851433e-06
leaf_weight=17 425 28 76 597 89 384 283 320 80 944 261 11018 267 227 1426 102 1158 35 36 509 14.999999999999998 1065 429 305 320 765 124 1351 6866 5836
leaf_count=17 425 28 76 597 89 384 283 320 80 944 261 11018 267 227 1426 102 1158 35 36 509 15 1065 429 305 320 765 124 1351 6866 5836
internal_value=2.88558e-06 2.97579e-06 4.87335e-06 2.88558e-06 1.36454e-06 -9.73956e-07 -3.05084e-06 -6.00794e-06 -8.43957e-06 2.94529e-06 1.6111e-06 3.14612e-06 4.46429e-06 5.47499e-06 6.36763e-06 5.51868e-06 5.98598e-06 8.97268e-06 1.00301e-05 1.08761e-05 1.29697e-06 9.35166e-07 7.58996e-08 -1.89926e-07 -9.14522e-07 -1.62831e-06 4.99365e-07 1.33999e-07 2.88558e-06 2.75577e-06
internal_weight=0 32034 1944 30090 1753 1156 772 489 400 28337 1753 26584 2864 1920 1693 1868 1766 608 580 544 3324 2899 1834 1819 1390 1085 1492 1368 23720 12702
internal_count=35358 32034 1944 30090 1753 1156 772 489 400 28337 1753 26584 2864 1920 1693 1868 1766 608 580 544 3324 2899 1834 1819 1390 1085 1492 1368 23720 12702
is_linear=0
shrinkage=1


Tree=1
num_leaves=31
num_cat=0
split_feature=2 8 22 21 12 3 17 9 2 6 5 12 19 4 2 24 4 8 12 10 2 7 12 7 21 4 3 21 2 3
split_gain=1.08014e-05 1.04625e-05 4.35375e-06 6.0273e-06 4.06209e-06 4.55145e-06 3.71598e-06 3.50153e-06 3.33218e-06 3.25317e-06 2.46808e-06 1.25891e-05 1.05107e-05 9.28717e-06 8.96082e-06 9.36501e-06 2.74936e-06 4.17947e-06 5.27532e-06 2.06715e-06 2.04432e-06 1.83646e-06 1.8607e-06 1.74631e-06 1.58489e-06 1.31821e-06 1.02836e-06 9.88038e-07 9.23061e-07 7.36222e-07
threshold=157.26542796134086 0.0010885957633879199 -0.031631861422665768 0.0038572450897741283 -0.99665551876751624 -0.25216169537048921 0.001905169394417078 0.0019999999999953393 159.1136154483477 0.00023452083276034657 0.19749999999999093 -0.31671892340597929 0.0019743679397907156 -0.076131564356105255 156.5122715858225 -0.046902564548075169 0.018617159651496202 0.00021413737955506447 0.70798175221694615 1.0000000180025095e-35 155.55679376037219 0.046000000000006487 -0.64705923133910936 0.0054999999999978408 -0.0017257640292216078 0.016049236025846608 -0.33246660769242448 -0.046985087922565227 140.71097049228712 -0.072424853790181473
decision_type=2 2 2 2 2 2 2 2 2 2 2 2 2 2 2 2 2 2 2 2 2 2 2 2 2 2 2 2 2 2
left_child=1 10 -3 4 -4 -6 24 -2 9 -9 16 -12 13 -13 15 -15 21 -18 20 -11 27 29 -23 -21 -7 28 -25 -19 -24 -1
right_child=7 2 3 -5 5 6 -8 8 -10 19 11 12 -14 14 -16 -17 17 18 -20 23 -22 22 25 26 -26 -27 -28 -29 -30 -31
leaf_value=0 0 0 0 0 0 6.3698688454257579e-06 0 0 0 0 0 0 0 0 0 -6.8346000281614812e-06 0 0 0 0 0 0 0 0 0 0 -4.0695422984580564e-06 1.9658293678564094e-06 -9.8060927469585573e-07 2.4434327262593023e-07
leaf_weight=1106 423 99 52 815 51 784 13.999999999999998 200 1079 115 657 210 64 11.999999999999998 38 1022 4237 43 800 124 553 838 33 10.999999999999998 93 210 1366 3579 5553 11181
leaf_count=1106 423 99 52 815 51 784 14 200 1079 115 657 210 64 12 38 1022 4237 43 800 124 553 838 33 11 93 210 1366 3579 5553 11181
internal_value=0 1.28957e-07 2.28345e-06 2.76865e-06 4.40529e-06 4.93541e-06 5.50902e-06 -1.66408e-06 -2.06453e-06 -2.9062e-06 0 -1.02452e-06 -3.15896e-06 -4.22556e-06 -5.399e-06 -6.16597e-06 6.49588e-08 5.30539e-07 1.13016e-06 -3.36198e-06 1.63069e-06 -3.16518e-09 -4.98419e-07 -3.66172e-06 5.88615e-06 -7.57141e-07 -3.96948e-06 1.89027e-06 -8.98441e-07 2.00759e-08
internal_weight=0 32044 1908 1809 994 942 891 3318 2895 1816 30136 2003 1346 1282 1072 1034 28133 9212 4975 1616 4175 18921 6634 1501 877 5796 1377 3622 5586 12287
internal_count=35362 32044 1908 1809 994 942 891 3318 2895 1816 30136 2003 1346 1282 1072 1034 28133 9212 4975 1616 4175 18921 6634 1501 877 5796 1377 3622 5586 12287
is_linear=0
shrinkage=0.03


Tree=2
num_leaves=31
num_cat=0
split_feature=2 9 6 21 10 15 1 4 4 6 12 16 10 15 12 24 4 16 12 10 9 19 12 6 6 19 4 4 1 22
split_gain=1.0833e-05 3.09434e-05 1.3095e-05 7.89836e-06 1.83031e-05 8.37919e-06 5.92208e-06 6.50817e-06 9.88935e-06 9.87634e-06 5.54585e-06 5.01215e-06 4.18827e-06 4.45566e-06 2.34831e-06 1.56262e-06 3.90692e-06 6.11171e-06 5.688e-06 1.00677e-06 1.87273e-06 7.34143e-07 3.72419e-07 1.05799e-06 1.63423e-06 2.56944e-06 4.35581e-07 4.62541e-07 3.26429e-07 2.07756e-07
threshold=142.92288614344798 0.015500000000002958 0.00080639290437467862 0.015511237671754179 0.025499999999993864 10.495908151187903 147.36291571608322 0.098921604484659822 -0.09651777545046554 0.00072990494409006814 0.75740501403527127 0.39245003495311442 0.16550000000000867 15.36391228438699 -0.46153923816439385 -0.016035688781938513 -0.13494145728539433 -0.035267205256005234 -0.21799731300657169 0.34000000000000347 0.19750000000000514 0.00029608494304207868 0.099999709722328176 0.0013864222857954051 0.00070280461995627101 -0.00091759881864203528 0.017241232233793192 -0.062166333013123458 147.75783871901552 0.0018121585328024564
decision_type=2 2 2 2 2 2 2 2 2 2 2 2 2 2 2 2 2 2 2 2 2 2 2 2 2 2 2 2 2 2
left_child=1 -1 -3 6 29 11 7 8 -2 -10 -4 14 13 -11 -6 16 -8 18 21 20 -16 -18 23 24 -17 -26 27 -24 -29 -5
right_child=3 2 10 4 5 -7 15 -9 9 12 -12 -13 -14 -15 19 22 17 -19 -20 -21 -22 -23 26 -25 25 -27 -28 28 -30 -31
leaf_value=0 0 0 1.1490283747095793e-05 3.8690097760322182e-07 0 0 0 0 0 5.1014624179526661e-06 0 0 0 0 -4.5673923217307896e-06 0 -3.4137115045437522e-06 0 0 0 0 0 0 0 0 1.3030778788876612e-06 0 0 -5.5195315176716755e-07 0
leaf_weight=252 394 144 409 1249 18 352 417 268 1540 1407 14.999999999999998 63 21 110 1951 9029 1402 1342 108 10.999999999999998 21 13.999999999999998 27 650 242 2901 5448 277 4092 1274
leaf_count=252 394 144 409 1249 18 352 417 268 1540 1407 15 63 21 110 1951 9029 1402 1342 108 11 21 14 27 650 242 2901 5448 277 4092 1274
internal_value=0 3.38309e-06 8.0959e-06 -1.0245e-07 -1.22997e-06 -3.1481e-06 0 1.17841e-06 1.78404e-06 2.54592e-06 1.07512e-05 -3.90566e-06 4.33018e-06 4.63623e-06 -4.2413e-06 -7.24526e-08 -6.85458e-07 -1.32855e-06 -2.63216e-06 -4.38379e-06 -4.44795e-06 -3.32741e-06 0 1.21924e-07 3.06409e-07 9.11887e-07 -1.21186e-07 -3.49373e-07 -4.67007e-07 0
internal_weight=0 820 568 34628 4939 2416 29689 3740 3472 3078 424 2064 1538 1517 2001 25949 3283 2866 1524 1983 1972 1416 22666 12822 12172 3143 9844 4396 4369 2523
internal_count=35448 820 568 34628 4939 2416 29689 3740 3472 3078 424 2064 1538 1517 2001 25949 3283 2866 1524 1983 1972 1416 22666 12822 12172 3143 9844 4396 4369 2523
is_linear=0
shrinkage=0.03


Tree=3
num_leaves=31
num_cat=0
split_feature=24 1 7 9 3 8 4 4 1 10 8 2 15 0 9 10 10 5 1 19 20 22 8 5 3 19 9 2 5 3
split_gain=7.84404e-06 1.19051e-05 1.63724e-05 1.19101e-05 7.5444e-06 3.49135e-06 4.49169e-06 6.51107e-06 4.74336e-06 3.38569e-06 4.49746e-06 5.18613e-06 3.35338e-06 3.3355e-06 2.71889e-06 3.04472e-06 2.31202e-06 1.88953e-06 1.74299e-06 2.43601e-06 6.6017e-06 2.78405e-06 1.90913e-06 1.42064e-06 1.21603e-06 8.4804e-07 1.18425e-06 1.3738e-06 1.90821e-06 5.72669e-07
threshold=0.019886693146148871 146.92349002971176 0.036499999999989548 0.013999999999995795 0.15683813300871921 0.00029332325600986089 -0.070972531330080108 0.016049236025846608 147.40962592188743 0.0090000000000003428 8.5796123510002156e-05 142.92288614344798 13.802464072533629 20.812491363383248 0.0019999999999953393 0.015500000000002958 0.00099999999999056421 0.085499999999996149 157.23048464037296 -0.00071132494329829803 -0.00021295373562252201 0.0056106618994334828 0.00025134418238175041 0.052500000000009102 -0.25216169537048921 0.00064401499590821803 0.099000000000003766 147.46759996122628 0.15800000000000128 0.12590097217996291
decision_type=2 2 2 2 2 2 2 2 2 2 2 2 2 2 2 2 2 2 2 2 2 2 2 2 2 2 2 2 2 2
left_child=1 2 -1 -4 16 18 25 8 -8 -2 -11 -12 14 -10 -13 -16 -5 -15 19 -3 21 22 -21 -17 -18 26 27 -7 -29 -26
right_child=9 5 3 4 -6 6 7 -9 13 10 11 12 -14 17 15 23 24 -19 -20 20 -22 -23 -24 -25 29 -27 -28 28 -30 -31
leaf_value=0 0 0 0 0 0 0 0 0 0 0 0 0 0 0 0 0 0 -2.4300763180694488e-06 0 2.2944214433008902e-06 0 0 0 -4.2117032854605452e-06 6.010078166485964e-06 0 0 0 2.5352934550543047e-06 0
leaf_weight=1366 773 454 809 94 36 55 292 3850 914 377 160 163 131 1043 264 10.999999999999998 44 3658 2171 2724 10955 322 357 1574 1302 86 92 541 744 34
leaf_count=1366 773 454 809 94 36 55 292 3850 914 377 160 163 131 1043 264 11 44 3658 2171 2724 10955 322 357 1574 1302 86 92 541 744 34
internal_value=0 1.09611e-07 1.73542e-06 3.33758e-06 4.9199e-06 0 -4.91886e-07 -8.33013e-07 -1.46226e-06 -1.39043e-06 -1.90469e-06 -2.44524e-06 -2.93318e-06 -1.73484e-06 -3.26552e-06 -3.59541e-06 5.42243e-06 -2.05752e-06 1.56166e-07 3.6588e-07 5.39255e-07 1.72419e-06 2.02404e-06 -4.09984e-06 5.73699e-06 0 7.30033e-07 1.16828e-06 1.54447e-06 5.90052e-06
internal_weight=0 31943 3685 2319 1510 28258 11275 9757 5907 3453 2680 2303 2143 5615 2012 1849 1474 4701 16983 14812 14358 3403 3081 1585 1380 1518 1432 1340 1285 1336
internal_count=35396 31943 3685 2319 1510 28258 11275 9757 5907 3453 2680 2303 2143 5615 2012 1849 1474 4701 16983 14812 14358 3403 3081 1585 1380 1518 1432 1340 1285 1336
is_linear=0
shrinkage=0.03


end of trees

feature_importances:
ema_slow=13
macd_signal=11
rsi_normalized=9
ema_fast=8
body=8
upper_shadow=8
lower_shadow=8
macd=7
range_pct=6
body_pct=6
price_ema_fast_dist=6
range=5
macd_hist=5
rsi_divergence=4
ema_cross=4
price_ema_slow_dist=4
macd_hist_change=3
macd_strength=3
rsi=1
ema_cross_pct=1

parameters:
[boosting: gbdt]
[objective: regression]
[metric: rmse]
[tree_learner: serial]
[device_type: cpu]
[data: ]
[valid: ]
[num_iterations: 800]
[learning_rate: 0.03]
[num_leaves: 31]
[num_threads: 8]
[deterministic: 0]
[force_col_wise: 0]
[force_row_wise: 0]
[histogram_pool_size: -1]
[max_depth: 8]
[min_data_in_leaf: 10]
[min_sum_hessian_in_leaf: 0.001]
[bagging_fraction: 0.9]
[pos_bagging_fraction: 1]
[neg_bagging_fraction: 1]
[bagging_freq: 1]
[bagging_seed: 9057]
[feature_fraction: 0.9]
[feature_fraction_bynode: 1]
[feature_fraction_seed: 15199]
[extra_trees: 0]
[extra_seed: 31159]
[early_stopping_round: 0]
[first_metric_only: 0]
[max_delta_step: 0]
[lambda_l1: 0.1]
[lambda_l2: 0.1]
[linear_lambda: 0]
[min_gain_to_split: 0]
[drop_rate: 0.1]
[max_drop: 50]
[skip_drop: 0.5]
[xgboost_dart_mode: 0]
[uniform_drop: 0]
[drop_seed: 20727]
[top_rate: 0.2]
[other_rate: 0.1]
[min_data_per_group: 100]
[max_cat_threshold: 32]
[cat_l2: 10]
[cat_smooth: 10]
[max_cat_to_onehot: 4]
[top_k: 20]
[monotone_constraints: ]
[monotone_constraints_method: basic]
[monotone_penalty: 0]
[feature_contri: ]
[forcedsplits_filename: ]
[refit_decay_rate: 0.9]
[cegb_tradeoff: 1]
[cegb_penalty_split: 0]
[cegb_penalty_feature_lazy: ]
[cegb_penalty_feature_coupled: ]
[path_smooth: 0]
[interaction_constraints: ]
[verbosity: 1]
[saved_feature_importance_type: 0]
[linear_tree: 0]
[max_bin: 255]
[max_bin_by_feature: ]
[min_data_in_bin: 3]
[bin_construct_sample_cnt: 200000]
[data_random_seed: 218]
[is_enable_sparse: 1]
[enable_bundle: 1]
[use_missing: 1]
[zero_as_missing: 0]
[feature_pre_filter: 1]
[pre_partition: 0]
[two_round: 0]
[header: 0]
[label_column: ]
[weight_column: ]
[group_column: ]
[ignore_column: ]
[categorical_feature: ]
[forcedbins_filename: ]
[precise_float_parser: 0]
[parser_config_file: ]
[objective_seed: 19100]
[num_class: 1]
[is_unbalance: 0]
[scale_pos_weight: 1]
[sigmoid: 1]
[boost_from_average: 1]
[reg_sqrt: 0]
[alpha: 0.9]
[fair_c: 1]
[poisson_max_delta_step: 0.7]
[tweedie_variance_power: 1.5]
[lambdarank_truncation_level: 30]
[lambdarank_norm: 1]
[label_gain: ]
[lambdarank_position_bias_regularization: 0]
[eval_at: ]
[multi_error_top_k: 1]
[auc_mu_weights: ]
[num_machines: 1]
[local_listen_port: 12400]
[time_out: 120]
[machine_list_filename: ]
[machines: ]
[gpu_platform_id: -1]
[gpu_device_id: -1]
[gpu_use_dp: 0]
[num_gpu: 1]

end of parameters

pandas_categorical:[]
