tree
version=v4
num_class=1
num_tree_per_iteration=1
label_index=0
max_feature_idx=33
objective=regression
feature_names=rsi ema_fast ema_slow bb_middle bb_upper bb_lower atr range range_pct body body_pct upper_shadow lower_shadow is_bullish rsi_normalized rsi_overbought rsi_oversold rsi_divergence ema_cross ema_cross_pct ema_cross_signal price_ema_fast_dist price_ema_slow_dist bb_width bb_position bb_position_normalized price_bb_upper_dist price_bb_lower_dist bb_breakout_upper bb_breakout_lower atr_normalized atr_ma atr_ratio signal_convergence
feature_infos=[0:99.999992774566991] [139.84172317124145:161.9044463934776] [139.985622134078:161.8633237416141] [0:161.88062500000001] [0:163.46980690478767] [0:161.79437304114759] [0:1.1185000000000032] [0:3.0139999999999816] [0:0.019088400286395583] [0:2.7609999999999957] [0:0.017392783349291913] [0:1.1620000000000061] [0:1.3590000000000089] [0:1] [-1:0.99999985549133985] [0:1] [0:1] [-89.854942239242206:87.39492126263913] [-1.0350786189282246:0.79769146520030176] [-0.006549151847441992:0.0054000600139474395] [0:1] [-0.014331159141718369:0.0093718883724765341] [-0.017546516855659215:0.012454695205154643] [0:0.040499613571001979] [-0.43688158368442731:1.4336560662958788] [-1.8737631673688546:1.8673121325917577] [-0.0052970182941306683:0.036124521721180282] [-0.0076876891014397734:0.023272312637101344] [0:1] [0:1] [0:0.0071150494268520962] [0:0.79457500000000281] [0:5.222190663820645] [0:2]
tree_sizes=1494 1084 1176 1417 1428 1105 1084 1416 1096 1741 1248 1342 1339 1425 1598 1195 1032 1425 1416 1424 1685 1503 1663 1259 1587 1088 1107 1333 1335 1191 1324 1109 1409 1335 1346 949 716 1011 789 1005 1105 1105 642 723 1030 1174 1405 1344 1663 783 946 697 1096 1093 1193 865 1104 795 1238 1099 560 578 1086 1005 1094 1087 1103 941 1034 1028 1084 1322 1100 1004 716 490 1252 1107 1265

Tree=0
num_leaves=14
num_cat=0
split_feature=2 32 32 26 5 23 30 9 23 9 6 5 4
split_gain=7.08741e-06 4.96839e-06 5.72008e-06 2.99711e-06 6.33581e-06 4.91722e-06 3.54394e-06 4.89541e-06 2.8797e-06 1.00324e-06 3.21353e-07 3.04002e-07 1.01182e-06
threshold=157.26542796134086 0.67197628851642965 2.1672443163425785 0.00043963501278749861 149.42472595548591 0.012134542979832406 0.0018248867721825819 0.0079999999999955679 0.00063888450390927947 1.0000000180025095e-35 0.036400000000004699 154.72778494505891 145.78132718457837
decision_type=2 2 2 2 2 2 2 2 2 2 2 2 2
left_child=3 -2 8 11 5 6 7 -5 -3 -10 -11 12 -1
right_child=1 2 -4 4 -6 -7 -8 -9 9 10 -12 -13 -14
leaf_value=4.7848720581320742e-06 4.7848720581320742e-06 4.7848720581320742e-06 4.7848720581320742e-06 4.7848720581320742e-06 4.7848720581320742e-06 4.7848720581320742e-06 4.7848720581320742e-06 6.3650850626029262e-06 4.7848720581320742e-06 4.7848720581320742e-06 2.0174816404283035e-06 4.7848720581320742e-06 4.4159988839127941e-06
leaf_weight=422 548 105 52 841 11653 210 577 8281 28 42 2549 1345 8703
leaf_count=422 548 105 52 841 11653 210 577 8281 28 42 2549 1345 8703
internal_value=4.78487e-06 3.42802e-06 2.83165e-06 4.8747e-06 5.15512e-06 5.71961e-06 5.9463e-06 6.12049e-06 2.38122e-06 2.13938e-06 2.06041e-06 4.78487e-06 4.61172e-06
internal_weight=0 3324 2776 32032 21562 9909 9699 9122 2724 2619 2591 10470 9125
internal_count=35356 3324 2776 32032 21562 9909 9699 9122 2724 2619 2591 10470 9125
is_linear=0
shrinkage=1


Tree=1
num_leaves=12
num_cat=0
split_feature=5 26 21 23 23 23 26 3 2 23 4
split_gain=9.567e-06 1.12888e-05 4.39521e-06 2.47327e-06 2.41916e-06 6.47e-06 7.8625e-06 3.36004e-06 2.09744e-06 4.08501e-08 5.08566e-10
threshold=149.42472595548591 0.00045255651689645392 0.00085374475948972938 0.014296111262698089 0.0025671871451443231 0.006701914616254378 0.00089362642251051151 159.13756250000003 149.74115071230139 0.00054940685185481163 150.62947069383884
decision_type=2 2 2 2 2 2 2 2 2 2 2
left_child=1 -1 3 9 -2 6 -6 8 -8 -3 -11
right_child=4 2 -4 -5 5 -7 7 -9 -10 10 -12
leaf_value=0 0 0 0 0 0 0 0 0 -2.3694776487375914e-06 1.51429041603264e-06 0
leaf_weight=4510 13665 56 457 90 1786 1137 51 164 4278 9139 27
leaf_count=4510 13665 56 457 90 1786 1137 51 164 4278 9139 27
internal_value=0 5.6624e-07 1.22826e-06 1.41684e-06 -4.3733e-07 -9.15007e-07 -1.38426e-06 -2.0622e-06 -2.26103e-06 1.50612e-06 1.51204e-06
internal_weight=0 14279 9769 9312 21081 7416 6279 4493 4329 9222 9166
internal_count=35360 14279 9769 9312 21081 7416 6279 4493 4329 9222 9166
is_linear=0
shrinkage=0.03


Tree=2
num_leaves=13
num_cat=0
split_feature=4 21 23 9 32 32 6 32 6 23 5 23
split_gain=9.34638e-06 1.43832e-05 9.79262e-06 8.46934e-06 7.46393e-06 9.80256e-06 6.70924e-06 5.82609e-06 5.56918e-06 3.73848e-06 3.44243e-06 5.5295e-07
threshold=147.77091793910532 0.00068460229183494811 0.0025888589069020394 0.0035000000000025015 0.72704447738616262 1.9824867242069897 0.10110000000000101 0.61124002785834264 0.065800000000002981 0.014296111262698089 146.22936156707115 0.0011584178095714712
decision_type=2 2 2 2 2 2 2 2 2 2 2 2
left_child=1 3 11 -1 -4 6 -6 -5 -9 -10 -8 -2
right_child=2 -3 4 7 5 -7 10 8 9 -11 -12 -13
leaf_value=0 0 0 0 0 0 0 0 0 3.093567929228778e-06 0 -2.1888866388219416e-06 2.174644546398026e-07
leaf_weight=247 8740 890 1158 450 907 358 36 470 4278 55 7335 10523
leaf_count=247 8740 890 1158 450 907 358 36 470 4278 55 7335 10523
internal_value=0 1.02824e-06 -2.38682e-07 1.89258e-06 -1.03386e-06 -1.41067e-06 -1.77251e-06 2.28062e-06 2.60387e-06 2.94487e-06 -2.08507e-06 0
internal_weight=0 6390 29057 5500 9794 8636 8278 5253 4803 4333 7371 19263
internal_count=35447 6390 29057 5500 9794 8636 8278 5253 4803 4333 7371 19263
is_linear=0
shrinkage=0.03


Tree=3
num_leaves=16
num_cat=0
split_feature=2 21 32 32 31 4 26 31 32 9 23 10 3 31 2
split_gain=4.12427e-06 3.91538e-06 3.88948e-06 4.77526e-06 4.67119e-06 1.98842e-06 3.12688e-06 2.79238e-06 2.24927e-06 9.3155e-07 8.36191e-07 1.4824e-07 2.69874e-06 5.89161e-06 4.10257e-06
threshold=157.26542796134086 3.1584918142658481e-05 0.67197628851642965 2.0575286262233572 0.046732499999999538 155.05870772668973 0.00045255651689645392 0.38842500000000302 0.5516915124220404 1.0000000180025095e-35 0.00063888450390927947 0.00030330092515396413 142.62662500000002 0.11791999999999968 155.64948493183098
decision_type=2 2 2 2 2 2 2 2 2 2 2 2 2 2 2
left_child=1 5 -2 4 -4 6 -1 8 -8 -6 -11 -3 -13 -14 -15
right_child=2 11 3 -5 9 -7 7 -9 -10 10 -12 12 13 14 -16
leaf_value=0 0 0 0 0 0 0 0 0 1.048273857381915e-06 0 -2.6566143722367221e-06 0 0 -1.9062919884482992e-06 0
leaf_weight=2296 562 8316 231 78 24 2422 301 116 11703 32 2424 247 3141 3180 321
leaf_count=2296 562 8316 231 78 24 2422 301 116 11703 32 2424 247 3141 3180 321
internal_value=0 7.80918e-08 -1.02434e-06 -1.58609e-06 -2.04283e-06 4.69979e-07 6.18162e-07 8.28674e-07 9.501e-07 -2.50136e-06 -2.58056e-06 0 -1.39161e-07 -6.2109e-07 -1.49874e-06
internal_weight=0 32043 3351 2789 2711 16838 14416 12120 12004 2480 2456 15205 6889 6642 3501
internal_count=35394 32043 3351 2789 2711 16838 14416 12120 12004 2480 2456 15205 6889 6642 3501
is_linear=0
shrinkage=0.03


Tree=4
num_leaves=16
num_cat=0
split_feature=4 19 19 26 10 23 17 19 19 1 32 23 26 26 6
split_gain=5.55291e-06 1.82142e-05 1.36261e-05 1.34272e-05 6.95956e-06 6.85315e-06 1.15405e-05 1.17361e-05 1.27059e-05 5.66495e-06 4.82278e-06 1.23057e-06 1.32185e-06 1.16381e-06 1.11355e-06
threshold=147.77091793910532 0.0011879602929002254 -0.00098496394654796777 0.00040896495108855697 2.7226999503818534e-05 0.0025888589069020394 -4.0393280844125234 0.00058111734449085752 -0.0011110888125698678 147.36291571608322 1.918658413559041 0.0011584178095714712 3.337966399465654e-05 0.0018118216331131358 0.042800000000008255
decision_type=2 2 2 2 2 2 2 2 2 2 2 2 2 2 2
left_child=1 2 -1 -4 -5 11 -7 8 -8 -10 -6 -2 -13 14 -14
right_child=5 -3 3 4 10 6 7 -9 9 -11 -12 12 13 -15 -16
leaf_value=0 0 0 0 0 3.8727278801767433e-06 0 0 0 0 -3.2463447341289248e-06 0 0 0 0 6.9704871965667666e-07
leaf_weight=629 8689 323 1556 145 3735 2748 907 1891 22 4172 77 621 181 773 8946
leaf_count=629 8689 323 1556 145 3735 2748 907 1891 22 4172 77 621 181 773 8946
internal_value=0 8.50559e-07 1.85211e-06 2.45887e-06 3.38777e-06 -1.05182e-07 -8.16156e-07 -1.55348e-06 -2.31915e-06 -3.04432e-06 3.68192e-06 0 3.24443e-07 4.81696e-07 6.05342e-07
internal_weight=0 6465 6142 5513 3957 28950 9740 6992 5101 4194 3812 19210 10521 9900 9127
internal_count=35415 6465 6142 5513 3957 28950 9740 6992 5101 4194 3812 19210 10521 9900 9127
is_linear=0
shrinkage=0.03


Tree=5
num_leaves=12
num_cat=0
split_feature=21 4 1 26 32 26 32 23 32 0 0
split_gain=2.25524e-06 6.48745e-06 5.02248e-06 3.51864e-06 2.93564e-06 2.92207e-06 2.80247e-06 1.3068e-06 6.29769e-07 2.85237e-07 7.83508e-08
threshold=2.3293973331330707e-05 155.05870772668973 146.92349002971176 0.00061982631920263641 1.8286426055833358 0.012284446318865425 0.58765429189198215 0.014296111262698089 0.47792142366787987 35.533115474701489 99.999897433305293
decision_type=2 2 2 2 2 2 2 2 2 2 2
left_child=1 3 -2 -1 8 6 -5 -8 -4 -10 -11
right_child=2 -3 4 5 -6 -7 7 -9 9 10 -12
leaf_value=0 0 0 0 0 0 0 1.2788539930663142e-06 0 0 -8.1933422423843839e-07 0
leaf_weight=3442 2173 3931 197 445 370 70 10031 24 464 13427 710
leaf_count=3442 2173 3931 197 445 370 70 10031 24 464 13427 710
internal_value=0 2.44445e-07 -2.34983e-07 7.02283e-07 -6.00943e-07 9.76419e-07 1.10009e-06 1.23069e-06 -7.40743e-07 -7.71312e-07 -7.95366e-07
internal_weight=0 17943 17341 14012 15168 10570 10500 10055 14798 14601 14137
internal_count=35284 17943 17341 14012 15168 10570 10500 10055 14798 14601 14137
is_linear=0
shrinkage=0.03


Tree=6
num_leaves=12
num_cat=0
split_feature=2 32 32 21 23 4 23 32 23 5 5
split_gain=6.40389e-06 3.8628e-06 4.30955e-06 3.20108e-06 2.44142e-06 2.30908e-06 2.09203e-06 2.5784e-06 1.54736e-06 3.79893e-07 4.62798e-07
threshold=157.26542796134086 0.70208333207806628 1.9824867242069897 2.3293973331330707e-05 0.00063888450390927947 155.05870772668973 0.00098143321697273782 0.58765429189198215 0.014296111262698089 159.73695190695341 156.98657392493877
decision_type=2 2 2 2 2 2 2 2 2 2 2
left_child=3 -2 4 5 -3 6 -1 -8 -9 10 -6
right_child=1 2 -4 -5 9 -7 7 8 -10 -11 -12
leaf_value=0 0 0 0 0 0 0 0 1.0816322982119454e-06 0 0 -3.038573621136994e-06
leaf_weight=3880 677 99 97 15537 76 2332 443 9619 80 696 1665
leaf_count=3880 677 99 97 15537 76 2332 443 9619 80 696 1665
internal_value=0 -1.23693e-06 -1.80099e-06 1.48019e-07 -2.21288e-06 4.67851e-07 6.3521e-07 8.62259e-07 1.00832e-06 -2.44893e-06 -2.931e-06
internal_weight=0 3310 2633 31891 2536 16354 14022 10142 9699 2437 1741
internal_count=35201 3310 2633 31891 2536 16354 14022 10142 9699 2437 1741
is_linear=0
shrinkage=0.03


Tree=7
num_leaves=16
num_cat=0
split_feature=4 19 9 19 6 26 21 19 6 19 26 9 9 4 5
split_gain=3.42067e-06 1.48177e-05 9.81924e-06 9.9301e-06 6.73521e-06 7.61834e-06 2.7164e-06 1.74611e-06 1.59156e-06 1.05659e-06 1.21841e-06 4.61882e-08 1.26808e-06 1.27178e-06 6.20563e-07
threshold=147.77091793910532 0.0011879602929002254 0.012499999999988633 -0.0022813225000132818 0.066399999999994477 -5.9109789276717767e-05 3.1584918142658481e-05 0.0010396862618450061 0.071900000000006528 -0.00090941944816593174 0.003669367046228725 0.077000000000012406 0.0079999999999955679 161.41384285441305 147.53448217189199
decision_type=2 2 2 2 2 2 2 2 2 2 2 2 2 2 2
left_child=1 2 -1 -4 -5 -6 11 8 -8 -10 -11 12 -2 14 -14
right_child=6 -3 3 4 5 -7 7 -9 9 10 -12 -13 13 -15 -16
leaf_value=0 0 0 0 0 0 3.252582436232194e-06 0 0 0 -9.5663221565643163e-07 0 0 0 0 5.5325755778509467e-07
leaf_weight=941 2101 334 77 439 183 4449 4394 957 230 8231 35 3363 104 167 9428
leaf_count=941 2101 334 77 439 183 4449 4394 957 230 8231 35 3363 104 167 9428
internal_value=0 6.8817e-07 1.64e-06 2.21309e-06 2.59508e-06 2.94639e-06 -3.55544e-08 -4.2332e-07 -5.60729e-07 -8.03501e-07 -8.82392e-07 0 5.93527e-08 3.49215e-07 4.94129e-07
internal_weight=0 6423 6089 5148 5071 4632 29010 13847 12890 8496 8266 15163 11800 9699 9532
internal_count=35433 6423 6089 5148 5071 4632 29010 13847 12890 8496 8266 15163 11800 9699 9532
is_linear=0
shrinkage=0.03


Tree=8
num_leaves=12
num_cat=0
split_feature=4 18 19 26 10 6 26 19 32 6 6
split_gain=3.1635e-06 1.38851e-05 1.15315e-05 9.62474e-06 7.60061e-06 3.89145e-06 2.55919e-06 1.22077e-05 6.82546e-06 7.13464e-06 3.15076e-06
threshold=147.8297220063948 0.17076885223221441 -0.0010242742096648724 0.00043351348016277251 2.0432278916361985e-05 0.067299999999998764 0.0018118216331131358 -0.00071453302932026404 0.72704447738616262 0.43035000000000007 0.070900000000001753
decision_type=2 2 2 2 2 2 2 2 2 2 2
left_child=1 2 -1 -4 -5 -6 -2 -8 -9 10 -10
right_child=6 -3 3 4 5 -7 7 8 9 -11 -12
leaf_value=0 0 0 0 0 0 3.4855601131914821e-06 0 0 0 0 -3.0827647674774913e-06
leaf_weight=581 22911 333 1687 125 300 3677 2257 386 66 48 3024
leaf_count=581 22911 333 1687 125 300 3677 2257 386 66 48 3024
internal_value=0 6.45825e-07 1.54938e-06 2.10575e-06 2.89296e-06 3.21748e-06 -4.22726e-08 -6.38177e-07 -1.94565e-06 -2.4917e-06 -2.89532e-06
internal_weight=0 6703 6370 5789 4102 3977 28692 5781 3524 3138 3090
internal_count=35395 6703 6370 5789 4102 3977 28692 5781 3524 3138 3090
is_linear=0
shrinkage=0.03


Tree=9
num_leaves=20
num_cat=0
split_feature=23 4 32 32 26 23 3 26 31 4 32 31 19 32 19 4 4 19 18
split_gain=2.2232e-06 1.51461e-05 1.1398e-05 1.66062e-05 5.30573e-06 4.8224e-06 4.55945e-06 3.17829e-06 2.25003e-06 8.27101e-06 3.99812e-06 9.45853e-07 3.72551e-06 4.82715e-06 7.28858e-06 1.75017e-07 1.28567e-07 1.76754e-08 1.98042e-08
threshold=0.0025888589069020394 145.90114223209963 1.918658413559041 1.1710555944720855 0.0074300125099767732 0.0011584178095714712 159.13756250000003 3.337966399465654e-05 0.1460199999999999 155.65318583204154 0.6635510403122894 0.13569999999999774 0.001250670147601166 0.758874007258727 -0.0022813225000132818 153.83456828816733 146.57250114260668 -0.00015236830913533891 0.071661542738397102
decision_type=2 2 2 2 2 2 2 2 2 2 2 2 2 2 2 2 2 2 2
left_child=5 11 3 15 6 17 -5 -7 9 10 -9 -2 13 -13 -15 16 -3 -1 -19
right_child=1 2 -4 4 -6 7 -8 8 -10 -11 -12 12 -14 14 -16 -17 -18 18 -20
leaf_value=0 0 0 0 -3.732884526495786e-06 0 0 0 0 0 0 1.7492247607216771e-06 0 0 0 3.8728401267675436e-06 0 -2.6521869552628372e-07 -6.1386841845209574e-08 0
leaf_weight=1011 457 256 539 3563 253 729 96 645 1451 2721 6644 328 180 25 1007 2587 3884 8951 32
leaf_count=1011 457 256 539 3563 253 729 96 645 1451 2721 6644 328 180 25 1007 2587 3884 8951 32
internal_value=0 -3.83587e-07 -1.18021e-06 -1.55809e-06 -3.22831e-06 5.29865e-08 -3.5281e-06 6.00952e-07 7.96046e-07 9.63243e-07 1.51506e-06 0 7.43413e-07 1.75803e-06 2.8777e-06 0 -1.9505e-07 0 -4.20811e-08
internal_weight=0 13175 11178 10639 3912 22184 3659 12190 11461 10010 7289 1997 1540 1360 1032 6727 4140 9994 8983
internal_count=35359 13175 11178 10639 3912 22184 3659 12190 11461 10010 7289 1997 1540 1360 1032 6727 4140 9994 8983
is_linear=0
shrinkage=0.03


Tree=10
num_leaves=14
num_cat=0
split_feature=2 32 32 26 5 23 10 32 23 9 3 5 5
split_gain=4.4684e-06 4.68229e-06 2.92068e-06 2.35204e-06 4.33113e-06 3.15337e-06 2.78046e-06 2.87491e-06 2.29781e-06 1.19999e-06 5.578e-07 1.0476e-06 8.28157e-08
threshold=157.26542796134086 0.70208333207806628 2.0575286262233572 0.00043963501278749861 149.42472595548591 0.014296111262698089 2.7226999503818534e-05 0.77104500777195761 0.00063888450390927947 0.00099999999999056421 154.99953125000005 142.20776518415337 154.72778494505891
decision_type=2 2 2 2 2 2 2 2 2 2 2 2 2
left_child=3 -2 8 10 5 6 -5 -8 -3 -10 11 -1 -13
right_child=1 2 -4 4 -6 -7 7 -9 9 -11 -12 12 -14
leaf_value=0 0 0 0 0 0 0 0 1.3809374070263868e-06 0 -2.391858569277648e-06 0 -4.114895784133751e-07 0
leaf_weight=93 656 99 78 411 11677 143 1968 7332 31 2442 1251 8973 85
leaf_count=93 656 99 78 411 11677 143 1968 7332 31 2442 1251 8973 85
internal_value=0 -1.09739e-06 -1.75852e-06 3.53422e-08 3.16491e-07 7.83853e-07 9.56929e-07 1.10691e-06 -2.05135e-06 -2.28312e-06 0 -2.34217e-07 -3.99383e-07
internal_weight=0 3306 2650 31933 21531 9854 9711 9300 2572 2473 10402 9151 9058
internal_count=35239 3306 2650 31933 21531 9854 9711 9300 2572 2473 10402 9151 9058
is_linear=0
shrinkage=0.03


Tree=11
num_leaves=15
num_cat=0
split_feature=1 18 18 23 18 30 23 5 21 30 23 30 23 2
split_gain=4.04079e-06 1.23224e-05 1.7948e-05 8.77131e-06 1.29262e-05 1.73185e-05 3.21023e-06 2.0782e-06 1.40271e-06 1.50577e-06 1.10626e-06 5.03197e-07 1.97095e-07 1.6133e-07
threshold=146.92349002971176 0.17076885223221441 -0.14784130567542772 0.0025888589069020394 -0.16617764235753893 0.00088654600315255742 0.00077222315610450741 146.82221417084784 0.002558861597799634 0.0029097489440929529 0.0011584178095714712 0.00027166682901859899 0.0024967872100945753 146.95088568512338
decision_type=2 2 2 2 2 2 2 2 2 2 2 2 2 2
left_child=1 2 -1 10 -5 -6 -4 13 9 -7 -2 -12 -13 -8
right_child=3 -3 6 4 5 8 7 -9 -10 -11 11 12 -14 -15
leaf_value=0 0 0 0 0 0 -2.7966968929784459e-06 3.2245352903711403e-06 0 0 0 0 3.9417670754853972e-07 0 0
leaf_weight=570 9459 303 154 1231 3950 4920 3369 25 68 45 175 10464 486 27
leaf_count=570 9459 303 154 1231 3950 4920 3369 25 68 45 175 10464 486 27
internal_value=0 8.05279e-07 1.83609e-06 -1.5627e-07 -9.20048e-07 -1.5025e-06 2.90288e-06 3.10652e-06 -2.66943e-06 -2.73454e-06 0 2.99153e-07 3.63703e-07 3.20503e-06
internal_weight=0 4448 4145 30798 10214 8983 3575 3421 5033 4965 20584 11125 10950 3396
internal_count=35246 4448 4145 30798 10214 8983 3575 3421 5033 4965 20584 11125 10950 3396
is_linear=0
shrinkage=0.03


Tree=12
num_leaves=15
num_cat=0
split_feature=1 21 23 23 2 3 23 23 5 2 21 23 26 26
split_gain=2.73649e-06 7.90357e-06 4.25867e-06 4.08937e-06 3.24273e-06 1.6214e-06 1.34775e-06 1.12995e-06 1.06509e-06 1.05713e-06 2.65349e-06 8.89498e-07 8.60806e-07 6.47506e-07
threshold=146.92349002971176 0.00068460229183494811 0.0025888589069020394 0.006701914616254378 146.95088568512338 159.13756250000003 0.018267544574847371 0.00077222315610450741 146.76925193504911 147.51248935389609 0.0012093094227761108 0.0011343361943190993 3.337966399465654e-05 0.0023045597163373253
decision_type=2 2 2 2 2 2 2 2 2 2 2 2 2 2
left_child=1 4 11 5 6 9 7 -1 -9 -4 -11 -2 -13 -14
right_child=2 -3 3 -5 -6 -7 -8 8 -10 10 -12 12 13 -15
leaf_value=0 0 0 0 0 0 0 0 2.1396444245211802e-06 0 -1.2913900242318815e-06 0 0 4.5201138004883718e-07 0
leaf_weight=150 9126 776 520 1497 57 244 32 3384 68 7496 425 664 10562 205
leaf_count=150 9126 776 520 1497 57 244 32 3384 68 7496 425 664 10562 205
internal_value=0 7.13371e-07 -7.8503e-08 -6.28509e-07 1.59465e-06 -9.41734e-07 1.84006e-06 1.93717e-06 2.05189e-06 -1.04181e-06 -1.12992e-06 0 2.64634e-07 3.82494e-07
internal_weight=0 4467 30739 10182 3691 8685 3634 3602 3452 8441 7921 20557 11431 10767
internal_count=35206 4467 30739 10182 3691 8685 3634 3602 3452 8441 7921 20557 11431 10767
is_linear=0
shrinkage=0.03


Tree=13
num_leaves=16
num_cat=0
split_feature=2 21 21 9 4 18 26 9 3 1 18 17 30 25 0
split_gain=5.48882e-06 4.96413e-06 3.14249e-06 2.93953e-06 2.97693e-06 4.63923e-06 4.28998e-06 1.34749e-06 1.14118e-06 5.79831e-06 3.31326e-06 1.03528e-06 3.14579e-07 2.64639e-07 3.32306e-07
threshold=157.26542796134086 3.1584918142658481e-05 -0.0023013148637652 0.0079999999999955679 155.05870772668973 -0.29315723468184268 0.00044633076195571406 0.0019999999999953393 154.99953125000005 146.92349002971176 0.17076885223221441 -7.9953352504369972 0.00018743726466334193 1.0862862015987076 90.701351621682562
decision_type=2 2 2 2 2 2 2 2 2 2 2 2 2 2 2
left_child=1 3 -2 -1 5 -5 -7 -4 9 -3 11 -11 -9 14 -14
right_child=2 8 7 4 -6 6 -8 12 -10 10 -12 -13 13 -15 -16
leaf_value=0 0 0 0 0 0 0 1.293517170446837e-06 0 0 0 0 -1.038810514336924e-06 -1.8089420417169904e-06 0 0
leaf_weight=2207 30 2168 131 240 2130 1570 10665 36 2339 744 584 9414 2990 107 31
leaf_count=2207 30 2168 131 240 2130 1570 10665 36 2339 744 584 9414 2990 107 31
internal_value=0 2.24932e-08 -1.21683e-06 5.16436e-07 6.98674e-07 8.8671e-07 1.06908e-06 -1.53376e-06 0 -2.82053e-07 -7.62494e-07 -9.53083e-07 -1.68317e-06 -1.71935e-06 -1.77192e-06
internal_weight=0 32061 3325 16812 14605 12475 12235 3295 15249 12910 10742 10158 3164 3128 3021
internal_count=35386 32061 3325 16812 14605 12475 12235 3295 15249 12910 10742 10158 3164 3128 3021
is_linear=0
shrinkage=0.03


Tree=14
num_leaves=18
num_cat=0
split_feature=2 32 18 19 32 23 5 23 32 9 23 23 21 4 23 21 21
split_gain=3.43119e-06 2.52859e-06 2.06925e-06 6.74154e-06 7.45295e-06 8.52423e-06 8.25117e-06 1.54832e-06 1.61556e-06 5.17913e-07 3.6789e-08 6.91786e-06 5.33535e-06 2.93017e-06 3.82554e-08 2.33142e-07 1.59242e-07
threshold=157.26542796134086 0.67197628851642965 0.025659190871124341 0.0014227806729777508 1.3610177824332605 0.0016861971563320048 155.47251210047639 0.00063888450390927947 2.1672443163425785 0.00099999999999056421 0.00265440227417829 0.006701914616254378 -0.0010955788567048365 157.21801561932926 0.00073801146297647455 0.00022609366698313557 -0.00099618232889941093
decision_type=2 2 2 2 2 2 2 2 2 2 2 2 2 2 2 2 2
left_child=2 -2 10 4 5 -4 -7 -3 9 -9 14 12 -12 -14 -1 16 -16
right_child=1 7 3 -5 -6 6 -8 8 -10 -11 11 -13 13 -15 15 -17 -18
leaf_value=0 0 0 0 0 0 2.3469914364806234e-06 0 0 0 -1.8170532775515656e-06 0 0 -1.7342843606160759e-06 0 0 0 2.0764198779123013e-07
leaf_weight=3956 553 105 2722 644 1210 5417 718 30 50 2596 771 1226 4554 125 82 1656 8989
leaf_count=3956 553 105 2722 644 1210 5417 718 30 50 2596 771 1226 4554 125 82 1656 8989
internal_value=0 -9.45825e-07 5.72896e-08 4.28593e-07 8.93379e-07 1.29014e-06 1.91138e-06 -1.37502e-06 -1.57656e-06 -1.75684e-06 0 -7.04226e-08 -1.07164e-06 -1.53747e-06 0 5.66529e-08 1.64093e-07
internal_weight=0 3334 32070 10711 10067 8857 6135 2781 2676 2626 21359 6676 5450 4679 14683 10727 9071
internal_count=35404 3334 32070 10711 10067 8857 6135 2781 2676 2626 21359 6676 5450 4679 14683 10727 9071
is_linear=0
shrinkage=0.03


Tree=15
num_leaves=13
num_cat=0
split_feature=2 21 21 9 17 23 5 23 9 17 4 4
split_gain=3.20601e-06 2.11918e-06 2.06162e-06 1.88649e-06 2.83919e-06 1.60026e-06 9.63221e-07 1.68502e-06 8.8978e-07 1.03146e-07 7.24442e-09 1.58753e-06
threshold=157.26542796134086 3.1584918142658481e-05 -0.0023013148637652 0.0079999999999955679 1.7037597908199411 0.00063888450390927947 155.47251210047639 0.0011914178745297021 0.00099999999999056421 14.151105741561354 145.90114223209963 155.31746191417645
decision_type=2 2 2 2 2 2 2 2 2 2 2 2
left_child=1 3 -2 -1 6 -4 7 -5 -7 -10 -3 -12
right_child=2 10 5 4 -6 8 -8 -9 9 -11 11 -13
leaf_value=0 0 0 0 0 0 0 0 1.1229543957906105e-06 -1.5659572674291171e-06 0 -3.5204055039851752e-07 0
leaf_weight=2210 35 1320 144 3378 3356 42 1059 6790 2877 216 11581 2275
leaf_count=2210 35 1320 144 3378 3356 42 1059 6790 2877 216 11581 2275
internal_value=0 2.43487e-08 -9.29986e-07 3.38676e-07 4.98505e-07 -1.19996e-06 7.41879e-07 8.32442e-07 -1.40193e-06 -1.50033e-06 0 -2.1692e-08
internal_weight=0 31969 3314 16793 14583 3279 11227 10168 3135 3093 15176 13856
internal_count=35283 31969 3314 16793 14583 3279 11227 10168 3135 3093 15176 13856
is_linear=0
shrinkage=0.03


Tree=16
num_leaves=11
num_cat=0
split_feature=21 4 1 32 26 17 23 32 17 23
split_gain=1.12504e-06 3.7717e-06 3.25698e-06 2.38948e-06 2.20005e-06 1.56875e-06 1.55884e-06 5.61216e-07 4.36513e-07 1.0827e-07
threshold=2.3293973331330707e-05 155.05870772668973 146.92349002971176 1.8286426055833358 0.00045255651689645392 -7.9953352504369972 0.014296111262698089 0.47792142366787987 14.151105741561354 0.0004908459804656059
decision_type=2 2 2 2 2 2 2 2 2 2
left_child=1 4 -2 5 -1 -4 8 -7 9 -6
right_child=2 -3 3 -5 6 7 -8 -9 -10 -11
leaf_value=0 0 0 0 0 0 0 0 -7.3706739936300318e-07 0 8.3773527695786223e-07
leaf_weight=2086 2192 3975 1210 371 52 189 84 13361 368 11428
leaf_count=2086 2192 3975 1210 371 52 189 84 13361 368 11428
internal_value=0 2.04509e-07 -1.22506e-07 -4.59244e-07 5.43905e-07 -6.01584e-07 7.16583e-07 -7.05985e-07 7.97208e-07 8.30743e-07
internal_weight=0 17993 17323 15131 14018 14760 11932 13550 11848 11480
internal_count=35316 17993 17323 15131 14018 14760 11932 13550 11848 11480
is_linear=0
shrinkage=0.03


Tree=17
num_leaves=16
num_cat=0
split_feature=2 10 6 21 19 19 5 4 6 23 21 23 9 30 0
split_gain=3.04989e-06 4.75388e-06 4.55366e-06 6.05035e-06 4.2897e-06 3.61341e-06 1.36548e-06 5.20617e-06 6.5631e-06 3.50181e-06 1.04308e-06 1.121e-06 9.58563e-07 1.94578e-07 1.16402e-08
threshold=157.26542796134086 0.00029715817846732545 0.047000000000001312 -0.00071142594531113971 0.0014227806729777508 -0.0014380959283054457 144.27950611927272 156.87495040364169 0.13070000000000309 0.0023972170314460859 -0.0023013148637652 0.00063888450390927947 0.00099999999999056421 0.00019926702558698494 91.497539472941853
decision_type=2 2 2 2 2 2 2 2 2 2 2 2 2 2 2
left_child=1 2 -1 -4 5 -5 -3 8 -8 -10 -2 -12 -13 -14 -15
right_child=10 6 3 4 -6 -7 7 -9 9 -11 11 12 13 14 -16
leaf_value=0 0 0 0 0 0 1.2431490275641876e-06 0 0 0 -1.7696203558208963e-06 0 0 0 -1.3147477868291875e-06 0
leaf_weight=2939 36 1258 594 98 202 13867 6734 575 820 4781 140 40 24 3034 32
leaf_count=2939 36 1258 594 98 202 13867 6734 575 820 4781 140 40 24 3034 32
internal_value=0 1.24744e-07 5.19361e-07 7.75292e-07 1.0053e-06 1.14092e-06 0 -3.08529e-07 -6.92443e-07 -1.45274e-06 -8.24752e-07 -9.87301e-07 -1.15787e-06 -1.27952e-06 -1.30656e-06
internal_weight=0 31868 17700 14761 14167 13965 14168 12910 12335 5601 3306 3270 3130 3090 3066
internal_count=35174 31868 17700 14761 14167 13965 14168 12910 12335 5601 3306 3270 3130 3090 3066
is_linear=0
shrinkage=0.03


Tree=18
num_leaves=16
num_cat=0
split_feature=4 21 23 32 23 23 3 26 32 23 32 23 26 26 32
split_gain=8.1652e-07 6.86699e-06 2.70832e-06 2.45268e-06 2.39586e-06 7.1985e-06 3.02556e-06 3.39884e-06 2.29322e-06 2.07575e-06 1.5267e-06 3.78723e-07 8.32026e-07 5.46439e-07 2.66581e-07
threshold=147.8297220063948 0.00068460229183494811 0.00063888450390927947 0.59965952741696937 0.0025888589069020394 0.006701914616254378 159.13756250000003 0.00079871830387649842 2.0575286262233572 0.014296111262698089 0.54253582626514951 0.0011343361943190993 4.3232015517499885e-05 0.0023045597163373253 0.49625205068556694
decision_type=2 2 2 2 2 2 2 2 2 2 2 2 2 2 2
left_child=1 2 -1 -4 11 6 7 -6 9 -5 -9 -2 -13 14 -14
right_child=4 -3 3 8 5 -7 -8 10 -10 -11 -12 12 13 -15 -16
leaf_value=0 0 0 0 1.7887893025544357e-06 0 0 0 0 0 0 -1.6540369983174681e-06 0 0 0 4.3525409969126224e-07
leaf_weight=419 8334 938 381 4835 2014 1520 238 112 62 53 5779 647 186 181 9614
leaf_count=419 8334 938 381 4835 2014 1520 238 112 62 53 5779 647 186 181 9614
internal_value=0 3.26859e-07 1.09501e-06 1.32306e-06 -2.66378e-08 -4.74598e-07 -1.03095e-06 -1.19972e-06 1.5268e-06 1.6682e-06 -1.56544e-06 0 1.79081e-07 3.30411e-07 4.01708e-07
internal_weight=0 6688 5750 5331 28625 9663 8143 7905 4950 4888 5891 18962 10628 9981 9800
internal_count=35313 6688 5750 5331 28625 9663 8143 7905 4950 4888 5891 18962 10628 9981 9800
is_linear=0
shrinkage=0.03


Tree=19
num_leaves=16
num_cat=0
split_feature=3 9 32 32 23 21 32 32 23 30 9 5 4 23 21
split_gain=3.17079e-06 1.72115e-06 3.81154e-06 3.4225e-06 2.87752e-06 3.11415e-06 1.67004e-06 2.29193e-06 1.65015e-06 8.36099e-07 5.3049e-07 2.8209e-07 2.49926e-06 3.25043e-06 1.29908e-06
threshold=157.23496875000004 0.04899999999999239 0.82405335104089972 1.2740117155962982 0.0010331774299239429 -0.00071142594531113971 0.70208333207806628 2.1672443163425785 0.00063888450390927947 0.00023875193542321078 0.00099999999999056421 142.20776518415337 156.87495040364169 0.0023744813058402315 -0.0010955788567048365
decision_type=2 2 2 2 2 2 2 2 2 2 2 2 2 2 2
left_child=1 2 -1 4 -4 -6 -2 8 -8 -10 -11 -3 13 -13 -15
right_child=6 11 3 -5 5 -7 7 -9 9 10 -12 12 -14 14 -16
leaf_value=0 0 0 0 0 0 1.5590469783270396e-06 0 0 0 0 -1.8876276000119081e-06 0 0 0 -1.0479074837897431e-06
leaf_weight=7003 685 434 3358 2504 312 5583 101 57 62 31 2530 5151 515 1025 6008
leaf_count=7003 685 434 3358 2504 312 5583 101 57 62 31 2530 5151 515 1025 6008
internal_value=0 6.10182e-08 2.9816e-07 6.58496e-07 9.40127e-07 1.35151e-06 -8.88265e-07 -1.2344e-06 -1.52079e-06 -1.72278e-06 -1.82582e-06 0 -1.41392e-07 -4.53262e-07 -8.78546e-07
internal_weight=0 31893 18760 11757 9253 5895 3466 2781 2724 2623 2561 13133 12699 12184 7033
internal_count=35359 31893 18760 11757 9253 5895 3466 2781 2724 2623 2561 13133 12699 12184 7033
is_linear=0
shrinkage=0.03


Tree=20
num_leaves=19
num_cat=0
split_feature=21 31 3 23 11 17 6 23 19 3 26 24 31 19 30 30 30 24
split_gain=1.95901e-06 7.35217e-06 1.541e-05 6.29817e-06 8.01053e-06 5.29172e-06 3.0272e-06 1.14378e-05 6.13291e-06 6.25677e-06 4.41105e-06 9.404e-06 4.06371e-06 2.08211e-06 1.19537e-06 8.59113e-07 1.69452e-06 5.41791e-07
threshold=2.3293973331330707e-05 0.11844500000000212 142.62662500000002 0.0024348833230307108 0.013999999999995795 -10.406136737114258 0.18695000000000167 0.0034084157799894473 -0.0022813225000132818 154.60687500000003 0.0023045597163373253 0.26106406092068019 0.38842500000000302 -0.0019486755061875248 0.00058272482040289694 0.00091787137761826371 0.00036046198960238931 0.6645526345745062
decision_type=2 2 2 2 2 2 2 2 2 2 2 2 2 2 2 2 2 2
left_child=6 -2 -3 -4 -5 -6 10 -8 -9 12 15 13 -10 -12 -15 16 -1 -18
right_child=1 2 3 4 5 -7 7 8 9 -11 11 -13 -14 14 -16 -17 17 -19
leaf_value=0 0 0 0 0 0 -3.4797139997442874e-06 0 0 4.5362629774214225e-06 0 0 0 0 0 -2.6017553191733191e-06 0 5.8568053949789093e-07 0
leaf_weight=3119 10497 324 1729 1285 177 3294 300 232 1352 346 26 659 59 125 2259 1027 8383 105
leaf_count=3119 10497 324 1729 1285 177 3294 300 232 1352 346 26 659 59 125 2259 1027 8383 105
internal_value=0 -3.19119e-07 -1.10931e-06 -1.85218e-06 -2.42269e-06 -3.18104e-06 6.2117e-09 1.09105e-06 2.55824e-06 3.24801e-06 0 -1.12436e-06 4.13835e-06 -2.26302e-06 -2.44193e-06 8.42955e-08 2.72668e-07 5.30409e-07
internal_weight=0 17306 6809 6485 4756 3471 17992 2289 1989 1757 15703 3069 1411 2410 2384 12634 11607 8488
internal_count=35298 17306 6809 6485 4756 3471 17992 2289 1989 1757 15703 3069 1411 2410 2384 12634 11607 8488
is_linear=0
shrinkage=0.03


Tree=21
num_leaves=17
num_cat=0
split_feature=2 32 32 23 23 23 32 32 21 30 23 30 23 30 4 5
split_gain=1.85499e-06 1.89988e-06 2.66252e-06 1.82525e-06 1.40406e-06 3.69351e-06 1.43908e-06 1.06474e-06 9.82895e-07 7.83894e-07 2.72835e-06 2.88146e-06 1.08754e-05 1.80978e-06 1.84123e-06 1.34046e-06
threshold=157.26542796134086 2.1672443163425785 0.61124002785834264 0.00063888450390927947 0.0024348833230307108 0.0011699474857737996 0.54253582626514951 1.492506174642801 -0.00099618232889941093 0.0011849400575106399 0.0034084157799894473 0.0020138372409357818 0.010075046721625356 0.0006639110896890227 156.93738202856829 141.9757996335542
decision_type=2 2 2 2 2 2 2 2 2 2 2 2 2 2 2 2
left_child=4 2 -2 -4 5 -1 -7 8 -8 13 -11 12 -12 -6 15 -15
right_child=1 -3 3 -5 9 6 7 -9 -10 10 11 -13 -14 14 -16 -17
leaf_value=0 0 0 0 -1.6199252370912249e-06 0 0 0 0 9.4684157752588732e-07 0 2.2536172569607563e-06 0 0 0 0 -8.931211508942124e-07
leaf_weight=9289 367 59 116 2794 1497 304 52 668 8713 562 2921 739 246 202 303 6516
leaf_count=9289 367 59 116 2794 1497 304 52 668 8713 562 2921 739 246 202 303 6516
internal_value=0 -6.88996e-07 -1.0025e-06 -1.39825e-06 5.17403e-08 2.66309e-07 6.92791e-07 7.9544e-07 8.88971e-07 0 0 7.92845e-07 1.26256e-06 -2.87789e-07 -5.76594e-07 -7.70786e-07
internal_weight=0 3336 3277 2910 32012 19026 9737 9433 8765 12986 4468 3906 3167 8518 7021 6718
internal_count=35348 3336 3277 2910 32012 19026 9737 9433 8765 12986 4468 3906 3167 8518 7021 6718
is_linear=0
shrinkage=0.03


Tree=22
num_leaves=19
num_cat=0
split_feature=2 32 32 31 31 23 32 32 26 31 4 4 31 31 18 23 9 23
split_gain=2.2101e-06 2.67715e-06 3.00368e-06 3.81293e-06 1.84754e-06 4.64768e-06 5.8504e-06 3.81312e-06 3.68357e-06 2.80888e-06 5.7241e-06 6.50923e-06 3.19794e-06 3.06126e-06 1.92266e-06 2.53267e-06 1.13251e-06 1.0302e-06
threshold=157.26542796134086 0.61124002785834264 2.1672443163425785 0.046732499999999538 0.11289499999999927 0.00098143321697273782 1.3874683596406991 0.65923944445590477 0.0022682900532402695 0.2049375000000013 146.13696968353338 156.93738202856829 0.38842500000000302 0.11844500000000212 0.11686322538291451 0.0035798489970725643 0.00099999999999056421 0.00063888450390927947
decision_type=2 2 2 2 2 2 2 2 2 2 2 2 2 2 2 2 2 2
left_child=4 -2 3 -3 5 -1 7 -7 -9 10 -6 13 14 -12 15 -11 -5 -18
right_child=1 2 -4 16 9 6 -8 8 -10 12 11 -13 -14 -15 -16 -17 17 -19
leaf_value=0 0 0 0 0 0 0 0 1.509685301520155e-06 0 0 0 0 0 -1.3852750125230747e-06 0 2.3181712909170778e-06 0 -2.1880553624481092e-06
leaf_weight=6844 361 231 52 39 1638 568 2177 7836 459 492 1059 367 254 8483 474 1284 44 2606
leaf_count=6844 361 231 52 39 1638 568 2177 7836 459 492 1059 367 254 8483 474 1284 44 2606
internal_value=0 -7.72092e-07 -1.21621e-06 -1.55923e-06 7.95843e-09 3.05103e-07 7.27785e-07 1.11975e-06 1.32416e-06 0 -4.66617e-07 -8.79549e-07 7.41818e-08 -1.1905e-06 1.13363e-06 1.61314e-06 -1.9789e-06 -2.08765e-06
internal_weight=0 3333 2972 2920 31935 17884 11040 8863 8295 14051 11547 9909 2504 9542 2250 1776 2689 2650
internal_count=35268 3333 2972 2920 31935 17884 11040 8863 8295 14051 11547 9909 2504 9542 2250 1776 2689 2650
is_linear=0
shrinkage=0.03


Tree=23
num_leaves=14
num_cat=0
split_feature=1 30 32 31 21 9 23 2 32 32 9 23 23
split_gain=4.9198e-06 1.11258e-05 1.38442e-05 1.45543e-05 5.80205e-06 4.96379e-06 4.66694e-06 4.1856e-06 3.67799e-06 3.95961e-06 1.45708e-06 1.03283e-07 1.76988e-07
threshold=146.92349002971176 0.00088654600315255742 1.9824867242069897 0.2500850000000005 0.00079973696002364695 0.0035000000000025015 0.0024967872100945753 146.95088568512338 2.0575286262233572 0.60570042051374395 1.0000000180025095e-35 0.0011584178095714712 0.0025671871451443231
decision_type=2 2 2 2 2 2 2 2 2 2 2 2 2
left_child=4 11 3 6 5 -1 -3 8 9 -7 -8 -2 -13
right_child=1 2 -4 -5 -6 7 10 -9 -10 -11 -12 12 -14
leaf_value=0 0 0 0 0 0 0 0 0 0 2.6721249923507943e-06 -2.8349356601272764e-06 1.6101617480619591e-07 0
leaf_weight=136 9398 1166 380 739 647 325 20 50 46 3264 5292 9729 4118
leaf_count=136 9398 1166 380 739 647 325 20 50 46 3264 5292 9729 4118
internal_value=0 -2.16828e-07 -1.22836e-06 -1.82063e-06 8.16349e-07 1.46485e-06 -2.39055e-06 1.85396e-06 2.12619e-06 2.34539e-06 -2.78563e-06 0 8.19318e-08
internal_weight=0 30842 7597 7217 4468 3821 6478 3685 3635 3589 5312 23245 13847
internal_count=35310 30842 7597 7217 4468 3821 6478 3685 3635 3589 5312 23245 13847
is_linear=0
shrinkage=0.03


Tree=24
num_leaves=18
num_cat=0
split_feature=2 32 3 32 32 18 19 32 23 5 30 30 23 23 30 23 30
split_gain=2.00182e-06 4.73716e-06 8.27921e-06 3.11498e-06 2.09231e-06 1.65203e-06 6.51284e-06 6.7085e-06 6.35275e-06 5.29302e-06 1.0492e-06 7.61938e-07 1.83449e-05 3.40635e-06 1.50439e-06 9.29808e-07 4.92183e-07
threshold=157.26542796134086 0.73068104353310259 159.13756250000003 2.1672443163425785 0.74648863364088747 0.025659190871124341 0.0014227806729777508 1.3445519600649789 0.0016861971563320048 155.47251210047639 0.00023875193542321078 0.0012372272252839606 0.0024744603853011755 0.0034084157799894473 0.00045417959969623335 0.014296111262698089 0.0011849400575106399
decision_type=2 2 2 2 2 2 2 2 2 2 2 2 2 2 2 2 2
left_child=5 -2 3 4 -3 11 7 8 -7 -10 -6 12 -1 -13 -14 -15 -16
right_child=1 2 -4 -5 10 6 -8 -9 9 -11 -12 13 14 15 16 -17 -18
leaf_value=0 0 0 0 0 0 0 0 0 2.1210588497896956e-06 0 -3.5731312682279112e-06 0 0 1.3248748426678664e-06 -2.1257029596506489e-06 0 0
leaf_weight=14051 755 53 945 28 25 2722 668 1296 5306 727 1499 411 42 2223 4203 126 323
leaf_count=14051 755 53 945 28 25 2722 668 1296 5306 727 1499 411 42 2223 4203 126 323
internal_value=0 -7.37218e-07 -1.54147e-06 -2.90113e-06 -3.21611e-06 1.27725e-08 3.73088e-07 8.55341e-07 1.23673e-06 1.77967e-06 -3.4552e-06 0 -1.91911e-07 0 -1.94016e-06 1.14234e-06 -2.02443e-06
internal_weight=0 3305 2550 1605 1577 32098 10719 10051 8755 6033 1524 21379 18619 2760 4568 2349 4526
internal_count=35403 3305 2550 1605 1577 32098 10719 10051 8755 6033 1524 21379 18619 2760 4568 2349 4526
is_linear=0
shrinkage=0.03


Tree=25
num_leaves=12
num_cat=0
split_feature=2 0 23 9 32 21 32 32 3 0 14
split_gain=5.09049e-07 2.28229e-06 4.12765e-06 6.30479e-06 4.7367e-06 7.44653e-06 1.62209e-06 2.01036e-06 2.71189e-06 8.85121e-07 8.64263e-07
threshold=157.26542796134086 81.94620738534384 0.0011584178095714712 0.072499999999990919 1.2740117155962982 -0.00060231578897446689 0.67197628851642965 2.1672443163425785 159.13756250000003 91.497539472941853 -0.78065503272217762
decision_type=2 2 2 2 2 2 2 2 2 2 2
left_child=1 2 -1 4 5 -4 -2 8 9 10 -8
right_child=6 -3 3 -5 -6 -7 7 -9 -10 -11 -12
leaf_value=0 0 0 0 0 0 1.5260192166238609e-06 0 0 0 0 -2.133416211648606e-06
leaf_weight=8043 547 3910 854 7129 2324 9655 21 55 1017 29 1684
leaf_count=8043 547 3910 854 7129 2324 9655 21 55 1017 29 1684
internal_value=0 4.89477e-08 2.75819e-07 5.41131e-07 9.4744e-07 1.22548e-06 -3.37375e-07 -8.10075e-07 -1.15194e-06 -1.87414e-06 -2.0098e-06
internal_weight=0 31915 28005 19962 12833 10509 3353 2806 2751 1734 1705
internal_count=35268 31915 28005 19962 12833 10509 3353 2806 2751 1734 1705
is_linear=0
shrinkage=0.03


Tree=26
num_leaves=12
num_cat=0
split_feature=21 1 32 4 26 32 17 26 17 32 14
split_gain=1.11928e-06 2.56809e-06 3.47832e-06 2.43949e-06 2.25939e-06 2.21987e-06 1.53961e-06 1.03975e-06 7.55941e-07 3.18591e-07 1.41761e-07
threshold=2.3293973331330707e-05 146.92349002971176 1.765694928123178 155.05870772668973 0.00061982631920263641 0.58765429189198215 -7.9953352504369972 0.012284446318865425 14.151105741561354 0.47792142366787987 -0.50189097673295879
decision_type=2 2 2 2 2 2 2 2 2 2 2
left_child=3 -2 6 4 -1 -6 -3 8 -7 -8 -11
right_child=1 2 -4 -5 5 7 9 -9 -10 10 -12
leaf_value=0 0 0 0 0 0 9.3663479334221355e-07 0 0 0 0 -7.536474125364535e-07
leaf_weight=3461 2170 1196 459 3981 460 9777 181 75 287 23 13230
leaf_count=3461 2170 1196 459 3981 460 9777 181 75 287 23 13230
internal_value=0 -1.25737e-07 -4.13832e-07 2.0177e-07 4.56497e-07 6.84312e-07 -6.24982e-07 8.28596e-07 8.85815e-07 -7.26993e-07 -7.46574e-07
internal_weight=0 17259 15089 18041 14060 10599 14630 10139 10064 13434 13253
internal_count=35300 17259 15089 18041 14060 10599 14630 10139 10064 13434 13253
is_linear=0
shrinkage=0.03


Tree=27
num_leaves=15
num_cat=0
split_feature=2 32 32 18 18 32 23 5 23 9 1 4 5 4
split_gain=2.21579e-06 2.60265e-06 2.01687e-06 1.49423e-06 6.39311e-06 7.37157e-06 5.91896e-06 4.6188e-06 1.338e-06 8.79193e-07 1.53044e-07 2.31375e-06 5.59938e-07 4.12098e-07
threshold=157.26542796134086 0.70208333207806628 2.1672443163425785 0.025659190871124341 0.21422943289007892 1.3042348372564876 0.0016861971563320048 155.47251210047639 0.00063888450390927947 0.0019999999999953393 147.40962592188743 157.16386591178409 155.21850670874036 147.74224819008927
decision_type=2 2 2 2 2 2 2 2 2 2 2 2 2 2
left_child=3 -2 8 10 5 6 -5 -8 -3 -10 -1 12 13 -12
right_child=1 2 -4 4 -6 -7 7 -9 9 -11 11 -13 -14 -15
leaf_value=0 0 0 0 0 0 0 2.1187616486104051e-06 0 0 -1.8358642834971194e-06 0 0 0 -4.5560008015274037e-07
leaf_weight=3574 668 95 58 2659 664 1531 5173 684 84 2415 528 483 1873 14910
leaf_count=3574 668 95 58 2659 664 1531 5173 684 84 2415 528 483 1873 14910
internal_value=0 -7.73682e-07 -1.27769e-06 1.44867e-08 3.55216e-07 8.40945e-07 1.27018e-06 1.80422e-06 -1.53905e-06 -1.7148e-06 0 -8.79811e-08 -3.58116e-07 -4.20058e-07
internal_weight=0 3320 2652 32079 10711 10047 8516 5857 2594 2499 21368 17794 17311 15438
internal_count=35399 3320 2652 32079 10711 10047 8516 5857 2594 2499 21368 17794 17311 15438
is_linear=0
shrinkage=0.03


Tree=28
num_leaves=15
num_cat=0
split_feature=23 5 32 30 26 32 4 10 32 10 10 6 31 6
split_gain=1.8345e-06 9.62838e-06 9.41783e-06 1.74831e-05 4.74834e-06 2.38139e-06 2.16678e-06 2.02189e-06 1.74469e-06 1.94337e-06 9.03022e-07 3.50558e-07 7.43916e-07 6.68484e-07
threshold=0.0025888589069020394 144.27950611927272 1.8286426055833358 0.00088654600315255742 0.00043351348016277251 0.53327412538400354 155.82131149607432 6.603253435157702e-06 0.49625205068556694 0.00097123833386527768 2.7226999503818534e-05 0.15429999999999641 0.12260000000000135 0.43035000000000007
decision_type=2 2 2 2 2 2 2 2 2 2 2 2 2 2
left_child=4 11 3 -3 -1 -5 8 -7 -6 10 -10 -2 -13 -14
right_child=1 2 -4 5 6 7 -8 -9 9 -11 -12 12 13 -15
leaf_value=0 0 0 0 0 0 0 0 -2.4214118980915956e-06 0 0 1.1282656020639565e-06 0 1.3209571738793158e-06 0
leaf_weight=9646 625 4245 701 56 131 50 2666 6431 681 244 8749 69 909 92
leaf_count=9646 625 4245 701 56 131 50 2666 6431 681 244 8749 69 909 92
internal_value=0 -2.5678e-07 -9.11202e-07 -1.29243e-06 1.8805e-07 -2.27199e-06 6.36696e-07 -2.35313e-06 8.45272e-07 9.41524e-07 1.04636e-06 0 5.42936e-07 9.91841e-07
internal_weight=0 13178 11483 10782 22117 6537 12471 6481 9805 9674 9430 1695 1070 1001
internal_count=35295 13178 11483 10782 22117 6537 12471 6481 9805 9674 9430 1695 1070 1001
is_linear=0
shrinkage=0.03


Tree=29
num_leaves=13
num_cat=0
split_feature=4 21 32 9 23 23 9 21 3 23 23 23
split_gain=2.52609e-06 6.88757e-06 5.62765e-06 5.45695e-06 4.7429e-06 4.94296e-06 6.0919e-06 4.27294e-06 4.86157e-06 4.25013e-06 4.19797e-06 8.89671e-08
threshold=147.77091793910532 0.00068460229183494811 0.63144018257665835 0.0035000000000025015 0.0024967872100945753 0.006701914616254378 0.023999999999986702 0.0012093094227761108 159.13756250000003 0.014296111262698089 0.00077222315610450741 0.0011343361943190993
decision_type=2 2 2 2 2 2 2 2 2 2 2 2
left_child=1 2 -1 -4 11 6 -6 8 -8 10 -5 -2
right_child=4 -3 3 9 5 -7 7 -9 -10 -11 -12 -13
leaf_value=0 0 0 0 0 0 0 -1.9553140110229468e-06 0 0 0 2.4543099949016598e-06 8.8395733505254323e-08
leaf_weight=561 8393 911 200 454 2086 1497 6062 432 158 57 4199 10247
leaf_count=561 8393 911 200 454 2086 1497 6062 432 158 57 4199 10247
internal_value=0 4.87505e-07 1.18752e-06 1.61332e-06 -1.61878e-07 -7.00696e-07 -1.04124e-06 -1.49945e-06 -1.7386e-06 1.93803e-06 2.15035e-06 0
internal_weight=0 6382 5471 4910 28875 10235 8738 6652 6220 4710 4653 18640
internal_count=35257 6382 5471 4910 28875 10235 8738 6652 6220 4710 4653 18640
is_linear=0
shrinkage=0.03


Tree=30
num_leaves=15
num_cat=0
split_feature=23 5 17 9 17 23 3 26 17 17 5 31 18 18
split_gain=7.4261e-07 1.04032e-05 1.32029e-05 5.63874e-06 5.18627e-06 3.07883e-06 2.73453e-06 2.21429e-06 2.13832e-06 2.79298e-06 1.57643e-06 3.33389e-07 3.21525e-06 6.28182e-06
threshold=0.0025888589069020394 144.27950611927272 -8.637777283386713 0.47350000000000142 14.510781981883904 0.0011584178095714712 159.13756250000003 3.337966399465654e-05 -11.592496880962296 12.903632672987539 160.81827936298151 0.12196749999999591 0.17076885223221441 -0.26521787249777157
decision_type=2 2 2 2 2 2 2 2 2 2 2 2 2 2
left_child=5 11 -3 4 6 -1 -4 -7 -9 10 -10 -2 13 -13
right_child=1 2 3 -5 -6 7 -8 8 9 -11 -12 12 -14 -15
leaf_value=0 0 0 -1.9566696375890213e-06 0 0 0 0 0 1.0980746273141708e-06 0 0 0 0 2.6992620212202196e-06
leaf_weight=9901 194 1648 8911 59 632 730 208 1427 8808 1000 231 79 207 1214
leaf_count=9901 194 1648 8911 59 632 730 208 1427 8808 1000 231 79 207 1214
internal_value=0 -2.25424e-07 -9.35657e-07 -1.49458e-06 -1.66364e-06 0 -1.86316e-06 4.7665e-07 6.44563e-07 8.16217e-07 1.00896e-06 0 4.47206e-07 1.57146e-06
internal_weight=0 13152 11458 9810 9751 22097 9119 12196 11466 10039 9039 1694 1500 1293
internal_count=35249 13152 11458 9810 9751 22097 9119 12196 11466 10039 9039 1694 1500 1293
is_linear=0
shrinkage=0.03


Tree=31
num_leaves=12
num_cat=0
split_feature=21 1 32 4 9 30 23 32 6 32 30
split_gain=1.68536e-06 4.93935e-06 3.58852e-06 2.39638e-06 1.88644e-06 1.76804e-06 1.98193e-06 1.69734e-06 5.2143e-07 7.2306e-07 1.24037e-06
threshold=2.3293973331330707e-05 146.92349002971176 1.765694928123178 155.05870772668973 0.0079999999999955679 0.0003638230165588779 0.014296111262698089 0.5516915124220404 0.076200000000007165 0.6545593069018325 0.00057907000457821844
decision_type=2 2 2 2 2 2 2 2 2 2 2
left_child=3 -2 8 4 -1 -6 7 -7 -3 -10 -11
right_child=1 2 -4 -5 5 6 -8 -9 9 10 -12
leaf_value=0 0 0 0 0 0 0 0 9.2931012097441877e-07 0 0 -1.2477784137603132e-06
leaf_weight=1837 2204 5389 459 4022 1749 215 85 10199 652 1371 7307
leaf_count=1837 2204 5389 459 4022 1749 215 85 10199 652 1371 7307
internal_value=0 -2.90377e-07 -6.24053e-07 5.31614e-08 3.95921e-07 5.64693e-07 7.2357e-07 8.36125e-07 -7.88038e-07 -1.01488e-06 -1.08736e-06
internal_weight=0 17382 15178 18107 14085 12248 10499 10414 14719 9330 8678
internal_count=35489 17382 15178 18107 14085 12248 10499 10414 14719 9330 8678
is_linear=0
shrinkage=0.03


Tree=32
num_leaves=16
num_cat=0
split_feature=23 4 17 32 8 17 23 26 26 32 31 19 19 8 17
split_gain=1.4662e-06 1.30424e-05 1.20764e-05 1.2486e-05 8.15521e-06 6.98568e-06 2.19525e-06 1.73788e-06 2.00238e-06 1.62639e-06 1.3725e-06 4.10514e-06 4.28274e-06 5.58377e-06 1.33928e-06
threshold=0.0024967872100945753 145.90114223209963 -8.4582482363904834 1.8286426055833358 0.00055977235986206045 14.933917548139862 0.001146479009466276 3.337966399465654e-05 0.0018118216331131358 0.55839030251276423 0.13569999999999774 0.001250670147601166 -0.0019486755061875248 0.00061998764561231015 12.616655835586231
decision_type=2 2 2 2 2 2 2 2 2 2 2 2 2 2 2
left_child=6 10 -3 4 -4 -6 -1 -8 9 -9 -2 12 -12 -14 -11
right_child=1 2 3 -5 5 -7 7 8 -10 14 11 -13 13 -15 -16
leaf_value=0 0 0 0 0 -2.6750420718362888e-06 0 0 0 0 9.5334712047683135e-07 0 0 0 3.4830865103664287e-06 0
leaf_weight=9803 474 1721 1994 651 6818 524 714 546 777 8814 60 179 182 1138 957
leaf_count=9803 474 1721 1994 651 6818 524 714 546 777 8814 60 179 182 1138 957
internal_value=0 -3.09888e-07 -1.05606e-06 -1.5478e-06 -1.94071e-06 -2.40601e-06 0 4.09043e-07 5.64859e-07 7.1956e-07 0 8.90046e-07 1.88987e-06 2.5794e-06 8.34566e-07
internal_weight=0 13741 11708 9987 9336 7342 21611 11808 11094 10317 2033 1559 1380 1320 9771
internal_count=35352 13741 11708 9987 9336 7342 21611 11808 11094 10317 2033 1559 1380 1320 9771
is_linear=0
shrinkage=0.03


Tree=33
num_leaves=15
num_cat=0
split_feature=23 32 21 32 3 6 23 26 26 6 31 18 18 18
split_gain=1.38365e-06 1.0876e-05 1.67464e-05 1.31299e-05 6.39664e-06 6.88818e-06 2.75756e-06 2.08027e-06 1.72164e-06 1.33433e-06 1.56114e-06 4.43283e-08 4.87411e-06 2.54423e-07
threshold=0.0024967872100945753 1.2740117155962982 -0.0011496776604154287 1.8286426055833358 159.13756250000003 0.43035000000000007 0.0011343361943190993 3.337966399465654e-05 0.0019270442759857557 0.042200000000001132 0.1460199999999999 -0.013846494404404551 0.21422943289007892 0.032769676433815682
decision_type=2 2 2 2 2 2 2 2 2 2 2 2 2 2
left_child=6 11 -3 4 5 -4 -1 -8 9 -9 -11 -2 13 -13
right_child=1 2 3 -5 -6 -7 7 8 -10 10 -12 12 -14 -15
leaf_value=0 0 0 -4.352184158893247e-06 0 0 0 0 0 0 9.5694951556655328e-07 0 0 0 1.0957761759617985e-06
leaf_weight=9603 4347 740 2633 529 76 39 724 169 556 9292 1241 1043 429 3877
leaf_count=9603 4347 740 2633 529 76 39 724 169 556 9292 1241 1043 429 3877
internal_value=0 -3.01345e-07 -1.65727e-06 -2.82233e-06 -3.71463e-06 -4.04292e-06 0 4.55107e-07 6.21885e-07 7.42706e-07 8.21262e-07 0 8.63602e-08 9.48504e-07
internal_weight=0 13713 4017 3277 2748 2672 21585 11982 11258 10702 10533 9696 5349 4920
internal_count=35298 13713 4017 3277 2748 2672 21585 11982 11258 10702 10533 9696 5349 4920
is_linear=0
shrinkage=0.03


Tree=34
num_leaves=15
num_cat=0
split_feature=23 5 11 31 23 9 9 9 30 31 4 30 31 30
split_gain=1.42191e-06 1.07468e-05 6.40244e-06 7.91863e-06 4.07148e-06 3.86689e-06 3.2577e-06 1.5114e-06 1.35928e-06 1.04291e-06 3.22346e-06 1.92738e-07 7.02199e-07 8.59382e-07
threshold=0.0024348833230307108 144.27950611927272 0.0050000000000096642 0.11289499999999927 0.0011584178095714712 0.47350000000000142 0.027000000000001027 0.13000000000000969 0.00032529233067793878 0.14849250000000086 155.65318583204154 0.0010815231830056172 0.12082000000000108 0.0029097489440929529
decision_type=2 2 2 2 2 2 2 2 2 2 2 2 2 2
left_child=4 11 -3 -4 -1 6 -5 8 -6 10 -10 -2 -13 -14
right_child=1 2 3 5 7 -7 -8 -9 9 -11 -12 12 13 -15
leaf_value=0 0 0 0 0 0 0 -2.312955642255291e-06 0 1.2314436348160985e-06 0 0 0 1.3191680242647735e-06 0
leaf_weight=9915 665 1847 2725 2043 543 58 5647 609 6679 1030 2386 61 907 102
leaf_count=9915 665 1847 2725 2043 543 58 5647 609 6679 1030 2386 61 907 102
internal_value=0 -2.96849e-07 -9.41053e-07 -1.26172e-06 4.41087e-08 -1.75259e-06 -1.88343e-06 5.73984e-07 6.90059e-07 7.89287e-07 8.92915e-07 0 4.0258e-07 8.93321e-07
internal_weight=0 14055 12320 10473 21162 7748 7690 11247 10638 10095 9065 1735 1070 1009
internal_count=35217 14055 12320 10473 21162 7748 7690 11247 10638 10095 9065 1735 1070 1009
is_linear=0
shrinkage=0.03


Tree=35
num_leaves=10
num_cat=0
split_feature=5 21 23 23 23 23 3 21 2
split_gain=9.5493e-07 4.55945e-06 4.59929e-06 3.11846e-06 1.15981e-06 2.95263e-06 1.72505e-06 2.88732e-06 1.79256e-06
threshold=149.42472595548591 0.00068460229183494811 0.0013518494466676068 0.014296111262698089 0.006701914616254378 0.0025888589069020394 159.13756250000003 0.00074824237446605602 149.74115071230139
decision_type=2 2 2 2 2 2 2 2 2
left_child=1 2 -1 -4 5 -2 7 8 -7
right_child=4 -3 3 -5 -6 6 -8 -9 -10
leaf_value=0 0 0 1.2041597040936988e-06 0 0 0 0 0 -1.3968830603170435e-06
leaf_weight=4650 13726 1484 8032 93 1143 80 253 943 4985
leaf_count=4650 13726 1484 8032 93 1143 80 253 943 4985
internal_value=0 2.04675e-07 6.06601e-07 1.04307e-06 -1.1137e-07 -2.55612e-07 -7.95601e-07 -9.58142e-07 -1.26569e-06
internal_weight=0 14259 12775 8125 21130 19987 6261 6008 5065
internal_count=35389 14259 12775 8125 21130 19987 6261 6008 5065
is_linear=0
shrinkage=0.03


Tree=36
num_leaves=7
num_cat=0
split_feature=2 21 21 4 21 5
split_gain=2.91956e-06 1.74377e-06 1.15287e-06 1.18634e-06 5.95256e-07 1.084e-07
threshold=157.26542796134086 -0.0023013148637652 2.0252307785676054e-05 155.05870772668973 -3.9260702354484109e-05 154.72778494505891
decision_type=2 2 2 2 2 2
left_child=2 -2 3 4 5 -1
right_child=1 -3 -4 -5 -6 -7
leaf_value=4.8777499172456218e-07 0 -1.1269849945944761e-06 0 0 0 0
leaf_weight=11623 35 3283 15756 2310 2277 34
leaf_count=11623 35 3283 15756 2310 2277 34
internal_value=0 -8.85296e-07 2.89871e-08 2.55987e-07 3.91173e-07 4.78395e-07
internal_weight=0 3318 32000 16244 13934 11657
internal_count=35318 3318 32000 16244 13934 11657
is_linear=0
shrinkage=0.03


Tree=37
num_leaves=11
num_cat=0
split_feature=4 21 21 32 5 32 32 32 5 5
split_gain=4.51366e-07 3.20433e-06 2.07648e-06 2.03383e-06 2.46546e-06 1.66434e-06 1.42076e-06 3.66232e-07 8.40095e-08 3.4652e-08
threshold=147.8297220063948 0.00068460229183494811 3.1584918142658481e-05 0.59965952741696937 147.31484314157754 1.8286426055833358 2.0575286262233572 0.47792142366787987 158.83308603720829 147.01212702098641
decision_type=2 2 2 2 2 2 2 2 2 2
left_child=1 3 -2 -1 6 7 -5 -4 9 -9
right_child=2 -3 5 4 -6 -7 -8 8 -10 -11
leaf_value=0 0 0 0 1.3857272873694812e-06 0 0 0 0 0 -5.6037409948215903e-07
leaf_weight=434 14968 922 199 4414 877 345 56 51 585 12562
leaf_count=434 14968 922 199 4414 877 345 56 51 585 12562
internal_value=0 1.98668e-07 -7.02426e-08 7.37967e-07 9.6494e-07 -3.82491e-07 1.26892e-06 -5.11736e-07 -5.39255e-07 -5.57025e-07
internal_weight=0 6703 28710 5781 5347 13742 4470 13397 13198 12613
internal_count=35413 6703 28710 5781 5347 13742 4470 13397 13198 12613
is_linear=0
shrinkage=0.03


Tree=38
num_leaves=8
num_cat=0
split_feature=2 21 21 5 1 21 4
split_gain=1.76071e-06 1.53181e-06 1.26682e-06 8.70529e-07 9.85648e-07 5.85108e-07 1.67761e-07
threshold=157.26542796134086 1.4286277735096328e-05 -0.00071142594531113971 155.55721538926153 144.43412639948261 -0.0023013148637652 144.73916116611483
decision_type=2 2 2 2 2 2 2
left_child=1 2 -1 4 -4 -2 -6
right_child=5 -3 3 -5 6 -7 -8
leaf_value=0 0 0 0 0 0 -7.847921931295099e-07 6.228214917005796e-07
leaf_weight=2846 31 16020 539 1202 25 3321 11358
leaf_count=2846 31 16020 539 1202 25 3321 11358
internal_value=0 4.53009e-08 3.00725e-07 4.43755e-07 5.31495e-07 -6.7314e-07 6.11384e-07
internal_weight=0 31990 15970 13124 11922 3352 11383
internal_count=35342 31990 15970 13124 11922 3352 11383
is_linear=0
shrinkage=0.03


Tree=39
num_leaves=11
num_cat=0
split_feature=2 32 32 23 32 32 23 23 5 9
split_gain=5.54316e-07 1.644e-06 2.03047e-06 1.22587e-06 6.27229e-07 2.29828e-06 1.45877e-06 1.63828e-06 3.52619e-06 6.02282e-07
threshold=157.26542796134086 0.70208333207806628 2.1672443163425785 0.00063888450390927947 1.2797749652108561 0.80072347186033299 0.014296111262698089 0.0010331774299239429 155.47251210047639 0.00099999999999056421
decision_type=2 2 2 2 2 2 2 2 2 2
left_child=4 -2 3 -3 5 -1 7 -7 -9 -5
right_child=1 2 -4 9 -6 6 -8 8 -10 -11
leaf_value=0 0 0 0 0 0 0 0 8.7133418416944411e-07 0 -1.4861037851177697e-06
leaf_weight=8744 664 98 57 31 5997 4436 76 11319 1421 2468
leaf_count=8744 664 98 57 31 5997 4436 76 11319 1421 2468
internal_value=0 -3.87741e-07 -8.63359e-07 -1.21051e-06 0 1.4736e-07 3.9066e-07 4.79298e-07 6.52262e-07 -1.40151e-06
internal_weight=0 3318 2654 2597 31993 25996 17252 17176 12740 2499
internal_count=35311 3318 2654 2597 31993 25996 17252 17176 12740 2499
is_linear=0
shrinkage=0.03


Tree=40
num_leaves=12
num_cat=0
split_feature=5 19 31 31 26 26 19 19 10 32 18
split_gain=6.92169e-07 2.8216e-06 6.84841e-06 3.20751e-06 1.8024e-06 1.75386e-06 4.71962e-06 8.00838e-06 5.8169e-06 4.27364e-06 1.33095e-06
threshold=149.42472595548591 0.00020171744716607044 0.15034750000000188 0.04087499999999878 0.0068584165835539708 0.00043963501278749861 0.00099142280616932666 -0.0022813225000132818 2.7226999503818534e-05 0.66776521797681121 0.01928948669559816
decision_type=2 2 2 2 2 2 2 2 2 2 2
left_child=5 2 3 -2 10 -1 7 -7 -9 -10 -5
right_child=1 -3 -4 4 -6 6 -8 8 9 -11 -12
leaf_value=0 0 0 0 -1.2546809884278045e-06 0 0 0 0 0 1.675014384727104e-06 0
leaf_weight=4322 1210 6525 2227 9549 128 121 565 399 890 7882 1491
leaf_count=4322 1210 6525 2227 9549 128 121 565 399 890 7882 1491
internal_value=0 -1.71702e-07 -4.65321e-07 -8.67993e-07 -1.04571e-06 0 4.00165e-07 7.91824e-07 1.19211e-06 1.44311e-06 -1.11943e-06
internal_weight=0 21130 14605 12378 11168 14179 9857 9292 9171 8772 11040
internal_count=35309 21130 14605 12378 11168 14179 9857 9292 9171 8772 11040
is_linear=0
shrinkage=0.03


Tree=41
num_leaves=12
num_cat=0
split_feature=23 17 3 26 10 17 23 26 17 17 30
split_gain=1.12669e-06 8.66432e-06 1.04199e-05 6.98069e-06 1.81212e-05 7.07313e-06 1.06854e-06 1.9418e-06 1.95767e-06 2.28344e-06 1.57404e-06
threshold=0.0025888589069020394 -9.8332563560207635 142.62662500000002 0.004691285843776369 0.00022126476412163664 14.933917548139862 0.0011584178095714712 3.337966399465654e-05 -11.592496880962296 12.616655835586231 0.00032529233067793878
decision_type=2 2 2 2 2 2 2 2 2 2 2
left_child=6 -2 -3 4 -4 -6 -1 -8 -9 10 -10
right_child=1 2 3 -5 5 -7 7 8 9 -11 -12
leaf_value=0 0 0 0 0 -2.8473616287231918e-06 0 0 0 0 0 9.5874128465422397e-07
leaf_weight=9938 1612 524 3197 1480 5815 508 727 1411 386 1059 8641
leaf_count=9938 1612 524 3197 1480 5815 508 727 1411 386 1059 8641
internal_value=0 -2.77835e-07 -8.74436e-07 -1.28591e-06 -1.6033e-06 -2.53957e-06 0 2.80482e-07 4.85436e-07 6.65805e-07 8.50267e-07
internal_weight=0 13136 11524 11000 9520 6323 22162 12224 11497 10086 9027
internal_count=35298 13136 11524 11000 9520 6323 22162 12224 11497 10086 9027
is_linear=0
shrinkage=0.03


Tree=42
num_leaves=6
num_cat=0
split_feature=21 1 1 23 1
split_gain=1.55553e-07 2.66357e-06 6.3767e-07 3.77369e-07 7.338e-09
threshold=2.3293973331330707e-05 146.92349002971176 157.23048464037296 0.00038598399285830442 159.85528470655717
decision_type=2 2 2 2 2
left_child=2 -2 3 -1 -3
right_child=1 4 -4 -5 -6
leaf_value=0 0 -4.158556347859126e-07 0 2.4182132977070165e-07 0
leaf_weight=615 2170 14672 1641 15732 503
leaf_count=615 2170 14672 1641 15732 503
internal_value=0 -8.77456e-08 1.89374e-08 1.88419e-07 -4.08373e-07
internal_weight=0 17345 17988 16347 15175
internal_count=35333 17345 17988 16347 15175
is_linear=0
shrinkage=0.03


Tree=43
num_leaves=7
num_cat=0
split_feature=5 21 3 5 3 2
split_gain=4.18288e-07 2.86621e-06 9.89369e-07 6.60537e-07 1.14523e-07 1.06848e-10
threshold=149.42472595548591 0.00068460229183494811 147.50993750000001 150.81398007965117 149.50953125000004 157.26542796134086
decision_type=2 2 2 2 2 2
left_child=1 2 -1 4 -2 -5
right_child=3 -3 -4 5 -6 -7
leaf_value=8.4375173400367518e-07 0 0 0 0 -4.0576410125906063e-07 -5.380023161429602e-09
leaf_weight=5039 20 1519 7690 11926 5809 3322
leaf_count=5039 20 1519 7690 11926 5809 3322
internal_value=0 9.08277e-08 4.60308e-07 -1.10834e-07 -3.8262e-07 0
internal_weight=0 14248 12729 21077 5829 15248
internal_count=35325 14248 12729 21077 5829 15248
is_linear=0
shrinkage=0.03


Tree=44
num_leaves=11
num_cat=0
split_feature=2 18 19 32 32 5 32 32 11 11
split_gain=1.4253e-06 2.46652e-06 7.64555e-06 7.85443e-06 3.84743e-06 4.29745e-06 2.07555e-06 3.40536e-06 6.97975e-07 8.01095e-10
threshold=157.26542796134086 0.025659190871124341 0.0014227806729777508 1.3786758117551809 0.61124002785834264 155.47251210047639 2.1672443163425785 0.70208333207806628 0.0019999999999953393 0.038499999999999097
decision_type=2 2 2 2 2 2 2 2 2 2
left_child=1 9 3 4 -3 -6 7 -2 -9 -1
right_child=6 2 -4 -5 5 -7 -8 8 -10 -11
leaf_value=-6.5770417503521101e-09 0 0 0 0 1.8352553172022654e-06 0 0 0 -1.6691730321909641e-06 0
leaf_weight=16667 665 801 666 1117 7101 1007 56 315 2306 4678
leaf_count=16667 665 801 666 1117 7101 1007 56 315 2306 4678
internal_value=0 1.14237e-07 4.96705e-07 9.74371e-07 1.3645e-06 1.57253e-06 -5.08632e-07 -9.11885e-07 -1.48717e-06 0
internal_weight=0 32037 10692 10026 8909 8108 3342 3286 2621 21345
internal_count=35379 32037 10692 10026 8909 8108 3342 3286 2621 21345
is_linear=0
shrinkage=0.03


Tree=45
num_leaves=13
num_cat=0
split_feature=31 31 23 32 32 9 23 32 32 9 9 31
split_gain=4.18184e-08 2.92591e-06 2.64552e-06 2.72324e-06 1.32446e-06 1.30901e-06 1.21062e-06 1.57002e-06 2.10304e-06 1.70178e-06 3.4921e-07 1.10858e-07
threshold=0.11289499999999927 0.2500850000000005 0.0018865199464795097 1.8689297019371247 0.72704447738616262 0.47350000000000142 0.0010016445398073448 0.63619771875131226 1.3874683596406991 0.20949999999999139 0.0035000000000025015 0.38842500000000302
decision_type=2 2 2 2 2 2 2 2 2 2 2 2
left_child=6 2 -2 4 -4 -6 -1 -8 9 10 -9 -3
right_child=1 11 3 -5 5 -7 7 8 -10 -11 -12 -13
leaf_value=0 0 3.2066560800371961e-07 0 0 -1.0551832635054318e-06 0 0 0 0 0 8.30199539580486e-07 0
leaf_weight=7606 2346 970 1993 319 8867 37 608 557 2596 56 9055 264
leaf_count=7606 2346 970 1993 319 8867 37 608 557 2596 56 9055 264
internal_value=0 -5.04346e-08 -4.43779e-07 -6.71125e-07 -8.29762e-07 -9.88169e-07 0 2.90936e-07 4.51723e-07 6.74248e-07 7.85236e-07 0
internal_weight=0 14796 13562 11216 10897 8904 20478 12872 12264 9668 9612 1234
internal_count=35274 14796 13562 11216 10897 8904 20478 12872 12264 9668 9612 1234
is_linear=0
shrinkage=0.03


Tree=46
num_leaves=16
num_cat=0
split_feature=2 32 3 32 32 31 18 19 32 27 10 11 31 4 5
split_gain=1.71368e-06 3.04432e-06 8.59479e-06 4.95482e-06 2.45195e-06 3.09256e-06 7.36096e-07 5.58568e-06 5.89466e-06 5.43595e-06 3.00284e-06 3.40029e-07 2.32005e-06 2.15078e-06 2.35042e-06
threshold=157.26542796134086 0.73068104353310259 159.13756250000003 2.0575286262233572 0.74648863364088747 0.074229999999999532 0.025659190871124341 0.0014227806729777508 1.3786758117551809 0.00082676469721687008 1.2814926929858337e-05 0.038499999999999097 0.085775000000003279 157.21801561932926 141.64013488373124
decision_type=2 2 2 2 2 2 2 2 2 2 2 2 2 2 2
left_child=6 -2 3 4 -3 -6 11 8 9 -8 -11 12 -1 14 -14
right_child=1 2 -4 -5 5 -7 7 -9 -10 10 -12 -13 13 -15 -16
leaf_value=0 0 0 0 0 0 -4.6348623926830696e-06 0 0 0 0 1.6154576827265347e-06 0 0 0 -8.8643908873626953e-07
leaf_weight=8160 768 58 954 45 494 999 1630 656 1121 175 7123 4687 159 150 8202
leaf_count=8160 768 58 954 45 494 999 1630 656 1121 175 7123 4687 159 150 8202
internal_value=0 -6.81755e-07 -1.2958e-06 -2.74379e-06 -3.25904e-06 -3.53718e-06 0 2.48765e-07 7.52442e-07 1.10971e-06 1.47541e-06 0 -1.35486e-07 -5.3036e-07 -7.19608e-07
internal_weight=0 3318 2550 1596 1551 1493 32063 10705 10049 8928 7298 21358 16671 8511 8361
internal_count=35381 3318 2550 1596 1551 1493 32063 10705 10049 8928 7298 21358 16671 8511 8361
is_linear=0
shrinkage=0.03


Tree=47
num_leaves=15
num_cat=0
split_feature=2 18 19 4 23 10 23 21 10 17 23 23 18 19
split_gain=9.1498e-08 6.20315e-07 6.35008e-06 1.81014e-06 2.06018e-06 1.33504e-06 3.48629e-07 3.21455e-07 1.88229e-07 6.36884e-08 2.9254e-08 5.14936e-06 4.1839e-06 1.17447e-07
threshold=157.26542796134086 0.025659190871124341 0.0014227806729777508 157.34304147360669 0.0016861971563320048 1.2814926929858337e-05 0.00063888450390927947 -0.0023013148637652 1.0000000180025095e-35 14.151105741561354 0.006701914616254378 0.0024348833230307108 -0.10805254423952702 -0.00071453302932026404
decision_type=2 2 2 2 2 2 2 2 2 2 2 2 2 2
left_child=1 10 3 4 -3 -6 -2 -8 -9 -10 11 -1 -13 -14
right_child=6 2 -4 -5 5 -7 7 8 9 -11 -12 12 13 -15
leaf_value=0 0 0 0 0 0 1.2568226893646007e-06 0 0 -5.6245532847169832e-07 0 0 0 0 -1.4547959403016112e-06
leaf_weight=14060 144 2815 663 149 135 6937 32 30 2883 213 1212 2037 45 4031
leaf_count=14060 144 2815 663 149 135 6937 32 30 2883 213 1212 2037 45 4031
internal_value=0 0 2.28428e-07 7.90612e-07 8.94011e-07 1.17455e-06 -1.57913e-07 -3.54147e-07 -4.68235e-07 -5.25434e-07 0 -3.61265e-08 -8.73153e-07 -1.43775e-06
internal_weight=0 32084 10699 10036 9887 7072 3302 3158 3126 3096 21385 20173 6113 4076
internal_count=35386 32084 10699 10036 9887 7072 3302 3158 3126 3096 21385 20173 6113 4076
is_linear=0
shrinkage=0.03


Tree=48
num_leaves=19
num_cat=0
split_feature=1 32 32 31 31 23 18 19 32 23 30 30 23 21 23 19 19 3
split_gain=5.88912e-07 1.16824e-06 1.70103e-06 2.17577e-06 1.38976e-06 1.12775e-06 7.24919e-07 4.63327e-06 5.59082e-06 7.87077e-06 2.57539e-06 1.22406e-06 1.53682e-05 2.84302e-06 6.70848e-06 9.14596e-06 2.35621e-06 2.50643e-06
threshold=157.28366245665651 2.1672443163425785 0.61124002785834264 0.04087499999999878 0.2653400000000003 0.00063888450390927947 0.024390095208204347 0.0014227806729777508 1.3786758117551809 0.0016861971563320048 0.00049106148794163045 0.0012372272252839606 0.0024967872100945753 0.00044224186028447339 0.0034084157799894473 -0.0022813225000132818 -0.0019486755061875248 156.90306250000003
decision_type=2 2 2 2 2 2 2 2 2 2 2 2 2 2 2 2 2 2
left_child=6 2 -2 -4 5 -5 11 8 9 -8 -11 12 -1 14 -13 -16 -14 -18
right_child=1 -3 3 4 -6 -7 7 -9 -10 10 -12 13 16 -15 15 -17 17 -19
leaf_value=0 0 0 0 0 0 -1.6562792544146375e-06 0 0 0 0 1.8488327306438962e-06 0 0 0 0 3.1608418520832198e-06 -2.1207471478775366e-06 0
leaf_weight=13931 381 55 144 69 22 2674 2888 645 1134 554 5633 336 37 480 229 1684 4293 196
leaf_count=13931 381 55 144 69 22 2674 2888 645 1134 554 5633 336 37 480 229 1684 4293 196
internal_value=0 -3.98042e-07 -6.93279e-07 -1.03431e-06 -1.35412e-06 -1.51799e-06 0 2.45169e-07 6.87278e-07 1.04202e-06 1.65454e-06 0 -2.44309e-07 0 1.06657e-06 2.11966e-06 -1.81636e-06 -1.94903e-06
internal_weight=0 3345 3290 2909 2765 2743 32040 10854 10209 9075 6187 21186 18457 2729 2249 1913 4526 4489
internal_count=35385 3345 3290 2909 2765 2743 32040 10854 10209 9075 6187 21186 18457 2729 2249 1913 4526 4489
is_linear=0
shrinkage=0.03


Tree=49
num_leaves=8
num_cat=0
split_feature=2 32 5 32 32 32 5
split_gain=2.271e-07 9.06136e-07 3.73988e-06 1.55152e-06 6.87105e-07 1.73981e-06 9.01234e-07
threshold=157.26542796134086 0.70208333207806628 157.86057051036633 0.74325260480130406 1.2740117155962982 0.81851781401945523 155.55721538926153
decision_type=2 2 2 2 2 2 2
left_child=4 -2 3 -3 5 -1 -7
right_child=1 2 -4 -5 -6 6 -8
leaf_value=0 0 0 0 -2.2295433396083799e-06 0 4.4982853766284689e-07 0
leaf_weight=9507 680 72 1429 1157 6090 14948 1460
leaf_count=9507 680 72 1429 1157 6090 14948 1460
internal_value=0 -2.28955e-07 -6.10421e-07 -1.8825e-06 3.03055e-08 1.58102e-07 3.67298e-07
internal_weight=0 3338 2658 1229 32005 25915 16408
internal_count=35343 3338 2658 1229 32005 25915 16408
is_linear=0
shrinkage=0.03


Tree=50
num_leaves=10
num_cat=0
split_feature=3 19 19 11 18 18 1 5 5
split_gain=2.21445e-07 6.33292e-06 1.21984e-05 3.38409e-06 2.15598e-06 4.96837e-06 9.70101e-07 3.72859e-08 1.45296e-06
threshold=147.50993750000001 0.0011879602929002254 -0.00098496394654796777 0.0019999999999953393 0.024390095208204347 -0.16617764235753893 157.63870176884311 155.430800319925 148.1289001052584
decision_type=2 2 2 2 2 2 2 2 2
left_child=1 2 -1 -4 5 -2 -7 8 -6
right_child=4 -3 3 -5 7 6 -8 -9 -10
leaf_value=0 0 0 0 2.0681597586988558e-06 0 -6.6978373173421577e-07 0 0 4.6981846001982097e-07
leaf_weight=671 1205 360 418 4611 1103 16683 1463 2771 6076
leaf_count=671 1205 360 418 4611 1103 16683 1463 2771 6076
internal_value=0 0 9.99941e-07 1.82104e-06 -8.24729e-08 -3.32521e-07 -6.03596e-07 0 6.8368e-08
internal_weight=0 6060 5700 5029 29301 19351 18146 9950 7179
internal_count=35361 6060 5700 5029 29301 19351 18146 9950 7179
is_linear=0
shrinkage=0.03


Tree=51
num_leaves=7
num_cat=0
split_feature=5 5 3 4 3 5
split_gain=8.71437e-08 1.26452e-07 4.23557e-08 3.66886e-08 1.15923e-08 4.0965e-08
threshold=149.42472595548591 150.81398007965117 149.50953125000004 150.62947069383884 155.95059375000002 155.73399141565696
decision_type=2 2 2 2 2 2
left_child=3 2 -2 -1 5 -3
right_child=1 4 -4 -5 -6 -7
leaf_value=8.8457169669057018e-08 0 7.2028490459813998e-08 -1.6177259316077959e-07 0 0 0
leaf_weight=14243 21 9117 5805 35 6061 70
leaf_count=14243 21 9117 5805 35 6061 70
internal_value=0 0 -1.39761e-07 7.41141e-08 0 3.36986e-08
internal_weight=0 21074 5826 14278 15248 9187
internal_count=35352 21074 5826 14278 15248 9187
is_linear=0
shrinkage=0.03


Tree=52
num_leaves=12
num_cat=0
split_feature=1 18 18 26 21 5 14 19 19 26 0
split_gain=1.23909e-06 8.59125e-06 1.33382e-05 4.08823e-06 2.03538e-06 1.42289e-06 1.21803e-06 3.31437e-07 3.37167e-07 1.88489e-07 1.4911e-07
threshold=146.92349002971176 0.17076885223221441 -0.1271308566577147 -5.9109789276717767e-05 2.3293973331330707e-05 146.76925193504911 0.99999899243743984 -0.00090941944816593174 0.0010396862618450061 0.003669367046228725 24.8587476991563
decision_type=2 2 2 2 2 2 2 2 2 2 2
left_child=1 2 -1 -4 -2 6 -5 -6 9 10 -9
right_child=4 -3 3 5 7 -7 -8 8 -10 -11 -12
leaf_value=0 0 0 0 2.9173499619125822e-06 0 0 0 0 0 0 -4.4405845759206797e-07
leaf_weight=733 15771 302 131 3160 238 104 34 29 981 32 13937
leaf_count=733 15771 302 131 3160 238 104 34 29 981 32 13937
internal_value=0 4.97363e-07 1.45704e-06 2.46522e-06 -1.87065e-08 2.72658e-06 2.84203e-06 -3.47982e-07 -3.7806e-07 -4.17879e-07 -4.32631e-07
internal_weight=0 4464 4162 3429 30988 3298 3194 15217 14979 13998 13966
internal_count=35452 4464 4162 3429 30988 3298 3194 15217 14979 13998 13966
is_linear=0
shrinkage=0.03


Tree=53
num_leaves=12
num_cat=0
split_feature=23 32 26 21 5 21 23 14 26 26 32
split_gain=1.26145e-06 9.42437e-06 1.80809e-05 8.85319e-06 7.12689e-06 7.47456e-06 1.76059e-06 2.07185e-06 2.0515e-06 1.47929e-06 1.63253e-06
threshold=0.0024967872100945753 1.2740117155962982 0.0057923555891620489 0.0019743679397907156 140.43745810932697 -0.0010955788567048365 0.0011584178095714712 0.57021086520992026 0.0018118216331131358 3.337966399465654e-05 0.49625205068556694
decision_type=2 2 2 2 2 2 2 2 2 2 2
left_child=6 -2 3 4 -3 -6 -1 8 9 -8 -11
right_child=1 2 -4 -5 5 -7 7 -9 -10 10 -12
leaf_value=0 0 0 0 0 0 -4.0521729051213572e-06 0 0 0 0 9.6957335667086673e-07
leaf_weight=9951 9661 23 660 165 329 2862 340 1719 771 198 8612
leaf_count=9951 9661 23 660 165 329 2862 340 1719 771 198 8612
internal_value=0 -2.87867e-07 -1.54302e-06 -2.76792e-06 -3.24554e-06 -3.55237e-06 0 3.68951e-07 5.89624e-07 7.60743e-07 8.67282e-07
internal_weight=0 13700 4039 3379 3214 3191 21591 11640 9921 9150 8810
internal_count=35291 13700 4039 3379 3214 3191 21591 11640 9921 9150 8810
is_linear=0
shrinkage=0.03


Tree=54
num_leaves=13
num_cat=0
split_feature=21 31 3 17 9 17 4 9 19 30 23 30
split_gain=1.76106e-06 3.62106e-06 1.02861e-05 4.17675e-06 5.33091e-06 4.11622e-06 1.25867e-06 1.82794e-06 2.40115e-06 9.29926e-06 1.70079e-05 1.23398e-08
threshold=2.3293973331330707e-05 0.11844500000000212 142.62662500000002 14.933917548139862 0.033500000000003645 -10.192104558475981 155.05870772668973 0.0079999999999955679 -0.0022813225000132818 0.0011616344171654993 0.0034084157799894473 0.00082615010423561666
decision_type=2 2 2 2 2 2 2 2 2 2 2 2
left_child=6 -2 -3 4 -4 -6 7 -1 -9 11 -11 -10
right_child=1 2 3 -5 5 -7 -8 8 9 10 -12 -13
leaf_value=0 0 0 0 0 0 -2.7257528153691889e-06 0 0 3.8203552685250837e-08 0 4.155273240702293e-06 0
leaf_weight=1806 10536 325 2006 691 250 3548 3999 154 7609 352 1657 2478
leaf_count=1806 10536 325 2006 691 250 3548 3999 154 7609 352 1657 2478
internal_value=0 -3.02189e-07 -8.42744e-07 -1.47344e-06 -1.75417e-06 -2.44241e-06 0 2.83885e-07 4.76199e-07 6.38988e-07 2.57359e-06 0
internal_weight=0 17356 6820 6495 5804 3798 18055 14056 12250 12096 2009 10087
internal_count=35411 17356 6820 6495 5804 3798 18055 14056 12250 12096 2009 10087
is_linear=0
shrinkage=0.03


Tree=55
num_leaves=9
num_cat=0
split_feature=2 5 23 23 5 5 3 3
split_gain=5.83444e-07 6.29652e-07 5.82097e-07 4.73304e-07 2.5247e-06 2.0476e-07 5.47265e-08 4.5394e-08
threshold=157.26542796134086 150.72757964326649 0.00063888450390927947 0.0011699474857737996 155.47251210047639 149.42472595548591 149.50953125000004 151.08012500000004
decision_type=2 2 2 2 2 2 2 2
left_child=1 5 -2 -3 -5 -1 -7 -8
right_child=2 3 -4 4 -6 6 7 -9
leaf_value=0 0 0 -5.7393400857222289e-07 6.8500319064352411e-07 0 0 -2.202132199006912e-07 0
leaf_weight=14244 140 2448 3161 6974 2637 22 5658 26
leaf_count=14244 140 2448 3161 6974 2637 22 5658 26
internal_value=0 1.54638e-08 -3.95904e-07 2.18235e-07 3.2261e-07 0 -1.79708e-07 -2.02694e-07
internal_weight=0 32009 3301 12059 9611 19950 5706 5684
internal_count=35310 32009 3301 12059 9611 19950 5706 5684
is_linear=0
shrinkage=0.03


Tree=56
num_leaves=12
num_cat=0
split_feature=1 19 19 19 23 11 23 5 19 11 11
split_gain=4.02098e-07 5.4763e-06 1.56752e-05 2.95427e-06 1.04433e-05 8.37246e-06 2.10141e-06 2.3579e-06 7.72209e-07 7.18358e-07 2.74747e-07
threshold=146.92349002971176 0.0011879602929002254 -0.00098496394654796777 -0.0011110888125698678 0.0025888589069020394 0.013999999999995795 0.00077222315610450741 146.76925193504911 -0.00098496394654796777 0.27750000000001768 0.0069999999999907922
decision_type=2 2 2 2 2 2 2 2 2 2 2
left_child=1 2 -1 -2 -5 -6 -4 10 -7 -10 -8
right_child=3 -3 6 4 5 8 7 -9 9 -11 -12
leaf_value=0 0 0 0 0 0 0 0 0 -1.8815005694762591e-06 0 2.923801012477227e-06
leaf_weight=608 1188 304 154 20482 2819 207 605 69 6013 20 2726
leaf_count=608 1188 304 154 20482 2819 207 605 69 6013 20 2726
internal_value=0 4.50725e-08 1.08917e-06 -1.07151e-07 -3.19292e-07 -1.17044e-06 2.31483e-06 2.48139e-06 -1.78782e-06 -1.84964e-06 2.63094e-06
internal_weight=0 4466 4162 30729 29541 9059 3554 3400 6240 6033 3331
internal_count=35195 4466 4162 30729 29541 9059 3554 3400 6240 6033 3331
is_linear=0
shrinkage=0.03


Tree=57
num_leaves=8
num_cat=0
split_feature=21 5 9 9 3 9 21
split_gain=1.54164e-07 2.00508e-06 1.19175e-06 9.27857e-07 2.88373e-06 1.24825e-06 5.28401e-08
threshold=2.3293973331330707e-05 155.55721538926153 0.0079999999999955679 0.046500000000008875 142.62662500000002 0.47350000000000142 1.0000000180025095e-35
decision_type=2 2 2 2 2 2 2
left_child=1 2 -1 -2 -5 -6 -4
right_child=3 -3 6 4 5 -7 -8
leaf_value=0 0 0 4.8964901368022247e-07 0 -8.1230856001937775e-07 0 0
leaf_weight=1908 9990 3105 12326 219 7065 46 646
leaf_count=1908 9990 3105 12326 219 7065 46 646
internal_value=0 4.12465e-08 3.51182e-07 -7.90197e-08 -3.58712e-07 -7.05408e-07 4.73446e-07
internal_weight=0 17985 14880 17320 7330 7111 12972
internal_count=35305 17985 14880 17320 7330 7111 12972
is_linear=0
shrinkage=0.03


Tree=58
num_leaves=14
num_cat=0
split_feature=2 32 3 32 32 23 5 5 32 5 23 9 3
split_gain=8.29223e-07 2.07202e-06 5.60566e-06 3.78192e-06 4.57807e-06 1.3271e-06 1.88498e-07 9.13469e-07 8.52135e-07 1.06468e-06 1.99413e-06 1.32019e-07 1.17274e-07
threshold=157.26542796134086 0.70208333207806628 159.13756250000003 0.74648863364088747 2.0575286262233572 0.00065033606604410405 150.81398007965117 149.42472595548591 0.76510728587946997 155.55721538926153 0.0011699474857737996 1.0000000180025095e-35 149.50953125000004
decision_type=2 2 2 2 2 2 2 2 2 2 2 2 2
left_child=6 -2 3 -3 5 -5 7 -1 -8 10 -10 -12 -9
right_child=1 2 -4 4 -6 -7 8 12 9 -11 11 -13 -14
leaf_value=0 0 0 0 0 0 -3.3326698933870575e-06 0 0 0 0 0 8.3134019308909928e-07 -3.985803470243739e-07
leaf_weight=14282 674 117 987 45 47 1474 3076 21 1034 2265 38 5510 5839
leaf_count=14282 674 117 987 45 47 1474 3076 21 1034 2265 38 5510 5839
internal_value=0 -4.72394e-07 -9.88857e-07 -2.13268e-06 -2.65729e-06 -3.16095e-06 0 0 1.19282e-07 3.2536e-07 5.36526e-07 8.15462e-07 -3.74549e-07
internal_weight=0 3344 2670 1683 1566 1519 32065 20142 11923 8847 6582 5548 5860
internal_count=35409 3344 2670 1683 1566 1519 32065 20142 11923 8847 6582 5548 5860
is_linear=0
shrinkage=0.03


Tree=59
num_leaves=12
num_cat=0
split_feature=23 17 5 30 17 21 23 17 30 17 5
split_gain=2.87771e-07 5.95769e-06 7.89875e-06 5.82993e-06 7.86982e-06 4.552e-06 2.24423e-06 8.07247e-07 9.67733e-07 1.14671e-06 5.00305e-07
threshold=0.0024967872100945753 -8.4582482363904834 144.27950611927272 0.00082615010423561666 14.933917548139862 -0.0029029168122611708 0.0012407256335990352 12.616655835586231 0.00032529233067793878 -11.592496880962296 161.02541380174912
decision_type=2 2 2 2 2 2 2 2 2 2 2
left_child=6 -2 -3 -4 5 -5 -1 8 -8 -10 -11
right_child=1 2 3 4 -6 -7 7 -9 9 10 -12
leaf_value=0 0 0 0 0 0 -2.1086482526546355e-06 0 0 0 8.0567391880510155e-07 0
leaf_weight=10889 2036 1461 3158 78 462 6557 395 1077 1162 7856 115
leaf_count=10889 2036 1461 3158 78 462 6557 395 1077 1162 7856 115
internal_value=0 -1.37233e-07 -6.92641e-07 -1.11413e-06 -1.59151e-06 -1.94337e-06 0 4.36409e-07 5.36869e-07 6.29329e-07 7.63714e-07
internal_weight=0 13752 11716 10255 7097 6635 21494 10605 9528 9133 7971
internal_count=35246 13752 11716 10255 7097 6635 21494 10605 9528 9133 7971
is_linear=0
shrinkage=0.03


Tree=60
num_leaves=5
num_cat=0
split_feature=2 5 5 5
split_gain=1.25771e-07 4.37106e-09 1.8476e-07 8.51406e-08
threshold=157.26542796134086 150.81398007965117 149.42472595548591 155.55721538926153
decision_type=2 2 2 2
left_child=1 2 -1 -3
right_child=-2 3 -4 -5
leaf_value=0 -1.8502927797036018e-07 9.5504593640438567e-08 -1.685629310445184e-07 0
leaf_weight=14254 3306 8832 5852 3057
leaf_count=14254 3306 8832 5852 3057
internal_value=0 0 0 1.81902e-08
internal_weight=0 31995 20106 11889
internal_count=35301 31995 20106 11889
is_linear=0
shrinkage=0.03


Tree=61
num_leaves=5
num_cat=0
split_feature=21 23 23 21
split_gain=3.51686e-07 1.0759e-06 4.9031e-07 2.98306e-07
threshold=2.0252307785676054e-05 0.0029412859991635189 0.00098143321697273782 -0.00064063615836171359
decision_type=2 2 2 2
left_child=2 -2 -1 -4
right_child=1 -3 3 -5
leaf_value=0 0 -4.4463444220207532e-07 0 2.9653216579409666e-07
leaf_weight=4311 11790 5651 3474 9977
leaf_count=4311 11790 5651 3474 9977
internal_value=0 -9.24137e-08 9.71269e-08 2.1275e-07
internal_weight=0 17441 17762 13451
internal_count=35203 17441 17762 13451
is_linear=0
shrinkage=0.03


Tree=62
num_leaves=12
num_cat=0
split_feature=21 31 4 21 9 9 4 9 26 9 5
split_gain=3.86699e-07 2.7837e-06 1.0527e-05 2.82821e-06 1.4574e-06 8.80618e-07 3.84931e-07 9.399e-07 6.901e-07 4.55643e-07 1.556e-07
threshold=2.3293973331330707e-05 0.11844500000000212 143.53176701296201 0.00026508065447796564 0.013499999999993408 0.39899999999998675 155.05870772668973 0.0079999999999955679 0.00045255651689645392 0.25649999999998846 154.68616765414717
decision_type=2 2 2 2 2 2 2 2 2 2 2
left_child=6 -2 -3 -4 -5 -6 7 -1 -9 10 -10
right_child=1 2 3 4 5 -7 -8 8 9 -11 -12
leaf_value=0 0 0 0 0 -2.115000528087974e-06 0 0 0 4.7731344272122814e-07 0 0
leaf_weight=1845 10621 415 2043 477 3795 50 3961 1471 10374 256 31
leaf_count=1845 10621 415 2043 477 3795 50 3961 1471 10374 256 31
internal_value=0 -1.41422e-07 -6.48714e-07 -1.39165e-06 -1.85499e-06 -2.05157e-06 0 1.57435e-07 3.13494e-07 4.12426e-07 4.62267e-07
internal_weight=0 17401 6780 6365 4322 3845 17938 13977 12132 10661 10405
internal_count=35339 17401 6780 6365 4322 3845 17938 13977 12132 10661 10405
is_linear=0
shrinkage=0.03


Tree=63
num_leaves=11
num_cat=0
split_feature=1 18 18 32 0 32 21 32 14 18
split_gain=3.78753e-07 9.07931e-06 1.33862e-05 5.10465e-06 2.17269e-06 3.29059e-06 1.14749e-06 1.85092e-06 1.66564e-07 3.89311e-08
threshold=146.92349002971176 0.17991055034895001 -0.14784130567542772 1.797333113727523 29.069744907174258 0.75314815713973715 2.3293973331330707e-05 1.8286426055833358 -0.53604937637572203 -0.16617764235753893
decision_type=2 2 2 2 2 2 2 2 2 2
left_child=1 2 -1 4 -4 -6 -2 8 -8 -10
right_child=6 -3 3 -5 5 -7 7 -9 9 -11
leaf_value=0 0 0 0 0 0 3.6579948502115932e-06 0 0 0 -4.4407181169813073e-07
leaf_weight=567 15782 286 581 110 713 2247 20 363 141 14622
leaf_count=567 15782 286 581 110 713 2247 20 363 141 14622
internal_value=0 2.75097e-07 1.42054e-06 2.37294e-06 2.66515e-06 3.02616e-06 0 -2.61122e-07 -4.27249e-07 -4.39253e-07
internal_weight=0 4504 4218 3651 3541 2960 30928 15146 14783 14763
internal_count=35432 4504 4218 3651 3541 2960 30928 15146 14783 14763
is_linear=0
shrinkage=0.03


Tree=64
num_leaves=12
num_cat=0
split_feature=9 31 1 31 26 32 9 26 26 5 32
split_gain=2.09032e-07 5.76683e-06 6.17011e-06 7.88563e-06 8.25812e-06 4.36477e-06 1.29449e-06 2.85121e-06 3.88813e-06 1.53049e-06 1.09052e-06
threshold=0.046500000000008875 0.2500850000000005 142.63513381453683 0.11289499999999927 0.0057923555891620489 0.64634681056502707 0.0084999999999979554 0.0025329887991030029 0.00043351348016277251 160.81827936298151 0.49625205068556694
decision_type=2 2 2 2 2 2 2 2 2 2 2
left_child=6 2 -2 -4 5 -5 -1 8 -8 10 -10
right_child=1 -3 3 4 -6 -7 7 -9 9 -11 -12
leaf_value=0 0 0 0 0 0 -2.1881072981306352e-06 0 0 0 0 1.0745902155987176e-06
leaf_weight=4757 366 894 6404 502 518 6138 5669 1310 179 163 8304
leaf_count=4757 366 894 6404 502 518 6138 5669 1310 179 163 8304
internal_value=0 -1.1266e-07 -6.21402e-07 -8.97781e-07 -1.58699e-06 -1.95813e-06 0 2.73059e-07 5.10528e-07 9.14465e-07 1.00732e-06
internal_weight=0 14822 13928 13562 7158 6640 20382 15625 14315 8646 8483
internal_count=35204 14822 13928 13562 7158 6640 20382 15625 14315 8646 8483
is_linear=0
shrinkage=0.03


Tree=65
num_leaves=12
num_cat=0
split_feature=21 3 9 32 4 9 23 23 32 9 4
split_gain=9.51815e-08 1.43646e-06 3.89525e-06 1.41562e-06 7.27225e-07 1.18947e-06 5.96632e-07 5.05333e-07 4.1313e-07 4.25315e-07 3.31228e-07
threshold=2.3293973331330707e-05 142.62662500000002 0.046500000000008875 1.7129423891514177 155.05870772668973 0.0079999999999955679 0.014296111262698089 0.00042927506961976878 0.56666443436627467 0.39899999999998675 140.98241245762702
decision_type=2 2 2 2 2 2 2 2 2 2 2
left_child=4 -2 -3 8 5 -1 7 -7 -4 -10 -9
right_child=1 2 3 -5 -6 6 -8 10 9 -11 -12
leaf_value=0 0 0 0 0 0 0 0 0 -1.0342739310578212e-06 0 5.1083803912161209e-07
leaf_weight=1821 345 9837 166 446 3992 474 75 54 6462 39 11553
leaf_count=1821 345 9837 166 446 3992 474 75 54 6462 39 11553
internal_value=0 -7.03775e-08 -2.85175e-07 -8.28631e-07 0 2.16393e-07 3.76701e-07 4.32702e-07 -9.61068e-07 -1.00221e-06 4.83796e-07
internal_weight=0 17295 16950 7113 17969 13977 12156 12081 6667 6501 11607
internal_count=35264 17295 16950 7113 17969 13977 12156 12081 6667 6501 11607
is_linear=0
shrinkage=0.03


Tree=66
num_leaves=12
num_cat=0
split_feature=2 18 19 5 11 21 9 9 11 10 9
split_gain=7.40459e-07 1.14083e-06 5.13423e-06 2.62196e-06 1.08622e-06 1.26561e-06 7.61874e-07 2.68825e-07 6.91019e-08 4.94626e-07 2.42138e-07
threshold=157.26542796134086 0.025659190871124341 0.0014227806729777508 155.430800319925 0.0019999999999953393 -0.0023013148637652 0.00099999999999056421 0.0014999999999929516 0.038499999999999097 0.00018398870305659545 0.15149999999999866
decision_type=2 2 2 2 2 2 2 2 2 2 2
left_child=1 8 3 7 -2 -6 -7 -3 9 -1 -11
right_child=4 2 -4 -5 5 6 -8 -9 -10 10 -12
leaf_value=0 0 0 0 0 0 0 -1.1100023885294726e-06 9.8425479932138133e-07 0 -2.8809729454288022e-07 0
leaf_weight=6894 427 187 664 1335 33 45 2815 8515 4649 8738 973
leaf_count=6894 427 187 664 1335 33 45 2815 8515 4649 8738 973
internal_value=0 0 3.09751e-07 7.50104e-07 -4.48005e-07 -7.53799e-07 -9.86405e-07 9.59238e-07 0 -6.11988e-08 -2.28569e-07
internal_weight=0 31955 10701 10037 3320 2893 2860 8702 21254 16605 9711
internal_count=35275 31955 10701 10037 3320 2893 2860 8702 21254 16605 9711
is_linear=0
shrinkage=0.03


Tree=67
num_leaves=10
num_cat=0
split_feature=23 5 23 18 5 2 19 2 1
split_gain=3.80531e-08 4.17917e-06 2.52248e-06 2.26303e-06 1.95504e-06 7.25044e-07 6.86702e-07 1.04724e-05 2.62991e-07
threshold=0.0024967872100945753 144.27950611927272 0.0011584178095714712 -0.16617764235753893 158.83308603720829 161.22410411862589 0.00058111734449085752 147.51248935389609 142.14722473433781
decision_type=2 2 2 2 2 2 2 2 2
left_child=2 -2 -1 -3 6 8 7 -5 -4
right_child=1 3 5 4 -6 -7 -8 -9 -10
leaf_value=0 0 0 0 0 0 0 0 -1.719376194721295e-06 5.2632395625856233e-07
leaf_weight=9946 1724 1380 45 1226 242 197 3174 5965 11405
leaf_count=9946 1724 1380 45 1226 242 197 3174 5965 11405
internal_value=0 -4.99778e-08 0 -5.62696e-07 -7.41506e-07 4.41491e-07 -8.55816e-07 -1.06847e-06 5.0523e-07
internal_weight=0 13711 21593 11987 10607 11647 10365 7191 11450
internal_count=35304 13711 21593 11987 10607 11647 10365 7191 11450
is_linear=0
shrinkage=0.03


Tree=68
num_leaves=11
num_cat=0
split_feature=5 19 18 11 31 23 19 19 23 31
split_gain=5.39433e-07 2.85249e-06 3.33941e-06 2.28197e-06 2.69693e-06 2.12432e-06 7.18734e-07 2.42596e-06 3.37393e-06 8.07207e-07
threshold=149.42472595548591 -0.0011110888125698678 0.031376948553983659 1.0000000180025095e-35 0.043355000000005153 0.007450224610665631 0.0011324690470522225 -0.0022813225000132818 0.0013648239495463209 0.08148999999999916
decision_type=2 2 2 2 2 2 2 2 2 2
left_child=6 -2 3 -3 -5 -6 7 -1 -9 -10
right_child=1 2 -4 4 5 -7 -8 8 9 -11
leaf_value=0 0 0 0 0 -1.0495917009619995e-06 0 0 0 0 9.0515851704907826e-07
leaf_weight=120 937 855 6512 1385 11302 111 571 4707 806 8047
leaf_count=120 937 855 6512 1385 11302 111 571 4707 806 8047
internal_value=0 -1.51679e-07 -3.89083e-07 -6.66121e-07 -7.96136e-07 -9.60945e-07 0 2.17449e-07 4.56852e-07 8.14042e-07
internal_weight=0 21102 20165 13653 12798 11413 14251 13680 13560 8853
internal_count=35353 21102 20165 13653 12798 11413 14251 13680 13560 8853
is_linear=0
shrinkage=0.03


Tree=69
num_leaves=11
num_cat=0
split_feature=2 31 4 11 26 10 31 10 11 4
split_gain=4.83268e-07 4.28584e-06 4.69354e-06 3.44806e-06 2.85652e-06 5.65878e-06 1.61168e-06 4.24019e-06 4.0665e-06 4.32894e-07
threshold=144.80409874510858 0.11791999999999968 154.17055646984059 0.0050000000000096642 0.004691285843776369 0.00021413737955506447 0.12196749999999591 0.00020660743928339748 0.0069999999999907922 155.82131149607432
decision_type=2 2 2 2 2 2 2 2 2 2
left_child=6 9 3 -3 5 -5 -1 -8 -9 -2
right_child=1 2 -4 4 -6 -7 7 8 -10 -11
leaf_value=0 1.5456382703655068e-07 0 0 0 0 -2.1454643426140304e-06 0 0 2.9028982667027896e-06 0
leaf_weight=370 16308 1146 3680 2188 673 4189 419 224 1059 4954
leaf_count=370 16308 1146 3680 2188 673 4189 419 224 1059 4954
internal_value=0 -1.14565e-07 -6.01173e-07 -1.01934e-06 -1.28379e-06 -1.4917e-06 0 9.23086e-07 2.02584e-06 0
internal_weight=0 33138 11876 8196 7050 6377 2072 1702 1283 21262
internal_count=35210 33138 11876 8196 7050 6377 2072 1702 1283 21262
is_linear=0
shrinkage=0.03


Tree=70
num_leaves=12
num_cat=0
split_feature=23 17 3 17 30 9 23 9 30 31 4
split_gain=5.33056e-07 6.53095e-06 9.76398e-06 5.4065e-06 5.54669e-06 5.9729e-06 1.59761e-06 1.45163e-06 1.12482e-06 9.6553e-07 3.07787e-06
threshold=0.0024967872100945753 -4.0393280844125234 142.88978125000003 14.933917548139862 0.00067114278788146179 0.39899999999998675 0.0013648239495463209 0.13149999999998843 0.00036046198960238931 0.15343250000000333 155.65318583204154
decision_type=2 2 2 2 2 2 2 2 2 2 2
left_child=6 -2 -3 4 -4 -6 -1 8 -8 10 -10
right_child=1 2 3 -5 5 -7 7 -9 9 -11 -12
leaf_value=0 0 0 0 0 -2.0098645208208957e-06 0 0 0 1.1678810117146251e-06 0 0
leaf_weight=12271 3849 506 1121 693 7520 57 498 580 5422 927 1902
leaf_count=12271 3849 506 1121 693 7520 57 498 580 5422 927 1902
internal_value=0 -1.86816e-07 -8.01472e-07 -1.26991e-06 -1.51676e-06 -1.81652e-06 0 3.92584e-07 5.60055e-07 6.74745e-07 7.94699e-07
internal_weight=0 13746 9897 9391 8698 7577 21600 9329 8749 8251 7324
internal_count=35346 13746 9897 9391 8698 7577 21600 9329 8749 8251 7324
is_linear=0
shrinkage=0.03


Tree=71
num_leaves=15
num_cat=0
split_feature=2 32 31 32 11 23 5 32 18 5 23 5 3 5
split_gain=7.18044e-07 1.40737e-06 1.89066e-06 2.34537e-06 9.77527e-07 6.23528e-07 4.14939e-07 1.35256e-06 2.66585e-06 2.05953e-06 3.47125e-06 2.75928e-07 5.97456e-08 1.06786e-08
threshold=157.26542796134086 0.67197628851642965 0.04411250000000131 2.1672443163425785 0.0019999999999953393 0.00063888450390927947 150.81398007965117 0.63144018257665835 -0.029865461195981876 155.55721538926153 0.0010109076766322796 149.42472595548591 149.50953125000004 150.72757964326649
decision_type=2 2 2 2 2 2 2 2 2 2 2 2 2 2
left_child=6 -2 -3 4 -4 -6 11 -8 -9 10 -10 -1 -13 -14
right_child=1 2 3 -5 5 -7 7 8 9 -11 -12 12 13 -15
leaf_value=0 0 0 0 0 0 -1.8006133112791754e-06 0 0 0 0 1.436253757105352e-06 0 -2.3339696572503171e-07 0
leaf_weight=14334 554 184 302 55 35 2210 1305 3249 1054 1983 4347 20 5722 137
leaf_count=14334 554 184 302 55 35 2210 1305 3249 1054 1983 4347 20 5722 137
internal_value=0 -4.3985e-07 -8.2857e-07 -1.17854e-06 -1.4992e-06 -1.71515e-06 0 1.76865e-07 3.86783e-07 7.35077e-07 1.04014e-06 0 -2.05521e-07 -2.27069e-07
internal_weight=0 3340 2786 2602 2547 2245 32151 11938 10633 7384 5401 20213 5879 5859
internal_count=35491 3340 2786 2602 2547 2245 32151 11938 10633 7384 5401 20213 5879 5859
is_linear=0
shrinkage=0.03


Tree=72
num_leaves=12
num_cat=0
split_feature=21 5 1 32 10 10 26 32 9 32 26
split_gain=2.50279e-07 1.33748e-06 1.07303e-06 2.18463e-06 1.20996e-06 1.0449e-06 9.77259e-07 1.09142e-06 1.07768e-06 4.27062e-07 3.29859e-08
threshold=2.3293973331330707e-05 155.55721538926153 146.92349002971176 1.765694928123178 0.00015510990247624611 5.8532778603367294e-05 0.00056690693442250741 0.55839030251276423 0.25649999999998846 0.53327412538400354 0.0061407780221368067
decision_type=2 2 2 2 2 2 2 2 2 2 2
left_child=1 5 -2 4 -4 -1 -7 -8 -9 -6 -11
right_child=2 -3 3 -5 9 6 7 8 -10 10 -12
leaf_value=0 0 0 0 0 0 0 0 7.221524954307821e-07 0 -7.0114462533997651e-07 0
leaf_weight=2122 2203 3076 5329 451 217 2230 281 9973 286 9021 20
leaf_count=2122 2203 3076 5329 451 217 2230 281 9973 286 9021 20
internal_value=0 1.11964e-07 0 -2.53413e-07 -4.48319e-07 3.09765e-07 4.30743e-07 5.55192e-07 6.42204e-07 -6.59013e-07 -6.98021e-07
internal_weight=0 17968 17241 15038 14587 14892 12770 10540 10259 9258 9041
internal_count=35209 17968 17241 15038 14587 14892 12770 10540 10259 9258 9041
is_linear=0
shrinkage=0.03


Tree=73
num_leaves=11
num_cat=0
split_feature=5 30 2 5 30 23 23 5 31 5
split_gain=1.07505e-07 5.54818e-06 4.47509e-06 1.73277e-06 2.39377e-06 2.20054e-06 4.57333e-07 1.29632e-06 4.38905e-06 1.25328e-06
threshold=142.20776518415337 0.00082615010423561666 149.16940130054465 144.27950611927272 0.0029097489440929529 0.0016573182955732704 0.0011584178095714712 155.35963516585289 0.11844500000000212 143.44241074085619
decision_type=2 2 2 2 2 2 2 2 2 2
left_child=-1 6 3 -3 5 -5 -2 8 9 -8
right_child=1 2 -4 4 -6 -7 7 -9 -10 -11
leaf_value=0 0 0 0 0 0 -2.067760895736192e-06 0 0 0 1.0079114964369253e-06
leaf_weight=708 9787 980 6328 412 94 3464 51 4061 2886 6552
leaf_count=708 9787 980 6328 412 94 3464 51 4061 2886 6552
internal_value=0 -5.2869e-08 -6.71803e-07 -1.35715e-06 -1.6399e-06 -1.81941e-06 0 1.74286e-07 4.07827e-07 9.14999e-07
internal_weight=0 34615 11278 4950 3970 3876 23337 13550 9489 6603
internal_count=35323 34615 11278 4950 3970 3876 23337 13550 9489 6603
is_linear=0
shrinkage=0.03


Tree=74
num_leaves=7
num_cat=0
split_feature=21 9 9 21 9 10
split_gain=1.08321e-08 4.57498e-07 4.26879e-07 4.1192e-08 4.12658e-07 2.96703e-07
threshold=2.3293973331330707e-05 0.046500000000008875 0.39899999999998675 -0.00064063615836171359 0.077000000000012406 2.5577328833713022e-05
decision_type=2 2 2 2 2 2
left_child=3 -2 -3 -1 5 -5
right_child=1 2 -4 4 -6 -7
leaf_value=0 0 -3.3259771784986016e-07 0 0 0 2.4502512835095738e-07
leaf_weight=3500 9902 7283 79 1072 2210 11251
leaf_count=3500 9902 7283 79 1072 2210 11251
internal_value=0 -2.3763e-08 -2.39271e-07 0 5.05063e-08 1.8206e-07
internal_weight=0 17264 7362 18033 14533 12323
internal_count=35297 17264 7362 18033 14533 12323
is_linear=0
shrinkage=0.03


Tree=75
num_leaves=4
num_cat=0
split_feature=21 21 21
split_gain=4.72408e-09 9.03542e-09 1.30826e-08
threshold=2.3293973331330707e-05 -0.00071142594531113971 -0.00018261845195310014
decision_type=2 2 2
left_child=1 -1 -3
right_child=-2 2 -4
leaf_value=0 -1.5635120929141379e-08 5.439689049369973e-08 0
leaf_weight=3076 17392 6727 8226
leaf_count=3076 17392 6727 8226
internal_value=0 0 2.33199e-08
internal_weight=0 18029 14953
internal_count=35421 18029 14953
is_linear=0
shrinkage=0.03


Tree=76
num_leaves=14
num_cat=0
split_feature=2 32 31 32 11 9 26 18 19 32 5 5 5
split_gain=1.60142e-06 1.76736e-06 2.27336e-06 2.33285e-06 2.33259e-06 1.00537e-06 2.18743e-07 1.74987e-06 2.5462e-06 4.11717e-06 2.59513e-06 5.62929e-08 3.96504e-07
threshold=157.26542796134086 0.61124002785834264 0.046732499999999538 2.0575286262233572 0.0019999999999953393 0.00099999999999056421 0.00043963501278749861 0.21422943289007892 -0.00012257585852481551 1.3042348372564876 155.61874213612262 154.72778494505891 142.20776518415337
decision_type=2 2 2 2 2 2 2 2 2 2 2 2 2
left_child=6 -2 -3 4 -4 -6 11 8 -8 10 -10 12 -1
right_child=1 2 3 -5 5 -7 7 -9 9 -11 -12 -13 -14
leaf_value=0 0 0 0 0 0 -2.1024894563649916e-06 0 0 1.0939539491544714e-06 0 0 0 -2.1224500329089845e-07
leaf_weight=94 360 241 321 77 36 2303 10014 536 8443 1565 974 1328 9046
leaf_count=94 360 241 321 77 36 2303 10014 536 8443 1565 974 1328 9046
internal_value=0 -6.57068e-07 -1.00896e-06 -1.36201e-06 -1.64256e-06 -1.99139e-06 0 9.56188e-08 2.90489e-07 6.08267e-07 9.08266e-07 0 -7.44505e-08
internal_weight=0 3338 2978 2737 2660 2339 32000 21532 20996 10982 9417 10468 9140
internal_count=35338 3338 2978 2737 2660 2339 32000 21532 20996 10982 9417 10468 9140
is_linear=0
shrinkage=0.03


Tree=77
num_leaves=12
num_cat=0
split_feature=9 5 31 26 32 23 26 30 10 32 23
split_gain=1.90408e-07 5.05947e-06 6.04507e-06 1.137e-05 4.66261e-06 3.78555e-06 9.0399e-07 2.80248e-06 2.42638e-06 1.52137e-06 1.83121e-06
threshold=0.046000000000006487 142.20776518415337 0.11289499999999927 0.0048590170097853611 0.68379558982174671 0.0015958363502948515 0.0025329887991030029 0.00026327307186348609 2.7226999503818534e-05 0.63144018257665835 0.00053788539917678081
decision_type=2 2 2 2 2 2 2 2 2 2 2
left_child=6 -2 -3 4 -4 -6 7 -1 -9 -10 -11
right_child=1 2 3 -5 5 -7 -8 8 9 10 -12
leaf_value=0 0 0 0 0 0 -2.2148242856375408e-06 0 0 0 0 8.3136832364261654e-07
leaf_weight=1993 440 6438 897 996 461 5708 1623 1929 1506 844 12351
leaf_count=1993 440 6438 897 996 461 5708 1623 1929 1506 844 12351
internal_value=0 -1.07099e-07 -5.70831e-07 -1.12288e-06 -1.69903e-06 -1.99666e-06 0 2.09014e-07 4.47869e-07 6.12738e-07 7.2254e-07
internal_weight=0 14940 14500 8062 7066 6169 20246 18623 16630 14701 13195
internal_count=35186 14940 14500 8062 7066 6169 20246 18623 16630 14701 13195
is_linear=0
shrinkage=0.03


Tree=78
num_leaves=14
num_cat=0
split_feature=4 19 19 10 26 5 9 23 18 19 23 23 23
split_gain=4.61531e-07 8.87682e-06 9.04695e-06 8.82554e-06 8.86384e-06 5.1865e-06 7.89602e-07 4.53096e-06 5.91809e-06 4.06948e-06 3.60986e-06 3.23056e-09 9.22618e-07
threshold=147.77091793910532 0.0011879602929002254 -0.00090941944816593174 2.7226999503818534e-05 3.337966399465654e-05 147.31484314157754 0.059000000000011717 0.006701914616254378 0.055584101647639279 -0.0011110888125698678 0.0019190612186665357 0.0011584178095714712 0.010075046721625356
decision_type=2 2 2 2 2 2 2 2 2 2 2 2 2
left_child=1 2 -1 -4 -5 -6 11 8 9 -8 -11 -2 -13
right_child=6 -3 3 4 5 -7 7 -9 -10 10 -12 12 -14
leaf_value=0 0 0 0 0 2.9829933183541735e-06 0 0 0 0 0 -2.2188477266160856e-06 2.6279809843301995e-07 0
leaf_weight=714 7860 326 266 341 4173 615 260 953 1808 2368 3458 12065 140
leaf_count=714 7860 326 266 341 4173 615 260 953 1808 2368 3458 12065 140
internal_value=0 2.54061e-07 1.1729e-06 1.75125e-06 2.18506e-06 2.60395e-06 0 -2.83413e-07 -7.78831e-07 -1.28914e-06 -1.53775e-06 0 1.54343e-08
internal_weight=0 6435 6109 5395 5129 4788 28912 8847 7894 6086 5826 20065 12205
internal_count=35347 6435 6109 5395 5129 4788 28912 8847 7894 6086 5826 20065 12205
is_linear=0
shrinkage=0.03


end of trees

feature_importances:
bb_width=134
atr_ratio=123
bb_lower=78
price_ema_fast_dist=65
body=59
price_bb_upper_dist=53
ema_cross_pct=49
bb_upper=48
atr_ma=42
ema_slow=38
ema_cross=36
atr_normalized=36
bb_middle=33
rsi_divergence=29
ema_fast=22
body_pct=21
atr=17
upper_shadow=16
rsi=8
rsi_normalized=5
range_pct=2
bb_position=2
bb_position_normalized=1
price_bb_lower_dist=1

parameters:
[boosting: gbdt]
[objective: regression]
[metric: rmse]
[tree_learner: serial]
[device_type: cpu]
[data: ]
[valid: ]
[num_iterations: 800]
[learning_rate: 0.03]
[num_leaves: 64]
[num_threads: 8]
[deterministic: 0]
[force_col_wise: 0]
[force_row_wise: 0]
[histogram_pool_size: -1]
[max_depth: 6]
[min_data_in_leaf: 20]
[min_sum_hessian_in_leaf: 0.001]
[bagging_fraction: 0.9]
[pos_bagging_fraction: 1]
[neg_bagging_fraction: 1]
[bagging_freq: 1]
[bagging_seed: 9057]
[feature_fraction: 0.9]
[feature_fraction_bynode: 1]
[feature_fraction_seed: 15199]
[extra_trees: 0]
[extra_seed: 31159]
[early_stopping_round: 0]
[first_metric_only: 0]
[max_delta_step: 0]
[lambda_l1: 0.3]
[lambda_l2: 0.3]
[linear_lambda: 0]
[min_gain_to_split: 0]
[drop_rate: 0.1]
[max_drop: 50]
[skip_drop: 0.5]
[xgboost_dart_mode: 0]
[uniform_drop: 0]
[drop_seed: 20727]
[top_rate: 0.2]
[other_rate: 0.1]
[min_data_per_group: 100]
[max_cat_threshold: 32]
[cat_l2: 10]
[cat_smooth: 10]
[max_cat_to_onehot: 4]
[top_k: 20]
[monotone_constraints: ]
[monotone_constraints_method: basic]
[monotone_penalty: 0]
[feature_contri: ]
[forcedsplits_filename: ]
[refit_decay_rate: 0.9]
[cegb_tradeoff: 1]
[cegb_penalty_split: 0]
[cegb_penalty_feature_lazy: ]
[cegb_penalty_feature_coupled: ]
[path_smooth: 0]
[interaction_constraints: ]
[verbosity: 1]
[saved_feature_importance_type: 0]
[linear_tree: 0]
[max_bin: 255]
[max_bin_by_feature: ]
[min_data_in_bin: 3]
[bin_construct_sample_cnt: 200000]
[data_random_seed: 218]
[is_enable_sparse: 1]
[enable_bundle: 1]
[use_missing: 1]
[zero_as_missing: 0]
[feature_pre_filter: 1]
[pre_partition: 0]
[two_round: 0]
[header: 0]
[label_column: ]
[weight_column: ]
[group_column: ]
[ignore_column: ]
[categorical_feature: ]
[forcedbins_filename: ]
[precise_float_parser: 0]
[parser_config_file: ]
[objective_seed: 19100]
[num_class: 1]
[is_unbalance: 0]
[scale_pos_weight: 1]
[sigmoid: 1]
[boost_from_average: 1]
[reg_sqrt: 0]
[alpha: 0.9]
[fair_c: 1]
[poisson_max_delta_step: 0.7]
[tweedie_variance_power: 1.5]
[lambdarank_truncation_level: 30]
[lambdarank_norm: 1]
[label_gain: ]
[lambdarank_position_bias_regularization: 0]
[eval_at: ]
[multi_error_top_k: 1]
[auc_mu_weights: ]
[num_machines: 1]
[local_listen_port: 12400]
[time_out: 120]
[machine_list_filename: ]
[machines: ]
[gpu_platform_id: -1]
[gpu_device_id: -1]
[gpu_use_dp: 0]
[num_gpu: 1]

end of parameters

pandas_categorical:[]
