tree
version=v4
num_class=1
num_tree_per_iteration=1
label_index=0
max_feature_idx=39
objective=regression
feature_names=rsi ema_fast ema_slow bb_middle bb_upper bb_lower macd macd_signal atr range range_pct body body_pct upper_shadow lower_shadow is_bullish rsi_normalized rsi_overbought rsi_oversold rsi_divergence ema_cross ema_cross_pct ema_cross_signal price_ema_fast_dist price_ema_slow_dist bb_width bb_position bb_position_normalized price_bb_upper_dist price_bb_lower_dist bb_breakout_upper bb_breakout_lower macd_hist macd_hist_change macd_cross_signal macd_strength atr_normalized atr_ma atr_ratio signal_convergence
feature_infos=[0:99.999992774566991] [139.84172317124145:161.9044463934776] [139.985622134078:161.8633237416141] [0:161.88062500000001] [0:163.46980690478767] [0:161.79437304114759] [-0.81371595198632463:0.5970017482619312] [-0.71071676355148927:0.57046413909616056] [0:1.1185000000000032] [0:3.0139999999999816] [0:0.019088400286395583] [0:2.7609999999999957] [0:0.017392783349291913] [0:1.1620000000000061] [0:1.3590000000000089] [0:1] [-1:0.99999985549133985] [0:1] [0:1] [-89.854942239242206:87.39492126263913] [-1.0350786189282246:0.79769146520030176] [-0.006549151847441992:0.0054000600139474395] [0:1] [-0.014331159141718369:0.0093718883724765341] [-0.017546516855659215:0.012454695205154643] [0:0.040499613571001979] [-0.43688158368442731:1.4336560662958788] [-1.8737631673688546:1.8673121325917577] [-0.0052970182941306683:0.036124521721180282] [-0.0076876891014397734:0.023272312637101344] [0:1] [0:1] [-0.39438439545005155:0.22667986490852632] [-0.22179621176243974:0.13953656655988411] [0:1] [-0.33719861601597845:0.18761226476060436] [0:0.0071150494268520962] [0:0.79457500000000281] [0:5.222190663820645] [0:3]
tree_sizes=1971 1666 1831 1576 1675 1664 1760 1587 1586 1807 1766 1977 1516 1654 1649 1525 1842

Tree=0
num_leaves=19
num_cat=0
split_feature=2 25 38 9 20 7 7 10 38 25 5 4 38 5 25 2 21 20
split_gain=2.91037e-05 4.25182e-05 3.02276e-05 5.16956e-05 2.4551e-05 2.16542e-05 2.09855e-05 1.78537e-05 2.02033e-05 1.05706e-05 1.03235e-05 1.01514e-05 1.41614e-05 2.26364e-05 7.687e-06 5.19256e-07 7.86921e-07 2.31613e-07
threshold=144.80409874510858 0.0025664157461275368 1.8286426055833358 0.12149999999999751 0.18957813902196111 -0.11200515761230627 -0.15974607527746162 0.000692971306515731 1.765694928123178 0.0010331774299239429 158.83308603720829 155.82131149607432 0.65923944445590477 150.5159964039066 0.0017191492408972046 147.37125402299827 -0.00017663985738668975 0.068691323067227486
decision_type=2 2 2 2 2 2 2 2 2 2 2 2 2 2 2 2 2 2
left_child=4 9 3 -3 6 -5 -1 -8 14 15 -7 12 -11 -14 -9 -2 -17 -18
right_child=1 2 -4 5 -6 10 7 8 -10 11 -12 -13 13 -15 -16 16 17 -19
leaf_value=7.6252981068255304e-06 7.6252981068255304e-06 7.6252981068255304e-06 7.6252981068255304e-06 7.6252981068255304e-06 7.6252981068255304e-06 -1.7384700496837619e-06 7.6252981068255304e-06 7.6252981068255304e-06 7.6252981068255304e-06 7.6252981068255304e-06 7.6252981068255304e-06 7.6252981068255304e-06 7.6252981068255304e-06 1.5140496807715076e-05 2.3505919693234624e-05 7.6252981068255304e-06 6.8550078740571213e-06 7.6252981068255304e-06
leaf_weight=90 542 4244 622 870 144 4528 409 30 41 1008 32 2858 5330 2565 1165 372 6479 20
leaf_count=90 542 4244 622 870 144 4528 409 30 41 1008 32 2858 5330 2565 1165 372 6479 20
internal_value=7.6253e-06 7.13521e-06 4.3229e-06 3.21867e-06 1.35371e-05 -1.63093e-08 1.61822e-05 1.8071e-05 2.10905e-05 7.86308e-06 -1.3972e-06 9.1547e-06 1.00626e-05 1.09694e-05 2.2784e-05 7.6253e-06 7.19065e-06 6.91648e-06
internal_weight=0 29470 10296 9674 1879 5430 1735 1645 1236 19174 4560 11761 8903 7895 1195 7413 6871 6499
internal_count=31349 29470 10296 9674 1879 5430 1735 1645 1236 19174 4560 11761 8903 7895 1195 7413 6871 6499
is_linear=0
shrinkage=1


Tree=1
num_leaves=19
num_cat=0
split_feature=4 25 7 21 6 6 28 28 28 38 11 25 4 38 5 38 38 4
split_gain=4.36852e-05 3.1574e-05 2.65736e-05 3.94743e-05 2.60546e-05 3.69414e-05 3.48577e-05 1.61244e-05 1.67792e-05 7.71087e-06 5.22209e-06 3.73008e-06 3.41445e-06 7.27423e-06 2.13788e-05 1.96971e-07 1.20735e-07 7.78153e-08
threshold=147.74224819008927 0.0025885152672514376 -0.10758690612775271 0.00059477180375348338 0.12590097217996291 -0.091662965932755455 0.0003434203119144083 0.0068631515224707243 0.00073060406128448577 2.0575286262233572 0.00099999999999056421 0.0010331774299239429 155.82131149607432 0.70549556037978023 150.5159964039066 1.5166558359752773 0.6635510403122894 147.77091793910532
decision_type=2 2 2 2 2 2 2 2 2 2 2 2 2 2 2 2 2 2
left_child=4 11 -3 7 5 -1 -7 8 -4 10 -8 15 13 -13 -15 16 -2 -18
right_child=1 2 3 -5 -6 6 9 -9 -10 -11 -12 12 -14 14 -16 -17 17 -19
leaf_value=0 0 0 0 0 0 0 0 0 -9.1259199988081449e-06 0 1.0371999668300336e-05 0 0 0 6.0559802581667921e-06 0 0 -5.3860573357301023e-07
leaf_weight=670 905 1245 829 2391 295 1137 25 89 4129 37 3426 1209 2927 4003 2424 178 36 5418
leaf_count=670 905 1245 829 2391 295 1137 25 89 4129 37 3426 1209 2927 4003 2424 178 36 5418
internal_value=0 -8.2583e-07 -3.33399e-06 -4.68052e-06 4.04855e-06 5.44102e-06 7.33894e-06 -7.19982e-06 -7.80371e-06 9.81822e-06 1.01497e-05 0 9.09724e-07 1.50421e-06 2.34898e-06 -2.98637e-07 -4.11236e-07 -5.02508e-07
internal_weight=0 25783 8683 7438 5590 5295 4625 5047 4958 3488 3451 17100 10563 7636 6427 6537 6359 5454
internal_count=31373 25783 8683 7438 5590 5295 4625 5047 4958 3488 3451 17100 10563 7636 6427 6537 6359 5454
is_linear=0
shrinkage=0.05


Tree=2
num_leaves=21
num_cat=0
split_feature=2 2 20 7 28 38 37 5 38 5 7 36 36 37 4 37 3 25 25 11
split_gain=2.00492e-05 1.38493e-05 3.93059e-05 5.32681e-05 2.70727e-05 1.29909e-05 1.19903e-05 1.11585e-05 7.066e-06 3.06776e-06 1.16301e-05 9.81213e-06 1.47082e-05 7.75695e-06 1.2653e-05 7.47682e-06 1.09163e-05 6.36156e-06 2.1085e-06 1.74757e-06
threshold=157.26542796134086 147.51248935389609 0.17076885223221441 -0.070817260116882538 0.00043337944057848029 0.67197628851642965 0.046732499999999538 147.2868273945692 2.4314132344670454 150.81398007965117 -0.0012557492976406981 0.00060745977558823933 0.0013955585334322073 0.16049500000000239 157.21801561932926 0.28368000000000043 155.60446875000002 0.0017672795794203809 0.00062740282587946323 1.0000000180025095e-35
decision_type=2 2 2 2 2 2 2 2 2 2 2 2 2 2 2 2 2 2 2 2
left_child=1 2 3 -1 -5 -2 -7 -6 18 11 13 -3 17 14 -11 16 -12 -13 -8 -20
right_child=5 9 -4 4 7 6 8 -9 -10 10 15 12 -14 -15 -16 -17 -18 -19 19 -21
leaf_value=0 0 0 0 0 1.1327399841982551e-05 0 0 0 0 -3.8973202079901884e-06 4.3291364323591121e-06 0 0 0 0 0 0 -4.8880178089295135e-06 0 -7.8879917761510856e-06
leaf_weight=887 480 6575 322 1123 2837 216 30 123 25 3359 4062 1773 670 1080 215 67 1826 3507 22 2209
leaf_count=887 480 6575 322 1123 2837 216 30 123 25 3359 4062 1773 670 1080 215 67 1826 3507 22 2209
internal_value=0 2.91639e-07 2.64557e-06 5.21755e-06 8.10862e-06 -3.99951e-06 -5.6607e-06 1.06562e-05 -6.94132e-06 0 3.18332e-07 -7.25588e-07 -2.28709e-06 0 -2.32927e-06 2.25006e-06 2.88008e-06 -3.58583e-06 -7.51841e-06 -7.72327e-06
internal_weight=0 28426 5292 4970 4083 2982 2502 2960 2286 23134 10609 12525 5950 4654 3574 5955 5888 5280 2261 2231
internal_count=31408 28426 5292 4970 4083 2982 2502 2960 2286 23134 10609 12525 5950 4654 3574 5955 5888 5280 2261 2231
is_linear=0
shrinkage=0.05


Tree=3
num_leaves=18
num_cat=0
split_feature=2 25 9 38 8 32 38 19 11 25 20 19 1 2 2 23 33
split_gain=1.46599e-05 4.34596e-05 3.46863e-05 6.16652e-05 2.58088e-05 2.49465e-05 1.79415e-05 1.79011e-05 1.2073e-05 1.01386e-05 9.20877e-06 7.95079e-06 4.38454e-06 4.58158e-06 2.90026e-07 2.2646e-07 1.91995e-07
threshold=144.80409874510858 0.0025885152672514376 0.11800000000000922 1.8286426055833358 0.15649999999999839 0.086571931295999965 1.8286426055833358 -12.949807380448194 0.0040000000000048894 0.0011343361943190993 0.39245003495311442 8.924041941574762 146.43733635457332 161.22410411862589 147.37125402299827 -0.00014994962782749203 -0.00093268205724833248
decision_type=2 2 2 2 2 2 2 2 2 2 2 2 2 2 2 2 2
left_child=4 9 -3 7 -1 6 10 -4 -9 14 -6 12 -11 -14 -2 -16 -17
right_child=1 2 3 -5 5 -7 -8 8 -10 11 -12 -13 13 -15 15 16 -18
leaf_value=0 0 0 0 0 1.6299329450377268e-05 0 0 0 -9.3793596640939289e-06 0 0 0 2.8097036156287005e-06 0 0 0 -5.6943787680217839e-07
leaf_weight=957 635 4018 553 560 839 25 33 112 4913 249 22 1749 8652 166 1255 1228 5462
leaf_count=957 635 4018 553 560 839 25 33 112 4913 249 22 1749 8652 166 1255 1228 5462
internal_value=0 -5.34358e-07 -3.3857e-06 -5.75268e-06 3.87758e-06 1.00436e-05 1.31693e-05 -8.00323e-06 -8.94459e-06 1.85326e-07 1.52366e-05 1.55079e-06 2.24967e-06 2.53908e-06 0 -3.02088e-07 -4.39315e-07
internal_weight=0 29552 10156 6138 1876 919 894 5578 5025 19396 861 10816 9067 8818 8580 7945 6690
internal_count=31428 29552 10156 6138 1876 919 894 5578 5025 19396 861 10816 9067 8818 8580 7945 6690
is_linear=0
shrinkage=0.05


Tree=4
num_leaves=19
num_cat=0
split_feature=2 36 25 0 21 25 7 37 28 37 37 19 37 9 37 24 25 11
split_gain=2.26647e-05 1.46136e-05 2.41962e-05 2.94503e-05 2.82941e-05 1.92939e-05 3.34692e-05 1.75606e-05 1.46973e-05 1.2963e-05 9.84956e-06 5.62581e-06 4.90534e-06 4.86044e-06 3.94482e-06 3.45568e-06 2.83078e-06 1.89467e-06
threshold=157.26542796134086 0.0011616344171654993 0.0034074212456120215 87.107437216478317 -0.0022813225000132818 0.0025885152672514376 -0.012206254546406241 0.38842500000000302 0.00043954055666627821 0.11952499999999945 0.04835749999999877 13.206311335217306 0.046732499999999538 0.028000000000005801 0.085775000000003279 -0.0035941270061012266 0.00062740282587946323 0.00099999999999056421
decision_type=2 2 2 2 2 2 2 2 2 2 2 2 2 2 2 2 2 2
left_child=1 5 -3 4 -4 8 11 -6 -1 12 -2 14 -10 -12 -7 -15 -17 -18
right_child=10 2 3 -5 7 6 -8 -9 9 -11 13 -13 -14 15 -16 16 17 -19
leaf_value=0 0 0 0 0 9.8193115242875423e-06 0 0 0 0 0 0 0 3.8473564487762923e-06 0 -7.7370426702101681e-06 0 0 -6.4799217020495588e-06
leaf_weight=7904 249 717 206 193 3077 181 3964 132 649 2228 147 263 6729 44 2299 37 25 2440
leaf_count=7904 249 717 206 193 3077 181 3964 132 649 2228 147 263 6729 44 2299 37 25 2440
internal_value=0 6.3262e-07 3.32979e-06 5.48224e-06 7.30143e-06 0 -2.11632e-06 8.87545e-06 1.01934e-06 2.39142e-06 -3.92114e-06 -6.43828e-06 3.44065e-06 -5.09308e-06 -7.17755e-06 -5.6753e-06 -6.01896e-06 -6.29621e-06
internal_weight=0 28542 4325 3608 3415 24217 6707 3209 17510 9606 2942 2743 7378 2693 2480 2546 2502 2465
internal_count=31484 28542 4325 3608 3415 24217 6707 3209 17510 9606 2942 2743 7378 2693 2480 2546 2502 2465
is_linear=0
shrinkage=0.05


Tree=5
num_leaves=19
num_cat=0
split_feature=3 36 23 25 25 9 3 28 28 32 19 37 16 37 37 19 25 0
split_gain=1.89451e-05 1.56593e-05 2.18008e-05 2.84895e-05 1.63262e-05 1.73231e-05 1.87893e-05 1.70577e-05 1.26541e-05 1.52808e-05 1.02499e-05 7.4634e-06 5.61016e-06 4.40529e-06 4.92742e-06 3.47291e-06 2.6359e-06 2.09569e-06
threshold=157.23496875000004 0.0012629813027265901 0.0013446809000377672 0.0034074212456120215 0.0024966055924485271 0.095000000000013088 144.63990625000002 0.00043954055666627821 0.01231601680813341 0.04075502272179278 -16.525447962711521 0.047305000000001492 -0.72567857324621088 0.052479999999997216 0.11952499999999945 13.814234231033021 0.00062740282587946323 89.772659263153002
decision_type=2 2 2 2 2 2 2 2 2 2 2 2 2 2 2 2 2 2
left_child=1 4 3 -3 7 -6 -7 -1 9 -5 -8 -2 -13 -9 -15 16 -14 -18
right_child=11 2 -4 8 5 6 10 13 -10 -11 -12 12 15 14 -16 -17 17 -19
leaf_value=0 0 0 0 1.042044965351176e-05 0 0 0 0 0 0 -5.7275694875915483e-06 0 0 3.4815956652361135e-06 0 0 -6.3519715394906156e-06 0
leaf_weight=7760 247 474 415 2172 2474 638 263 1032 96 250 4577 63 53 5984 2131 198 2463 39
leaf_count=7760 247 474 415 2172 2474 638 263 1032 96 250 4577 63 53 5984 2131 198 2463 39
internal_value=0 2.03425e-07 3.43988e-06 5.6292e-06 0 -2.0754e-06 -3.76268e-06 6.23019e-07 8.12002e-06 9.03371e-06 -5.07233e-06 -3.88323e-06 -4.79867e-06 2.31935e-06 2.72407e-06 -5.35239e-06 -5.85369e-06 -6.13392e-06
internal_weight=0 28266 3407 2992 24859 7952 5478 16907 2518 2422 4840 3063 2816 9147 8115 2753 2555 2502
internal_count=31329 28266 3407 2992 24859 7952 5478 16907 2518 2422 4840 3063 2816 9147 8115 2753 2555 2502
is_linear=0
shrinkage=0.05


Tree=6
num_leaves=20
num_cat=0
split_feature=24 37 1 35 28 2 21 28 37 25 21 10 11 20 4 37 5 25 25
split_gain=2.3164e-05 4.24227e-05 6.08233e-05 4.37348e-05 3.57679e-05 3.34863e-05 4.74558e-05 2.2746e-05 6.07225e-06 1.9788e-05 3.59947e-05 1.73933e-05 5.80154e-06 6.57995e-06 5.23121e-06 7.36177e-06 9.29459e-06 2.35734e-08 1.29807e-08
threshold=0.0023392002136292844 0.15643000000000087 142.89169451319287 -0.0074926806482713245 0.0037674803643961666 147.51248935389609 -0.00090890872911098886 0.00043954055666627821 0.18128749999999744 0.0026084944679104233 0.00064322827058184331 0.0005476288129838007 0.0024999999999977267 0.17076885223221441 149.67737229068138 0.38842500000000302 156.81952137852772 0.0011584178095714712 0.0025664157461275368
decision_type=2 2 2 2 2 2 2 2 2 2 2 2 2 2 2 2 2 2 2
left_child=5 -2 -3 -4 -5 6 -1 -8 9 17 11 -11 -9 -14 -10 16 -16 -7 -19
right_child=1 2 3 4 -6 8 7 12 14 10 -12 -13 13 -15 15 -17 -18 18 -20
leaf_value=0 0 0 0 -4.3287825246517072e-05 0 0 0 0 0 0 0 -7.2322373722705699e-06 9.7663976425022193e-06 0 6.1830415877627728e-06 0 0 1.0062532876637732e-07 0
leaf_weight=654 318 40 51 274 56 8089 1114 81 452 1006 1380 3752 3050 113 1480 85 134 9025 188
leaf_count=654 318 40 51 274 56 8089 1114 81 452 1006 1380 3752 3050 113 1480 85 134 9025 188
internal_value=0 -8.79001e-06 -1.96805e-05 -2.87531e-05 -3.58527e-05 1.60526e-07 4.1056e-06 6.82692e-06 -2.60198e-08 -7.53966e-07 -3.19844e-06 -5.66643e-06 8.95198e-06 9.31531e-06 9.3307e-07 2.9662e-06 4.5456e-06 0 7.99785e-08
internal_weight=0 739 421 381 330 30603 5012 4358 25591 23440 6138 4758 3244 3163 2151 1699 1614 17302 9213
internal_count=31342 739 421 381 330 30603 5012 4358 25591 23440 6138 4758 3244 3163 2151 1699 1614 17302 9213
is_linear=0
shrinkage=0.05


Tree=7
num_leaves=18
num_cat=0
split_feature=2 11 28 10 38 25 38 25 28 11 28 25 3 38 38 12 12
split_gain=1.61034e-05 6.84448e-06 9.52238e-06 1.52875e-05 6.62398e-06 5.68969e-06 4.91617e-06 4.86724e-06 3.95689e-06 2.85458e-06 2.42831e-06 9.01936e-06 1.21183e-05 1.17097e-05 2.38894e-06 5.23901e-09 9.96887e-08
threshold=157.26542796134086 0.052000000000006714 0.0020574259550643586 0.00032789218081254358 0.61124002785834264 0.00053788539917678081 1.2740117155962982 0.00062740282587946323 0.0057969559311303346 0.00099999999999056421 0.0050750522425266316 0.0024344778133849779 142.62662500000002 1.8286426055833358 2.1672443163425785 0.00037982002945402218 0.0029421468864753698
decision_type=2 2 2 2 2 2 2 2 2 2 2 2 2 2 2 2 2
left_child=1 2 3 -1 -2 -5 -7 -6 9 -9 11 -3 -13 -14 -11 -12 -17
right_child=4 10 -4 5 7 6 -8 8 -10 14 15 12 13 -15 -16 16 -18
leaf_value=0 0 0 0 0 0 3.6253211930888402e-06 0 0 0 -6.0063782550506926e-06 0 0 -4.1920775345608248e-06 0 0 5.593907762800672e-07 0
leaf_weight=4986 336 4536 2099 583 95 8358 1477 35 74 2433 28 278 5018 298 22 838 54
leaf_count=4986 336 4536 2099 583 95 8358 1477 35 74 2433 28 278 5018 298 22 838 54
internal_value=0 3.83633e-07 1.10349e-06 1.71144e-06 -3.46952e-06 2.82829e-06 3.14954e-06 -4.44811e-06 -5.02632e-06 -5.47603e-06 0 -7.74125e-07 -2.26181e-06 -3.32895e-06 -5.77243e-06 0 1.21154e-07
internal_weight=0 28553 17503 15404 2995 10418 9835 2659 2564 2490 11050 10130 5594 5316 2455 920 892
internal_count=31548 28553 17503 15404 2995 10418 9835 2659 2564 2490 11050 10130 5594 5316 2455 920 892
is_linear=0
shrinkage=0.05


Tree=8
num_leaves=18
num_cat=0
split_feature=2 37 20 7 38 25 38 38 19 37 25 8 19 25 23 3 37
split_gain=2.85544e-05 4.45706e-05 3.47109e-05 3.10488e-05 1.98288e-05 1.76517e-05 2.91865e-05 3.68897e-05 1.28057e-05 1.25547e-05 1.24627e-05 4.25161e-06 4.5015e-06 2.26636e-06 2.4703e-06 1.06292e-06 9.7175e-06
threshold=144.80409874510858 0.1213450000000048 0.18957813902196111 -0.15974607527746162 1.738029806589972 0.0024966055924485271 1.8286426055833358 1.2242441120611358 -15.539210902747184 0.077972500000000208 0.0015958363502948515 0.051800000000008596 8.7196587633899529 0.0005918375609588163 -0.00051484179408254282 153.46000000000001 0.11843999999999903
decision_type=2 2 2 2 2 2 2 2 2 2 2 2 2 2 2 2 2
left_child=1 -1 3 -3 10 11 7 15 -9 -10 -5 -2 13 -13 -15 16 -7
right_child=5 2 -4 4 -6 6 -8 8 9 -11 -12 12 -14 14 -16 -17 -18
leaf_value=0 0 0 0 0 0 0 0 0 0 -1.015861077624273e-05 1.8225646569413094e-05 0 0 0 1.7614999336575119e-06 0 -2.7386783574352537e-06
leaf_weight=324 4369 94 124 22 28 787 657 123 233 2655 1284 548 2525 736 10878 2644 3593
leaf_count=324 4369 94 124 22 28 787 657 123 233 2655 1284 548 2525 736 10878 2644 3593
internal_value=0 6.11047e-06 1.08126e-05 1.37047e-05 1.61004e-05 -2.1137e-07 -2.06124e-06 -3.4348e-06 -8.36319e-06 -9.16546e-06 1.73991e-05 3.94379e-08 8.51884e-07 1.34226e-06 1.54095e-06 0 -7.78875e-07
internal_weight=0 1876 1552 1428 1334 29748 10692 10035 3011 2888 1306 19056 14687 12162 11614 7024 4380
internal_count=31624 1876 1552 1428 1334 29748 10692 10035 3011 2888 1306 19056 14687 12162 11614 7024 4380
is_linear=0
shrinkage=0.05


Tree=9
num_leaves=21
num_cat=0
split_feature=2 20 9 25 0 2 8 25 25 4 10 38 2 23 9 38 38 25 3 3
split_gain=8.02719e-06 7.3052e-06 1.59115e-05 1.14976e-05 1.80891e-05 1.03752e-05 1.02526e-05 3.03791e-05 1.46835e-05 6.22942e-06 5.7158e-06 5.28665e-06 1.21399e-05 5.57722e-06 5.9276e-06 2.7378e-06 2.73666e-06 2.70187e-06 6.04443e-09 5.33449e-06
threshold=157.22748201287658 0.0068066169822742504 0.2200000000000131 0.0016861971563320048 83.468271392389354 155.5193282222705 0.19100000000000394 0.0024966055924485271 0.0034074212456120215 157.21801561932926 0.0017866435198469644 0.70208333207806628 159.1136154483477 -0.0023056736595496361 0.035000000000010807 0.76510728587946997 2.0575286262233572 0.010075046721625356 142.88978125000003 152.95253125000002
decision_type=2 2 2 2 2 2 2 2 2 2 2 2 2 2 2 2 2 2 2 2
left_child=1 6 3 -3 5 -5 7 -1 -8 10 -9 -2 13 -13 -15 -10 -16 -17 -4 -20
right_child=11 2 18 4 -6 -7 8 9 15 -11 -12 12 -14 14 16 17 -18 -19 19 -21
leaf_value=0 0 0 0 5.7861094266945108e-06 0 0 0 -5.8169424737292763e-06 0 0 0 0 0 0 -8.1359834284765358e-06 6.5736973701041942e-06 0 0 -4.4333473313175554e-06 0
leaf_weight=9047 609 5410 73 4826 1410 754 268 3478 67 114 182 26 874 121 1444 1482 27 270 679 247
leaf_count=9047 609 5410 73 4826 1410 754 268 3478 67 114 182 26 874 121 1444 1482 27 270 679 247
internal_value=0 3.58283e-07 1.27835e-06 2.23018e-06 3.59652e-06 4.93024e-06 0 -9.6275e-07 2.56637e-06 -4.824e-06 -5.31511e-06 -2.30199e-06 -3.4492e-06 -6.08903e-06 -6.81456e-06 5.26629e-06 -7.7672e-06 5.71842e-06 0 -1.27724e-07
internal_weight=0 28307 13399 12400 6990 5580 14908 12821 2087 3774 3660 3101 2492 1618 1592 1819 1471 1752 999 926
internal_count=31408 28307 13399 12400 6990 5580 14908 12821 2087 3774 3660 3101 2492 1618 1592 1819 1471 1752 999 926
is_linear=0
shrinkage=0.05


Tree=10
num_leaves=20
num_cat=0
split_feature=2 8 37 37 7 7 7 4 32 37 7 37 23 5 2 9 37 28 5
split_gain=1.78257e-05 1.04756e-05 1.68812e-05 2.25436e-05 1.25222e-05 1.25095e-05 1.11024e-05 1.0434e-05 1.31659e-05 6.50057e-06 6.06458e-06 4.95009e-06 4.4022e-06 4.19125e-06 3.32672e-06 2.05327e-06 6.78807e-07 4.97041e-06 2.1407e-06
threshold=157.26542796134086 0.19100000000000394 0.33721250000000441 0.18869750000000177 -0.24134130100428289 -0.025573183302263131 0.049318662115631996 146.96918021167761 0.026352796065206279 0.043355000000005153 0.14152927466722084 0.10126500000000292 -0.0029029168122611708 155.14373087700287 142.4411107836064 0.025499999999993864 0.11952499999999945 0.00030985977869177328 156.33499205598332
decision_type=2 2 2 2 2 2 2 2 2 2 2 2 2 2 2 2 2 2 2
left_child=1 5 3 -3 -5 11 -6 8 10 -2 -7 -1 -11 14 -13 -14 17 -9 -18
right_child=9 2 -4 4 6 7 -8 16 -10 12 -12 13 15 -15 -16 -17 18 -19 -20
leaf_value=0 0 0 0 0 1.3780748362122688e-05 6.774872368733505e-06 0 0 0 0 0 0 0 0 -4.2811965482998009e-06 -5.2119852036582327e-06 -1.1562673109750639e-06 1.2742057912211113e-06 0
leaf_weight=1370 158 1592 311 90 995 1789 342 5284 169 23 74 118 108 484 2972 2641 4037 8670 160
leaf_count=1370 158 1592 311 90 995 1789 342 5284 169 23 74 118 108 484 2972 2641 4037 8670 160
internal_value=0 4.27635e-07 3.07025e-06 4.93712e-06 9.54198e-06 0 1.09812e-05 6.28221e-07 4.09326e-06 -3.66499e-06 5.99493e-06 -2.17121e-06 -4.47881e-06 -3.15964e-06 -3.86491e-06 -4.92246e-06 0 3.43977e-07 -1.04619e-07
internal_weight=0 28457 3330 3019 1427 25127 1337 20183 2032 2930 1863 4944 2772 3574 3090 2749 18151 13954 4197
internal_count=31387 28457 3330 3019 1427 25127 1337 20183 2032 2930 1863 4944 2772 3574 3090 2749 18151 13954 4197
is_linear=0
shrinkage=0.05


Tree=11
num_leaves=23
num_cat=0
split_feature=4 32 9 7 6 2 38 39 25 28 9 5 7 3 38 36 8 38 7 4 3 3
split_gain=1.53227e-05 3.20877e-05 1.89538e-05 1.81115e-05 1.28239e-05 1.01817e-05 1.11123e-05 6.92033e-06 5.92876e-06 5.85244e-06 2.77437e-06 2.33004e-06 6.44014e-06 6.32536e-06 1.13253e-05 6.1465e-06 9.78548e-06 4.69775e-06 9.08085e-07 4.18534e-06 4.91844e-07 1.0065e-06
threshold=147.74224819008927 0.021311766805824372 0.05100000000000194 -0.066147343621020191 0.12590097217996291 157.26542796134086 0.61124002785834264 1.0000000180025095e-35 0.00063888450390927947 -8.5570463309385102e-05 0.025499999999993864 150.72757964326649 -0.0012557492976406981 155.70978125000002 0.63144018257665835 0.00060745977558823933 0.20530000000000401 1.765694928123178 -0.11200515761230627 153.32363960142462 142.62662500000002 147.17740625000002
decision_type=2 2 2 2 2 2 2 2 2 2 2 2 2 2 2 2 2 2 2 2 2 2
left_child=1 2 -1 -4 9 11 -7 -8 -9 -5 -10 15 18 14 -14 -2 17 -17 -13 -20 -3 -22
right_child=5 20 3 4 -6 6 7 8 10 -11 -12 12 13 -15 -16 16 -18 -19 19 -21 21 -23
leaf_value=0 0 0 0 0 0 0 0 0 0 8.5714620438228269e-06 -7.0394092879037556e-06 0 0 0 3.9622420656677563e-06 -3.376911329330905e-06 0 0 0 -2.2540236605113781e-06 -2.487656610662743e-06 0
leaf_weight=509 6152 177 694 63 143 321 348 98 66 3350 2099 696 519 1622 3847 5018 798 112 1448 2506 605 45
leaf_count=509 6152 177 694 63 143 321 348 98 66 3350 2099 696 519 1622 3847 5018 798 112 1448 2506 605 45
internal_value=0 2.18102e-06 4.73694e-06 6.02282e-06 7.489e-06 -6.7635e-07 -3.5612e-06 -4.98796e-06 -6.02904e-06 8.23574e-06 -6.69624e-06 0 1.27556e-07 1.6485e-06 2.71086e-06 -6.84011e-07 -1.88293e-06 -2.97748e-06 0 -7.57702e-07 0 -1.37508e-06
internal_weight=0 5586 4759 4250 3556 25650 2932 2611 2263 3413 2165 22718 10638 5988 4366 12080 5928 5130 4650 3954 827 650
internal_count=31236 5586 4759 4250 3556 25650 2932 2611 2263 3413 2165 22718 10638 5988 4366 12080 5928 5130 4650 3954 827 650
is_linear=0
shrinkage=0.05


Tree=12
num_leaves=17
num_cat=0
split_feature=1 6 6 37 28 23 7 37 38 37 38 4 4 37 7 7
split_gain=1.20122e-05 2.91033e-05 5.83264e-05 8.85779e-06 8.94455e-06 8.06323e-06 6.58785e-06 2.48144e-05 1.19999e-05 1.24532e-05 1.16988e-05 5.48184e-06 1.03262e-05 5.24327e-06 3.39969e-06 3.26683e-06
threshold=146.92349002971176 0.13224573069871329 -0.088655903901880592 0.053500000000002088 -8.5570463309385102e-05 0.0012685256456393106 -0.11200515761230627 0.11952499999999945 0.67625147983390421 0.2432024999999963 1.8689297019371247 155.82131149607432 151.77036625728425 0.047305000000001492 0.093006736967572487 -0.014345723035145133
decision_type=2 2 2 2 2 2 2 2 2 2 2 2 2 2 2 2
left_child=1 2 -1 -4 -5 -6 -2 11 -9 10 -10 12 -8 -13 -15 -14
right_child=6 -3 3 4 5 -7 7 8 9 -11 -12 13 15 14 -16 -17
leaf_value=0 0 0 0 0 1.0541944467670458e-05 0 0 0 -5.4630389700135082e-06 0 0 0 0 -2.8643181318561382e-06 0 3.9754553282058841e-06
leaf_weight=698 1165 254 101 115 2747 83 10604 1556 5925 404 133 418 688 3797 172 2413
leaf_count=698 1165 254 101 115 2747 83 10604 1556 5925 404 133 418 688 3797 172 2413
internal_value=0 2.34978e-06 5.03267e-06 8.88806e-06 9.44591e-06 1.00375e-05 -5.40022e-07 -9.67165e-07 -3.28372e-06 -4.24515e-06 -4.93579e-06 0 5.50788e-07 -1.47513e-06 -2.38905e-06 3.10882e-06
internal_weight=0 3998 3744 3046 2945 2830 27275 26110 8018 6462 6058 18092 13705 4387 3969 3101
internal_count=31273 3998 3744 3046 2945 2830 27275 26110 8018 6462 6058 18092 13705 4387 3969 3101
is_linear=0
shrinkage=0.05


Tree=13
num_leaves=19
num_cat=0
split_feature=5 32 7 7 36 21 10 23 36 12 21 3 3 3 5 2 3 5
split_gain=7.74028e-06 1.30194e-05 1.00269e-05 1.71617e-05 5.88529e-06 6.19876e-06 4.28328e-06 5.20199e-06 4.21205e-06 3.23124e-06 3.06e-06 7.38675e-07 1.13024e-05 2.26263e-08 1.30107e-05 1.63671e-06 8.96798e-08 1.15921e-07
threshold=149.37332711650748 0.017173800265856954 -0.002894912413346567 -0.11200515761230627 0.0003638230165588779 -0.0022813225000132818 0.00055977235986206045 -0.0020178568477873617 0.0021289754174442133 7.5187670765780468e-05 0.0026038585336017497 142.62662500000002 149.20371875000004 155.70978125000002 150.72757964326649 150.85927057232769 159.62075000000002 155.430800319925
decision_type=2 2 2 2 2 2 2 2 2 2 2 2 2 2 2 2 2 2
left_child=1 4 3 -2 -1 -6 -5 -8 -9 -7 -11 -3 -13 14 -4 -16 17 -15
right_child=2 11 13 6 5 9 7 8 -10 10 -12 12 -14 16 15 -17 -18 -19
leaf_value=0 0 0 0 0 0 0 0 -5.7640992591247277e-06 0 3.2495552790568176e-06 0 -4.7373923757078491e-06 0 0 0 2.875894775857219e-06 0 -4.2148797773364781e-07
leaf_weight=960 920 223 2920 3401 75 1429 81 3400 26 8246 37 1341 211 51 61 4434 617 2893
leaf_count=960 920 223 2920 3401 75 1429 81 3400 26 8246 37 1341 211 51 61 4434 617 2893
internal_value=0 8.2829e-07 -7.56431e-07 -2.1393e-06 1.9565e-06 2.38886e-06 -3.37589e-06 -5.04984e-06 -5.46803e-06 2.71041e-06 3.09659e-06 0 -1.09071e-06 0 8.73399e-08 2.69227e-06 0 -2.75947e-07
internal_weight=0 12522 18804 7828 10747 9787 6908 3507 3426 9712 8283 1775 1552 10976 7415 4495 3561 2944
internal_count=31326 12522 18804 7828 10747 9787 6908 3507 3426 9712 8283 1775 1552 10976 7415 4495 3561 2944
is_linear=0
shrinkage=0.05


Tree=14
num_leaves=19
num_cat=0
split_feature=3 38 3 37 38 23 11 28 28 3 8 28 37 3 1 36 20 37
split_gain=8.90055e-06 6.38051e-06 1.09649e-05 8.98194e-06 1.25946e-05 7.15254e-06 3.79155e-06 8.48977e-06 1.0523e-05 7.60658e-06 5.04352e-06 3.72579e-06 1.72466e-05 1.51348e-05 1.40598e-05 5.95268e-07 1.34273e-05 1.24188e-05
threshold=157.23496875000004 0.67197628851642965 159.13756250000003 0.06976749999999883 0.73713156127903801 -0.0023056736595496361 0.059000000000011717 0.00043337944057848029 0.0018958366533612034 155.95059375000002 0.047000000000001312 0.0042222642883002906 0.12325250000000433 142.62662500000002 156.65746689870258 0.0011521864340689096 -0.3441223831558346 0.13658250000000174
decision_type=2 2 2 2 2 2 2 2 2 2 2 2 2 2 2 2 2 2
left_child=6 -2 3 -3 -5 -6 7 -1 9 10 -9 12 -8 -14 -15 -13 -17 -18
right_child=1 2 -4 4 5 -7 11 8 -10 -11 -12 15 13 14 -16 16 17 -19
leaf_value=0 0 0 0 0 0 -1.1513404031719652e-05 0 0 0 0 3.3745886706241024e-06 0 0 -5.6764374229627537e-06 0 0 0 1.0097747634069581e-05
leaf_weight=6908 506 513 884 110 29 1036 4158 621 2635 823 7789 268 224 3892 123 149 140 648
leaf_count=6908 506 513 884 110 29 1036 4158 621 2635 823 7789 268 224 3892 123 149 140 648
internal_value=0 -2.68451e-06 -3.85037e-06 -6.23094e-06 -8.65312e-06 -1.05908e-05 4.87118e-08 7.13034e-07 1.61018e-06 2.48632e-06 3.00795e-06 0 -1.0532e-06 -3.51679e-06 -4.74141e-06 0 1.26005e-06 6.66866e-06
internal_weight=0 3078 2572 1688 1175 1065 28378 18776 11868 9233 8410 9602 8397 4239 4015 1205 937 788
internal_count=31456 3078 2572 1688 1175 1065 28378 18776 11868 9233 8410 9602 8397 4239 4015 1205 937 788
is_linear=0
shrinkage=0.05


Tree=15
num_leaves=17
num_cat=0
split_feature=1 37 37 25 25 7 7 25 7 8 36 36 37 36 25 36
split_gain=1.73419e-05 1.12903e-05 1.18024e-05 9.84495e-06 7.35674e-06 1.79946e-05 1.13813e-05 4.52627e-06 3.71125e-06 3.46981e-06 3.35327e-06 1.42625e-05 3.77747e-06 1.53159e-05 2.07101e-06 1.47552e-06
threshold=155.85954132056145 0.13569999999999774 0.046195000000000028 0.0056499266642638145 0.0010431805489616757 -0.011772263684262416 0.14971633497029216 0.0012920443785474336 -0.10758690612775271 0.54009999999999969 0.0012372272252839606 0.00082594064153643806 0.18869750000000177 0.0022741666025634173 0.00062740282587946323 0.0011741856564461265
decision_type=2 2 2 2 2 2 2 2 2 2 2 2 2 2 2 2
left_child=4 2 -2 8 -1 10 7 -7 -4 -9 11 -6 -12 -14 -10 -13
right_child=1 -3 3 -5 5 6 -8 9 14 -11 12 15 13 -15 -16 -17
leaf_value=0 0 0 0 0 0 0 0 3.539623641243943e-06 0 0 0 -4.636364485659161e-06 7.5845135631197698e-06 0 -5.8321169226905866e-06 0
leaf_weight=6678 354 1013 25 139 3182 1477 515 9444 102 23 989 2216 831 209 3929 289
leaf_count=6678 354 1013 25 139 3182 1477 515 9444 102 23 989 2216 831 209 3929 289
internal_value=0 -2.57389e-06 -3.78213e-06 -4.74812e-06 5.01612e-07 1.13947e-06 2.46949e-06 2.99753e-06 -5.42078e-06 3.40327e-06 0 -1.20778e-06 2.06944e-07 3.02678e-06 -5.64523e-06 -4.18853e-06
internal_weight=0 5562 4549 4195 25853 19175 11459 10944 4056 9467 7716 5687 2029 1040 4031 2505
internal_count=31415 5562 4549 4195 25853 19175 11459 10944 4056 9467 7716 5687 2029 1040 4031 2505
is_linear=0
shrinkage=0.05


Tree=16
num_leaves=21
num_cat=0
split_feature=1 7 20 25 38 29 36 25 25 32 1 23 5 28 38 25 11 38 28 28
split_gain=6.95941e-06 5.47797e-06 9.37606e-06 1.34491e-05 2.65759e-05 7.2327e-06 5.88742e-06 2.55413e-05 1.01489e-05 6.61796e-06 8.31673e-06 6.15318e-06 4.23136e-06 3.88917e-06 5.11413e-06 4.04515e-06 3.19188e-06 3.07419e-06 5.65446e-08 6.92521e-07
threshold=157.23048464037296 0.0014284547803628061 0.21422943289007892 0.0013518494466676068 1.2462810560896858 1.0000000180025095e-35 0.0013601567753080547 0.0025430692565960862 0.012134542979832406 0.035077246268516014 154.35373712950033 -0.0020178568477873617 155.21850670874036 0.0057969559311303346 0.61124002785834264 0.00062740282587946323 0.0019999999999953393 2.1672443163425785 0.00043954055666627821 0.0020937351338505559
decision_type=2 2 2 2 2 2 2 2 2 2 2 2 2 2 2 2 2 2 2 2
left_child=1 6 3 -3 5 -5 7 18 9 10 -8 -9 -13 14 -2 -16 -17 -18 -1 -20
right_child=13 2 -4 4 -6 -7 8 11 -10 -11 -12 12 -14 -15 15 16 17 -19 19 -21
leaf_value=0 0 0 0 0 0 4.794309149486933e-06 7.8928919572410213e-06 0 0 0 0 -5.4259896521433819e-06 0 0 0 0 -5.1304447814186559e-06 0 5.9206020829824611e-07 0
leaf_weight=2786 346 4822 562 131 1903 6807 1074 85 173 278 188 3407 589 44 102 95 2450 24 5342 231
leaf_count=2786 346 4822 562 131 1903 6807 1074 85 173 278 188 3407 589 44 102 95 2450 24 5342 231
internal_value=0 2.04718e-07 1.0229e-06 1.67479e-06 2.85265e-06 4.46602e-06 0 -9.18755e-07 1.56896e-06 4.38296e-06 6.0455e-06 -4.26829e-06 -4.73868e-06 -2.30106e-06 -2.93163e-06 -3.80708e-06 -4.35951e-06 -4.79166e-06 0 1.59261e-07
internal_weight=0 28378 14225 13663 8841 6938 14153 12440 1713 1540 1262 4081 3996 3061 3017 2671 2569 2474 8359 5573
internal_count=31439 28378 14225 13663 8841 6938 14153 12440 1713 1540 1262 4081 3996 3061 3017 2671 2569 2474 8359 5573
is_linear=0
shrinkage=0.05


end of trees

feature_importances:
bb_width=37
atr_ma=32
atr_ratio=31
macd_signal=23
price_bb_upper_dist=21
ema_slow=18
bb_middle=18
bb_lower=13
atr_normalized=13
bb_upper=12
range=9
body=9
ema_cross=9
price_ema_fast_dist=9
ema_fast=7
atr=7
rsi_divergence=7
ema_cross_pct=7
macd_hist=6
macd=5
range_pct=5
rsi=3
body_pct=3
price_ema_slow_dist=2
rsi_normalized=1
price_bb_lower_dist=1
macd_hist_change=1
macd_strength=1
signal_convergence=1

parameters:
[boosting: gbdt]
[objective: regression]
[metric: rmse]
[tree_learner: serial]
[device_type: cpu]
[data: ]
[valid: ]
[num_iterations: 300]
[learning_rate: 0.05]
[num_leaves: 31]
[num_threads: 8]
[deterministic: 0]
[force_col_wise: 0]
[force_row_wise: 0]
[histogram_pool_size: -1]
[max_depth: 6]
[min_data_in_leaf: 20]
[min_sum_hessian_in_leaf: 0.001]
[bagging_fraction: 0.8]
[pos_bagging_fraction: 1]
[neg_bagging_fraction: 1]
[bagging_freq: 1]
[bagging_seed: 9057]
[feature_fraction: 0.8]
[feature_fraction_bynode: 1]
[feature_fraction_seed: 15199]
[extra_trees: 0]
[extra_seed: 31159]
[early_stopping_round: 0]
[first_metric_only: 0]
[max_delta_step: 0]
[lambda_l1: 0.3]
[lambda_l2: 0.3]
[linear_lambda: 0]
[min_gain_to_split: 0]
[drop_rate: 0.1]
[max_drop: 50]
[skip_drop: 0.5]
[xgboost_dart_mode: 0]
[uniform_drop: 0]
[drop_seed: 20727]
[top_rate: 0.2]
[other_rate: 0.1]
[min_data_per_group: 100]
[max_cat_threshold: 32]
[cat_l2: 10]
[cat_smooth: 10]
[max_cat_to_onehot: 4]
[top_k: 20]
[monotone_constraints: ]
[monotone_constraints_method: basic]
[monotone_penalty: 0]
[feature_contri: ]
[forcedsplits_filename: ]
[refit_decay_rate: 0.9]
[cegb_tradeoff: 1]
[cegb_penalty_split: 0]
[cegb_penalty_feature_lazy: ]
[cegb_penalty_feature_coupled: ]
[path_smooth: 0]
[interaction_constraints: ]
[verbosity: 1]
[saved_feature_importance_type: 0]
[linear_tree: 0]
[max_bin: 255]
[max_bin_by_feature: ]
[min_data_in_bin: 3]
[bin_construct_sample_cnt: 200000]
[data_random_seed: 218]
[is_enable_sparse: 1]
[enable_bundle: 1]
[use_missing: 1]
[zero_as_missing: 0]
[feature_pre_filter: 1]
[pre_partition: 0]
[two_round: 0]
[header: 0]
[label_column: ]
[weight_column: ]
[group_column: ]
[ignore_column: ]
[categorical_feature: ]
[forcedbins_filename: ]
[precise_float_parser: 0]
[parser_config_file: ]
[objective_seed: 19100]
[num_class: 1]
[is_unbalance: 0]
[scale_pos_weight: 1]
[sigmoid: 1]
[boost_from_average: 1]
[reg_sqrt: 0]
[alpha: 0.9]
[fair_c: 1]
[poisson_max_delta_step: 0.7]
[tweedie_variance_power: 1.5]
[lambdarank_truncation_level: 30]
[lambdarank_norm: 1]
[label_gain: ]
[lambdarank_position_bias_regularization: 0]
[eval_at: ]
[multi_error_top_k: 1]
[auc_mu_weights: ]
[num_machines: 1]
[local_listen_port: 12400]
[time_out: 120]
[machine_list_filename: ]
[machines: ]
[gpu_platform_id: -1]
[gpu_device_id: -1]
[gpu_use_dp: 0]
[num_gpu: 1]

end of parameters

pandas_categorical:[]
