tree
version=v4
num_class=1
num_tree_per_iteration=1
label_index=0
max_feature_idx=39
objective=regression
feature_names=rsi ema_fast ema_slow bb_middle bb_upper bb_lower macd macd_signal atr range range_pct body body_pct upper_shadow lower_shadow is_bullish rsi_normalized rsi_overbought rsi_oversold rsi_divergence ema_cross ema_cross_pct ema_cross_signal price_ema_fast_dist price_ema_slow_dist bb_width bb_position bb_position_normalized price_bb_upper_dist price_bb_lower_dist bb_breakout_upper bb_breakout_lower macd_hist macd_hist_change macd_cross_signal macd_strength atr_normalized atr_ma atr_ratio signal_convergence
feature_infos=[0:99.999992774566991] [139.84172317124145:161.9044463934776] [139.985622134078:161.8633237416141] [0:161.88062500000001] [0:163.46980690478767] [0:161.79437304114759] [-0.81371595198632463:0.5970017482619312] [-0.71071676355148927:0.57046413909616056] [0:1.1185000000000032] [0:3.0139999999999816] [0:0.019088400286395583] [0:2.7609999999999957] [0:0.017392783349291913] [0:1.1620000000000061] [0:1.3590000000000089] [0:1] [-1:0.99999985549133985] [0:1] [0:1] [-89.854942239242206:87.39492126263913] [-1.0350786189282246:0.79769146520030176] [-0.006549151847441992:0.0054000600139474395] [0:1] [-0.014331159141718369:0.0093718883724765341] [-0.017546516855659215:0.012454695205154643] [0:0.040499613571001979] [-0.43688158368442731:1.4336560662958788] [-1.8737631673688546:1.8673121325917577] [-0.0052970182941306683:0.036124521721180282] [-0.0076876891014397734:0.023272312637101344] [0:1] [0:1] [-0.39438439545005155:0.22667986490852632] [-0.22179621176243974:0.13953656655988411] [0:1] [-0.33719861601597845:0.18761226476060436] [0:0.0071150494268520962] [0:0.79457500000000281] [0:5.222190663820645] [0:3]
tree_sizes=1304 1448 1183 1191 1244 1068 1147 1432 1288

Tree=0
num_leaves=12
num_cat=0
split_feature=21 2 38 8 33 7 36 7 26 36 25
split_gain=3.50271e-05 4.63434e-05 3.32094e-05 5.8306e-05 3.24014e-05 2.93487e-05 1.95893e-05 3.0813e-05 1.81219e-05 7.16743e-06 6.07807e-06
threshold=0.0014227806729777508 146.87549983748696 1.6031327546787695 0.20805000000000437 -0.0089542957797759792 -0.02293157983769532 0.00092364021067913059 -0.11210133874392736 0.97485715354970248 0.0011741856564461265 0.0011584178095714712
decision_type=2 2 2 2 2 2 2 2 2 2 2
left_child=1 5 3 -2 -5 9 10 -8 -7 -1 -3
right_child=2 6 -4 4 -6 8 7 -9 -10 -11 -12
leaf_value=2.311691455971863e-06 4.7848720581320742e-06 4.3317586249871055e-06 4.7848720581320742e-06 -3.2274649956360322e-05 4.7848720581320742e-06 1.1006783040056738e-05 5.8907922643223395e-06 1.6654937867253775e-06 4.7848720581320742e-06 6.681118518612542e-06 5.3240331345981106e-06
leaf_weight=660 308 8387 111 104 104 2129 1028 4747 205 671 12898
leaf_count=660 308 8387 111 104 104 2129 1028 4747 205 671 12898
internal_value=4.78487e-06 4.83516e-06 -2.29653e-06 -6.11666e-06 -1.86011e-05 8.076e-06 4.50708e-06 2.93711e-06 1.0107e-05 4.78487e-06 4.7921e-06
internal_weight=0 30725 627 516 208 3665 27060 5775 2334 1331 21285
internal_count=31352 30725 627 516 208 3665 27060 5775 2334 1331 21285
is_linear=0
shrinkage=1


Tree=1
num_leaves=15
num_cat=0
split_feature=4 35 8 11 1 25 38 24 2 35 2 12 35 38
split_gain=3.49097e-05 2.97158e-05 3.64738e-05 2.94392e-05 2.33529e-05 4.01503e-05 3.29411e-05 1.67623e-05 1.00927e-05 1.5304e-05 7.24758e-06 8.11589e-06 6.60004e-06 4.68938e-06
threshold=147.8297220063948 0.019890257863387373 0.16259999999999908 0.017000000000010122 157.28366245665651 0.0036866338634831209 1.1665415117763154 -0.0010664363148637408 156.62715552460301 -0.015250983634563097 142.92288614344798 0.00015180119624059747 0.022441566233625237 1.2968859647283153
decision_type=2 2 2 2 2 2 2 2 2 2 2 2 2 2
left_child=1 2 7 -4 8 13 -7 -1 9 -2 -3 -12 -10 -6
right_child=4 10 3 -5 5 6 -8 -9 12 -11 11 -13 -14 -15
leaf_value=-2.9751287024276452e-06 -2.4940626458325024e-06 0 0 9.8114761214293984e-06 -1.459284940491458e-06 0 -1.8714181624388351e-05 2.0077195522014207e-06 3.1650267430118757e-06 0 0 -5.5310541797888657e-06 0 0
leaf_weight=360 2589 203 143 1115 2084 176 266 3535 1271 18496 118 489 98 432
leaf_count=360 2589 203 143 1115 2084 176 266 3535 1271 18496 118 489 98 432
internal_value=0 2.03794e-06 3.12659e-06 8.01645e-06 -5.11655e-07 -3.05616e-06 -1.19891e-05 7.76911e-07 -4.28339e-08 -3.32531e-07 -1.18403e-06 -3.55175e-06 2.22749e-06 -2.9413e-07
internal_weight=0 5963 5153 1258 25412 2958 442 3895 22454 21085 810 607 1369 2516
internal_count=31375 5963 5153 1258 25412 2958 442 3895 22454 21085 810 607 1369 2516
is_linear=0
shrinkage=0.03


Tree=2
num_leaves=12
num_cat=0
split_feature=21 2 38 36 35 7 10 35 36 37 35
split_gain=3.84033e-05 6.21782e-05 4.14191e-05 5.03649e-05 6.42385e-05 3.65849e-05 2.22259e-05 1.08679e-05 1.64428e-05 8.27815e-06 8.09972e-06
threshold=0.0014227806729777508 146.7755330999405 1.6031327546787695 0.0014921028649926358 0.019890257863387373 -0.013940384003731305 0.00064093745536680324 -0.023301850884033162 0.0013601567753080547 0.2500850000000005 -0.030192905751673032
decision_type=2 2 2 2 2 2 2 2 2 2 2
left_child=1 5 3 -2 -5 10 -7 8 -3 -9 -1
right_child=2 7 -4 4 -6 6 -8 9 -10 -11 -12
leaf_value=5.7055034240238317e-06 0 -4.6842637785779703e-06 0 0 -4.1069568527618981e-05 0 9.1002879801441336e-06 -1.0019349299245534e-07 0 3.8166163952008437e-06 -6.1884718395694824e-07
leaf_weight=210 328 1161 106 64 103 660 1317 25202 590 494 1176
leaf_count=210 328 1161 106 64 103 660 1317 25202 590 494 1176
internal_value=0 1.87529e-07 -7.46304e-06 -1.19547e-05 -2.63572e-05 4.08592e-06 6.71209e-06 -1.80842e-07 -2.46948e-06 0 0
internal_weight=0 30810 601 495 167 3363 1977 27447 1751 25696 1386
internal_count=31411 30810 601 495 167 3363 1977 27447 1751 25696 1386
is_linear=0
shrinkage=0.03


Tree=3
num_leaves=12
num_cat=0
split_feature=2 37 32 4 10 5 1 7 9 35 20
split_gain=3.20382e-05 4.70621e-05 4.03135e-05 4.4132e-05 3.5342e-05 1.6769e-05 1.62351e-05 2.46975e-05 1.54623e-05 1.07838e-05 4.93182e-06
threshold=142.92288614344798 0.15841499999999983 0.022537369919812162 149.60921850184343 0.0010955530009717604 142.20776518415337 147.36291571608322 -0.10360554506668075 0.16600000000001106 -0.016035688781938513 0.023870662446100258
decision_type=2 2 2 2 2 2 2 2 2 2 2
left_child=1 -1 6 8 -3 -6 7 -2 -4 -8 -5
right_child=2 4 3 10 5 -7 9 -9 -10 -11 -12
leaf_value=0 -1.8346281588870263e-06 0 0 -2.2431811002350059e-06 2.4269761776673135e-05 0 -1.8418197002353854e-06 3.2850065632913481e-06 -1.3895891599114517e-05 7.7027499372793288e-09 3.0849064134369333e-07
leaf_weight=315 324 207 455 864 199 37 2920 3308 469 21379 952
leaf_count=315 324 207 455 864 199 37 2920 3308 469 21379 952
internal_value=0 6.07937e-06 -1.63109e-07 -3.672e-06 1.26025e-05 2.08036e-05 7.37138e-08 2.00229e-06 -9.10835e-06 -9.10988e-08 0
internal_weight=0 758 30671 2740 443 236 27931 3632 924 24299 1816
internal_count=31429 758 30671 2740 443 236 27931 3632 924 24299 1816
is_linear=0
shrinkage=0.03


Tree=4
num_leaves=13
num_cat=0
split_feature=2 25 38 38 5 9 35 37 5 25 37 38
split_gain=3.18005e-05 5.59543e-05 4.48941e-05 6.32738e-05 2.07064e-05 3.89547e-05 3.28617e-05 1.74754e-05 1.925e-05 1.51267e-05 2.97003e-06 5.39621e-06
threshold=157.26542796134086 0.0040874569699949036 1.1755487499258037 1.9824867242069897 144.27950611927272 0.17349999999999002 0.019890257863387373 0.11726750000000082 144.86397726396893 0.0011584178095714712 0.10296499999999932 1.3238661987582705
decision_type=2 2 2 2 2 2 2 2 2 2 2 2
left_child=4 10 -3 -4 5 -1 -7 9 -9 -6 11 -2
right_child=1 2 3 -5 7 6 -8 8 -10 -11 -12 -13
leaf_value=0 -2.1939673169926223e-06 0 -3.1570053508318244e-05 0 0 1.3780007459631313e-05 0 -9.2260912945455142e-06 -2.7409790495029872e-07 1.6036853538701884e-06 0 0
leaf_weight=1079 1574 125 173 62 7775 458 235 273 9893 8834 630 378
leaf_count=1079 1574 125 173 62 7775 458 235 273 9893 8834 630 378
internal_value=0 -2.90688e-06 -1.44483e-05 -2.21722e-05 3.62918e-07 3.55161e-06 9.10133e-06 3.98301e-08 -8.09684e-07 7.40424e-07 -1.35351e-07 -1.18048e-06
internal_weight=0 2942 360 235 28547 1772 693 26775 10166 16609 2582 1952
internal_count=31489 2942 360 235 28547 1772 693 26775 10166 16609 2582 1952
is_linear=0
shrinkage=0.03


Tree=5
num_leaves=11
num_cat=0
split_feature=6 2 36 37 35 19 9 32 9 35
split_gain=2.92781e-05 3.60599e-05 4.01153e-05 2.31101e-05 2.82472e-05 3.20011e-05 2.23029e-05 1.35188e-05 1.37092e-05 8.6875e-06
threshold=0.15683813300871921 144.80409874510858 0.0011109958165045775 0.15643000000000087 -0.015651254586490058 7.3804270067022637 0.17499999999999719 0.013643809088325473 0.12149999999999751 -0.015651254586490058
decision_type=2 2 2 2 2 2 2 2 2 2
left_child=1 2 -1 -2 -5 -6 -4 9 -9 -3
right_child=3 7 6 4 5 -7 -8 8 -10 -11
leaf_value=0 0 -1.1741457049536146e-06 0 0 -1.8046659216849395e-05 0 1.3839745925588992e-05 0 -3.3634122302555739e-06 3.8435310357169224e-07
leaf_weight=970 205 3438 332 64 311 39 461 2137 2194 21176
leaf_count=970 205 3438 332 64 311 39 461 2137 2194 21176
internal_value=0 4.15985e-08 4.26971e-06 -6.5174e-06 -1.06645e-05 -1.43923e-05 9.27628e-06 -1.12299e-07 -1.69767e-06 4.4782e-08
internal_weight=0 30708 1763 619 414 350 793 28945 4331 24614
internal_count=31327 30708 1763 619 414 350 793 28945 4331 24614
is_linear=0
shrinkage=0.03


Tree=6
num_leaves=12
num_cat=0
split_feature=24 5 37 26 37 35 24 4 36 1 13
split_gain=4.91461e-05 4.00099e-05 5.59271e-05 3.45871e-05 2.28271e-05 4.64973e-05 1.90102e-05 1.78998e-05 2.55509e-05 1.55161e-05 9.97599e-06
threshold=0.0027150355378517993 141.9757996335542 0.15841499999999983 0.72675623460995475 0.21515500000000234 0.016764862581509887 0.0010456644707754822 147.80353479700884 0.0009067546818876753 152.27281237030027 0.0084999999999979554
decision_type=2 2 2 2 2 2 2 2 2 2 2
left_child=4 -2 -3 -4 7 6 -6 10 -9 -7 -1
right_child=1 2 3 -5 5 9 -8 8 -10 -11 -12
leaf_value=0 0 0 0 -2.6934096515096909e-05 9.3446157545734714e-06 -5.6627408431057089e-06 0 0 -2.3976053974062316e-06 1.0069825343427307e-06 2.3957935331137236e-06
leaf_weight=1178 56 169 39 222 917 427 174 19534 4668 265 3702
leaf_count=1178 56 169 39 222 917 427 174 19534 4668 265 3702
internal_value=0 -9.47607e-06 -1.36092e-05 -2.23129e-05 1.3728e-07 3.44208e-06 7.59709e-06 0 -3.98266e-07 0 1.58572e-06
internal_weight=0 486 430 261 30865 1783 1091 29082 24202 692 4880
internal_count=31351 486 430 261 30865 1783 1091 29082 24202 692 4880
is_linear=0
shrinkage=0.03


Tree=7
num_leaves=15
num_cat=0
split_feature=2 29 37 35 10 36 14 13 21 37 24 23 5 39
split_gain=2.51988e-05 2.41732e-05 1.9698e-05 4.02798e-05 1.91495e-05 1.60479e-05 1.30302e-05 1.23833e-05 1.23026e-05 7.46182e-06 1.06488e-05 2.35377e-06 2.20171e-06 5.0238e-07
threshold=157.26542796134086 0.0035004221218578849 0.2049375000000013 0.016764862581509887 0.001014828753556856 0.00088654600315255742 0.0090000000000003428 0.043999999999996937 0.00033558625960095198 0.13007500000000308 0.00011966358976475157 0.00032834639540237358 151.96991602581414 1.5000000000000002
decision_type=2 2 2 2 2 2 2 2 2 2 2 2 2 2
left_child=2 9 5 4 -4 7 -3 -1 -7 10 -2 -8 -5 -11
right_child=1 6 3 12 -6 8 11 -9 -10 13 -12 -13 -14 -15
leaf_value=1.1443348414250006e-07 -3.6850352867990106e-06 0 0 -1.8513971359512295e-06 9.4152308681163034e-06 -2.0476972007677396e-06 0 2.8596386964999255e-06 0 1.3809306339016528e-06 0 -2.4446480749143592e-05 0 0
leaf_weight=17520 1291 48 538 578 846 4624 42 2085 2096 237 1179 89 265 109
leaf_count=17520 1291 48 538 578 846 4624 42 2085 2096 237 1179 89 265 109
internal_value=0 -2.51073e-06 3.64741e-07 3.10832e-06 6.46048e-06 1.86733e-08 -1.48326e-05 5.59422e-07 -1.11247e-06 -6.61684e-07 -1.79386e-06 -1.97487e-05 0 0
internal_weight=0 2995 28552 2227 1384 26325 179 19605 6720 2816 2470 131 843 346
internal_count=31547 2995 28552 2227 1384 26325 179 19605 6720 2816 2470 131 843 346
is_linear=0
shrinkage=0.03


Tree=8
num_leaves=14
num_cat=0
split_feature=5 9 7 38 7 38 35 25 13 38 0 20 33
split_gain=3.43574e-05 7.03354e-05 3.61267e-05 3.89178e-05 2.87832e-05 4.68355e-05 5.38562e-05 1.05231e-05 1.52577e-05 1.51196e-05 1.88165e-06 2.49214e-06 1.77453e-06
threshold=144.27950611927272 0.20650000000000548 -0.24134130100428289 1.8689297019371247 0.16078290515848873 1.6031327546787695 0.0025391297362639289 0.0024967872100945753 0.038499999999999097 1.2740117155962982 52.229417293931704 0.17076885223221441 -0.0096360865050671932
decision_type=2 2 2 2 2 2 2 2 2 2 2 2 2
left_child=1 10 -3 -4 7 6 -6 8 -2 -9 12 -12 -1
right_child=4 2 3 -5 5 -7 -8 9 -10 -11 11 -13 -14
leaf_value=0 0 0 1.9378228525130205e-05 0 0 0 -2.5297123485849566e-05 0 2.6448513516999818e-06 -2.4192969884785702e-06 2.7680189873020337e-06 0 -1.7092056294447639e-06
leaf_weight=48 16463 37 432 35 144 66 182 7241 2659 3111 483 95 627
leaf_count=48 16463 37 432 35 144 66 182 7241 2659 3111 483 95 627
internal_value=0 4.22858e-06 1.37077e-05 1.65043e-05 -1.47386e-08 -8.12918e-06 -1.44471e-05 0 5.04611e-07 -6.6672e-07 0 1.5884e-06 -5.89904e-07
internal_weight=0 1757 504 467 29866 392 326 29474 19122 10352 1253 578 675
internal_count=31623 1757 504 467 29866 392 326 29474 19122 10352 1253 578 675
is_linear=0
shrinkage=0.03


end of trees

feature_importances:
macd_strength=13
atr_ratio=10
atr_ma=9
ema_slow=8
atr_normalized=7
bb_lower=6
macd_signal=6
range=5
bb_width=5
price_ema_slow_dist=4
ema_fast=3
bb_upper=3
range_pct=3
upper_shadow=3
ema_cross_pct=3
atr=2
ema_cross=2
bb_position=2
macd_hist=2
macd_hist_change=2
rsi=1
macd=1
body=1
body_pct=1
lower_shadow=1
rsi_divergence=1
price_ema_fast_dist=1
price_bb_lower_dist=1
signal_convergence=1

parameters:
[boosting: gbdt]
[objective: regression]
[metric: rmse]
[tree_learner: serial]
[device_type: cpu]
[data: ]
[valid: ]
[num_iterations: 300]
[learning_rate: 0.03]
[num_leaves: 16]
[num_threads: 8]
[deterministic: 0]
[force_col_wise: 0]
[force_row_wise: 0]
[histogram_pool_size: -1]
[max_depth: 4]
[min_data_in_leaf: 30]
[min_sum_hessian_in_leaf: 0.001]
[bagging_fraction: 0.8]
[pos_bagging_fraction: 1]
[neg_bagging_fraction: 1]
[bagging_freq: 1]
[bagging_seed: 9057]
[feature_fraction: 0.9]
[feature_fraction_bynode: 1]
[feature_fraction_seed: 15199]
[extra_trees: 0]
[extra_seed: 31159]
[early_stopping_round: 0]
[first_metric_only: 0]
[max_delta_step: 0]
[lambda_l1: 0.1]
[lambda_l2: 0.1]
[linear_lambda: 0]
[min_gain_to_split: 0]
[drop_rate: 0.1]
[max_drop: 50]
[skip_drop: 0.5]
[xgboost_dart_mode: 0]
[uniform_drop: 0]
[drop_seed: 20727]
[top_rate: 0.2]
[other_rate: 0.1]
[min_data_per_group: 100]
[max_cat_threshold: 32]
[cat_l2: 10]
[cat_smooth: 10]
[max_cat_to_onehot: 4]
[top_k: 20]
[monotone_constraints: ]
[monotone_constraints_method: basic]
[monotone_penalty: 0]
[feature_contri: ]
[forcedsplits_filename: ]
[refit_decay_rate: 0.9]
[cegb_tradeoff: 1]
[cegb_penalty_split: 0]
[cegb_penalty_feature_lazy: ]
[cegb_penalty_feature_coupled: ]
[path_smooth: 0]
[interaction_constraints: ]
[verbosity: 1]
[saved_feature_importance_type: 0]
[linear_tree: 0]
[max_bin: 255]
[max_bin_by_feature: ]
[min_data_in_bin: 3]
[bin_construct_sample_cnt: 200000]
[data_random_seed: 218]
[is_enable_sparse: 1]
[enable_bundle: 1]
[use_missing: 1]
[zero_as_missing: 0]
[feature_pre_filter: 1]
[pre_partition: 0]
[two_round: 0]
[header: 0]
[label_column: ]
[weight_column: ]
[group_column: ]
[ignore_column: ]
[categorical_feature: ]
[forcedbins_filename: ]
[precise_float_parser: 0]
[parser_config_file: ]
[objective_seed: 19100]
[num_class: 1]
[is_unbalance: 0]
[scale_pos_weight: 1]
[sigmoid: 1]
[boost_from_average: 1]
[reg_sqrt: 0]
[alpha: 0.9]
[fair_c: 1]
[poisson_max_delta_step: 0.7]
[tweedie_variance_power: 1.5]
[lambdarank_truncation_level: 30]
[lambdarank_norm: 1]
[label_gain: ]
[lambdarank_position_bias_regularization: 0]
[eval_at: ]
[multi_error_top_k: 1]
[auc_mu_weights: ]
[num_machines: 1]
[local_listen_port: 12400]
[time_out: 120]
[machine_list_filename: ]
[machines: ]
[gpu_platform_id: -1]
[gpu_device_id: -1]
[gpu_use_dp: 0]
[num_gpu: 1]

end of parameters

pandas_categorical:[]
