tree
version=v4
num_class=1
num_tree_per_iteration=1
label_index=0
max_feature_idx=24
objective=regression
feature_names=ema_fast ema_slow macd macd_signal atr range range_pct body body_pct upper_shadow lower_shadow is_bullish ema_cross ema_cross_pct ema_cross_signal price_ema_fast_dist price_ema_slow_dist macd_hist macd_hist_change macd_cross_signal macd_strength atr_normalized atr_ma atr_ratio signal_convergence
feature_infos=[139.84172317124145:161.9044463934776] [139.985622134078:161.8633237416141] [-0.81371595198632463:0.5970017482619312] [-0.71071676355148927:0.57046413909616056] [0:1.1185000000000032] [0:3.0139999999999816] [0:0.019088400286395583] [0:2.7609999999999957] [0:0.017392783349291913] [0:1.1620000000000061] [0:1.3590000000000089] [0:1] [-1.0350786189282246:0.79769146520030176] [-0.006549151847441992:0.0054000600139474395] [0:1] [-0.014331159141718369:0.0093718883724765341] [-0.017546516855659215:0.012454695205154643] [-0.39438439545005155:0.22667986490852632] [-0.22179621176243974:0.13953656655988411] [0:1] [-0.33719861601597845:0.18761226476060436] [0:0.0071150494268520962] [0:0.79457500000000281] [0:5.222190663820645] [0:2]
tree_sizes=4895 4221 4128 4247 4224 4214 3920 4263

Tree=0
num_leaves=50
num_cat=0
split_feature=1 16 4 13 3 1 3 4 20 1 15 4 9 8 2 4 5 0 0 9 0 0 4 16 20 1 16 20 9 3 3 5 20 15 5 5 13 1 0 5 21 9 4 1 1 4 20 0 0
split_gain=0.00013081 8.93822e-05 6.36061e-05 7.16194e-05 6.48878e-05 5.0195e-05 3.15771e-05 4.20658e-05 3.96031e-05 2.42654e-05 3.54803e-05 5.26587e-05 3.35133e-05 4.44832e-05 4.90426e-05 2.64513e-05 2.63015e-05 2.08809e-05 2.54086e-05 2.06403e-05 2.05761e-05 2.50017e-05 5.8782e-05 3.3641e-05 3.51387e-05 2.49121e-05 2.58562e-05 1.54559e-05 1.10762e-05 9.82158e-06 2.03138e-05 1.5185e-05 1.4801e-05 1.13122e-05 7.49205e-06 6.41213e-06 4.65207e-06 1.94675e-05 6.96297e-06 4.46279e-06 2.74355e-06 4.64756e-06 1.59379e-06 1.34147e-06 1.58677e-06 1.26913e-06 1.08626e-06 3.92751e-07 9.89002e-08
threshold=144.80409874510858 0.0030147634209110505 0.15649999999999839 0.001250670147601166 -0.20610275809468684 157.26542796134086 0.077562698947156714 0.43035000000000007 -0.0050896184737115307 156.62715552460301 -0.00071153613388424931 0.19309999999999977 0.072499999999990919 0.00027186833621447199 -0.10565452067399404 0.11689999999999685 0.25649999999998846 156.22234699199581 154.99509619636297 0.013499999999993408 157.63870176884311 161.47654085763477 0.048699999999995219 0.00019498121132085559 -0.0040800355907632561 157.44772907243387 0.00022518374904337648 0.0084278937537456741 0.13550000000000753 -0.025573183302263131 0.106044549945621 0.087500000000005698 0.023794804234073937 -0.0010960946762639467 0.10949999999999706 0.06199999999999762 -0.0022813225000132818 154.47956772257859 148.89388674861382 0.047999999999987615 0.0010314801841481943 0.0074999999999931797 0.09719999999999944 158.58408433037127 157.71701462562964 0.15290000000000109 0.02056230828371992 157.78708043302464 157.23048464037296
decision_type=2 2 2 2 2 2 2 2 2 2 2 2 2 2 2 2 2 2 2 2 2 2 2 2 2 2 2 2 2 2 2 2 2 2 2 2 2 2 2 2 2 2 2 2 2 2 2 2 2
left_child=2 5 29 4 -4 9 -3 8 -8 10 11 15 17 -14 -15 -2 -17 18 -12 -6 25 43 23 24 -23 -7 39 34 40 42 31 -31 33 -33 48 -19 38 -38 -13 -27 -10 -42 -1 44 -22 -35 -44 -46 -11
right_child=1 6 3 -5 19 20 7 -9 28 27 12 36 13 14 -16 16 -18 35 -20 -21 21 22 -24 -25 -26 26 -28 -29 -30 30 -32 32 -34 45 -36 -37 37 -39 -40 -41 41 -43 46 -45 47 -47 -48 -49 -50
leaf_value=7.6252981068255304e-06 7.6252981068255304e-06 7.6252981068255304e-06 7.6252981068255304e-06 7.6252981068255304e-06 7.6252981068255304e-06 7.6252981068255304e-06 7.6252981068255304e-06 7.6252981068255304e-06 7.6252981068255304e-06 8.1903833597527775e-06 8.2734512519101436e-06 -1.1358961803333875e-05 7.6252981068255304e-06 7.6252981068255304e-06 -1.3686693022703661e-05 -1.1905267452600057e-05 7.6252981068255304e-06 7.6252981068255304e-06 1.48108789261389e-05 4.3444912358410981e-05 7.6252981068255304e-06 7.6252981068255304e-06 7.6252981068255304e-06 7.6252981068255304e-06 -0.00011653351582551584 7.6252981068255304e-06 7.6252981068255304e-06 7.6252981068255304e-06 7.6252981068255304e-06 7.6252981068255304e-06 7.6252981068255304e-06 7.6252981068255304e-06 7.6252981068255304e-06 2.9687777420813464e-05 2.7795169169991638e-05 -3.2385750335564441e-06 1.7723654235583856e-05 7.6252981068255304e-06 7.6252981068255304e-06 -3.4835921699330805e-05 7.6252981068255304e-06 -5.2605469383515131e-05 2.0360265830239279e-06 8.7602612236571979e-06 7.6252981068255304e-06 7.6252981068255304e-06 7.6252981068255304e-06 4.9387501743117682e-06 7.6252981068255304e-06
leaf_weight=74 347 37 56 132 178 405 26 31 20 774 21832 48 655 86 655 914 194 224 1947 671 149 23 199 30 25 21 88 338 24 200 83 20 44 371 292 385 591 144 67 171 26 156 247 1098 143 25 22 954 111
leaf_count=74 347 37 56 132 178 405 26 31 20 774 21832 48 655 86 655 914 194 224 1947 671 149 23 199 30 25 21 88 338 24 200 83 20 44 371 292 385 591 144 67 171 26 156 247 1098 143 25 22 954 111
internal_value=7.6253e-06 6.89751e-06 1.96971e-05 2.88761e-05 3.43689e-05 7.30751e-06 -1.96184e-05 -2.58084e-05 -3.32646e-05 7.79783e-06 7.6253e-06 1.54509e-06 7.99248e-06 8.64466e-07 -7.74071e-06 -4.58215e-06 -8.35424e-06 8.60559e-06 9.01908e-06 3.85022e-05 1.40495e-06 5.81382e-06 -8.38789e-06 -4.51472e-05 -7.14694e-05 -8.16039e-06 -2.12092e-05 1.39983e-05 -4.03495e-05 7.6253e-06 1.32515e-05 1.8234e-05 2.32432e-05 2.65616e-05 1.68501e-05 6.73704e-07 7.6253e-06 1.16023e-05 7.6253e-06 -3.17199e-05 -4.44469e-05 -4.75708e-05 5.89694e-06 7.6253e-06 6.37801e-06 2.87923e-05 3.31209e-06 5.30535e-06 7.6253e-06
internal_weight=0 33230 2123 1037 905 32910 320 283 252 29604 28089 2305 25784 1396 741 1455 1108 24388 23779 849 3306 2621 277 78 48 685 280 1515 226 1086 743 660 460 416 1177 609 850 735 115 192 202 182 343 2344 1246 396 269 1097 885
internal_count=35353 33230 2123 1037 905 32910 320 283 252 29604 28089 2305 25784 1396 741 1455 1108 24388 23779 849 3306 2621 277 78 48 685 280 1515 226 1086 743 660 460 416 1177 609 850 735 115 192 202 182 343 2344 1246 396 269 1097 885
is_linear=0
shrinkage=1


Tree=1
num_leaves=50
num_cat=0
split_feature=1 1 23 6 4 23 12 5 13 23 23 1 1 23 16 1 21 1 23 15 21 21 23 23 4 0 16 20 23 4 20 7 23 1 0 1 0 1 20 1 5 21 20 1 20 20 4 23 23
split_gain=9.47847e-05 7.66608e-05 6.56204e-05 6.26097e-05 5.98491e-05 6.41332e-05 5.6961e-05 0.000146883 0.000119977 0.00011905 5.67239e-05 5.11882e-05 4.62304e-05 3.53627e-05 3.24941e-05 2.87349e-05 3.18187e-05 2.28736e-05 2.31231e-05 1.94567e-05 1.62626e-05 1.4979e-05 1.65138e-05 1.85428e-05 1.49686e-05 3.32915e-05 1.38345e-05 2.0958e-05 1.14472e-05 1.11025e-05 1.00639e-05 9.83254e-06 8.65445e-06 1.28537e-05 1.54705e-05 1.01137e-05 1.30271e-05 8.35295e-06 4.96604e-05 3.00017e-05 4.08934e-06 2.77128e-06 1.41569e-06 5.41401e-06 5.89127e-07 4.8981e-06 4.75757e-07 1.10796e-06 1.01286e-05
threshold=144.80409874510858 157.26542796134086 1.8286426055833358 0.00083748342876524269 0.14494999999999722 1.1582370579331567 0.17076885223221441 0.34049999999999164 -0.0019486755061875248 1.6031327546787695 1.9824867242069897 157.44772907243387 159.1136154483477 1.3610177824332605 -0.00070322105240079678 156.62715552460301 0.00076822408472792972 147.37125402299827 0.58106755452823122 -0.00044457486212387461 0.00042838245220342943 0.00067109639825761399 0.67197628851642965 1.2133917347821883 0.20530000000000401 145.95004312599514 0.00022518374904337648 0.007607888065864825 1.6652794670776718 0.067299999999998764 0.0034651044601165843 0.0035000000000025015 0.9640993474074776 151.06181176492379 155.75853406011683 149.74115071230139 153.31819565899571 149.16940130054465 0.021810597725485385 150.03101331640224 0.052000000000006714 0.00038101649773454859 -0.0076694431371143743 144.17946627305096 0.0032407137019105389 -0.019509274554102566 0.16549999999999873 0.9579124162820708 1.6031327546787695
decision_type=2 2 2 2 2 2 2 2 2 2 2 2 2 2 2 2 2 2 2 2 2 2 2 2 2 2 2 2 2 2 2 2 2 2 2 2 2 2 2 2 2 2 2 2 2 2 2 2 2
left_child=6 2 3 17 21 -6 7 14 -9 -10 11 -7 13 -13 46 16 -5 18 -2 -20 -21 22 -3 26 -4 -26 27 -24 29 -16 -17 -31 35 -34 -35 41 -37 38 -18 -39 -33 -19 -8 -44 45 -23 -1 -48 -49
right_child=1 4 24 15 5 10 42 8 9 -11 -12 12 -14 -15 28 30 37 32 19 20 -22 44 23 -25 25 -27 -28 -29 -30 31 -32 40 33 34 -36 36 -38 39 -40 -41 -42 -43 43 -45 -46 -47 47 48 -50
leaf_value=-1.9121441378562993e-06 0 0 0 0 0 0 0 0 0.0001278147518830551 0 0 0 0 -8.8948738213021097e-05 0 1.4515401234955155e-05 -4.5877568550901991e-06 0 0 0 1.2894169885041655e-05 0 -1.7702202865692646e-05 0 0 2.7645805478359498e-05 0 0 0 0 0 0 0 6.3779505808838802e-06 0 -3.5885001906517839e-06 0 2.7659261389306264e-06 -2.9860379695051634e-05 -5.7940003424801971e-06 1.5894039001352011e-05 2.0414637822307974e-06 -1.087770949335906e-05 0 0 7.945416489197037e-06 0 1.2055075198979683e-05 0
leaf_weight=325 196 498 360 1651 114 43 20 29 76 24 81 31 38 121 48 156 2357 844 114 255 1354 77 773 367 33 370 656 84 35 27 108 32 4856 2259 1062 4271 3117 706 393 2811 1011 2693 144 21 218 217 66 193 23
leaf_count=325 196 498 360 1651 114 43 20 29 76 24 81 31 38 121 48 156 2357 844 114 255 1354 77 773 367 33 370 656 84 35 27 108 32 4856 2259 1062 4271 3117 706 393 2811 1011 2693 144 21 218 217 66 193 23
internal_value=0 -6.6224e-07 0 -2.40171e-07 -7.88385e-06 -2.75726e-05 1.03537e-05 1.3895e-05 7.08426e-05 9.72635e-05 -3.93208e-05 -5.18727e-05 -6.30178e-05 -7.56371e-05 6.86917e-06 -4.08334e-06 -5.03193e-06 1.01789e-06 6.37736e-06 8.87926e-06 1.07076e-05 -3.23552e-06 -5.33552e-06 -7.6134e-06 1.45848e-05 2.22572e-05 -1.01318e-05 -1.48845e-05 1.19355e-05 1.31342e-05 5.42276e-06 1.43588e-05 2.1763e-07 1.60609e-06 4.00328e-06 -3.63952e-07 -1.74258e-06 -6.68452e-06 -1.00203e-05 -2.65405e-06 1.53321e-05 1.10208e-06 0 -4.62719e-06 0 2.23707e-06 0 0 3.57852e-06
internal_weight=0 33284 29966 29203 3318 428 2074 1889 129 100 314 233 190 152 1760 8182 7918 21021 1919 1723 1609 2890 2378 1880 763 403 1513 857 1153 1118 264 1070 19102 8177 3321 10925 7388 6267 2750 3517 1043 3537 185 165 512 294 607 282 216
internal_count=35358 33284 29966 29203 3318 428 2074 1889 129 100 314 233 190 152 1760 8182 7918 21021 1919 1723 1609 2890 2378 1880 763 403 1513 857 1153 1118 264 1070 19102 8177 3321 10925 7388 6267 2750 3517 1043 3537 185 165 512 294 607 282 216
is_linear=0
shrinkage=0.05


Tree=2
num_leaves=49
num_cat=0
split_feature=1 1 22 22 6 4 23 23 1 1 1 22 1 22 17 17 1 4 4 1 22 23 23 13 5 23 23 16 22 17 22 17 22 4 1 9 22 22 23 1 17 16 15 1 6 9 15 9
split_gain=8.1653e-05 6.18687e-05 0.000136624 5.60135e-05 4.93804e-05 4.31122e-05 5.70497e-05 6.06953e-05 7.37054e-05 4.13541e-05 3.89363e-05 3.46763e-05 0.000111765 7.00984e-05 6.2229e-05 4.92798e-05 3.5287e-05 2.92218e-05 4.67887e-05 2.60064e-05 2.58039e-05 2.44119e-05 2.27772e-05 2.06107e-05 1.99576e-05 2.5081e-05 1.98984e-05 2.39958e-05 2.32045e-05 1.8957e-05 1.58512e-05 1.39532e-05 1.52078e-05 1.30724e-05 1.19749e-05 1.09576e-05 8.38721e-06 1.00763e-05 7.48706e-06 7.26819e-06 6.27171e-06 5.91364e-06 9.70708e-06 9.10996e-06 1.19524e-05 7.38994e-06 1.86186e-06 6.31044e-07
threshold=157.26542796134086 142.92288614344798 0.19966000000000103 0.11843999999999903 0.0011823512498728885 0.1478499999999997 1.1582370579331567 2.4314132344670454 157.44772907243387 147.4114088408655 159.1136154483477 0.38842500000000302 155.7061751684968 0.2500850000000005 0.023284781550556428 -0.025394626896662414 145.92222408199817 0.098800000000001401 0.067299999999998764 156.5122715858225 0.12535250000000095 0.63619771875131226 0.87437222468765929 0.00050545680390049884 0.13000000000000969 1.8286426055833358 1.2797749652108561 0.00021916934985518371 0.043355000000005153 0.0091106641311640337 0.097449999999999357 0.013963195123008613 0.06830249999999588 0.10770000000000125 155.59692028297857 0.074500000000000469 0.1213450000000048 0.1763600000000006 0.74016071279693862 149.74115071230139 0.045389152191847304 -0.0012131513367115159 -0.00029478375197331745 156.91344451971699 0.0017866435198469644 0.0030000000000001141 0.00049829763658283362 0.029999999999986929
decision_type=2 2 2 2 2 2 2 2 2 2 2 2 2 2 2 2 2 2 2 2 2 2 2 2 2 2 2 2 2 2 2 2 2 2 2 2 2 2 2 2 2 2 2 2 2 2 2 2
left_child=1 2 36 9 -4 20 -7 8 -8 17 -10 13 15 19 16 -13 -15 18 -3 24 26 -18 -21 41 39 -26 27 28 -2 33 -25 32 -20 -30 35 -32 -1 -38 -17 -5 -24 43 45 44 -11 -43 -22 -44
right_child=5 3 4 11 -6 6 7 -9 10 23 -12 12 -14 14 -16 38 21 -19 31 22 46 -23 40 30 25 -27 -28 -29 29 -31 34 -33 -34 -35 -36 -37 37 -39 -40 -41 -42 42 47 -45 -46 -47 -48 -49
leaf_value=-1.1047891277368626e-05 0 0 0 0 6.8152376001091394e-05 0 0 0 -6.9229352392923324e-05 -1.1505018194678744e-05 0 0 0 0 0 0 0 0 0 0 5.0817936523163173e-06 3.3452091322550864e-05 2.1011449652765359e-05 0 -7.4855919434390647e-06 0 0 0 -1.9123391218078349e-05 0 1.6768366602150732e-05 0 2.6395386185613741e-05 0 0 0 9.5234895337881824e-06 0 -8.2223270214210737e-05 -2.6855073913567705e-06 0 0 -1.6819145943326519e-07 0 0 5.9385636054467855e-06 0 7.0128239350292585e-07
leaf_weight=99 97 466 86 2692 135 109 54 32 176 487 47 60 38 97 293 36 92 699 48 214 271 364 188 630 4818 277 516 920 942 83 563 56 605 87 113 31 375 125 81 2882 21 376 11014 40 90 1295 49 2574
leaf_count=99 97 466 86 2692 135 109 54 32 176 487 47 60 38 97 293 36 92 699 48 214 271 364 188 630 4818 277 516 920 942 83 563 56 605 87 113 31 375 125 81 2882 21 376 11014 40 90 1295 49 2574
internal_value=0 5.22449e-07 1.41146e-05 5.4947e-09 4.77692e-05 -7.608e-06 -2.53584e-05 -3.64799e-05 -4.50727e-05 1.84977e-06 -5.78621e-05 -2.47961e-06 -2.44125e-05 -1.66519e-06 1.10239e-05 -4.79545e-05 2.16114e-05 9.20443e-06 1.40452e-05 -3.08403e-06 -3.4171e-06 2.75621e-05 4.98251e-06 7.58442e-07 -3.87262e-06 -6.37824e-06 -6.04869e-06 -8.29551e-06 -1.30681e-05 -1.54215e-05 6.77751e-06 2.21761e-05 2.42349e-05 -1.74081e-05 1.19531e-05 1.48464e-05 0 4.20537e-06 -6.72771e-05 -6.85121e-07 1.79519e-05 0 4.38807e-07 -4.38062e-06 -7.74404e-06 4.03464e-06 2.70957e-06 0
internal_weight=0 32060 820 31240 221 3383 418 309 277 19087 223 12153 215 11938 846 177 553 1874 1175 11092 2965 456 423 17213 10669 5095 2645 2129 1209 1112 1337 709 653 1029 707 594 599 500 117 5574 209 15876 15259 617 577 1671 320 13588
internal_count=35443 32060 820 31240 221 3383 418 309 277 19087 223 12153 215 11938 846 177 553 1874 1175 11092 2965 456 423 17213 10669 5095 2645 2129 1209 1112 1337 709 653 1029 707 594 599 500 117 5574 209 15876 15259 617 577 1671 320 13588
is_linear=0
shrinkage=0.05


Tree=3
num_leaves=50
num_cat=0
split_feature=1 3 1 22 22 17 1 22 8 22 22 1 3 22 2 5 9 1 1 22 1 1 1 22 20 1 23 22 2 3 1 20 23 15 5 23 23 7 1 22 22 1 15 22 22 9 8 1 23
split_gain=6.8684e-05 7.3113e-05 5.3581e-05 0.000166991 6.1793e-05 4.10771e-05 0.000113611 7.07156e-05 5.31187e-05 5.27257e-05 6.39893e-05 4.99482e-05 4.51676e-05 3.72489e-05 6.79442e-05 3.38389e-05 3.30998e-05 3.29063e-05 5.34111e-05 2.96504e-05 2.48945e-05 2.40346e-05 2.33617e-05 2.80282e-05 2.6373e-05 2.56086e-05 4.5725e-05 2.03518e-05 1.39339e-05 1.3237e-05 1.01351e-05 1.07158e-05 9.99215e-06 9.73095e-06 8.6255e-06 7.72568e-06 7.92289e-06 6.65088e-06 6.12417e-06 5.70421e-06 5.90994e-06 5.06878e-06 4.94138e-06 8.70255e-06 4.6322e-06 4.30907e-06 3.08416e-06 2.72983e-06 1.81801e-05
threshold=157.26542796134086 0.17868138402803271 142.92288614344798 0.19966000000000103 0.11843999999999903 0.023284781550556428 148.43633937083675 0.15943749999999904 0.0001015017181282621 0.2432024999999963 0.33721250000000441 145.92222408199817 0.029084958520688407 0.097449999999999357 0.027700870874966203 0.16899999999999696 0.0030000000000001141 145.13993803282855 153.22098537670851 0.12599750000000109 155.59692028297857 145.13993803282855 156.1733274835527 0.13658250000000174 0.012154134324442413 154.23908005789835 0.81559208242199488 0.046732499999999538 -0.12398431960157551 0.093006736967572487 149.70010094406797 -0.013846081908400776 0.64122405828338336 -5.1812731476426161e-05 0.025499999999993864 2.1672443163425785 0.61124002785834264 0.091499999999996376 150.43998487639206 0.1213450000000048 0.1763600000000006 155.76456784659464 0.00030262391441719102 0.33721250000000441 0.046732499999999538 0.088000000000008086 6.0871477008927252e-05 153.64956164809749 1.6227492976783511
decision_type=2 2 2 2 2 2 2 2 2 2 2 2 2 2 2 2 2 2 2 2 2 2 2 2 2 2 2 2 2 2 2 2 2 2 2 2 2 2 2 2 2 2 2 2 2 2 2 2 2
left_child=2 19 3 39 13 9 7 -7 -9 22 11 -11 -13 33 30 -5 -10 -12 -19 27 21 -16 25 -24 -25 28 -27 -2 -6 34 31 -15 -23 37 -29 36 -36 41 -32 -1 -41 44 43 45 -4 -21 -33 48 -8
right_child=1 -3 4 15 5 6 47 8 16 10 17 12 -14 14 20 -17 -18 18 -20 42 -22 32 23 24 -26 26 -28 29 -30 -31 38 46 -34 -35 35 -37 -38 -39 -40 40 -42 -43 -44 -45 -46 -47 -48 -49 -50
leaf_value=-1.1637661937120197e-05 0 -0.00011472025050840733 0 0 3.3464528619578181e-06 0 -8.5698105412655843e-06 0 0 0 0 4.183321585977924e-05 0 0 0 6.7271124827502366e-05 -4.5952863938941637e-05 -4.3641961442561792e-05 0 1.1467543131070868e-05 0 0 0 2.4633395197947615e-05 0 0 -1.7256718876475016e-05 0 -2.3256598875951041e-06 0 -7.3410991785566566e-06 0 2.0047007274454988e-05 -1.0219040198192907e-07 0 0 -1.1756422762995422e-05 0 0 6.3713539222283356e-06 0 0 0 0 4.4017711530484789e-06 0 7.2420891818529826e-06 6.0692987557894683e-07 0
leaf_weight=98 245 20 786 95 695 181 708 49 22 94 57 281 198 198 55 143 402 113 33 341 220 79 171 249 64 539 849 116 6717 103 298 165 1216 8976 176 26 2120 610 1249 387 125 551 149 34 3497 21 1126 695 51
leaf_count=98 245 20 786 95 695 181 708 49 22 94 57 281 198 198 55 143 402 113 33 341 220 79 171 249 64 539 849 116 6717 103 298 165 1216 8976 176 26 2120 610 1249 387 125 551 149 34 3497 21 1126 695 51
internal_value=0 -6.88043e-06 6.38388e-07 1.31377e-05 1.38189e-07 -2.46447e-06 -9.06269e-06 -2.64338e-05 -3.65989e-05 -5.84625e-07 1.10342e-05 2.10691e-05 2.81334e-05 2.06551e-06 6.10437e-06 4.86448e-05 -4.25106e-05 0 -2.3713e-05 -4.72175e-06 1.47472e-05 1.72917e-05 -2.09465e-06 5.61577e-06 1.65046e-05 -3.08706e-06 -9.99186e-06 -7.29791e-06 -1.11914e-06 -8.85523e-06 0 4.06192e-06 1.89232e-05 4.28598e-07 -9.76215e-06 -1.04568e-05 -1.09085e-05 2.22211e-06 -7.03358e-07 0 1.35979e-06 3.00004e-06 0 5.58318e-06 3.62167e-06 9.70299e-06 6.30675e-06 0 -2.9412e-06
internal_weight=0 3351 32042 848 31194 12168 2108 654 473 10060 776 573 479 19026 4606 238 424 203 146 3331 1570 1350 9284 484 313 8800 1388 2786 7412 2541 3036 1489 1295 14420 2438 2322 2296 5444 1547 610 512 4834 545 396 4283 362 1291 1454 759
internal_count=35393 3351 32042 848 31194 12168 2108 654 473 10060 776 573 479 19026 4606 238 424 203 146 3331 1570 1350 9284 484 313 8800 1388 2786 7412 2541 3036 1489 1295 14420 2438 2322 2296 5444 1547 610 512 4834 545 396 4283 362 1291 1454 759
is_linear=0
shrinkage=0.05


Tree=4
num_leaves=50
num_cat=0
split_feature=1 4 2 3 9 1 4 15 8 9 24 1 7 1 2 3 21 0 18 8 4 0 1 21 1 0 4 16 21 8 20 3 1 15 21 24 4 9 3 16 0 3 8 21 16 4 0 18 20
split_gain=8.06705e-05 6.5625e-05 6.74283e-05 5.25373e-05 5.44557e-05 4.55658e-05 5.58723e-05 5.11166e-05 2.67439e-05 4.33538e-05 7.18557e-05 4.59541e-05 3.69519e-05 2.63585e-05 2.08381e-05 1.92308e-05 1.71143e-05 1.72464e-05 1.39734e-05 1.50938e-05 1.34416e-05 1.24335e-05 1.68888e-05 1.87768e-05 1.73642e-05 1.13873e-05 3.18369e-05 1.58953e-05 9.452e-06 9.29216e-06 7.80901e-06 6.96468e-06 6.61714e-06 5.80665e-06 5.71796e-06 4.38342e-06 6.71042e-06 4.17859e-06 3.96832e-06 1.62487e-05 2.85941e-06 2.78535e-06 2.25313e-06 1.55896e-06 1.34212e-06 1.13799e-06 3.43678e-07 1.88977e-06 1.62556e-06
threshold=144.80409874510858 0.15649999999999839 0.13988119244636724 -0.15974607527746162 0.01500000000000057 157.26542796134086 0.16390000000000246 0.00019046041475529469 0.00036904908700897244 0.065000000000011951 1.0000000180025095e-35 154.5434653441153 0.39899999999998675 157.44772907243387 -0.10565452067399404 -0.012631562302483117 0.0010815231830056172 148.38430704948215 0.0045706968378467589 7.3769804744832802e-05 0.051800000000008596 148.99479749569016 155.64948493183098 0.00058272482040289694 156.44679018698386 161.47654085763477 0.048699999999995219 0.00019498121132085559 0.0011616344171654993 0.00039707936714188292 0.025589503929625779 0.073275304989326648 158.58408433037127 -0.00051484179408254282 0.00068743310778649402 1.5000000000000002 0.12704999999999844 0.0045000000000072768 -0.025573183302263131 0.0009700984784408094 146.78435571945198 0.093006736967572487 0.00036268132363638023 0.00086110839502686655 -0.00082446824825520456 0.028450000000003684 151.66817106140505 -0.001223521420106455 0.0057944792667789123
decision_type=2 2 2 2 2 2 2 2 2 2 2 2 2 2 2 2 2 2 2 2 2 2 2 2 2 2 2 2 2 2 2 2 2 2 2 2 2 2 2 2 2 2 2 2 2 2 2 2 2
left_child=1 38 3 -3 -5 8 25 -8 18 15 -11 12 14 -9 -12 16 17 -10 19 46 -21 35 23 -23 -24 32 27 -27 31 -19 33 37 34 -22 41 40 -37 -20 -1 44 -17 45 -39 -34 -40 -7 48 -48 -2
right_child=5 2 -4 4 -6 6 7 13 9 10 11 -13 -14 -15 -16 21 -18 29 28 20 30 22 24 -25 -26 26 -28 -29 -30 -31 -32 -33 43 -35 -36 36 -38 42 39 -41 -42 -43 -44 -45 -46 -47 47 -49 -50
leaf_value=-3.185835847650602e-06 -1.3497468513850978e-06 0 0 0 3.5872471207777649e-05 0 0 0 0 0 0 0 0 -7.3907033096144337e-05 -3.2460023119113833e-05 5.8164515540225128e-06 0 0 0 0 0 0 -1.1846986349571567e-05 7.8365830781199537e-06 0 -5.8180334930181166e-05 0 0 0 -9.8810154828725854e-06 0 0 2.7464038762687735e-06 4.3399156493084115e-06 0 0 -7.6068916956694178e-06 -7.9260370404906596e-06 0 0 0 0 0 0 1.0758415661832449e-05 -5.4939191361147797e-06 0 2.0912320245505444e-06 0
leaf_weight=346 2702 95 133 191 620 23 201 28 663 383 42 122 26 80 549 211 1413 149 151 2428 640 785 309 2087 261 47 198 30 385 1529 629 49 998 9079 424 581 479 990 41 251 883 39 25 44 435 1226 614 1080 716
leaf_count=346 2702 95 133 191 620 23 201 28 663 383 42 122 26 80 549 211 1413 149 151 2428 640 785 309 2087 261 47 198 30 385 1529 629 49 998 9079 424 581 479 990 41 251 883 39 25 44 435 1226 614 1080 716
internal_value=0 9.6844e-06 1.86675e-05 2.41994e-05 2.85671e-05 -3.4665e-07 -5.93426e-06 -2.81405e-05 1.0906e-07 -1.73236e-06 -1.11598e-05 -2.07857e-05 -2.65244e-05 -5.86649e-05 -2.98447e-05 -6.60024e-08 -3.27146e-06 -5.9528e-06 1.35513e-06 1.91543e-06 2.84435e-06 1.19095e-06 3.36687e-06 5.31837e-06 0 -2.0158e-06 -1.21705e-05 -3.94611e-05 -1.78373e-06 -8.66746e-06 3.63811e-06 -4.86142e-06 0 4.01261e-06 -2.74586e-06 0 -3.21486e-06 -6.2893e-06 0 2.96781e-06 0 -4.59534e-06 -7.46507e-06 1.86684e-06 9.93659e-06 -5.22974e-06 0 0 -5.0135e-07
internal_weight=0 2112 1039 906 811 33298 3338 309 29960 10472 1122 739 617 108 591 9350 3754 2341 19488 17888 12776 5596 3442 2872 570 3029 275 77 1600 1678 10348 1215 2754 9719 1712 2154 1060 1166 1073 727 1094 1288 1015 1042 476 1249 5112 1694 3418
internal_count=35410 2112 1039 906 811 33298 3338 309 29960 10472 1122 739 617 108 591 9350 3754 2341 19488 17888 12776 5596 3442 2872 570 3029 275 77 1600 1678 10348 1215 2754 9719 1712 2154 1060 1166 1073 727 1094 1288 1015 1042 476 1249 5112 1694 3418
is_linear=0
shrinkage=0.05


Tree=5
num_leaves=50
num_cat=0
split_feature=1 3 21 16 22 3 13 0 1 0 22 3 20 3 0 15 7 22 3 1 21 22 21 3 22 0 22 1 6 22 13 8 15 13 3 15 8 7 0 12 0 6 20 16 0 21 0 20 0
split_gain=6.4797e-05 6.60021e-05 5.14844e-05 6.83079e-05 4.05676e-05 5.83404e-05 0.000108722 5.16671e-05 5.04646e-05 3.16943e-05 4.00194e-05 2.93101e-05 2.64859e-05 2.75144e-05 2.43135e-05 3.46535e-05 3.21681e-05 2.2949e-05 2.50654e-05 2.04479e-05 2.26362e-05 1.86143e-05 1.69336e-05 1.63505e-05 1.60614e-05 1.5904e-05 1.44087e-05 1.31085e-05 1.69024e-05 1.13488e-05 2.0007e-05 2.25161e-05 1.40666e-05 1.34845e-05 1.13441e-05 1.02295e-05 8.20016e-06 7.92666e-06 7.34299e-06 6.67789e-06 4.77743e-06 3.55053e-06 2.87313e-06 2.81014e-06 2.65986e-06 1.21062e-05 7.3567e-06 2.40647e-06 1.93932e-06
threshold=157.26542796134086 0.17868138402803271 0.0012372272252839606 -0.0012131513367115159 0.18869750000000177 0.017241232233793192 -0.0019486755061875248 148.99479749569016 143.43294119965122 146.78435571945198 0.12014750000000433 -0.31962478102129582 0.01726977888063708 -0.024919926161917582 154.64637902673471 0.00055049499243308461 0.0084999999999979554 0.097449999999999357 -0.011772263684262416 155.5193282222705 0.0011521864340689096 0.12599750000000109 0.00049397102375223721 0.14152927466722084 0.047305000000001492 154.60438173562775 0.051312499999996326 149.80517898460735 0.00052115188231628272 0.16156000000000145 -0.00087783958962163195 0.00035086130123161815 -0.0013864445349157691 0.00058111734449085752 0.093006736967572487 -5.1812731476426161e-05 0.0001015017181282621 0.32649999999999585 154.64637902673471 -0.29315723468184268 155.75853406011683 0.00015757161205274246 0.0017743704072070308 -0.0027128383941498603 155.85954132056145 0.00060745977558823933 156.65746689870258 -0.020598342047218294 155.55571666727761
decision_type=2 2 2 2 2 2 2 2 2 2 2 2 2 2 2 2 2 2 2 2 2 2 2 2 2 2 2 2 2 2 2 2 2 2 2 2 2 2 2 2 2 2 2 2 2 2 2 2 2
left_child=2 21 3 19 29 6 7 8 -6 12 17 -10 13 -5 15 16 -8 35 -19 20 37 24 -20 26 -2 27 -15 -12 -29 33 -31 -32 -33 47 41 40 -35 39 -37 -1 -11 -26 -38 -43 45 -27 -46 -4 -34
right_child=1 -3 4 9 5 -7 14 -9 11 10 25 -13 -14 23 -16 -17 -18 18 22 -21 -22 -23 -24 -25 34 44 -28 28 -30 30 31 32 48 36 -36 38 42 -39 -40 -41 -42 43 -44 -45 46 -47 -48 -49 -50
leaf_value=0 0 -0.00010503998996335971 3.5935263846989817e-06 0 0 0 0 0 0 2.7148647818049834e-06 0 -8.2482740071633019e-05 0 0 0 0 3.6232833113399822e-05 0 0 0 0 0 8.6375205936825056e-06 0 0 0 1.4135606292889852e-05 0 -1.0223289360280749e-05 0 0 0 -2.3618047954292555e-05 0 0 -1.8279625334283992e-06 0 0 5.6811347278605268e-07 -1.5607104690935525e-05 0 0 1.9243683723869478e-05 -9.2957286384614819e-06 -7.1645390642311765e-06 8.3512621894493628e-06 0 -8.5570071710253395e-07 0
leaf_weight=24 266 22 432 367 27 708 41 115 49 4342 2409 48 392 84 143 249 678 1049 484 273 227 529 2528 60 104 118 1498 643 1804 252 170 30 282 20 101 6990 31 22 1587 1259 537 22 212 2280 358 529 276 592 21
leaf_count=24 266 22 432 367 27 708 41 115 49 4342 2409 48 392 84 143 249 678 1049 484 273 227 529 2528 60 104 118 1498 643 1804 252 170 30 282 20 101 6990 31 22 1587 1259 537 22 212 2280 358 529 276 592 21
internal_value=0 -6.65275e-06 6.81919e-07 0 5.91737e-06 1.09099e-05 1.70132e-05 0 -3.2236e-05 5.62659e-07 0 -5.12264e-05 6.03591e-06 8.74609e-06 2.44189e-05 2.73334e-05 3.35587e-05 1.22433e-06 4.53785e-06 -9.48812e-06 -1.18078e-05 -4.47365e-06 6.96891e-06 1.16392e-05 -6.37268e-06 -3.46745e-06 1.29013e-05 -4.8355e-06 -7.73233e-06 0 -3.8418e-06 -1.1024e-05 -1.87724e-05 3.65789e-06 -7.80603e-06 0 1.39087e-05 -1.43884e-05 -8.01679e-07 -1.50339e-05 2.02769e-06 -8.67626e-06 1.71351e-05 -9.08479e-06 0 3.20514e-06 0 0 -2.24322e-05
internal_weight=0 3324 31960 27860 4100 2058 1350 239 124 26055 23654 97 2401 2009 1111 968 719 17517 4061 1805 1532 3302 3012 1642 2773 6137 1582 4856 2447 2042 755 503 333 1287 2507 13456 263 1305 8577 1283 4879 2406 243 2302 1281 647 634 1024 303
internal_count=35284 3324 31960 27860 4100 2058 1350 239 124 26055 23654 97 2401 2009 1111 968 719 17517 4061 1805 1532 3302 3012 1642 2773 6137 1582 4856 2447 2042 755 503 333 1287 2507 13456 263 1305 8577 1283 4879 2406 243 2302 1281 647 634 1024 303
is_linear=0
shrinkage=0.05


Tree=6
num_leaves=47
num_cat=0
split_feature=2 23 9 1 5 23 12 12 1 23 5 17 0 2 9 1 21 23 23 0 17 18 5 1 4 21 23 9 23 1 1 0 7 16 20 1 20 23 5 0 21 17 9 0 4 21
split_gain=7.44643e-05 0.000130905 0.000113822 7.29861e-05 4.69727e-05 8.13995e-05 9.15486e-05 3.98595e-05 3.27064e-05 3.28607e-05 3.80137e-05 3.46628e-05 5.6195e-05 2.19911e-05 2.19568e-05 2.14568e-05 2.53743e-05 1.9039e-05 1.83973e-05 1.81754e-05 1.68257e-05 1.45478e-05 1.21789e-05 1.07139e-05 2.32227e-05 1.82897e-05 9.84577e-06 9.68435e-06 9.0663e-06 1.69445e-05 8.79496e-06 4.8266e-05 7.7107e-06 5.68697e-06 4.62984e-06 4.42791e-06 4.00901e-06 3.0556e-06 4.6045e-06 3.4814e-06 1.50718e-06 1.85777e-07 2.69031e-06 1.31699e-07 4.3131e-07 4.72531e-07
threshold=0.29162723532752471 1.797333113727523 0.01299999999999102 144.80409874510858 0.31450000000000961 1.8286426055833358 -0.26521787249777157 0.15008660942599764 157.26542796134086 1.8286426055833358 0.1295000000000073 0.0082496984914631078 149.09582505978969 -0.057551485673116069 0.011499999999998069 146.24631306909006 0.0012372272252839606 1.2405846693389067 0.70208333207806628 157.63870176884311 -0.0018346146281928604 0.012387181048915197 0.17349999999999002 147.51248935389609 0.088700000000001486 0.00042838245220342943 1.6652794670776718 1.0000000180025095e-35 0.95188011437824049 151.06181176492379 156.40210047713933 154.35373712950033 0.0035000000000025015 0.00033842896602428318 -0.031775883007533784 149.74115071230139 -9.588366953046429e-05 2.0575286262233572 0.072499999999990919 159.85528470655717 0.0012505200671611282 -0.027042949162781129 0.075000000000002856 161.47654085763477 0.1224000000000089 0.00026327307186348609
decision_type=2 2 2 2 2 2 2 2 2 2 2 2 2 2 2 2 2 2 2 2 2 2 2 2 2 2 2 2 2 2 2 2 2 2 2 2 2 2 2 2 2 2 2 2 2 2
left_child=3 2 -2 4 13 6 -6 -8 9 10 23 30 26 41 -15 -11 -17 21 43 27 -4 32 -18 24 25 -5 -13 -20 35 -30 31 -12 -16 34 -29 -25 -32 38 -21 -40 -14 -1 -43 44 45 -10
right_child=1 -3 20 8 5 -7 7 -9 18 15 11 12 40 14 17 16 22 -19 19 37 -22 -23 -24 28 -26 -27 -28 33 29 -31 36 -33 -34 -35 -36 -37 -38 -39 39 -41 -42 42 -44 -45 -46 -47
leaf_value=0 0 0 0 0 0 0 8.9395196182127896e-05 0 0 0 0 -1.802222367406259e-05 -1.8138121310416738e-06 0 0 0 0 0 0 0 -0.00011335600958820639 0 2.5960032358888086e-05 1.5138300009012568e-07 0 1.4887572244518389e-05 0 0 0 4.3593830675586036e-06 1.274090044211862e-05 -1.2933014973015652e-05 1.8639739506846366e-05 0 -2.6384973944186175e-05 -1.3182098097645529e-06 0 0 -6.9593492681438143e-06 0 0 -4.4985605535291101e-06 0 0 0 2.3562479502620975e-06
leaf_weight=112 23 31 23 310 33 23 100 20 109 51 4005 1011 1145 368 29 285 53 212 26 980 65 50 341 3328 1272 666 39 56 5068 3406 163 754 697 160 313 7191 63 60 718 314 545 355 54 62 40 466
leaf_count=112 23 31 23 310 33 23 100 20 109 51 4005 1011 1145 368 29 285 53 212 26 980 65 50 341 3328 1272 666 39 56 5068 3406 163 754 697 160 313 7191 63 60 718 314 545 355 54 62 40 466
internal_value=0 -3.60756e-05 -6.7855e-05 1.65914e-07 9.39543e-06 3.91e-05 5.55485e-05 7.63844e-05 -2.5684e-07 1.05927e-07 0 -3.15118e-06 -7.72121e-06 3.94093e-06 7.87604e-06 1.06276e-05 1.4156e-05 1.18605e-05 -5.03024e-06 -7.02349e-06 -9.50063e-05 1.55049e-05 2.24971e-05 9.2876e-07 4.41869e-06 1.02191e-05 -1.70089e-05 -1.73991e-05 2.52381e-07 1.62483e-06 0 -1.07514e-06 1.75222e-05 -1.90615e-05 -2.36487e-05 -3.77952e-07 8.53525e-06 -1.8294e-06 -2.69121e-06 -5.02687e-06 0 0 -1.06523e-06 0 7.31507e-07 1.56416e-06
internal_weight=0 142 111 35053 2053 176 153 120 33000 29696 28966 7725 2740 1877 1356 730 679 988 3304 2627 88 776 394 21241 2248 976 1050 555 18993 8474 4985 4759 726 529 369 10519 226 2072 2012 1032 1690 521 409 677 615 575
internal_count=35195 142 111 35053 2053 176 153 120 33000 29696 28966 7725 2740 1877 1356 730 679 988 3304 2627 88 776 394 21241 2248 976 1050 555 18993 8474 4985 4759 726 529 369 10519 226 2072 2012 1032 1690 521 409 677 615 575
is_linear=0
shrinkage=0.05


Tree=7
num_leaves=50
num_cat=0
split_feature=16 1 3 5 13 16 17 16 4 0 1 4 1 5 3 16 16 13 0 1 0 4 9 18 16 0 3 17 2 16 0 0 4 16 20 3 20 13 11 10 7 17 5 3 9 1 5 4 20
split_gain=7.37527e-05 7.12868e-05 5.80054e-05 0.000112136 3.06896e-05 2.83413e-05 3.78045e-05 2.59507e-05 2.51816e-05 2.6143e-05 1.80378e-05 2.04166e-05 4.98365e-05 3.15979e-05 3.28657e-05 1.77565e-05 1.65624e-05 1.60355e-05 1.4414e-05 1.41314e-05 1.3937e-05 1.21631e-05 9.5562e-06 2.14229e-05 8.48751e-06 7.65472e-06 2.67196e-05 2.78993e-05 1.51454e-05 1.46253e-05 7.58917e-06 1.4426e-05 2.6561e-05 1.48595e-05 1.42392e-05 1.32236e-05 8.21944e-06 7.43664e-06 5.97017e-06 7.70882e-06 5.74948e-06 5.56408e-06 4.86295e-06 3.14424e-06 3.46254e-06 3.38804e-06 1.14758e-06 1.1204e-06 5.81931e-06
threshold=0.0035238175548991967 146.7755330999405 -0.24134130100428289 0.36849999999999744 0.0010396862618450061 -0.0012131513367115159 0.026352796065206279 -0.005208373920278851 0.54009999999999969 142.89169451319287 157.26542796134086 0.20530000000000401 155.7061751684968 0.1295000000000073 -0.042126823899712167 0.0023392002136292844 0.002522755769025044 -0.0019486755061875248 149.05091140544491 155.5193282222705 155.34650924186906 0.16009999999999427 0.0074999999999931797 0.034531637857145338 -0.00070322105240079678 154.69550202562715 0.015655339588520462 0.038551967712854691 0.04442402829975834 0.00056473316344986312 157.63870176884311 161.47654085763477 0.048699999999995219 0.00019498121132085559 -0.0063236143743818311 0.029734641931198416 -0.028876577149499792 -0.00029538640153726581 1.0000000180025095e-35 0.015500000000002958 0.03450000000000842 -0.0018346146281928604 0.05100000000000194 -0.00096399246659937719 0.035499999999998984 154.63381955721374 0.035000000000010807 0.081599999999998854 -0.008698931385418435
decision_type=2 2 2 2 2 2 2 2 2 2 2 2 2 2 2 2 2 2 2 2 2 2 2 2 2 2 2 2 2 2 2 2 2 2 2 2 2 2 2 2 2 2 2 2 2 2 2 2 2
left_child=1 2 7 5 -5 21 16 -1 9 -2 11 13 25 38 17 -14 24 -15 37 -20 -19 -4 -11 41 -7 26 27 -13 40 -28 35 47 33 34 -33 36 -12 -16 39 -3 -27 -24 -41 44 -40 -45 -38 48 -32
right_child=8 10 3 4 -6 6 -8 -9 -10 22 30 12 15 14 18 -17 -18 20 19 -21 -22 -23 23 -25 -26 28 29 -29 -30 -31 31 32 -34 -35 -36 -37 46 -39 43 42 -42 -43 -44 45 -46 -47 -48 -49 -50
leaf_value=0 0 0 -1.0705899697447767e-05 6.0575546001557736e-05 0 0 0 -4.7362355597227403e-05 0 0 0 1.2565998660271966e-05 3.4965215440840272e-05 0 0 0 0 -1.3834805191899491e-05 3.6504563067963441e-06 -3.1963407101392059e-06 0 0 0 0 1.2140134347710305e-05 0 -1.5808848335015735e-05 0 0 0 0 0 0 0 -7.8738459690647558e-05 0 0 -6.5912786069347707e-06 -2.0720555712492957e-06 0 -2.2653011570147375e-05 -4.9843114846586794e-05 3.4950635386458676e-06 0 0 2.729607549832222e-06 -1.7863595817337794e-05 0 4.1480679124412362e-06
leaf_weight=32 20 4691 265 148 22 313 437 45 20 29 66 958 179 30 177 21 52 1206 2307 545 256 360 20 32 2250 21 146 161 41 295 267 20 200 33 28 203 36 1235 3655 872 110 160 4285 4702 745 1247 382 1100 1008
leaf_count=32 20 4691 265 148 22 313 437 45 20 29 66 958 179 30 177 21 52 1206 2307 545 256 360 20 32 2250 21 146 161 41 295 267 20 200 33 28 203 36 1235 3655 872 110 160 4285 4702 745 1247 382 1100 1008
internal_value=0 4.12299e-07 6.81948e-06 8.69361e-06 5.23913e-05 5.30951e-06 7.56151e-06 -2.18012e-05 -2.51953e-05 -3.04026e-05 -2.32751e-07 8.53928e-09 5.0982e-06 -1.77747e-07 -3.58116e-06 2.95426e-05 1.01424e-05 -1.02229e-05 -8.40871e-08 5.88905e-07 -1.15787e-05 0 -3.56621e-05 -3.9472e-05 1.10049e-05 0 3.07698e-06 8.53682e-06 -5.03278e-06 0 -3.74077e-06 -2.99675e-07 -1.13603e-05 -3.55429e-05 -5.38102e-05 -9.76357e-06 -1.4267e-05 -4.98358e-06 5.44681e-07 1.45739e-06 -1.79336e-05 -4.61693e-05 2.79155e-06 0 -1.26463e-06 3.71989e-07 -1.68756e-05 0 1.48201e-06
internal_weight=0 35152 3924 3847 170 3677 3052 77 281 261 31228 27885 1932 25953 5756 200 2615 1492 4264 2852 1462 625 241 212 2563 1732 1560 1119 172 441 3343 2656 281 81 48 687 484 1412 20197 9848 131 180 5157 10349 4400 5949 418 2375 1275
internal_count=35433 35152 3924 3847 170 3677 3052 77 281 261 31228 27885 1932 25953 5756 200 2615 1492 4264 2852 1462 625 241 212 2563 1732 1560 1119 172 441 3343 2656 281 81 48 687 484 1412 20197 9848 131 180 5157 10349 4400 5949 418 2375 1275
is_linear=0
shrinkage=0.05


end of trees

feature_importances:
ema_slow=66
ema_fast=35
atr_ratio=32
atr_ma=30
atr=28
macd_signal=24
macd_strength=23
price_ema_slow_dist=21
range=18
upper_shadow=18
atr_normalized=18
price_ema_fast_dist=12
macd_hist=12
ema_cross_pct=10
body_pct=9
macd=8
body=7
range_pct=5
ema_cross=4
macd_hist_change=4
signal_convergence=2
lower_shadow=1
is_bullish=1

parameters:
[boosting: gbdt]
[objective: regression]
[metric: rmse]
[tree_learner: serial]
[device_type: cpu]
[data: ]
[valid: ]
[num_iterations: 800]
[learning_rate: 0.05]
[num_leaves: 50]
[num_threads: 8]
[deterministic: 0]
[force_col_wise: 0]
[force_row_wise: 0]
[histogram_pool_size: -1]
[max_depth: 8]
[min_data_in_leaf: 20]
[min_sum_hessian_in_leaf: 0.001]
[bagging_fraction: 0.9]
[pos_bagging_fraction: 1]
[neg_bagging_fraction: 1]
[bagging_freq: 1]
[bagging_seed: 9057]
[feature_fraction: 0.7]
[feature_fraction_bynode: 1]
[feature_fraction_seed: 15199]
[extra_trees: 0]
[extra_seed: 31159]
[early_stopping_round: 0]
[first_metric_only: 0]
[max_delta_step: 0]
[lambda_l1: 0.1]
[lambda_l2: 0.3]
[linear_lambda: 0]
[min_gain_to_split: 0]
[drop_rate: 0.1]
[max_drop: 50]
[skip_drop: 0.5]
[xgboost_dart_mode: 0]
[uniform_drop: 0]
[drop_seed: 20727]
[top_rate: 0.2]
[other_rate: 0.1]
[min_data_per_group: 100]
[max_cat_threshold: 32]
[cat_l2: 10]
[cat_smooth: 10]
[max_cat_to_onehot: 4]
[top_k: 20]
[monotone_constraints: ]
[monotone_constraints_method: basic]
[monotone_penalty: 0]
[feature_contri: ]
[forcedsplits_filename: ]
[refit_decay_rate: 0.9]
[cegb_tradeoff: 1]
[cegb_penalty_split: 0]
[cegb_penalty_feature_lazy: ]
[cegb_penalty_feature_coupled: ]
[path_smooth: 0]
[interaction_constraints: ]
[verbosity: 1]
[saved_feature_importance_type: 0]
[linear_tree: 0]
[max_bin: 255]
[max_bin_by_feature: ]
[min_data_in_bin: 3]
[bin_construct_sample_cnt: 200000]
[data_random_seed: 218]
[is_enable_sparse: 1]
[enable_bundle: 1]
[use_missing: 1]
[zero_as_missing: 0]
[feature_pre_filter: 1]
[pre_partition: 0]
[two_round: 0]
[header: 0]
[label_column: ]
[weight_column: ]
[group_column: ]
[ignore_column: ]
[categorical_feature: ]
[forcedbins_filename: ]
[precise_float_parser: 0]
[parser_config_file: ]
[objective_seed: 19100]
[num_class: 1]
[is_unbalance: 0]
[scale_pos_weight: 1]
[sigmoid: 1]
[boost_from_average: 1]
[reg_sqrt: 0]
[alpha: 0.9]
[fair_c: 1]
[poisson_max_delta_step: 0.7]
[tweedie_variance_power: 1.5]
[lambdarank_truncation_level: 30]
[lambdarank_norm: 1]
[label_gain: ]
[lambdarank_position_bias_regularization: 0]
[eval_at: ]
[multi_error_top_k: 1]
[auc_mu_weights: ]
[num_machines: 1]
[local_listen_port: 12400]
[time_out: 120]
[machine_list_filename: ]
[machines: ]
[gpu_platform_id: -1]
[gpu_device_id: -1]
[gpu_use_dp: 0]
[num_gpu: 1]

end of parameters

pandas_categorical:[]
