tree
version=v4
num_class=1
num_tree_per_iteration=1
label_index=0
max_feature_idx=18
objective=regression
feature_names=ema_fast ema_slow momentum_10 momentum_20 range range_pct body body_pct upper_shadow lower_shadow is_bullish ema_cross ema_cross_pct ema_cross_signal price_ema_fast_dist price_ema_slow_dist momentum_ratio momentum_convergence signal_convergence
feature_infos=[139.84172317124145:161.9044463934776] [139.985622134078:161.8633237416141] [-3.7750000000000057:2.1870000000000118] [-3.688999999999993:3.0160000000000196] [0:3.0139999999999816] [0:0.019088400286395583] [0:2.7609999999999957] [0:0.017392783349291913] [0:1.1620000000000061] [0:1.3590000000000089] [0:1] [-1.0350786189282246:0.79769146520030176] [-0.006549151847441992:0.0054000600139474395] [0:1] [-0.014331159141718369:0.0093718883724765341] [-0.017546516855659215:0.012454695205154643] [-12700000.000000956:20400000.000000771] [-2.1870000000000118:3.7750000000000057] [0:1]
tree_sizes=1591 1365 1734 1822 1499 942 1734 1349 1645 1575 1496 1416 1407 1250

Tree=0
num_leaves=15
num_cat=0
split_feature=1 1 11 6 6 2 14 6 7 17 11 2 1 6
split_gain=3.77637e-05 1.86091e-05 1.50626e-05 1.11503e-05 4.56103e-06 5.33299e-06 5.00851e-06 4.53662e-06 3.93011e-06 5.87086e-06 3.54766e-06 3.07241e-06 3.05166e-06 1.6991e-06
threshold=157.26542796134086 144.80409874510858 0.17076885223221441 0.017000000000010122 0.052000000000006714 0.062500000000000014 -0.0005507794266749129 0.39899999999998675 7.3769804744832802e-05 0.19749999999999093 -0.29315723468184268 -0.58749999999999136 154.5434653441153 1.0000000180025095e-35
decision_type=2 2 2 2 2 2 2 2 2 2 2 2 2 2
left_child=1 2 3 -1 6 -6 -3 12 -8 -10 -5 -2 -7 -13
right_child=11 4 -4 10 5 7 8 -9 9 -11 -12 13 -14 -15
leaf_value=7.6252981068255304e-06 7.6252981068255304e-06 7.6252981068255304e-06 7.6252981068255304e-06 7.6252981068255304e-06 7.6252981068255304e-06 4.1453642313398115e-06 7.6252981068255304e-06 7.6252981068255304e-06 9.6800924014524669e-06 7.6252981068255304e-06 1.7373270212689451e-05 7.6252981068255304e-06 7.6252981068255304e-06 1.8010903671758922e-06
leaf_weight=241 37 803 165 48 6231 2942 4572 43 10681 542 1366 28 686 2872
leaf_count=241 37 803 165 48 6231 2942 4572 43 10681 542 1366 28 686 2872
internal_value=7.6253e-06 8.18607e-06 1.31435e-05 1.51243e-05 7.6253e-06 7.04558e-06 8.32278e-06 5.49504e-06 8.7672e-06 9.27167e-06 1.68734e-05 2.22997e-06 4.84723e-06 1.95702e-06
internal_weight=0 28320 1820 1655 26500 9902 16598 3671 15795 11223 1414 2937 3628 2900
internal_count=31257 28320 1820 1655 26500 9902 16598 3671 15795 11223 1414 2937 3628 2900
is_linear=0
shrinkage=1


Tree=1
num_leaves=15
num_cat=0
split_feature=0 12 11 0 7 15 6 3 12 12 6 3 7 11
split_gain=3.05523e-05 4.63449e-05 3.53734e-05 1.46601e-05 6.18045e-06 2.03899e-06 1.81065e-06 5.6224e-06 1.02611e-05 3.44415e-06 1.77503e-06 1.23014e-06 1.45395e-06 2.50567e-07
threshold=146.92349002971176 -0.0010239376459494642 0.17076885223221441 157.23048464037296 2.0432278916361985e-05 -0.0035941270061012266 0.059000000000011717 -0.52649999999999852 0.00020171744716607044 -0.0015350813666933914 0.00099999999999056421 -0.17899999999998781 1.3352650172662249e-05 0.21422943289007892
decision_type=2 2 2 2 2 2 2 2 2 2 2 2 2 2
left_child=1 -1 4 6 -3 -5 11 -8 9 -9 -7 -2 -13 -14
right_child=3 2 -4 5 -6 10 7 8 -10 -11 -12 12 13 -15
leaf_value=0 0 0 0 0 9.7441247651512254e-06 0 0 0 0 -3.3657436450938632e-06 -4.1117314535172513e-06 0 7.8759845650604183e-07 0
leaf_weight=508 1544 96 268 31 3067 46 516 77 2519 4546 3021 869 13994 159
leaf_count=508 1544 96 268 31 3067 46 516 77 2519 4546 3021 869 13994 159
internal_value=0 4.25995e-06 7.38919e-06 -4.23215e-07 9.33713e-06 -3.66178e-06 0 -6.44636e-07 -1.55357e-06 -3.04585e-06 -3.89949e-06 2.8485e-07 5.424e-07 7.54376e-07
internal_weight=0 3939 3431 27322 3163 3098 24224 7658 7142 4623 3067 16566 15022 14153
internal_count=31261 3939 3431 27322 3163 3098 24224 7658 7142 4623 3067 16566 15022 14153
is_linear=0
shrinkage=0.05


Tree=2
num_leaves=20
num_cat=0
split_feature=0 17 15 11 3 16 3 16 1 16 6 15 1 0 1 15 14 14 1
split_gain=2.40635e-05 1.70586e-05 2.39854e-05 9.57323e-06 7.03471e-06 4.43983e-06 3.31242e-06 3.16141e-06 2.59837e-06 2.44105e-06 1.89654e-06 7.34042e-07 5.3774e-06 7.0573e-06 3.5591e-06 6.73756e-06 6.32561e-06 8.81087e-07 2.59908e-07
threshold=155.85954132056145 -0.097499999999996576 0.0027150355378517993 -0.17430657542402625 -0.81049999999999034 -3.2659878166403638 -0.59450000000001058 2.274098163932285 155.55679376037219 19.348508269217326 0.016500000000007734 -0.0012131513367115159 155.81200190883823 142.63513381453683 147.55525502264501 0.0009700984784408094 -0.00071153613388424931 -0.0020178568477873617 150.77157188995727
decision_type=2 2 2 2 2 2 2 2 2 2 2 2 2 2 2 2 2 2 2
left_child=1 2 4 -2 -1 -5 -7 10 9 -6 -8 12 13 -3 15 16 -13 -15 -16
right_child=3 11 -4 5 8 6 7 -9 -10 -11 -12 14 -14 17 18 -17 -18 -19 -20
leaf_value=0 0 0 0 0 5.3550365470454138e-06 0 0 0 0 0 -5.8274901518329723e-06 0 0 0 -2.5885364772069413e-07 0 3.9915026889568883e-06 -4.2958766268562787e-06 0
leaf_weight=20 192 150 274 197 4878 26 1420 475 133 32 3210 73 64 207 9697 509 2608 1903 5397
leaf_count=20 192 150 274 197 4878 26 1420 475 133 32 3210 73 64 207 9697 509 2608 1903 5397
internal_value=0 5.22995e-07 3.05286e-06 -3.10035e-06 4.65479e-06 -3.80135e-06 -4.14344e-06 -4.34484e-06 5.02396e-06 5.21984e-06 -4.74564e-06 0 -8.88555e-07 -2.59991e-06 0 1.67003e-06 3.09846e-06 -3.94975e-06 0
internal_weight=0 25945 5337 5520 5063 5328 5131 5105 5043 4910 4630 20608 2324 2260 18284 3190 2681 2110 15094
internal_count=31465 25945 5337 5520 5063 5328 5131 5105 5043 4910 4630 20608 2324 2260 18284 3190 2681 2110 15094
is_linear=0
shrinkage=0.05


Tree=3
num_leaves=21
num_cat=0
split_feature=1 2 11 5 1 14 7 16 15 5 1 11 11 5 16 0 3 11 11 11
split_gain=2.18147e-05 3.33821e-05 3.88585e-05 1.26886e-05 1.08655e-05 6.48845e-06 7.69207e-06 5.43986e-06 5.71044e-06 3.7516e-06 3.06696e-06 5.42405e-06 2.89056e-06 7.11241e-06 2.84562e-06 2.01907e-06 2.00162e-06 8.16422e-07 1.63459e-07 2.38003e-08
threshold=147.51248935389609 0.24099999999999969 -0.14779903969264294 0.00034789269478606265 157.26542796134086 0.00077394117093301784 2.0432278916361985e-05 1.2538117460645835 -0.0035941270061012266 0.00015757161205274246 150.85927057232769 0.00047436805496658968 -0.14779903969264294 0.00082530338428103396 -6.7979804642530715 155.60165050445082 -0.18499999999998804 -0.19297980348714813 0.28787740484683871 1.0000000180025095e-35
decision_type=2 2 2 2 2 2 2 2 2 2 2 2 2 2 2 2 2 2 2 2
left_child=1 2 -1 -4 10 6 -5 8 -6 -10 12 17 -2 -14 -11 16 -13 -12 -15 -19
right_child=4 -3 3 5 7 -7 -8 -9 9 14 11 15 13 18 -16 -17 -18 19 -20 -21
leaf_value=0 0 0 0 0 0 0 8.9751557987875145e-06 0 0 0 0 0 0 -3.4189225702215384e-06 -6.409231154729157e-06 0 2.4513628431692456e-06 -7.0201292393681112e-07 0 0
leaf_weight=507 365 654 362 102 39 207 3488 513 112 52 502 87 9187 2830 2260 1905 3929 4262 23 40
leaf_count=507 365 654 362 102 39 207 3488 513 112 52 502 87 9187 2830 2260 1905 3929 4262 23 40
internal_value=0 2.4988e-06 5.00038e-06 7.16994e-06 -9.03623e-07 8.0413e-06 8.53866e-06 -4.03594e-06 -5.02016e-06 -5.61214e-06 0 0 -7.86178e-07 -1.1122e-06 -6.08916e-06 1.51329e-06 2.15246e-06 0 -3.38402e-06 -6.88774e-07
internal_weight=0 5320 4666 4159 26106 3797 3590 2976 2463 2424 23130 10725 12405 12040 2312 5921 4016 4804 2853 4302
internal_count=31426 5320 4666 4159 26106 3797 3590 2976 2463 2424 23130 10725 12405 12040 2312 5921 4016 4804 2853 4302
is_linear=0
shrinkage=0.05


Tree=4
num_leaves=17
num_cat=0
split_feature=0 0 14 3 3 5 14 4 6 3 0 5 0 0 5 5
split_gain=3.32814e-05 9.64937e-06 2.63669e-05 2.14042e-05 8.92507e-06 5.41478e-06 4.8692e-06 4.19117e-06 2.67016e-06 3.68551e-07 3.81959e-06 3.28552e-06 5.27967e-06 8.12524e-07 1.24778e-06 2.95121e-06
threshold=157.23048464037296 147.45759108472197 0.00056398363581679092 -0.29650000000000881 0.36750000000000688 0.00024913707396830752 -0.0023056736595496361 0.025499999999993864 0.0019999999999953393 0.067499999999995466 148.99479749569016 0.00032789218081254358 155.94159334973355 156.65746689870258 0.0005476288129838007 0.0012520556770131781
decision_type=2 2 2 2 2 2 2 2 2 2 2 2 2 2 2 2
left_child=1 2 3 -1 5 -5 -2 -8 -9 13 -11 -12 -13 14 -3 -16
right_child=6 9 -4 4 -6 -7 7 8 -10 10 11 12 -14 -15 15 -17
leaf_value=0 0 0 0 0 0 7.7587858200914363e-06 0 0 -6.0620897873478369e-06 0 0 2.7078338887727785e-06 0 0 -1.4794271413258348e-06 0
leaf_weight=796 21 7569 954 159 135 3147 152 93 2788 1632 848 4348 714 802 5724 1486
leaf_count=796 21 7569 954 159 135 3147 152 93 2788 1632 848 4348 714 802 5724 1486
internal_value=0 5.96148e-07 2.56618e-06 4.86049e-06 6.68119e-06 7.29448e-06 -4.89355e-06 -5.30337e-06 -5.76593e-06 0 3.49516e-07 1.33099e-06 1.92116e-06 0 -3.70733e-07 -8.45199e-07
internal_weight=0 28314 5191 4237 3441 3306 3054 3033 2881 23123 7542 5910 5062 15581 14779 7210
internal_count=31368 28314 5191 4237 3441 3306 3054 3033 2881 23123 7542 5910 5062 15581 14779 7210
is_linear=0
shrinkage=0.05


Tree=5
num_leaves=10
num_cat=0
split_feature=1 11 12 4 12 4 17 6 6
split_gain=1.73806e-05 3.3713e-05 4.09854e-05 1.06965e-05 7.59706e-06 7.28594e-06 3.65094e-06 4.11632e-06 4.15147e-06
threshold=146.7755330999405 0.17076885223221441 -0.0022813225000132818 0.086500000000000923 -0.0011103086605180944 0.03799999999999671 -0.40599999999999165 0.039000000000001485 0.39899999999998675
decision_type=2 2 2 2 2 2 2 2 2
left_child=1 2 -1 -2 -5 -4 -6 -8 -9
right_child=3 -3 5 4 6 -7 7 8 -10
leaf_value=0 0 0 0 0 0 8.6932397589987142e-06 0 -3.0864471926257645e-06 0
leaf_weight=81 14120 289 100 1012 438 3142 3097 9077 77
leaf_count=81 14120 289 100 1012 438 3142 3097 9077 77
internal_value=0 2.99999e-06 5.92821e-06 -6.27108e-07 -1.65839e-06 8.22336e-06 -2.11338e-06 -2.31755e-06 -2.8831e-06
internal_weight=0 3612 3323 27821 13701 3242 12689 12251 9154
internal_count=31433 3612 3323 27821 13701 3242 12689 12251 9154
is_linear=0
shrinkage=0.05


Tree=6
num_leaves=20
num_cat=0
split_feature=1 5 12 5 12 4 7 17 0 3 0 2 3 14 14 12 3 12 12
split_gain=1.91534e-05 2.23406e-05 1.91423e-05 1.28919e-05 8.06177e-06 7.31533e-06 9.51262e-06 4.60375e-06 4.22359e-06 4.63123e-06 3.14192e-06 2.51389e-06 2.3181e-06 2.15401e-06 1.65256e-06 1.35103e-06 4.77579e-07 7.32783e-08 9.10118e-08
threshold=144.80409874510858 0.00083748342876524269 0.001250670147601166 0.004601223213581653 -0.0019486755061875248 0.052000000000006714 2.7226999503818534e-05 0.65950000000000852 149.60477857145477 -0.22849999999999679 159.85528470655717 -0.58749999999999136 0.04000000000000626 0.00070527226773802203 -0.00068545997577901393 -0.001157791872553263 -0.59450000000001058 0.0014227806729777508 4.5038316844029554e-05
decision_type=2 2 2 2 2 2 2 2 2 2 2 2 2 2 2 2 2 2 2
left_child=2 8 4 7 -1 -6 -7 10 9 -2 11 -3 15 14 -11 -10 -17 18 -14
right_child=1 3 -4 -5 5 6 -8 -9 12 13 -12 -13 17 -15 -16 16 -18 -19 -20
leaf_value=0 0 0 0 0 0 0 9.9926014764831202e-06 0 0 0 0 -3.870726897033604e-06 0 0 2.1939150605473301e-06 0 -1.1332436449119577e-06 0 2.9102892192777396e-07
leaf_weight=63 278 245 158 102 61 38 1551 180 185 29 82 7795 866 175 6576 23 8072 102 4849
leaf_count=63 278 245 158 102 61 38 1551 180 185 29 82 7795 866 175 6576 23 8072 102 4849
internal_value=0 -3.21912e-07 4.89403e-06 -2.64765e-06 7.35474e-06 8.2686e-06 9.08301e-06 -3.31334e-06 0 1.2231e-06 -3.55507e-06 -3.70734e-06 0 1.8069e-06 2.04124e-06 -8.3659e-07 -1.06447e-06 0 1.79035e-07
internal_weight=0 29559 1871 8404 1713 1650 1589 8302 21155 7058 8122 8040 14097 6780 6605 8280 8095 5817 5715
internal_count=31430 29559 1871 8404 1713 1650 1589 8302 21155 7058 8122 8040 14097 6780 6605 8280 8095 5817 5715
is_linear=0
shrinkage=0.05


Tree=7
num_leaves=15
num_cat=0
split_feature=1 1 11 12 6 6 2 0 7 2 15 6 0 1
split_gain=1.23134e-05 4.04712e-06 2.06517e-05 6.6846e-06 5.26227e-06 3.00857e-06 1.00257e-05 1.14989e-05 5.29381e-06 3.21605e-06 2.7275e-06 1.6163e-06 9.47281e-07 8.84063e-07
threshold=157.26542796134086 144.80409874510858 0.17076885223221441 -0.0019486755061875248 0.0024999999999977267 0.052000000000006714 -0.0059999999999860157 151.50034149597434 0.0029421468864753698 -0.23050000000000634 -0.0027128383941498603 0.00099999999999056421 157.23048464037296 145.92222408199817
decision_type=2 2 2 2 2 2 2 2 2 2 2 2 2 2
left_child=1 2 3 -1 -5 9 -7 8 -8 -3 -2 -12 13 -11
right_child=10 5 -4 4 -6 6 7 -9 -10 12 11 -13 -14 -15
leaf_value=0 0 0 0 0 7.5912901213561787e-06 0 -4.7779077360144306e-06 0 0 0 0 -3.7698680033392547e-06 0 9.8931647828178547e-07
leaf_weight=55 56 549 168 34 1602 4859 3143 1850 21 355 41 2879 127 15764
leaf_count=55 56 549 168 34 1602 4859 3143 1850 21 355 41 2879 127 15764
internal_value=0 1.59163e-07 2.41463e-06 6.07749e-06 6.95632e-06 0 -6.90732e-07 -2.4368e-06 -4.30052e-06 4.0909e-07 -3.17806e-06 -3.55369e-06 8.17251e-07 9.05582e-07
internal_weight=0 28527 1859 1691 1636 26668 9873 5014 3164 16795 2976 2920 16246 16119
internal_count=31503 28527 1859 1691 1636 26668 9873 5014 3164 16795 2976 2920 16246 16119
is_linear=0
shrinkage=0.05


Tree=8
num_leaves=19
num_cat=0
split_feature=1 8 1 4 1 11 8 6 12 4 1 16 6 16 2 2 4 1
split_gain=3.46447e-05 8.80822e-06 8.41623e-06 1.08204e-05 6.09954e-06 1.65181e-05 1.75078e-05 1.31555e-05 1.08941e-05 8.58301e-06 2.64599e-05 1.28847e-05 1.03234e-05 5.84838e-06 5.70678e-06 3.80919e-06 5.53255e-06 3.74479e-06
threshold=157.26542796134086 0.0019999999999953393 159.1136154483477 0.036499999999989548 144.80409874510858 0.17076885223221441 0.01500000000000057 0.0035000000000025015 -0.0019486755061875248 0.1295000000000073 149.16940130054465 1.7500005859379668 0.47350000000000142 1.279070064900077 -0.58749999999999136 -0.15950000000000839 0.049499999999994777 155.64948493183098
decision_type=2 2 2 2 2 2 2 2 2 2 2 2 2 2 2 2 2 2
left_child=4 -2 3 -3 5 6 -1 -8 -9 15 11 12 -11 14 -5 -6 -17 -18
right_child=1 2 -4 13 9 -7 7 8 -10 10 -12 -13 -14 -15 -16 16 17 -19
leaf_value=0 0 0 0 0 0 0 0 0 1.2125190544902077e-05 -7.4401369873660586e-06 0 0 0 0 -1.2545666217271865e-05 0 1.74136075876523e-06 0
leaf_weight=524 382 170 944 21 960 152 37 47 1091 2584 4578 312 25 230 1179 4943 11637 1450
leaf_count=524 382 170 944 21 960 152 37 47 1091 2584 4578 312 25 230 1179 4943 11637 1450
internal_value=0 -5.44046e-06 -6.53433e-06 -9.00178e-06 1.41857e-08 2.87053e-06 5.76873e-06 9.23884e-06 1.08177e-05 0 -1.58692e-06 -5.39525e-06 -6.7033e-06 -1.04679e-05 -1.1948e-05 3.6801e-07 8.19029e-07 1.40749e-06
internal_weight=0 2926 2544 1600 28340 1851 1699 1175 1138 26489 7499 2921 2609 1430 1200 18990 18030 13087
internal_count=31266 2926 2544 1600 28340 1851 1699 1175 1138 26489 7499 2921 2609 1430 1200 18990 18030 13087
is_linear=0
shrinkage=0.05


Tree=9
num_leaves=18
num_cat=0
split_feature=1 5 11 16 12 16 6 6 11 5 3 12 0 12 4 11 16
split_gain=1.05472e-05 2.14821e-05 1.60352e-05 1.37261e-05 1.41355e-05 1.22225e-05 1.29387e-05 1.00129e-05 9.99304e-06 9.50046e-06 5.61981e-06 6.19332e-06 3.17656e-06 3.05971e-06 1.81112e-06 1.75491e-06 8.89984e-07
threshold=144.80409874510858 0.00083748342876524269 0.17076885223221441 1.8666664592591957 -0.0011103086605180944 0.24324326515680281 0.39899999999998675 0.0035000000000025015 -0.3441223831558346 0.00037866331848984317 0.065000000000011951 0.0014227806729777508 149.36898725758107 4.5038316844029554e-05 0.025499999999993864 -0.12279671939317892 -19.281790180199291
decision_type=2 2 2 2 2 2 2 2 2 2 2 2 2 2 2 2 2
left_child=2 10 7 4 -3 -6 -7 -1 -9 -10 12 13 -2 -12 -15 -14 -17
right_child=1 3 -4 -5 5 6 -8 8 9 -11 11 -13 15 14 -16 16 -18
leaf_value=0 0 0 0 0 0 -6.6854833832357083e-06 0 0 0 9.3533278764620122e-06 0 0 0 0 2.6813705985575037e-06 0 -1.2750951865512166e-06
leaf_weight=46 4637 912 166 861 2183 4262 74 39 59 1554 857 130 456 122 5801 127 8951
leaf_count=46 4637 912 166 861 2183 4262 74 39 59 1554 857 130 456 122 5801 127 8951
internal_value=0 -3.80124e-07 3.44486e-06 -2.64355e-06 -3.52359e-06 -4.42416e-06 -6.03932e-06 6.05241e-06 7.26646e-06 8.34046e-06 0 1.42588e-06 0 2.08703e-06 2.50545e-06 -9.1265e-07 -1.16535e-06
internal_weight=0 29373 1864 8292 7431 6519 4336 1698 1652 1613 21081 6910 14171 6780 5923 9534 9078
internal_count=31237 29373 1864 8292 7431 6519 4336 1698 1652 1613 21081 6910 14171 6780 5923 9534 9078
is_linear=0
shrinkage=0.05


Tree=10
num_leaves=17
num_cat=0
split_feature=1 12 12 0 17 6 17 0 3 9 0 1 17 1 17 1
split_gain=8.46778e-06 6.50602e-06 5.84696e-06 1.33811e-05 7.72168e-06 2.54251e-06 2.31674e-06 2.14242e-06 5.67951e-06 1.35857e-06 1.07131e-06 5.67099e-06 1.97112e-06 7.55724e-07 6.87087e-07 5.52483e-07
threshold=157.22748201287658 2.1905274149024775e-05 0.0014227806729777508 146.92349002971176 0.38650000000001233 0.0019999999999953393 -0.61449999999999239 148.99479749569016 -0.0024999999999977258 0.24249999999999264 149.54376869000919 155.59692028297857 -0.14399999999999122 159.1136154483477 0.77050000000001273 157.44772907243387
decision_type=2 2 2 2 2 2 2 2 2 2 2 2 2 2 2 2
left_child=1 10 3 4 6 -2 -3 -5 -9 13 -1 12 -12 15 -14 -7
right_child=5 2 -4 7 -6 9 -8 8 -10 -11 11 -13 14 -15 -16 -17
leaf_value=0 0 0 0 0 0 0 7.4125789673975926e-06 0 1.6546566938754915e-06 0 0 0 -2.0070185634777987e-06 0 0 -4.8209053912301292e-06
leaf_weight=6494 141 23 589 3034 35 461 1648 1620 7142 22 328 1409 5834 1047 48 1422
leaf_count=6494 141 23 589 3034 35 461 1648 1620 7142 22 328 1409 5834 1047 48 1422
internal_value=0 2.00764e-07 1.11128e-06 1.53993e-06 6.19441e-06 -2.54483e-06 7.12213e-06 0 7.81831e-07 -2.98972e-06 0 -5.92885e-07 -1.64747e-06 -3.1882e-06 -1.92438e-06 -4.10106e-06
internal_weight=0 28204 14091 13502 1706 3093 1671 11796 8762 2952 14113 7619 6210 2930 5882 1883
internal_count=31297 28204 14091 13502 1706 3093 1671 11796 8762 2952 14113 7619 6210 2930 5882 1883
is_linear=0
shrinkage=0.05


Tree=11
num_leaves=16
num_cat=0
split_feature=1 17 9 11 6 8 8 4 14 16 6 1 17 9 3
split_gain=1.06979e-05 8.36875e-06 9.80417e-06 8.58277e-06 8.17739e-06 8.97129e-06 4.61928e-06 2.79933e-06 2.66291e-06 2.83813e-06 1.73433e-06 4.05517e-07 6.19646e-06 9.89399e-06 3.80852e-06
threshold=157.26542796134086 0.19199999999999309 0.011499999999998069 0.21422943289007892 0.011499999999998069 0.0019999999999953393 0.0024999999999977267 0.028000000000005801 -0.0029029168122611708 1.2538117460645835 0.00099999999999056421 142.92288614344798 0.77050000000001273 0.0054999999999978408 -0.92949999999999011
decision_type=2 2 2 2 2 2 2 2 2 2 2 2 2 2 2
left_child=1 2 -1 4 -4 -6 -2 -8 -9 10 -10 -3 13 -13 -15
right_child=6 11 3 -5 5 -7 7 8 9 -11 -12 12 -14 14 -16
leaf_value=0 0 0 0 0 0 3.290340083055135e-06 0 0 0 0 -5.2455778242828584e-06 0 0 0 -4.9432934081016359e-06
leaf_weight=8958 469 193 3320 430 1574 11165 141 22 20 391 1899 364 141 70 2077
leaf_count=8958 469 193 3320 430 1574 11165 141 22 20 391 1899 364 141 70 2077
internal_value=0 6.26883e-07 1.12209e-06 1.8519e-06 2.20397e-06 2.77995e-06 -2.30455e-06 -3.31469e-06 -3.82779e-06 -4.20394e-06 -4.99703e-06 0 -6.18249e-07 -2.56364e-06 -4.38241e-06
internal_weight=0 28292 25447 16489 16059 12739 2942 2473 2332 2310 1919 2845 2652 2511 2147
internal_count=31234 28292 25447 16489 16059 12739 2942 2473 2332 2310 1919 2845 2652 2511 2147
is_linear=0
shrinkage=0.05


Tree=12
num_leaves=16
num_cat=0
split_feature=1 1 8 4 14 16 17 14 1 3 4 1 1 0 8
split_gain=1.22356e-05 8.13946e-06 6.20352e-06 4.89159e-06 4.88325e-06 3.95322e-06 1.07279e-06 5.48056e-06 2.61837e-05 8.45926e-06 2.04422e-06 1.05547e-07 2.67396e-06 2.88944e-07 1.34577e-07
threshold=157.26542796134086 159.1136154483477 0.0019999999999953393 0.036499999999989548 -0.0023056736595496361 1.4572535773209649 -0.0035000000000025007 0.00044224186028447339 146.65245808140523 0.36750000000000688 0.053999999999987842 155.81200190883823 142.92288614344798 155.55571666727761 1.0000000180025095e-35
decision_type=2 2 2 2 2 2 2 2 2 2 2 2 2 2 2
left_child=6 2 -2 -4 -5 -6 7 8 9 10 -1 12 -8 14 -14
right_child=1 -3 3 4 5 -7 11 -9 -10 -11 -12 -13 13 -15 -16
leaf_value=0 0 0 0 0 -9.0464136843913618e-06 0 0 0 0 0 1.0688115835727742e-05 0 0 0 -8.2597400226993949e-07
leaf_weight=108 207 1098 160 24 1231 187 379 2668 10197 88 946 1304 657 276 11737
leaf_count=108 207 1098 160 24 1231 187 379 2668 10197 88 946 1304 657 276 11737
internal_value=0 -3.24368e-06 -5.30596e-06 -6.43968e-06 -7.3857e-06 -8.00495e-06 0 4.37573e-07 1.20201e-06 8.46447e-06 9.88365e-06 0 -1.422e-07 -7.40561e-07 -7.86717e-07
internal_weight=0 2907 1809 1602 1442 1418 28360 14007 11339 1142 1054 14353 13049 12670 12394
internal_count=31267 2907 1809 1602 1442 1418 28360 14007 11339 1142 1054 14353 13049 12670 12394
is_linear=0
shrinkage=0.05


Tree=13
num_leaves=14
num_cat=0
split_feature=0 12 12 3 7 12 1 7 7 3 0 0 1
split_gain=8.98741e-06 2.37969e-05 3.32042e-05 1.15979e-05 7.0641e-06 9.36727e-06 2.41561e-06 2.38606e-06 2.35193e-06 1.08062e-06 4.30894e-08 5.62723e-07 2.58294e-07
threshold=146.92349002971176 0.0013317686264980163 -0.00090890872911098886 -0.31850000000000017 0.00039707936714188292 -0.0015350813666933914 159.1136154483477 2.0060381867593927e-05 0.0023423093143916563 1.2379999999999998 157.23048464037296 153.44960298925778 157.22748201287658
decision_type=2 2 2 2 2 2 2 2 2 2 2 2 2
left_child=1 2 -1 -4 10 -6 8 -5 9 -7 11 -2 -13
right_child=4 -3 3 7 5 6 -8 -9 -10 -11 -12 12 -14
leaf_value=0 0 0 0 0 0 -2.7469749811181695e-06 0 8.3632334251397971e-06 0 0 0 7.08109484709865e-07 0
leaf_weight=607 12452 217 228 73 355 7605 181 2834 135 38 2368 4308 32
leaf_count=607 12452 217 228 73 355 7605 181 2834 135 38 2368 4308 32
internal_value=0 2.29087e-06 4.63138e-06 7.21654e-06 -2.47999e-07 -1.52556e-06 -2.31805e-06 8.13238e-06 -2.50495e-06 -2.67486e-06 0 8.0094e-08 5.90716e-07
internal_weight=0 3959 3742 3135 27474 8314 7959 2907 7778 7643 19160 16792 4340
internal_count=31433 3959 3742 3135 27474 8314 7959 2907 7778 7643 19160 16792 4340
is_linear=0
shrinkage=0.05


end of trees

feature_importances:
ema_slow=34
ema_fast=22
body=20
ema_cross_pct=20
ema_cross=18
momentum_20=17
momentum_ratio=12
range=11
range_pct=11
price_ema_fast_dist=11
momentum_convergence=11
body_pct=9
momentum_10=8
upper_shadow=6
price_ema_slow_dist=6
lower_shadow=3

parameters:
[boosting: gbdt]
[objective: regression]
[metric: rmse]
[tree_learner: serial]
[device_type: cpu]
[data: ]
[valid: ]
[num_iterations: 500]
[learning_rate: 0.05]
[num_leaves: 31]
[num_threads: 8]
[deterministic: 0]
[force_col_wise: 0]
[force_row_wise: 0]
[histogram_pool_size: -1]
[max_depth: 6]
[min_data_in_leaf: 20]
[min_sum_hessian_in_leaf: 0.001]
[bagging_fraction: 0.8]
[pos_bagging_fraction: 1]
[neg_bagging_fraction: 1]
[bagging_freq: 1]
[bagging_seed: 400]
[feature_fraction: 0.8]
[feature_fraction_bynode: 1]
[feature_fraction_seed: 30056]
[extra_trees: 0]
[extra_seed: 12879]
[early_stopping_round: 0]
[first_metric_only: 0]
[max_delta_step: 0]
[lambda_l1: 0.3]
[lambda_l2: 0.3]
[linear_lambda: 0]
[min_gain_to_split: 0]
[drop_rate: 0.1]
[max_drop: 50]
[skip_drop: 0.5]
[xgboost_dart_mode: 0]
[uniform_drop: 0]
[drop_seed: 17869]
[top_rate: 0.2]
[other_rate: 0.1]
[min_data_per_group: 100]
[max_cat_threshold: 32]
[cat_l2: 10]
[cat_smooth: 10]
[max_cat_to_onehot: 4]
[top_k: 20]
[monotone_constraints: ]
[monotone_constraints_method: basic]
[monotone_penalty: 0]
[feature_contri: ]
[forcedsplits_filename: ]
[refit_decay_rate: 0.9]
[cegb_tradeoff: 1]
[cegb_penalty_split: 0]
[cegb_penalty_feature_lazy: ]
[cegb_penalty_feature_coupled: ]
[path_smooth: 0]
[interaction_constraints: ]
[verbosity: -1]
[saved_feature_importance_type: 0]
[linear_tree: 0]
[max_bin: 255]
[max_bin_by_feature: ]
[min_data_in_bin: 3]
[bin_construct_sample_cnt: 200000]
[data_random_seed: 175]
[is_enable_sparse: 1]
[enable_bundle: 1]
[use_missing: 1]
[zero_as_missing: 0]
[feature_pre_filter: 1]
[pre_partition: 0]
[two_round: 0]
[header: 0]
[label_column: ]
[weight_column: ]
[group_column: ]
[ignore_column: ]
[categorical_feature: ]
[forcedbins_filename: ]
[precise_float_parser: 0]
[parser_config_file: ]
[objective_seed: 16083]
[num_class: 1]
[is_unbalance: 0]
[scale_pos_weight: 1]
[sigmoid: 1]
[boost_from_average: 1]
[reg_sqrt: 0]
[alpha: 0.9]
[fair_c: 1]
[poisson_max_delta_step: 0.7]
[tweedie_variance_power: 1.5]
[lambdarank_truncation_level: 30]
[lambdarank_norm: 1]
[label_gain: ]
[lambdarank_position_bias_regularization: 0]
[eval_at: ]
[multi_error_top_k: 1]
[auc_mu_weights: ]
[num_machines: 1]
[local_listen_port: 12400]
[time_out: 120]
[machine_list_filename: ]
[machines: ]
[gpu_platform_id: -1]
[gpu_device_id: -1]
[gpu_use_dp: 0]
[num_gpu: 1]

end of parameters

pandas_categorical:[]
