tree
version=v4
num_class=1
num_tree_per_iteration=1
label_index=0
max_feature_idx=39
objective=regression
feature_names=rsi ema_fast ema_slow bb_middle bb_upper bb_lower macd macd_signal atr range range_pct body body_pct upper_shadow lower_shadow is_bullish rsi_normalized rsi_overbought rsi_oversold rsi_divergence ema_cross ema_cross_pct ema_cross_signal price_ema_fast_dist price_ema_slow_dist bb_width bb_position bb_position_normalized price_bb_upper_dist price_bb_lower_dist bb_breakout_upper bb_breakout_lower macd_hist macd_hist_change macd_cross_signal macd_strength atr_normalized atr_ma atr_ratio signal_convergence
feature_infos=[0:99.999992774566991] [139.84172317124145:161.9044463934776] [139.985622134078:161.8633237416141] [0:161.88062500000001] [0:163.46980690478767] [0:161.79437304114759] [-0.81371595198632463:0.5970017482619312] [-0.71071676355148927:0.57046413909616056] [0:1.1185000000000032] [0:3.0139999999999816] [0:0.019088400286395583] [0:2.7609999999999957] [0:0.017392783349291913] [0:1.1620000000000061] [0:1.3590000000000089] [0:1] [-1:0.99999985549133985] [0:1] [0:1] [-89.854942239242206:87.39492126263913] [-1.0350786189282246:0.79769146520030176] [-0.006549151847441992:0.0054000600139474395] [0:1] [-0.014331159141718369:0.0093718883724765341] [-0.017546516855659215:0.012454695205154643] [0:0.040499613571001979] [-0.43688158368442731:1.4336560662958788] [-1.8737631673688546:1.8673121325917577] [-0.0052970182941306683:0.036124521721180282] [-0.0076876891014397734:0.023272312637101344] [0:1] [0:1] [-0.39438439545005155:0.22667986490852632] [-0.22179621176243974:0.13953656655988411] [0:1] [-0.33719861601597845:0.18761226476060436] [0:0.0071150494268520962] [0:0.79457500000000281] [0:5.222190663820645] [0:3]
tree_sizes=1462 1390 1178 1026 1149 1168 1025 1455 1212

Tree=0
num_leaves=14
num_cat=0
split_feature=2 5 5 8 20 7 2 29 38 4 25 25 25
split_gain=9.94568e-05 8.27021e-05 0.000106489 6.62711e-05 7.55778e-05 5.77901e-05 4.34546e-05 6.62208e-05 4.20605e-05 2.0962e-05 1.18782e-06 4.29493e-06 3.69475e-07
threshold=144.80409874510858 144.63325149780746 143.83084081759944 0.15429999999999641 0.18957813902196111 -0.20610275809468684 157.26542796134086 0.007462473795199715 0.79780546455423795 156.70218333616825 0.0029409277711425299 0.0015958363502948515 0.0059927070737420462
decision_type=2 2 2 2 2 2 2 2 2 2 2 2 2
left_child=3 2 -2 10 5 -5 9 -8 -4 -3 11 -1 -12
right_child=1 6 8 4 -6 -7 7 -9 -10 -11 12 -13 -14
leaf_value=7.6252981068255304e-06 7.6252981068255304e-06 7.5618202859734577e-06 7.6252981068255304e-06 7.6252981068255304e-06 7.6252981068255304e-06 4.0366455747947044e-05 3.8093894604093793e-06 -9.9202643008334379e-05 -7.7665173303819425e-05 1.3722560537704926e-05 6.0943543357426223e-06 1.4011386760234728e-05 7.6252981068255304e-06
leaf_weight=46 26 21705 22 39 99 683 2528 21 81 1413 394 336 56
leaf_count=46 26 21705 22 39 99 683 2528 21 81 1413 394 336 56
internal_value=7.6253e-06 6.85096e-06 -3.35225e-05 1.95019e-05 2.96651e-05 3.61562e-05 7.24883e-06 9.95088e-07 -6.09481e-05 7.72212e-06 7.6253e-06 1.04131e-05 7.6253e-06
internal_weight=0 25796 129 1653 821 722 25667 2549 103 23118 832 382 450
internal_count=27449 25796 129 1653 821 722 25667 2549 103 23118 832 382 450
is_linear=0
shrinkage=1


Tree=1
num_leaves=15
num_cat=0
split_feature=2 2 37 37 21 25 38 2 37 37 25 37 2 28
split_gain=6.85716e-05 4.66392e-05 6.71191e-05 5.76582e-05 6.85764e-05 4.43958e-05 6.0518e-05 6.53601e-05 4.19155e-05 2.9511e-05 1.51145e-05 1.10683e-05 1.20356e-06 4.0575e-07
threshold=157.26542796134086 144.80409874510858 0.12014750000000433 0.12736250000000157 0.0011879602929002254 0.0031694552594352218 1.1665208514826315 159.1136154483477 0.18128749999999744 0.095872500000000485 0.0020432720401195336 0.043355000000005153 143.43294119965122 0.0018117073973340661
decision_type=2 2 2 2 2 2 2 2 2 2 2 2 2 2
left_child=1 3 9 12 -5 10 -7 -8 -4 -3 11 -2 -1 -12
right_child=5 2 8 4 -6 6 7 -9 -10 -11 13 -13 -14 -15
leaf_value=-4.3217167626847907e-06 0 0 -6.2279004759281832e-06 1.9644353490246016e-05 0 0 -4.9799112141853653e-05 0 0 5.4926851122869969e-06 1.4328207588197299e-06 -7.5810284621333459e-06 0 0
leaf_weight=161 138 10889 5778 1129 143 222 237 75 2514 4052 494 1263 179 149
leaf_count=161 138 10889 5778 1129 143 222 237 75 2514 4052 494 1263 179 149
internal_value=0 3.77236e-07 0 8.6325e-06 1.44135e-05 -8.10715e-06 -2.26209e-05 -3.68843e-05 -3.79344e-06 1.80118e-06 -1.86841e-06 -5.66233e-06 0 0
internal_weight=0 24845 23233 1612 1272 2578 534 312 8292 14941 2044 1401 340 643
internal_count=27423 24845 23233 1612 1272 2578 534 312 8292 14941 2044 1401 340 643
is_linear=0
shrinkage=0.05


Tree=2
num_leaves=12
num_cat=0
split_feature=24 37 2 0 25 7 24 23 3 8 25
split_gain=6.35154e-05 0.00011127 9.07925e-05 7.30827e-05 0.00011248 5.96971e-05 5.89642e-05 3.12738e-05 2.24219e-05 5.25582e-05 2.25663e-05
threshold=0.0030147634209110505 0.15841499999999983 146.7755330999405 83.468271392389354 0.014296111262698089 -0.013516113421339368 0.0012857190301049039 -0.0012893046848281998 161.47721875000005 0.048699999999995219 0.0025885152672514376
decision_type=2 2 2 2 2 2 2 2 2 2 2
left_child=2 -2 5 -3 -5 7 -7 -1 10 -10 -4
right_child=1 3 8 4 -6 6 -8 -9 9 -11 -12
leaf_value=2.0142792983776145e-05 0 0 7.2649261445572431e-07 -0.00012880974036289913 0 1.9566449921843172e-05 0 -3.0992347742009158e-06 -5.5237068489325403e-05 0 -2.4731846234633703e-06
leaf_weight=168 110 119 16091 54 32 1362 399 1039 63 151 7889
leaf_count=168 110 119 16091 54 32 1362 399 1039 63 151 7889
internal_value=0 -2.22176e-05 3.45816e-07 -4.59854e-05 -8.46132e-05 8.70321e-06 1.45741e-05 0 -4.72797e-07 -1.68975e-05 -1.17645e-07
internal_weight=0 315 27162 205 86 2968 1761 1207 24194 214 23980
internal_count=27477 315 27162 205 86 2968 1761 1207 24194 214 23980
is_linear=0
shrinkage=0.05


Tree=3
num_leaves=11
num_cat=0
split_feature=29 38 2 32 5 13 24 36 1 8
split_gain=6.91739e-05 0.000107397 7.17179e-05 8.40402e-05 5.30358e-05 5.21816e-05 3.12925e-05 6.19655e-05 2.767e-05 2.6583e-05
threshold=0.007462473795199715 1.738029806589972 143.20407062853039 -0.008133637696725737 142.20776518415337 0.050499999999999552 -0.0013401083618178216 0.0011616344171654993 146.92349002971176 0.15649999999999839
decision_type=2 2 2 2 2 2 2 2 2 2
left_child=4 2 -2 -4 5 -1 7 -6 -8 -7
right_child=1 -3 3 -5 6 9 8 -9 -10 -11
leaf_value=0 0 0 0 -7.1561385292217037e-05 -1.467595454426312e-05 0 5.5173761531379801e-06 0 0 5.0574116077295434e-05
leaf_weight=335 36 94 29 162 1067 47 2381 1147 22102 129
leaf_count=335 36 94 29 162 1067 47 2381 1147 22102 129
internal_value=0 -2.31598e-05 -4.40529e-05 -5.69603e-05 1.60801e-07 1.61492e-05 0 -5.8171e-06 3.67637e-07 3.87003e-05
internal_weight=0 321 227 191 27208 511 26697 2214 24483 176
internal_count=27529 321 227 191 27208 511 26697 2214 24483 176
is_linear=0
shrinkage=0.05


Tree=4
num_leaves=12
num_cat=0
split_feature=21 2 37 16 37 10 13 29 7 29 37
split_gain=5.94043e-05 7.45909e-05 8.01205e-05 6.06587e-05 5.62179e-05 3.52113e-05 3.31665e-05 2.91222e-05 2.31022e-05 1.36878e-05 1.73206e-07
threshold=0.0014227806729777508 144.80409874510858 0.13143500000000116 0.71929652200968008 0.15034750000000188 0.00062909029409332143 0.072499999999990919 0.00050987038834992388 0.0014284547803628061 0.0067005891656742303 0.088885000000000311
decision_type=2 2 2 2 2 2 2 2 2 2 2
left_child=1 2 10 -2 -5 -4 8 -8 -3 -6 -1
right_child=3 6 5 4 9 -7 7 -9 -10 -11 -12
leaf_value=0 0 -1.0347329340465013e-06 0 0 0 2.2704610659602317e-05 0 -1.1241994077108245e-05 1.9592300565225037e-06 -8.4852448668374921e-05 -1.1453237982526373e-06
leaf_weight=58 380 11721 197 55 23 933 313 1216 12305 65 330
leaf_count=58 380 11721 197 55 23 933 313 1216 12305 65 330
internal_value=0 4.78773e-07 1.1266e-05 -1.64937e-05 -4.5323e-05 1.86479e-05 0 -7.27319e-06 2.9053e-07 -7.02272e-05 0
internal_weight=0 27073 1518 523 143 1130 25555 1529 24026 88 388
internal_count=27596 27073 1518 523 143 1130 25555 1529 24026 88 388
is_linear=0
shrinkage=0.05


Tree=5
num_leaves=12
num_cat=0
split_feature=5 37 4 3 8 5 37 0 39 37 25
split_gain=5.65601e-05 9.06405e-05 6.19409e-05 3.81654e-05 3.40944e-05 5.3696e-05 4.99852e-05 3.06174e-05 1.86045e-05 1.15485e-05 4.14401e-09
threshold=142.20776518415337 0.14769500000000188 143.79045732602404 157.23496875000004 0.20530000000000401 143.27702776443138 0.11843999999999903 76.190385487637954 1.0000000180025095e-35 0.042604999999998588 0.0029084397398729304
decision_type=2 2 2 2 2 2 2 2 2 2 2
left_child=1 10 7 4 6 -6 -2 -3 -5 -10 -1
right_child=3 2 -4 8 5 -7 -8 -9 9 -11 -12
leaf_value=0 1.3972691011516631e-06 4.6738812650843406e-05 0 0 -1.272695674134721e-05 1.0128142818763413e-05 -3.5695443840425557e-06 0 0 -8.7457026888013147e-06 -2.8111169277021929e-07
leaf_weight=61 14594 274 27 353 117 1972 7581 50 119 2216 131
leaf_count=61 14594 274 27 353 117 1972 7581 50 119 2216 131
internal_value=0 1.61001e-05 3.23476e-05 -1.51825e-07 2.80834e-07 6.45416e-06 -7.52731e-08 4.01414e-05 -5.91726e-06 -7.7605e-06 0
internal_weight=0 543 351 26952 24264 2089 22175 324 2688 2335 192
internal_count=27495 543 351 26952 24264 2089 22175 324 2688 2335 192
is_linear=0
shrinkage=0.05


Tree=6
num_leaves=11
num_cat=0
split_feature=5 24 37 25 37 4 13 1 37 4
split_gain=6.94063e-05 0.000106316 0.00014711 0.00011732 9.0207e-05 4.52616e-05 3.58947e-05 3.00918e-05 2.86025e-05 2.26393e-05
threshold=142.20776518415337 0.0027150355378517993 0.15841499999999983 0.014296111262698089 0.14769500000000188 143.96590861604219 0.019999999999996024 157.23048464037296 0.12599750000000109 156.70218333616825
decision_type=2 2 2 2 2 2 2 2 2 2
left_child=4 7 -3 -4 -1 6 -6 9 -9 -2
right_child=1 2 3 -5 5 -7 -8 8 -10 -11
leaf_value=0 0 0 -7.5174705512408757e-05 0 0 0 5.2145663909635455e-05 -7.8994221651738026e-06 0 6.9324134923461783e-06
leaf_weight=202 22543 146 165 63 111 22 219 2271 405 1282
leaf_count=202 22543 146 165 63 111 22 219 2271 405 1282
internal_value=0 -4.78527e-07 -2.69616e-05 -5.2958e-05 1.73794e-05 3.34039e-05 3.91532e-05 0 -5.12219e-06 4.58901e-07
internal_weight=0 26875 374 228 554 352 330 26501 2676 23825
internal_count=27429 26875 374 228 554 352 330 26501 2676 23825
is_linear=0
shrinkage=0.05


Tree=7
num_leaves=15
num_cat=0
split_feature=2 29 36 28 3 13 38 26 37 38 37 37 24 23
split_gain=3.80344e-05 6.43385e-05 2.26817e-05 6.97122e-05 3.99822e-05 4.50162e-05 3.71859e-05 2.43146e-05 2.02955e-05 2.70156e-05 1.71709e-05 1.71427e-05 2.69185e-05 8.60575e-06
threshold=157.26542796134086 0.0035011263154722189 0.0011521864340689096 0.0020574259550643586 142.62662500000002 0.044499999999999325 1.6031327546787695 0.39670424338884297 0.09685000000000174 1.1710315149477892 0.11952499999999945 0.12599750000000109 0.00016426059687370782 0.00032162669321801526
decision_type=2 2 2 2 2 2 2 2 2 2 2 2 2 2
left_child=2 11 3 10 6 -6 -4 -5 -3 -10 -1 12 -2 -13
right_child=1 8 4 7 5 -7 -8 -9 9 -11 -12 13 -14 -15
leaf_value=2.1442402702690515e-06 -9.7172403319195929e-06 0 3.2864756938691389e-05 -9.7378780798867488e-06 7.2875491965883053e-06 -2.8504315518554487e-06 0 0 0 -7.9648371678179398e-05 -7.9341938267659923e-07 9.3674301095870846e-06 0 0
leaf_weight=13824 1190 49 237 2230 1986 1645 37 300 47 56 4705 283 938 70
leaf_count=13824 1190 49 237 2230 1986 1645 37 300 47 56 4705 283 938 70
internal_value=0 -5.59125e-06 7.15218e-07 0 4.2179e-06 1.31766e-06 2.43953e-05 -7.71733e-06 -3.95249e-05 -5.28849e-05 1.12845e-06 -1.49554e-06 -4.60246e-06 3.06971e-06
internal_weight=0 2633 24964 21059 3905 3631 274 2530 152 103 18529 2481 2128 353
internal_count=27597 2633 24964 21059 3905 3631 274 2530 152 103 18529 2481 2128 353
is_linear=0
shrinkage=0.05


Tree=8
num_leaves=13
num_cat=0
split_feature=2 37 5 2 7 37 2 25 38 5 37 8
split_gain=8.01072e-05 6.63085e-05 6.38791e-05 0.000158445 4.71853e-05 0.000196373 4.17233e-05 5.35248e-05 4.45231e-05 3.58533e-05 9.07663e-07 8.74253e-08
threshold=144.80409874510858 0.12196249999999723 144.86397726396893 145.13993803282855 -0.1504694601697612 0.30200250000000289 157.26542796134086 0.0031694552594352218 1.8286426055833358 144.48458562678016 0.088885000000000311 0.079500000000008716
decision_type=2 2 2 2 2 2 2 2 2 2 2 2
left_child=1 10 3 -2 -3 -6 8 -8 -4 -5 -1 -12
right_child=2 4 6 9 5 -7 7 -9 -10 -11 11 -13
leaf_value=0 0 0 0 0 9.8968329172342272e-06 0.00011016427581382646 0 -2.0705778212415569e-05 1.3757716803193181e-05 -0.00013089026388616895 0 -3.5617386231102191e-06
leaf_weight=55 166 97 22618 25 1190 70 2067 549 604 38 45 196
leaf_count=55 166 97 22618 25 1190 70 2067 549 604 38 45 196
internal_value=0 1.07952e-05 -5.40768e-07 -2.69983e-05 1.62513e-05 1.94435e-05 -1.12661e-07 -6.23199e-06 3.61404e-07 -9.4467e-05 0 -3.06785e-06
internal_weight=0 1653 26067 229 1357 1260 25838 2616 23222 63 296 241
internal_count=27720 1653 26067 229 1357 1260 25838 2616 23222 63 296 241
is_linear=0
shrinkage=0.05


end of trees

feature_importances:
atr_ma=21
ema_slow=13
bb_width=10
bb_lower=8
atr_ratio=6
atr=5
price_ema_slow_dist=5
price_bb_lower_dist=5
bb_upper=4
macd_signal=4
upper_shadow=4
bb_middle=3
rsi=2
ema_fast=2
ema_cross_pct=2
price_ema_fast_dist=2
price_bb_upper_dist=2
atr_normalized=2
range_pct=1
rsi_normalized=1
ema_cross=1
bb_position=1
macd_hist=1
signal_convergence=1

parameters:
[boosting: gbdt]
[objective: regression]
[metric: rmse]
[tree_learner: serial]
[device_type: cpu]
[data: ]
[valid: ]
[num_iterations: 300]
[learning_rate: 0.05]
[num_leaves: 16]
[num_threads: 8]
[deterministic: 0]
[force_col_wise: 0]
[force_row_wise: 0]
[histogram_pool_size: -1]
[max_depth: 4]
[min_data_in_leaf: 20]
[min_sum_hessian_in_leaf: 0.001]
[bagging_fraction: 0.7]
[pos_bagging_fraction: 1]
[neg_bagging_fraction: 1]
[bagging_freq: 1]
[bagging_seed: 9057]
[feature_fraction: 0.8]
[feature_fraction_bynode: 1]
[feature_fraction_seed: 15199]
[extra_trees: 0]
[extra_seed: 31159]
[early_stopping_round: 0]
[first_metric_only: 0]
[max_delta_step: 0]
[lambda_l1: 0.1]
[lambda_l2: 0.1]
[linear_lambda: 0]
[min_gain_to_split: 0]
[drop_rate: 0.1]
[max_drop: 50]
[skip_drop: 0.5]
[xgboost_dart_mode: 0]
[uniform_drop: 0]
[drop_seed: 20727]
[top_rate: 0.2]
[other_rate: 0.1]
[min_data_per_group: 100]
[max_cat_threshold: 32]
[cat_l2: 10]
[cat_smooth: 10]
[max_cat_to_onehot: 4]
[top_k: 20]
[monotone_constraints: ]
[monotone_constraints_method: basic]
[monotone_penalty: 0]
[feature_contri: ]
[forcedsplits_filename: ]
[refit_decay_rate: 0.9]
[cegb_tradeoff: 1]
[cegb_penalty_split: 0]
[cegb_penalty_feature_lazy: ]
[cegb_penalty_feature_coupled: ]
[path_smooth: 0]
[interaction_constraints: ]
[verbosity: 1]
[saved_feature_importance_type: 0]
[linear_tree: 0]
[max_bin: 255]
[max_bin_by_feature: ]
[min_data_in_bin: 3]
[bin_construct_sample_cnt: 200000]
[data_random_seed: 218]
[is_enable_sparse: 1]
[enable_bundle: 1]
[use_missing: 1]
[zero_as_missing: 0]
[feature_pre_filter: 1]
[pre_partition: 0]
[two_round: 0]
[header: 0]
[label_column: ]
[weight_column: ]
[group_column: ]
[ignore_column: ]
[categorical_feature: ]
[forcedbins_filename: ]
[precise_float_parser: 0]
[parser_config_file: ]
[objective_seed: 19100]
[num_class: 1]
[is_unbalance: 0]
[scale_pos_weight: 1]
[sigmoid: 1]
[boost_from_average: 1]
[reg_sqrt: 0]
[alpha: 0.9]
[fair_c: 1]
[poisson_max_delta_step: 0.7]
[tweedie_variance_power: 1.5]
[lambdarank_truncation_level: 30]
[lambdarank_norm: 1]
[label_gain: ]
[lambdarank_position_bias_regularization: 0]
[eval_at: ]
[multi_error_top_k: 1]
[auc_mu_weights: ]
[num_machines: 1]
[local_listen_port: 12400]
[time_out: 120]
[machine_list_filename: ]
[machines: ]
[gpu_platform_id: -1]
[gpu_device_id: -1]
[gpu_use_dp: 0]
[num_gpu: 1]

end of parameters

pandas_categorical:[]
