tree
version=v4
num_class=1
num_tree_per_iteration=1
label_index=0
max_feature_idx=10
objective=regression
feature_names=momentum_10 momentum_20 range range_pct body body_pct upper_shadow lower_shadow is_bullish momentum_ratio momentum_convergence
feature_infos=[-3.7750000000000057:2.1870000000000118] [-3.688999999999993:3.0160000000000196] [0:3.0139999999999816] [0:0.019088400286395583] [0:2.7609999999999957] [0:0.017392783349291913] [0:1.1620000000000061] [0:1.3590000000000089] [0:1] [-12700000.000000956:20400000.000000771] [-2.1870000000000118:3.7750000000000057]
tree_sizes=905 1091 1410 1574 1235 1011

Tree=0
num_leaves=8
num_cat=0
split_feature=4 0 1 1 4 0 1
split_gain=1.81311e-06 9.1403e-06 5.18675e-06 4.53146e-06 3.88515e-06 8.02731e-08 6.30004e-09
threshold=0.052000000000006714 0.0074999999999931797 0.042499999999989775 0.7434999999999975 0.39899999999998675 0.54749999999998533 -0.12250000000000226
decision_type=2 2 2 2 2 2 2
left_child=2 6 -1 5 -3 -4 -2
right_child=1 4 3 -5 -6 -7 -8
leaf_value=7.6252981068255304e-06 7.6252981068255304e-06 5.115677232202581e-06 9.5064677079176935e-06 7.6252981068255304e-06 7.6252981068255304e-06 7.6252981068255304e-06 7.6985619051609317e-06
leaf_weight=11903 3184 5616 7409 100 68 43 2934
leaf_count=11903 3184 5616 7409 100 68 43 2934
internal_value=7.6253e-06 7.13745e-06 7.92296e-06 9.02e-06 5.50065e-06 9.49384e-06 7.6253e-06
internal_weight=0 11802 19455 7552 5684 7452 6118
internal_count=31257 11802 19455 7552 5684 7452 6118
is_linear=0
shrinkage=1


Tree=1
num_leaves=12
num_cat=0
split_feature=10 0 4 0 5 5 10 6 10 6 10
split_gain=6.7081e-06 2.41414e-05 3.59486e-06 6.68767e-06 4.472e-06 3.3896e-06 2.84356e-06 1.85133e-06 7.41739e-07 6.83854e-07 5.26509e-07
threshold=-0.11650000000000203 0.034000000000006032 0.052000000000006714 -0.48249999999998744 0.0023423093143916563 1.3210432278483532e-05 0.65950000000000852 0.00099999999999056421 -0.069500000000004988 0.18449999999999991 -0.12250000000000226
decision_type=2 2 2 2 2 2 2 2 2 2 2
left_child=1 5 -2 -4 6 -1 8 -7 -5 10 -9
right_child=2 -3 3 4 -6 7 -8 9 -10 -11 -12
leaf_value=0 0 0 0 0 0 0 0 5.7050777901339878e-06 -2.4696853956336957e-06 0 0
leaf_weight=105 16395 2383 347 962 117 182 139 2846 7617 29 139
leaf_count=105 16395 2383 347 962 117 182 139 2846 7617 29 139
internal_value=0 1.68606e-06 -1.54556e-07 -1.02239e-06 -1.72588e-06 4.81421e-06 -2.07388e-06 5.15647e-06 -2.28019e-06 5.45252e-06 5.53096e-06
internal_weight=0 5684 25577 9182 8835 3301 8718 3196 8579 3014 2985
internal_count=31261 5684 25577 9182 8835 3301 8718 3196 8579 3014 2985
is_linear=0
shrinkage=0.05


Tree=2
num_leaves=16
num_cat=0
split_feature=1 3 3 3 3 1 10 5 10 10 4 9 4 9 4
split_gain=3.19062e-06 1.08455e-05 1.23216e-05 6.62929e-06 8.00016e-06 4.38609e-06 3.61593e-06 2.60785e-06 1.76799e-06 6.21215e-07 6.08281e-07 3.68918e-06 4.47789e-06 3.68796e-06 5.71493e-07
threshold=-0.0024999999999977258 0.0013061420467501649 0.00032789218081254358 0.0018377653260618109 0.00054405701868318653 0.9765000000000158 -0.32650000000000995 0.001152891467753528 0.37049999999999278 0.77050000000001273 0.39899999999998675 -0.11864971163918013 0.013499999999993408 1.6293307272688888 1.0000000180025095e-35
decision_type=2 2 2 2 2 2 2 2 2 2 2 2 2 2 2
left_child=3 2 -2 4 -1 8 -6 9 14 -8 11 -3 -13 -14 -4
right_child=1 10 5 -5 6 -7 7 -9 -10 -11 -12 12 13 -15 -16
leaf_value=0 0 0 0 0 0 0 -2.8148805495530833e-06 0 0 0 0 0 -5.5397425016023425e-06 0 2.5982113432865247e-06
leaf_weight=6171 3306 285 70 854 45 73 7447 318 26 84 74 37 1015 197 11463
leaf_count=6171 3306 285 70 854 45 73 7447 318 26 84 74 37 1015 197 11463
internal_value=0 4.00467e-07 1.41162e-06 -5.97313e-07 -1.2477e-06 2.28192e-06 -2.30374e-06 -2.54741e-06 2.4877e-06 -2.76206e-06 0 -9.95559e-07 -2.93253e-06 -4.254e-06 2.56629e-06
internal_weight=0 16546 14938 14919 14065 11632 7894 7849 11559 7531 1608 1534 1249 1212 11533
internal_count=31465 16546 14938 14919 14065 11632 7894 7849 11559 7531 1608 1534 1249 1212 11533
is_linear=0
shrinkage=0.05


Tree=3
num_leaves=18
num_cat=0
split_feature=4 0 9 2 2 2 1 10 9 1 10 4 10 10 0 0 0
split_gain=1.59744e-06 1.10292e-05 1.02363e-05 5.90102e-06 6.13155e-06 3.31867e-06 9.61832e-06 7.42735e-06 7.43607e-06 4.42409e-06 3.14616e-06 1.84351e-06 4.27143e-07 6.54186e-09 9.94932e-08 1.59656e-07 1.05362e-09
threshold=0.052000000000006714 0.02449999999998909 2.9288863086676309 0.12649999999999298 0.66149999999998965 0.049499999999994777 -0.15749999999999884 -0.2495000000000118 -0.64192646885687943 0.33300000000001267 -0.085499999999996121 0.39899999999998675 0.65950000000000852 -0.11650000000000203 -0.041999999999987374 0.16600000000001106 -0.039000000000001471
decision_type=2 2 2 2 2 2 2 2 2 2 2 2 2 2 2 2 2
left_child=5 10 3 -3 11 13 -7 -8 -9 -10 -2 -5 -12 -1 -15 16 -16
right_child=1 2 -4 4 -6 6 7 8 9 -11 12 -13 -14 14 15 -17 -18
leaf_value=0 2.1078377072805412e-06 0 0 -5.6004877601724056e-06 0 0 0 0 3.0561590441429395e-06 0 -4.7894208170557056e-07 0 0 0 0 0 -3.8404878937242498e-07
leaf_weight=414 1770 1973 366 2928 42 2113 927 1642 8625 408 4655 29 79 807 59 68 4521
leaf_count=414 1770 1973 366 2928 42 2113 927 1642 8625 408 4655 29 79 807 59 68 4521
internal_value=0 -5.80717e-07 -2.43171e-06 -3.39045e-06 -4.89648e-06 0 7.77767e-07 1.66961e-06 2.18381e-06 2.77378e-06 0 -5.43134e-06 0 0 -5.47534e-08 -2.38807e-07 -3.80813e-07
internal_weight=0 11842 5338 4972 2999 19584 13715 11602 10675 9033 6504 2957 4734 5869 5455 4648 4580
internal_count=31426 11842 5338 4972 2999 19584 13715 11602 10675 9033 6504 2957 4734 5869 5455 4648 4580
is_linear=0
shrinkage=0.05


Tree=4
num_leaves=14
num_cat=0
split_feature=10 0 4 1 4 9 1 9 4 9 9 1 1
split_gain=4.12492e-06 2.31131e-05 6.27588e-06 1.40445e-05 5.06612e-06 4.52309e-06 3.7206e-06 2.24141e-06 2.20955e-06 1.01254e-06 4.70935e-07 2.8125e-07 1.24154e-06
threshold=-0.11650000000000203 0.034000000000006032 0.059000000000011717 -0.52649999999999852 0.39899999999998675 13.177084698361105 -0.81049999999999034 19.348508269217326 0.0024999999999977267 -19.281790180199291 -12.17043373710445 -0.17899999999998781 0.19149999999999071
decision_type=2 2 2 2 2 2 2 2 2 2 2 2 2
left_child=1 6 11 -4 5 10 -1 8 -8 -10 -5 -2 -13
right_child=2 -3 3 4 -6 -7 7 -9 9 -11 -12 12 -14
leaf_value=0 0 0 0 0 0 0 0 0 0 5.43307688681548e-06 -3.2975837333736692e-06 5.0892864396505295e-07 0
leaf_weight=21 2175 2372 722 84 70 73 105 41 42 3065 7037 14698 863
leaf_count=21 2175 2372 722 84 70 73 105 41 42 3065 7037 14698 863
internal_value=0 1.31337e-06 -1.49215e-07 -1.42699e-06 -2.65934e-06 -2.98351e-06 4.54113e-06 4.85944e-06 5.06556e-06 5.32022e-06 -3.25276e-06 0 2.12566e-07
internal_weight=0 5646 25722 7986 7264 7194 3274 3253 3212 3107 7121 17736 15561
internal_count=31368 5646 25722 7986 7264 7194 3274 3253 3212 3107 7121 17736 15561
is_linear=0
shrinkage=0.05


Tree=5
num_leaves=11
num_cat=0
split_feature=4 5 1 5 1 4 1 1 4 5
split_gain=2.71243e-07 4.19912e-06 3.59607e-06 2.97773e-06 2.75388e-06 9.13822e-07 6.08127e-07 4.01555e-07 3.30041e-07 2.94219e-08
threshold=0.052000000000006714 0.0009117739992328532 0.059499999999999893 1.3352650172662249e-05 -0.68149999999998545 0.13899999999999582 0.9765000000000158 1.2379999999999998 0.022000000000005574 0.00014156810368932751
decision_type=2 2 2 2 2 2 2 2 2 2
left_child=2 4 8 -4 -2 7 -5 -6 9 -1
right_child=1 -3 3 6 5 -7 -8 -9 -10 -11
leaf_value=-3.6127291147802233e-07 0 0 0 1.6971945389946586e-06 -1.5508616257966975e-06 0 0 0 0 0
leaf_weight=6885 216 2666 354 6233 8876 35 44 33 5851 240
leaf_count=6885 216 2666 354 6233 8876 35 44 33 5851 240
internal_value=0 -2.39456e-07 0 1.16435e-06 -1.10455e-06 -1.421e-06 1.61805e-06 -1.51115e-06 0 -3.40292e-07
internal_weight=0 11826 19607 6631 9160 8944 6277 8909 12976 7125
internal_count=31433 11826 19607 6631 9160 8944 6277 8909 12976 7125
is_linear=0
shrinkage=0.05


end of trees

feature_importances:
momentum_20=15
body=14
momentum_convergence=12
momentum_10=9
momentum_ratio=8
body_pct=6
range_pct=4
range=3
upper_shadow=2

parameters:
[boosting: gbdt]
[objective: regression]
[metric: rmse]
[tree_learner: serial]
[device_type: cpu]
[data: ]
[valid: ]
[num_iterations: 500]
[learning_rate: 0.05]
[num_leaves: 31]
[num_threads: 8]
[deterministic: 0]
[force_col_wise: 0]
[force_row_wise: 0]
[histogram_pool_size: -1]
[max_depth: 6]
[min_data_in_leaf: 20]
[min_sum_hessian_in_leaf: 0.001]
[bagging_fraction: 0.8]
[pos_bagging_fraction: 1]
[neg_bagging_fraction: 1]
[bagging_freq: 1]
[bagging_seed: 400]
[feature_fraction: 0.8]
[feature_fraction_bynode: 1]
[feature_fraction_seed: 30056]
[extra_trees: 0]
[extra_seed: 12879]
[early_stopping_round: 0]
[first_metric_only: 0]
[max_delta_step: 0]
[lambda_l1: 0.3]
[lambda_l2: 0.3]
[linear_lambda: 0]
[min_gain_to_split: 0]
[drop_rate: 0.1]
[max_drop: 50]
[skip_drop: 0.5]
[xgboost_dart_mode: 0]
[uniform_drop: 0]
[drop_seed: 17869]
[top_rate: 0.2]
[other_rate: 0.1]
[min_data_per_group: 100]
[max_cat_threshold: 32]
[cat_l2: 10]
[cat_smooth: 10]
[max_cat_to_onehot: 4]
[top_k: 20]
[monotone_constraints: ]
[monotone_constraints_method: basic]
[monotone_penalty: 0]
[feature_contri: ]
[forcedsplits_filename: ]
[refit_decay_rate: 0.9]
[cegb_tradeoff: 1]
[cegb_penalty_split: 0]
[cegb_penalty_feature_lazy: ]
[cegb_penalty_feature_coupled: ]
[path_smooth: 0]
[interaction_constraints: ]
[verbosity: -1]
[saved_feature_importance_type: 0]
[linear_tree: 0]
[max_bin: 255]
[max_bin_by_feature: ]
[min_data_in_bin: 3]
[bin_construct_sample_cnt: 200000]
[data_random_seed: 175]
[is_enable_sparse: 1]
[enable_bundle: 1]
[use_missing: 1]
[zero_as_missing: 0]
[feature_pre_filter: 1]
[pre_partition: 0]
[two_round: 0]
[header: 0]
[label_column: ]
[weight_column: ]
[group_column: ]
[ignore_column: ]
[categorical_feature: ]
[forcedbins_filename: ]
[precise_float_parser: 0]
[parser_config_file: ]
[objective_seed: 16083]
[num_class: 1]
[is_unbalance: 0]
[scale_pos_weight: 1]
[sigmoid: 1]
[boost_from_average: 1]
[reg_sqrt: 0]
[alpha: 0.9]
[fair_c: 1]
[poisson_max_delta_step: 0.7]
[tweedie_variance_power: 1.5]
[lambdarank_truncation_level: 30]
[lambdarank_norm: 1]
[label_gain: ]
[lambdarank_position_bias_regularization: 0]
[eval_at: ]
[multi_error_top_k: 1]
[auc_mu_weights: ]
[num_machines: 1]
[local_listen_port: 12400]
[time_out: 120]
[machine_list_filename: ]
[machines: ]
[gpu_platform_id: -1]
[gpu_device_id: -1]
[gpu_use_dp: 0]
[num_gpu: 1]

end of parameters

pandas_categorical:[]
