tree
version=v4
num_class=1
num_tree_per_iteration=1
label_index=0
max_feature_idx=26
objective=regression
feature_names=rsi bb_middle bb_upper bb_lower atr range range_pct body body_pct upper_shadow lower_shadow is_bullish rsi_normalized rsi_overbought rsi_oversold rsi_divergence bb_width bb_position bb_position_normalized price_bb_upper_dist price_bb_lower_dist bb_breakout_upper bb_breakout_lower atr_normalized atr_ma atr_ratio signal_convergence
feature_infos=[0:99.999992774566991] [0:161.88062500000001] [0:163.46980690478767] [0:161.79437304114759] [0:1.1185000000000032] [0:3.0139999999999816] [0:0.019088400286395583] [0:2.7609999999999957] [0:0.017392783349291913] [0:1.1620000000000061] [0:1.3590000000000089] [0:1] [-1:0.99999985549133985] [0:1] [0:1] [-89.854942239242206:87.39492126263913] [0:0.040499613571001979] [-0.43688158368442731:1.4336560662958788] [-1.8737631673688546:1.8673121325917577] [-0.0052970182941306683:0.036124521721180282] [-0.0076876891014397734:0.023272312637101344] [0:1] [0:1] [0:0.0071150494268520962] [0:0.79457500000000281] [0:5.222190663820645] [0:1]
tree_sizes=1390 1438 1147 1371 1507 1231 1316 1174 1247 1316 1196 1182 1321 1403 1341 1427 1215 1184 1249 1067 1415 1178 1422 1251 1432

Tree=0
num_leaves=13
num_cat=0
split_feature=2 3 3 1 20 4 20 6 0 4 19 0
split_gain=0.000117217 0.000155391 0.000195584 8.1804e-05 0.000163725 4.07953e-05 6.17686e-05 7.06176e-05 4.02207e-05 3.0498e-05 3.79063e-06 1.08752e-05
threshold=145.55125773387809 144.86397726396893 144.06831578204171 157.28071875000003 0.0087991899924066194 0.15649999999999839 0.0061948612279900048 0.0014559457041790919 23.076789941644005 0.19309999999999977 0.0027373127376623184 81.94620738534384
decision_type=2 2 2 2 2 2 2 2 2 2 2 2
left_child=5 2 -2 9 -5 10 7 -7 -4 -3 11 -1
right_child=1 3 8 4 -6 6 -8 -9 -10 -11 -12 -13
leaf_value=1.1252974446226329e-05 7.6252981068255304e-06 7.6053486794678111e-06 7.6252981068255304e-06 4.3482641454463976e-06 -9.1111771924750698e-05 8.9000077912392295e-06 7.6252981068255304e-06 3.3469659629243948e-05 -5.9555794429161013e-05 1.0778233214543013e-05 7.6252981068255304e-06 7.6252981068255304e-06
leaf_weight=1006 45 26623 12.999999999999998 3288 19 582 145 380 79 2863 219 91
leaf_count=1006 45 26623 13 3288 19 582 145 380 79 2863 219 91
internal_value=7.6253e-06 7.18132e-06 -2.48709e-05 7.40681e-06 2.8897e-06 1.40174e-05 1.86957e-05 2.17251e-05 -5.13934e-05 7.81169e-06 7.80202e-06 9.3993e-06
internal_weight=0 32930 137 32793 3307 2423 1107 962 92 29486 1316 1097
internal_count=35353 32930 137 32793 3307 2423 1107 962 92 29486 1316 1097
is_linear=0
shrinkage=1


Tree=1
num_leaves=15
num_cat=0
split_feature=1 16 25 25 16 25 6 16 16 9 1 0 3 19
split_gain=8.90823e-05 7.21841e-05 7.26774e-05 9.16952e-05 6.88722e-05 4.12918e-05 9.44856e-05 0.000144635 3.84567e-05 2.91303e-05 2.28707e-05 1.4713e-05 1.09419e-08 6.95854e-06
threshold=144.80140625000004 0.0025664157461275368 1.8286426055833358 1.3308422354895049 0.0070371110816448944 1.6031327546787695 0.0023747237950489373 0.012134542979832406 0.0016861971563320048 0.0069999999999907922 161.47721875000005 77.332055940166882 143.27702776443138 0.0074392294399347096
decision_type=2 2 2 2 2 2 2 2 2 2 2 2 2 2
left_child=5 8 3 -3 -4 6 9 -8 10 -1 -2 -10 13 -7
right_child=1 2 4 -5 -6 12 7 -9 11 -11 -12 -13 -14 -15
leaf_value=0 0 -1.2775988408198181e-06 0 -8.7028729568783121e-06 1.760295570716295e-05 -9.2005218632061098e-06 5.6624907863964844e-05 0 3.1918764918618351e-06 5.9812258300052596e-06 -1.063740903236206e-05 0 0 0
leaf_weight=303 15255 8534 439 2319 271 74 93 30 5282 1550 183 986 28 10.999999999999998
leaf_count=303 15255 8534 439 2319 271 74 93 30 5282 1550 183 986 28 11
internal_value=0 -3.79574e-07 -2.34641e-06 -3.14067e-06 5.56853e-06 6.0069e-06 7.54667e-06 3.69801e-05 5.29975e-07 3.97211e-06 -9.35042e-08 2.54419e-06 0 -3.40176e-07
internal_weight=0 33269 11563 10853 710 2089 1976 123 21706 1853 15438 6268 113 85
internal_count=35358 33269 11563 10853 710 2089 1976 123 21706 1853 15438 6268 113 85
is_linear=0
shrinkage=0.03


Tree=2
num_leaves=12
num_cat=0
split_feature=20 3 24 24 1 16 1 24 24 5 16
split_gain=0.000112357 0.000108975 0.000168491 8.19895e-05 8.76041e-05 6.75499e-05 3.93595e-05 3.90063e-05 3.29468e-05 2.78805e-05 1.09744e-07
threshold=0.007462473795199715 142.20776518415337 0.15943749999999904 0.14698250000000099 142.62662500000002 0.014296111262698089 157.23496875000004 0.11843999999999903 0.12535250000000095 0.066999999999993079 0.0024966055924485271
decision_type=2 2 2 2 2 2 2 2 2 2 2
left_child=1 2 10 -2 -5 -6 7 -3 -8 -4 -1
right_child=3 6 9 4 5 -7 8 -9 -10 -11 -12
leaf_value=0 0 1.0756073952350177e-06 0 0 -4.2032011790201851e-05 0 -4.7054556407281461e-06 -1.0752417010014601e-06 0 2.9467931281969629e-05 -6.7605700787651158e-07
leaf_weight=73 58 18946 19 37 178 143 2926 11973 558 316 216
leaf_count=73 58 18946 19 37 178 143 2926 11973 558 316 216
internal_value=0 3.57212e-08 1.25153e-05 -1.55966e-05 -2.21069e-05 -2.81171e-05 -1.03467e-07 1.4569e-07 -3.17562e-06 2.72808e-05 0
internal_weight=0 35027 624 416 358 321 34403 30919 3484 335 289
internal_count=35443 35027 624 416 358 321 34403 30919 3484 335 289
is_linear=0
shrinkage=0.03


Tree=3
num_leaves=14
num_cat=0
split_feature=3 24 20 1 16 25 9 16 20 16 16 16 17
split_gain=8.62337e-05 0.000140318 9.02469e-05 0.000108074 7.2531e-05 6.58535e-05 4.43263e-05 3.98516e-05 4.46088e-05 3.69336e-05 2.64586e-06 3.44639e-06 2.10268e-06
threshold=142.20776518415337 0.15943749999999904 0.007462473795199715 157.33881250000002 0.012134542979832406 1.4060185018919211 0.016500000000007734 0.0026084944679104233 0.0013940305491365261 0.0010331774299239429 0.0025430692565960862 0.007450224610665631 0.41833769685943162
decision_type=2 2 2 2 2 2 2 2 2 2 2 2 2
left_child=1 10 7 5 6 -4 -3 9 -9 -2 -1 -12 -5
right_child=2 4 3 12 -6 -7 -8 8 -10 -11 11 -13 -14
leaf_value=0 -6.9899588115978936e-07 0 -1.8930706891039915e-05 0 0 0 3.4531301702512811e-05 -3.9972189948964867e-06 0 1.6580981864448541e-06 -5.0255111229818881e-06 0 -0.00011806253219407248
leaf_weight=77 8389 91 166 11.000000000000002 70 155 257 4199 7882 13854 217 11.999999999999998 12.999999999999998
leaf_count=77 8389 91 166 11 70 155 257 4199 7882 13854 217 12 13
internal_value=0 1.01848e-05 -2.68508e-07 -1.55733e-05 2.19476e-05 -8.95303e-07 2.76783e-05 -2.72279e-08 -1.49341e-06 6.34242e-07 0 -3.22398e-06 -8.65918e-05
internal_weight=0 724 34669 345 418 321 348 34324 12081 22243 306 229 24
internal_count=35393 724 34669 345 418 321 348 34324 12081 22243 306 229 24
is_linear=0
shrinkage=0.03


Tree=4
num_leaves=16
num_cat=0
split_feature=1 16 25 6 4 25 16 16 16 3 16 16 1 16 3
split_gain=8.27445e-05 6.64278e-05 7.34796e-05 8.07086e-05 6.51431e-05 8.35583e-05 4.0941e-05 3.93678e-05 2.57157e-05 1.42538e-05 9.35755e-06 9.52965e-06 5.06732e-06 4.55595e-06 4.43781e-08
threshold=144.80140625000004 0.0025664157461275368 1.8286426055833358 0.00083146309128768385 0.15649999999999839 1.738029806589972 0.0063847299407235889 0.014296111262698089 0.0010331774299239429 155.35963516585289 0.0029409277711425299 0.0015958363502948515 147.41087500000006 0.0059927070737420462 141.18939869231309
decision_type=2 2 2 2 2 2 2 2 2 2 2 2 2 2 2
left_child=4 8 3 -3 10 7 -4 -6 12 -10 11 -1 -2 -12 -7
right_child=1 2 6 -5 5 14 -8 -9 9 -11 13 -13 -14 -15 -16
leaf_value=0 5.3273994648536804e-07 0 0 -5.3301105010591567e-06 1.6263081309382861e-05 0 1.454061073068696e-05 0 2.1069324534971596e-06 0 -3.454853844945094e-06 5.9539514170808598e-06 -8.5737294524707554e-07 0 -9.3079740104543923e-07
leaf_weight=83 621 5057 390 5836 915 18 295 60 9833 3509 508 424 7746 69 46
leaf_count=83 621 5057 390 5836 915 18 295 60 9833 3509 508 424 7746 69 46
internal_value=0 -2.31472e-07 -2.13105e-06 -2.92451e-06 5.85454e-06 1.12452e-05 6.10638e-06 1.4556e-05 6.4344e-07 1.51992e-06 0 3.56849e-06 -3.95646e-07 -1.84494e-06 0
internal_weight=0 33287 11578 10893 2123 1039 685 975 21709 13342 1084 507 8367 577 64
internal_count=35410 33287 11578 10893 2123 1039 685 975 21709 13342 1084 507 8367 577 64
is_linear=0
shrinkage=0.03


Tree=5
num_leaves=13
num_cat=0
split_feature=1 20 1 25 3 25 4 3 20 25 3 6
split_gain=8.01713e-05 0.000262652 5.44281e-05 5.32188e-05 4.86747e-05 4.0169e-05 6.05964e-05 2.08089e-05 1.48941e-05 1.46466e-05 3.05297e-06 2.20111e-06
threshold=157.28071875000003 0.0087991899924066194 144.80140625000004 1.8286426055833358 144.86397726396893 1.6031327546787695 0.15649999999999839 154.51054377422932 0.00081673325178045493 1.918658413559041 143.27702776443138 0.00046039453434576201
decision_type=2 2 2 2 2 2 2 2 2 2 2 2
left_child=2 8 5 4 -4 6 -1 -5 9 -2 -7 -10
right_child=1 -3 3 7 -6 10 -8 -9 11 -11 -12 -13
leaf_value=0 -5.9612257770950307e-06 -0.00012315930305573011 -1.2882500699872031e-05 1.036025783314085e-05 0 -5.7501843322483669e-06 1.2531733160801151e-05 0 0 0 0 -1.4508560207713733e-06
leaf_weight=1068 1520 18 265 619 28846 83 931 136 784 44 29 941
leaf_count=1068 1520 18 265 619 28846 83 931 136 784 44 29 941
internal_value=0 -4.45343e-06 4.53084e-07 2.2117e-08 -8.0465e-08 5.12896e-06 6.77232e-06 7.94991e-06 -2.88795e-06 -5.10967e-06 0 0
internal_weight=0 3307 31977 29866 29111 2111 1999 755 3289 1564 112 1725
internal_count=35284 3307 31977 29866 29111 2111 1999 755 3289 1564 112 1725
is_linear=0
shrinkage=0.03


Tree=6
num_leaves=14
num_cat=0
split_feature=20 12 24 19 2 24 24 5 4 6 0 2 2
split_gain=8.07797e-05 9.40975e-05 0.000131032 0.000157077 8.22738e-05 4.60028e-05 6.7756e-05 3.66833e-05 4.42066e-05 3.37593e-05 2.85724e-05 2.88186e-07 2.0563e-05
threshold=0.007462473795199715 0.71929652200968008 0.16786249999999706 0.0037674803643961666 147.74224819008927 0.2500850000000005 0.38842500000000302 0.36849999999999744 0.29299999999999643 0.00083748342876524269 79.999935064987071 152.2830375275573 143.31592756691941
decision_type=2 2 2 2 2 2 2 2 2 2 2 2 2
left_child=4 11 -3 -4 7 9 -7 8 -1 -6 -9 12 -2
right_child=1 2 3 -5 5 6 -8 10 -10 -11 -12 -13 -14
leaf_value=3.1675290018650398e-06 0 0 -8.182066250766811e-05 0 0 1.345030118376682e-05 0 2.2153707152660047e-05 -1.0052597545586506e-05 -2.4939428012429296e-06 0 0 -1.118141582210749e-05
leaf_weight=5729 26 56 62 14.999999999999998 21033 519 96 197 142 7041 21 108 150
leaf_count=5729 26 56 62 15 21033 519 96 197 142 7041 21 108 150
internal_value=0 -1.31157e-05 -3.42833e-05 -5.96539e-05 1.65378e-07 -4.14886e-07 7.31686e-06 3.392e-06 2.33663e-06 -6.91146e-07 1.80451e-05 0 -1.21361e-06
internal_weight=0 417 133 77 34778 28689 615 6089 5871 28074 218 284 176
internal_count=35195 417 133 77 34778 28689 615 6089 5871 28074 218 284 176
is_linear=0
shrinkage=0.03


Tree=7
num_leaves=12
num_cat=0
split_feature=20 1 24 1 17 24 24 5 4 24 4
split_gain=7.53381e-05 8.80608e-05 6.88564e-05 9.28665e-05 0.000113738 3.80644e-05 6.4059e-05 4.30132e-05 2.83849e-05 5.73498e-05 3.80506e-05
threshold=0.007462473795199715 146.78265625000003 0.14698250000000099 142.88978125000003 0.71932656553326191 0.2500850000000005 0.38842500000000302 0.1295000000000073 0.16009999999999427 0.2653400000000003 0.09719999999999944
decision_type=2 2 2 2 2 2 2 2 2 2 2
left_child=1 8 -2 -4 -5 7 -7 -3 10 -10 -1
right_child=2 5 3 4 -6 6 -8 -9 9 -11 -12
leaf_value=6.5211765652367346e-06 0 8.9538390162590306e-08 0 0 -3.7471108487335144e-05 1.180345677973601e-05 0 -2.4369294571255285e-06 1.1253366630870844e-05 0 -1.7633081409579575e-07
leaf_weight=856 59 22944 47 91 223 626 112 7433 1230 256 1556
leaf_count=856 59 22944 47 91 223 626 112 7433 1230 256 1556
internal_value=0 2.67409e-07 -1.2471e-05 -1.87764e-05 -2.59114e-05 -1.73141e-07 6.33014e-06 -4.29915e-07 4.55353e-06 8.37206e-06 9.57005e-07
internal_weight=0 35013 420 361 314 31115 738 30377 3898 1486 2412
internal_count=35433 35013 420 361 314 31115 738 30377 3898 1486 2412
is_linear=0
shrinkage=0.03


Tree=8
num_leaves=13
num_cat=0
split_feature=3 24 20 25 17 2 6 1 24 16 16 19
split_gain=8.36475e-05 0.000114885 7.57762e-05 0.000131109 0.000157603 5.49166e-05 4.87706e-05 3.382e-05 6.44733e-05 3.79334e-05 2.89235e-06 3.87251e-06
threshold=142.20776518415337 0.14769500000000188 0.007462473795199715 1.738029806589972 0.71932656553326191 143.79045732602404 0.00065458212320022337 147.50993750000001 0.15943749999999904 0.0025885152672514376 0.0036166494460985756 8.896019122213676e-05
decision_type=2 2 2 2 2 2 2 2 2 2 2 2
left_child=1 10 7 4 -4 6 -3 8 -2 -9 -1 -12
right_child=2 5 3 -5 -6 -7 -8 9 -10 -11 11 -13
leaf_value=0 4.8204939261051422e-06 0 0 0 -4.1317273121254546e-05 0 2.7478620778330931e-05 1.3857309897527521e-07 -1.2775977292125726e-06 -2.0672037617073151e-06 0 -7.1800194537244724e-06
leaf_weight=114 3405 61 53 98 193 38 358 19763 1774 9408 11.999999999999998 118
leaf_count=114 3405 61 53 98 193 38 358 19763 1774 9408 12 118
internal_value=0 1.02513e-05 -2.15112e-07 -1.42429e-05 -2.76245e-05 1.96821e-05 2.32474e-05 0 2.15244e-06 -4.6998e-07 0 -4.47309e-06
internal_weight=0 701 34694 344 246 457 419 34350 5179 29171 244 130
internal_count=35395 701 34694 344 246 457 419 34350 5179 29171 244 130
is_linear=0
shrinkage=0.03


Tree=9
num_leaves=13
num_cat=0
split_feature=1 20 2 24 24 24 24 25 24 20 20 1
split_gain=7.22363e-05 9.43452e-05 4.1965e-05 4.83972e-05 5.61796e-05 4.36978e-05 3.79097e-05 3.21731e-05 3.04228e-05 2.26478e-05 8.42243e-06 6.39855e-06
threshold=157.23496875000004 0.0087991899924066194 145.55125773387809 0.11952499999999945 0.18128749999999744 0.097449999999999357 0.13353250000000033 1.6227492976783511 0.12599750000000109 0.00081673325178045493 0.0023580981581241968 143.40215625000002
decision_type=2 2 2 2 2 2 2 2 2 2 2 2
left_child=2 8 6 5 -5 -4 11 -8 9 -2 -10 -1
right_child=1 -3 3 4 -6 -7 7 -9 10 -11 -12 -13
leaf_value=-4.6747926763919211e-06 -7.000148498921663e-06 -7.5997599390154654e-05 2.0005195020314789e-09 -3.0228991908970186e-06 1.2194046956577038e-06 3.6025287428260825e-06 8.1972679492724769e-06 0 4.653116571286766e-06 0 0 3.2856645464436087e-07
leaf_weight=261 1535 20 14101 7505 3269 4626 1595 44 350 1374 185 488
leaf_count=261 1535 20 14101 7505 3269 4626 1595 44 350 1374 185 488
internal_value=0 -4.11433e-06 4.47061e-07 3.36619e-08 -1.45727e-06 1.05162e-06 4.29769e-06 6.90838e-06 -2.82364e-06 -4.3418e-06 0 0
internal_weight=0 3464 31889 29501 10774 18727 2388 1639 3444 2909 535 749
internal_count=35353 3464 31889 29501 10774 18727 2388 1639 3444 2909 535 749
is_linear=0
shrinkage=0.03


Tree=10
num_leaves=12
num_cat=0
split_feature=1 20 3 4 2 3 1 20 23 19 23
split_gain=7.54304e-05 0.000167455 5.49059e-05 4.47619e-05 5.48752e-05 3.38868e-05 5.5471e-05 2.81588e-05 2.77295e-05 1.83499e-05 2.50615e-06
threshold=157.28071875000003 0.0087991899924066194 142.20776518415337 0.15649999999999839 143.96590861604219 143.27702776443138 144.80140625000004 0.00071000145996515834 0.0012629813027265901 0.0068631515224707243 0.00051224844090024706
decision_type=2 2 2 2 2 2 2 2 2 2 2
left_child=2 7 3 -1 -5 8 -7 9 -4 -2 -9
right_child=1 -3 5 4 -6 6 -8 10 -10 -11 -12
leaf_value=0 -7.1393850884085129e-06 -9.4073120280063001e-05 0 1.8880644451783732e-05 0 7.9766777589291454e-06 2.6966129918945345e-09 6.4349413718323522e-07 -1.6176066034249909e-05 0 -1.330473585225067e-06
leaf_weight=283 1358 21 357 402 30 833 29836 804 201 24 1086
leaf_count=283 1358 21 357 402 30 833 29836 804 201 24 1086
internal_value=0 -4.38726e-06 3.75412e-07 8.66301e-06 1.47456e-05 8.95543e-08 3.17121e-07 -2.89194e-06 -7.0405e-06 -6.17548e-06 0
internal_weight=0 3293 31942 715 432 31227 30669 3272 558 1382 1890
internal_count=35235 3293 31942 715 432 31227 30669 3272 558 1382 1890
is_linear=0
shrinkage=0.03


Tree=11
num_leaves=12
num_cat=0
split_feature=1 20 1 25 16 9 0 20 16 16 16
split_gain=7.65513e-05 0.000124573 5.41738e-05 5.31549e-05 6.0261e-05 4.45202e-05 4.39057e-05 2.94712e-05 2.02796e-05 1.82676e-05 1.7263e-06
threshold=157.28071875000003 0.0087991899924066194 144.80140625000004 1.8286426055833358 0.0024344778133849779 0.016000000000005347 80.444040389852105 0.00071000145996515834 0.00062740282587946323 0.006870545815346127 0.0031694552594352218
decision_type=2 2 2 2 2 2 2 2 2 2 2
left_child=2 7 5 4 -4 -1 -7 8 -2 -5 -9
right_child=1 -3 3 9 -6 6 -8 10 -10 -11 -12
leaf_value=0 0 -8.5429418423741264e-05 7.7774398954487596e-07 0 -2.0289202273713358e-06 1.0003971551440616e-05 0 0 -7.674553205646446e-06 1.6671549542854775e-05 -1.6929344036029431e-06
leaf_weight=667 136 20 18440 543 10612 1331 108 1355 1260 229 542
leaf_count=667 136 20 18440 543 10612 1331 108 1355 1260 229 542
internal_value=0 -4.39583e-06 3.90781e-07 0 -1.44204e-07 5.04631e-06 8.06911e-06 -2.9901e-06 -6.3315e-06 7.82162e-06 0
internal_weight=0 3313 31930 29824 29052 2106 1439 3293 1396 772 1897
internal_count=35243 3313 31930 29824 29052 2106 1439 3293 1396 772 1897
is_linear=0
shrinkage=0.03


Tree=12
num_leaves=14
num_cat=0
split_feature=2 9 6 25 24 9 25 24 16 24 16 23 16
split_gain=6.66065e-05 5.36232e-05 7.24482e-05 9.43099e-05 4.62076e-05 5.12989e-05 4.28734e-05 2.18861e-05 4.30387e-05 2.92036e-05 1.08875e-05 7.89202e-06 1.0126e-06
threshold=145.55125773387809 0.066999999999993079 0.001345156244744382 1.5433147944658321 0.13075000000000062 0.0069999999999907922 1.6031327546787695 0.2432024999999963 0.0059927070737420462 0.11952499999999945 0.0033712780406886475 0.0012215243027290355 0.0019881287961803031
decision_type=2 2 2 2 2 2 2 2 2 2 2 2 2
left_child=4 7 -3 -4 10 -6 -7 9 -9 -2 12 -12 -1
right_child=1 2 3 -5 5 6 -8 8 -10 -11 11 -13 -14
leaf_value=0 4.0547993241096548e-07 0 -1.7224184904067839e-05 0 0 1.1485945166094649e-05 0 1.169431410764334e-05 0 -1.6171566389569484e-06 -9.8929760105922988e-06 0 1.9805487501231213e-06
leaf_weight=214 20656 1481 680 396 249 1386 47 425 340 8865 172 46 247
leaf_count=214 20656 1481 680 396 249 1386 47 425 340 8865 172 46 247
internal_value=0 -3.22872e-07 -4.4958e-06 -1.04222e-05 4.89274e-06 7.6371e-06 1.00337e-05 0 5.03557e-06 -1.00288e-07 0 -6.68296e-06 3.54448e-07
internal_weight=0 32843 2557 1076 2361 1682 1433 30286 765 29521 679 218 461
internal_count=35204 32843 2557 1076 2361 1682 1433 30286 765 29521 679 218 461
is_linear=0
shrinkage=0.03


Tree=13
num_leaves=14
num_cat=0
split_feature=1 20 2 24 24 2 20 24 1 24 17 20 20
split_gain=6.87697e-05 0.000179364 3.14091e-05 4.91749e-05 4.28423e-05 4.81098e-05 3.68169e-05 3.2698e-05 2.86005e-05 2.69022e-05 2.56859e-05 2.03913e-05 7.65685e-06
threshold=157.28071875000003 0.0087991899924066194 145.55125773387809 0.12873499999999991 0.11952499999999945 156.93738202856829 0.0061948612279900048 0.10017999999999781 143.40215625000002 0.12599750000000109 0.41833769685943162 0.00075167230124159232 0.0023260532137402783
decision_type=2 2 2 2 2 2 2 2 2 2 2 2 2
left_child=2 9 3 8 7 -6 -5 -4 -1 11 -3 -2 -11
right_child=1 10 4 6 5 -7 -8 -9 -10 12 -12 -13 -14
leaf_value=-1.0354097896798875e-05 -6.9210993216662228e-06 0 1.5912983409833304e-07 8.4265469928238928e-06 -1.953725813650008e-06 7.1574560580637207e-06 0 3.4882310716657345e-06 0 4.4816293169927392e-06 -0.00013429522402738487 0 0
leaf_weight=240 1345 10.000000000000002 14808 1575 10413 434 149 4034 426 343 11.999999999999998 1423 172
leaf_count=240 1345 10 14808 1575 10413 434 149 4034 426 343 12 1423 172
internal_value=0 -4.09965e-06 4.44684e-07 3.79653e-06 7.37979e-08 -1.31254e-06 6.75657e-06 1.03111e-06 0 -2.58087e-06 -9.39598e-05 -4.08006e-06 0
internal_weight=0 3305 32079 2390 29689 10847 1724 18842 666 3283 22 2768 515
internal_count=35384 3305 32079 2390 29689 10847 1724 18842 666 3283 22 2768 515
is_linear=0
shrinkage=0.03


Tree=14
num_leaves=14
num_cat=0
split_feature=1 20 3 4 25 3 1 16 25 16 20 16 23
split_gain=5.73784e-05 0.000102446 5.02623e-05 4.95171e-05 5.44994e-05 4.53438e-05 6.93768e-05 3.63192e-05 2.16925e-05 4.88782e-05 1.34096e-05 1.16645e-05 2.37496e-07
threshold=157.28071875000003 0.0055048808802613579 142.20776518415337 0.15649999999999839 1.6031327546787695 143.27702776443138 144.80140625000004 0.0048467891385567006 1.2797749652108561 0.0095017050735606099 0.00081673325178045493 0.00062740282587946323 0.00051224844090024706
decision_type=2 2 2 2 2 2 2 2 2 2 2 2 2
left_child=2 10 3 -1 -5 7 -7 -4 -3 -10 11 -2 -12
right_child=1 8 5 4 -6 6 -8 -9 9 -11 12 -13 -14
leaf_value=0 0 0 0 1.9466809705111838e-05 0 8.8056936359501348e-06 1.646732737504049e-08 -1.6994866428135936e-05 0 -9.4631749691642461e-05 1.8931912543602954e-07 -5.0089338555518302e-06 -4.3982773210739321e-07
leaf_weight=290 133 20 322 378 51 856 29944 242 22 21 706 1441 974
leaf_count=290 133 20 322 378 51 856 29944 242 22 21 706 1441 974
internal_value=0 -3.75731e-06 3.8727e-07 8.31087e-06 1.48192e-05 1.09949e-07 3.58169e-07 -8.12478e-06 -4.45866e-05 -5.7995e-05 -2.04357e-06 -4.03736e-06 0
internal_weight=0 3317 32083 719 429 31364 30800 564 63 43 3254 1574 1680
internal_count=35400 3317 32083 719 429 31364 30800 564 63 43 3254 1574 1680
is_linear=0
shrinkage=0.03


Tree=15
num_leaves=15
num_cat=0
split_feature=3 4 3 2 23 24 24 24 24 2 24 24 18 17
split_gain=5.81832e-05 6.48182e-05 5.1746e-05 5.30645e-05 4.9134e-05 6.14613e-05 0.000113458 0.000100057 3.36774e-05 4.48709e-05 1.80986e-05 1.72949e-05 1.57697e-05 3.44766e-06
threshold=157.08367057902868 0.14494999999999722 157.93464421454033 157.80536470518697 0.0012629813027265901 0.38842500000000302 0.19263999999999856 0.46716000000000324 0.11843999999999903 145.12666268136101 0.097449999999999357 0.12535250000000095 0.17920457256582359 0.75581206050533711
decision_type=2 2 2 2 2 2 2 2 2 2 2 2 2 2
left_child=4 11 3 -3 8 6 -6 -7 10 -10 -1 12 -2 -13
right_child=1 2 -4 -5 5 7 -8 -9 9 -11 -12 13 -14 -15
leaf_value=0 -4.9187548537874067e-06 0 0 -3.3494196568468352e-05 0 -2.8881514362679653e-05 1.0823803340548053e-05 0 3.074222186922728e-06 -2.5161786622214945e-06 2.3469202353649833e-06 4.11017105163343e-06 0 0
leaf_weight=14289 1419 33 106 174 1996 121 1666 129 1095 8215 4470 221 1279 68
leaf_count=14289 1419 33 106 174 1996 121 1666 129 1095 8215 4470 221 1279 68
internal_value=0 -3.80816e-06 -1.79593e-05 -2.66926e-05 3.75386e-07 3.52924e-06 5.04152e-06 -6.62073e-06 0 -1.5364e-06 6.66482e-07 -1.32042e-06 -2.73221e-06 1.47885e-06
internal_weight=0 3300 313 207 31981 3912 3662 250 28069 9310 18759 2987 2698 289
internal_count=35281 3300 313 207 31981 3912 3662 250 28069 9310 18759 2987 2698 289
is_linear=0
shrinkage=0.03


Tree=16
num_leaves=12
num_cat=0
split_feature=20 2 2 4 18 18 16 23 19 3 16
split_gain=5.4825e-05 6.16584e-05 5.75676e-05 8.68752e-05 4.79447e-05 4.76837e-05 2.90888e-05 3.90289e-05 3.51946e-05 2.89599e-05 8.76924e-06
threshold=0.007462473795199715 143.53176701296201 145.55125773387809 0.15649999999999839 0.43840939004832918 1.3533221240823141 0.0025885152672514376 0.0013601567753080547 0.00043337944057848029 144.27950611927272 0.0033374538123765178
decision_type=2 2 2 2 2 2 2 2 2 2 2
left_child=2 -2 3 10 -3 -6 8 -8 -4 -5 -1
right_child=1 4 6 9 5 -7 7 -9 -10 -11 -12
leaf_value=1.7740393726239761e-06 0 0 -6.4131228407293461e-07 1.3343330064735645e-05 -2.6637094447049647e-05 0 -2.4175232818740899e-06 1.4161685755112322e-06 1.6609658217651188e-06 0 -3.203401690340905e-06
leaf_weight=802 42 91 9512 884 267 14.999999999999998 8779 2225 12083 89 523
leaf_count=802 42 91 9512 884 267 15 8779 2225 12083 89 523
internal_value=0 -1.07487e-05 1.99142e-07 4.80947e-06 -1.66516e-05 -2.27965e-05 -3.38406e-08 -1.36972e-06 5.07957e-07 1.16179e-05 0
internal_weight=0 415 34897 2298 373 282 32599 11004 21595 973 1325
internal_count=35312 415 34897 2298 373 282 32599 11004 21595 973 1325
is_linear=0
shrinkage=0.03


Tree=17
num_leaves=12
num_cat=0
split_feature=20 1 1 25 18 23 16 24 1 2 24
split_gain=9.93629e-05 7.38142e-05 6.91939e-05 0.000107407 8.66597e-05 3.94741e-05 4.45759e-05 3.61049e-05 3.0421e-05 2.7203e-05 2.14548e-05
threshold=0.007462473795199715 146.78265625000003 142.62662500000002 1.797333113727523 0.43840939004832918 0.0011109958165045775 0.0031694552594352218 0.2653400000000003 157.23496875000004 156.70218333616825 0.12599750000000109
decision_type=2 2 2 2 2 2 2 2 2 2 2
left_child=1 5 -2 4 -4 6 -1 -7 9 -3 -10
right_child=2 8 3 -5 -6 7 -8 -9 10 -11 -12
leaf_value=4.3833475999701572e-06 0 -7.1254331320784248e-08 0 0 -3.8317293234246407e-05 1.0580596690150813e-05 -3.4882955649998992e-06 0 -4.0658988849690549e-06 3.8889491363188983e-06 0
leaf_weight=1569 44 25865 66 83 221 1205 848 254 2876 1615 530
leaf_count=1569 44 25865 66 83 221 1205 848 254 2876 1615 530
internal_value=0 2.23658e-07 -1.45518e-05 -2.01294e-05 -2.93093e-05 4.16496e-06 3.80409e-07 8.37799e-06 -1.73832e-07 5.23303e-08 -2.87926e-06
internal_weight=0 34762 414 370 287 3876 2417 1459 30886 27480 3406
internal_count=35176 34762 414 370 287 3876 2417 1459 30886 27480 3406
is_linear=0
shrinkage=0.03


Tree=18
num_leaves=13
num_cat=0
split_feature=3 4 2 25 16 25 20 16 16 2 17 25
split_gain=5.10409e-05 4.89372e-05 4.57263e-05 5.01947e-05 4.24018e-05 3.833e-05 7.1614e-05 4.09623e-05 2.66096e-05 1.40529e-05 5.13206e-06 1.21928e-07
threshold=142.20776518415337 0.15649999999999839 143.96590861604219 1.6031327546787695 0.0026084944679104233 1.8286426055833358 0.007462473795199715 0.006701914616254378 0.0010431805489616757 155.82131149607432 0.44056561393923821 0.72704447738616262
decision_type=2 2 2 2 2 2 2 2 2 2 2 2
left_child=1 11 3 -3 8 6 -6 -7 10 -10 -2 -1
right_child=4 2 -4 -5 5 7 -8 -9 9 -11 -12 -13
leaf_value=0 0 2.2239008820699594e-05 0 0 -1.5600200591367267e-06 0 -1.908136833514065e-05 1.2442934138170629e-05 1.9757315492767511e-06 0 -1.217971511744623e-06 -8.278990849529846e-07
leaf_weight=122 3728 355 31 46 11401 408 256 304 10438 3308 4758 160
leaf_count=122 3728 355 31 46 11401 408 256 304 10438 3308 4758 160
internal_value=0 7.96037e-06 1.43754e-05 1.8034e-05 -1.40821e-07 -1.61494e-06 -2.20232e-06 3.78778e-06 5.44386e-07 1.4297e-06 -5.3617e-07 0
internal_weight=0 714 432 401 34601 12369 11657 712 22232 13746 8486 282
internal_count=35315 714 432 401 34601 12369 11657 712 22232 13746 8486 282
is_linear=0
shrinkage=0.03


Tree=19
num_leaves=11
num_cat=0
split_feature=20 0 25 15 3 6 16 20 16 25
split_gain=5.36683e-05 7.31055e-05 8.99139e-05 0.000106259 3.83645e-05 3.68554e-05 2.49662e-05 3.30636e-05 3.06338e-05 1.90218e-05
threshold=0.007462473795199715 85.827448390195869 1.797333113727523 7.6616691679351705 142.20776518415337 0.0014326194518672357 0.0026084944679104233 0.0013940305491365261 0.0010331774299239429 1.6031327546787695
decision_type=2 2 2 2 2 2 2 2 2 2
left_child=4 -2 3 -3 5 -1 8 -8 -6 -7
right_child=1 2 -4 -5 6 9 7 -9 -10 -11
leaf_value=0 0 -6.0146613831240296e-05 0 0 -5.6325397837294945e-07 2.2783136502611516e-05 -3.233128065335517e-06 0 1.5547802241341192e-06 0
leaf_weight=456 283 80 43 14.999999999999998 8414 165 4184 7868 13813 27
leaf_count=456 283 80 43 15 8414 165 4184 7868 13813 27
internal_value=0 -1.06118e-05 -2.86323e-05 -4.51819e-05 1.58828e-07 7.39157e-06 0 -1.077e-06 6.18032e-07 1.88944e-05
internal_weight=0 421 138 95 34927 648 34279 12052 22227 192
internal_count=35348 421 138 95 34927 648 34279 12052 22227 192
is_linear=0
shrinkage=0.03


Tree=20
num_leaves=15
num_cat=0
split_feature=1 3 24 16 24 4 19 16 24 23 24 25 0 16
split_gain=5.07444e-05 3.96676e-05 8.78077e-05 5.52699e-05 5.00857e-05 3.70767e-05 6.09743e-05 9.58358e-05 3.34464e-05 2.95582e-05 1.58948e-05 2.10183e-05 1.68627e-06 9.53858e-07
threshold=157.28071875000003 142.20776518415337 0.15943749999999904 0.014296111262698089 0.11843999999999903 0.14494999999999722 0.0057969559311303346 0.0028834946110962612 0.10017999999999781 0.0011521864340689096 0.12535250000000095 1.2291212768637749 72.351950647521406 0.0025885152672514376
decision_type=2 2 2 2 2 2 2 2 2 2 2 2 2 2
left_child=1 2 13 -4 8 10 7 -7 -3 -6 11 -2 -12 -1
right_child=5 4 3 -5 9 6 -8 -9 -10 -11 12 -13 -14 -15
leaf_value=0 -4.3328575477233389e-06 1.0439402901768285e-07 2.1191155663583624e-05 0 -2.6071125813223826e-06 0 0 -2.9245164384819645e-05 3.4585828845472307e-06 0 2.6083957985282446e-06 0 0 -1.9485559034826776e-06
leaf_weight=75 2029 15004 368 49 7937 66 82 251 3985 4334 250 584 56 226
leaf_count=75 2029 15004 368 49 7937 66 82 251 3985 4334 250 584 56 226
internal_value=0 1.61122e-07 7.13244e-06 1.66448e-05 0 -3.69567e-06 -1.35829e-05 -2.01311e-05 9.66298e-07 -1.49282e-06 -1.31605e-06 -2.70903e-06 7.75244e-07 0
internal_weight=0 31978 718 417 31260 3318 399 317 18989 12271 2919 2613 306 301
internal_count=35296 31978 718 417 31260 3318 399 317 18989 12271 2919 2613 306 301
is_linear=0
shrinkage=0.03


Tree=21
num_leaves=12
num_cat=0
split_feature=20 0 24 19 2 24 16 23 19 20 0
split_gain=5.51504e-05 9.08777e-05 0.000106677 0.000127011 3.67919e-05 3.35601e-05 5.51676e-05 4.55428e-05 2.54175e-05 2.43067e-05 3.13558e-06
threshold=0.007462473795199715 85.827448390195869 0.16786249999999706 0.0038586844029838432 147.74224819008927 0.18128749999999744 0.0025885152672514376 0.0012372272252839606 0.0003434203119144083 0.0042180260670898039 99.999710084874309
decision_type=2 2 2 2 2 2 2 2 2 2 2
left_child=4 -2 -3 -4 8 6 -6 -7 10 -10 -1
right_child=1 2 3 -5 5 7 -8 -9 9 -11 -12
leaf_value=-1.587272784830753e-06 0 0 -7.297622630708268e-05 0 4.1197221568034763e-08 0 -2.8810271554867309e-06 7.0401310902848916e-06 4.1427238690584599e-06 0 0
leaf_weight=1120 274 61 64 13.999999999999998 18896 1284 7379 1239 4451 381 184
leaf_count=1120 274 61 64 14 18896 1284 7379 1239 4451 381 184
internal_value=0 -1.09197e-05 -3.06938e-05 -5.3919e-05 1.03946e-07 -2.53561e-07 -6.65304e-07 2.84524e-06 2.27072e-06 3.35883e-06 0
internal_weight=0 413 139 78 34934 28798 26275 2523 6136 4832 1304
internal_count=35347 413 139 78 34934 28798 26275 2523 6136 4832 1304
is_linear=0
shrinkage=0.03


Tree=22
num_leaves=15
num_cat=0
split_feature=1 20 2 1 20 16 1 6 1 16 6 0 16 10
split_gain=5.70123e-05 7.10716e-05 3.712e-05 3.0247e-05 2.97698e-05 2.46661e-05 2.27955e-05 1.99028e-05 1.60878e-05 1.5024e-05 1.17674e-05 9.44455e-06 5.60825e-06 2.42149e-07
threshold=157.23496875000004 0.0035011263154722189 156.70218333616825 155.95059375000002 0.00071000145996515834 0.001523859901976816 142.88978125000003 0.00040162923058491919 159.13756250000003 0.00062740282587946323 0.0012376991510780458 81.435833080840453 0.0024966055924485271 0.035499999999998984
decision_type=2 2 2 2 2 2 2 2 2 2 2 2 2 2
left_child=2 4 3 6 9 -5 -1 -3 -9 -2 12 -12 -4 -6
right_child=1 7 10 5 13 -7 -8 8 -10 -11 11 -13 -14 -15
leaf_value=5.197089059505195e-06 0 0 2.909258524176745e-06 0 3.9078246768702219e-07 -8.3466840173904424e-06 3.3813234952859353e-08 -3.0301814243849124e-05 0 -6.0713663546312332e-06 1.8045257481027928e-05 0 0 0
leaf_weight=847 129 21 927 294 1427 675 28317 147 30 1325 165 18 565 381
leaf_count=847 129 21 927 294 1427 675 28317 147 30 1325 165 18 565 381
internal_value=0 -3.69504e-06 3.57671e-07 1.50763e-08 -1.61712e-06 -5.06207e-06 2.86652e-07 -2.27663e-05 -2.60941e-05 -4.92873e-06 4.72959e-06 1.57225e-05 1.36971e-06 0
internal_weight=0 3460 31808 30133 3262 969 29164 198 177 1454 1675 183 1492 1808
internal_count=35268 3460 31808 30133 3262 969 29164 198 177 1454 1675 183 1492 1808
is_linear=0
shrinkage=0.03


Tree=23
num_leaves=13
num_cat=0
split_feature=3 24 24 2 0 2 2 24 25 2 16 16
split_gain=4.65698e-05 6.97549e-05 6.57558e-05 9.44963e-05 6.66096e-05 4.46296e-05 4.37572e-05 4.35635e-05 3.75598e-05 3.23608e-05 3.4023e-07 4.39498e-06
threshold=142.20776518415337 0.15943749999999904 0.38842500000000302 156.05947814640473 32.954508006244396 155.82131149607432 143.96590861604219 0.11843999999999903 0.69137169713873992 141.98143500284257 0.0025885152672514376 0.0077032015857599187
decision_type=2 2 2 2 2 2 2 2 2 2 2 2
left_child=1 10 5 4 -4 7 9 -2 -7 -3 -1 -12
right_child=2 6 3 -5 -6 8 -8 -9 -10 -11 11 -13
leaf_value=0 1.411919987395889e-06 0 0 0 -4.4738881397905654e-05 8.7328479619590017e-07 0 -9.477834375615243e-07 -3.5054285715220179e-06 2.5483359004190216e-05 -4.5362927022236303e-06 0
leaf_weight=76 16728 120 46 63 103 1172 29 10842 5645 263 207 9.9999999999999982
leaf_count=76 16728 120 46 63 103 1172 29 10842 5645 263 207 10
internal_value=0 7.4915e-06 -2.60986e-07 -1.70096e-05 -3.13365e-05 -7.04375e-08 1.57596e-05 3.75145e-07 -2.31255e-06 1.92344e-05 0 -1.18762e-06
internal_weight=0 705 34599 212 149 34387 412 27570 6817 383 293 217
internal_count=35304 705 34599 212 149 34387 412 27570 6817 383 293 217
is_linear=0
shrinkage=0.03


Tree=24
num_leaves=15
num_cat=0
split_feature=1 4 16 25 3 24 2 24 2 24 24 2 16 0
split_gain=4.20821e-05 7.92161e-05 6.348e-05 6.94207e-05 3.29326e-05 8.61941e-05 4.51019e-05 3.47241e-05 5.03058e-05 2.70312e-05 1.0033e-05 1.50138e-05 4.68567e-06 3.10945e-06
threshold=157.28071875000003 0.14494999999999722 0.0033029800329894637 1.2797749652108561 142.20776518415337 0.15841499999999983 143.96590861604219 0.11843999999999903 156.93738202856829 0.097449999999999357 0.12535250000000095 159.50670016015283 0.0029667004770195485 74.283258558885436
decision_type=2 2 2 2 2 2 2 2 2 2 2 2 2 2
left_child=4 10 -3 -4 5 12 -7 9 -9 -6 11 -2 -1 -12
right_child=1 2 3 -5 7 6 -8 8 -10 -11 13 -13 -14 -15
leaf_value=0 -3.8148115316378699e-06 0 0 -3.196640317682891e-05 6.0989584320288415e-08 1.96397609122572e-05 0 -1.6953253550404315e-06 7.6604076503798383e-06 2.9634412726880098e-06 3.7036326538241471e-06 0 -4.6255547350653808e-06 0
leaf_weight=106 1531 90 93 221 14470 389 31 11881 449 4591 263 1048 197 41
leaf_count=106 1531 90 93 221 14470 389 31 11881 449 4591 263 1048 197 41
internal_value=0 -3.28983e-06 -1.62205e-05 -2.28119e-05 2.67485e-07 6.64377e-06 1.61441e-05 2.5037e-08 -1.11127e-06 9.1747e-07 -4.36784e-07 -1.84395e-06 0 1.63247e-06
internal_weight=0 3287 404 314 32114 723 420 31391 12330 19061 2883 2579 303 304
internal_count=35401 3287 404 314 32114 723 420 31391 12330 19061 2883 2579 303 304
is_linear=0
shrinkage=0.03


end of trees

feature_importances:
bb_width=49
atr_ma=47
bb_middle=32
price_bb_lower_dist=32
bb_upper=26
atr_ratio=25
bb_lower=23
atr=14
rsi=12
range_pct=10
price_bb_upper_dist=9
atr_normalized=9
bb_position=6
upper_shadow=5
bb_position_normalized=4
range=3
lower_shadow=1
rsi_normalized=1
rsi_divergence=1

parameters:
[boosting: gbdt]
[objective: regression]
[metric: rmse]
[tree_learner: serial]
[device_type: cpu]
[data: ]
[valid: ]
[num_iterations: 500]
[learning_rate: 0.03]
[num_leaves: 16]
[num_threads: 8]
[deterministic: 0]
[force_col_wise: 0]
[force_row_wise: 0]
[histogram_pool_size: -1]
[max_depth: 4]
[min_data_in_leaf: 10]
[min_sum_hessian_in_leaf: 0.001]
[bagging_fraction: 0.9]
[pos_bagging_fraction: 1]
[neg_bagging_fraction: 1]
[bagging_freq: 1]
[bagging_seed: 9057]
[feature_fraction: 0.7]
[feature_fraction_bynode: 1]
[feature_fraction_seed: 15199]
[extra_trees: 0]
[extra_seed: 31159]
[early_stopping_round: 0]
[first_metric_only: 0]
[max_delta_step: 0]
[lambda_l1: 0.1]
[lambda_l2: 0.1]
[linear_lambda: 0]
[min_gain_to_split: 0]
[drop_rate: 0.1]
[max_drop: 50]
[skip_drop: 0.5]
[xgboost_dart_mode: 0]
[uniform_drop: 0]
[drop_seed: 20727]
[top_rate: 0.2]
[other_rate: 0.1]
[min_data_per_group: 100]
[max_cat_threshold: 32]
[cat_l2: 10]
[cat_smooth: 10]
[max_cat_to_onehot: 4]
[top_k: 20]
[monotone_constraints: ]
[monotone_constraints_method: basic]
[monotone_penalty: 0]
[feature_contri: ]
[forcedsplits_filename: ]
[refit_decay_rate: 0.9]
[cegb_tradeoff: 1]
[cegb_penalty_split: 0]
[cegb_penalty_feature_lazy: ]
[cegb_penalty_feature_coupled: ]
[path_smooth: 0]
[interaction_constraints: ]
[verbosity: 1]
[saved_feature_importance_type: 0]
[linear_tree: 0]
[max_bin: 255]
[max_bin_by_feature: ]
[min_data_in_bin: 3]
[bin_construct_sample_cnt: 200000]
[data_random_seed: 218]
[is_enable_sparse: 1]
[enable_bundle: 1]
[use_missing: 1]
[zero_as_missing: 0]
[feature_pre_filter: 1]
[pre_partition: 0]
[two_round: 0]
[header: 0]
[label_column: ]
[weight_column: ]
[group_column: ]
[ignore_column: ]
[categorical_feature: ]
[forcedbins_filename: ]
[precise_float_parser: 0]
[parser_config_file: ]
[objective_seed: 19100]
[num_class: 1]
[is_unbalance: 0]
[scale_pos_weight: 1]
[sigmoid: 1]
[boost_from_average: 1]
[reg_sqrt: 0]
[alpha: 0.9]
[fair_c: 1]
[poisson_max_delta_step: 0.7]
[tweedie_variance_power: 1.5]
[lambdarank_truncation_level: 30]
[lambdarank_norm: 1]
[label_gain: ]
[lambdarank_position_bias_regularization: 0]
[eval_at: ]
[multi_error_top_k: 1]
[auc_mu_weights: ]
[num_machines: 1]
[local_listen_port: 12400]
[time_out: 120]
[machine_list_filename: ]
[machines: ]
[gpu_platform_id: -1]
[gpu_device_id: -1]
[gpu_use_dp: 0]
[num_gpu: 1]

end of parameters

pandas_categorical:[]
