tree
version=v4
num_class=1
num_tree_per_iteration=1
label_index=0
max_feature_idx=33
objective=regression
feature_names=rsi ema_fast ema_slow bb_middle bb_upper bb_lower atr range range_pct body body_pct upper_shadow lower_shadow is_bullish rsi_normalized rsi_overbought rsi_oversold rsi_divergence ema_cross ema_cross_pct ema_cross_signal price_ema_fast_dist price_ema_slow_dist bb_width bb_position bb_position_normalized price_bb_upper_dist price_bb_lower_dist bb_breakout_upper bb_breakout_lower atr_normalized atr_ma atr_ratio signal_convergence
feature_infos=[0:99.999992774566991] [139.84172317124145:161.9044463934776] [139.985622134078:161.8633237416141] [0:161.88062500000001] [0:163.46980690478767] [0:161.79437304114759] [0:1.1185000000000032] [0:3.0139999999999816] [0:0.019088400286395583] [0:2.7609999999999957] [0:0.017392783349291913] [0:1.1620000000000061] [0:1.3590000000000089] [0:1] [-1:0.99999985549133985] [0:1] [0:1] [-89.854942239242206:87.39492126263913] [-1.0350786189282246:0.79769146520030176] [-0.006549151847441992:0.0054000600139474395] [0:1] [-0.014331159141718369:0.0093718883724765341] [-0.017546516855659215:0.012454695205154643] [0:0.040499613571001979] [-0.43688158368442731:1.4336560662958788] [-1.8737631673688546:1.8673121325917577] [-0.0052970182941306683:0.036124521721180282] [-0.0076876891014397734:0.023272312637101344] [0:1] [0:1] [0:0.0071150494268520962] [0:0.79457500000000281] [0:5.222190663820645] [0:2]
tree_sizes=2339 3048 2376 2417 3360 2811 2218 2660 2096 2729 2791 2499 2336 2905

Tree=0
num_leaves=23
num_cat=0
split_feature=2 5 2 31 2 27 27 7 32 31 31 31 11 22 31 2 6 0 32 3 21 5
split_gain=0.000130799 0.000116182 0.000189642 8.97215e-05 8.83162e-05 8.56202e-05 5.53016e-05 8.92192e-05 5.36339e-05 5.15149e-05 4.2285e-05 3.74989e-05 3.2317e-05 3.14312e-05 3.08076e-05 1.97293e-05 2.91154e-05 1.71136e-05 1.5869e-05 7.60334e-06 7.01615e-06 3.97874e-06
threshold=144.80409874510858 144.86397726396893 145.13993803282855 0.12666749999999977 157.26542796134086 0.0067005891656742303 0.007462473795199715 0.31450000000000961 1.8286426055833358 0.11952499999999945 0.18128749999999744 0.12599750000000109 0.0069999999999907922 0.00011442687828976064 0.097449999999999357 146.24631306909006 0.20530000000000401 82.898482530689193 1.4372246702718894 143.40215625000002 0.00030262391441719102 141.18939869231309
decision_type=2 2 2 2 2 2 2 2 2 2 2 2 2 2 2 2 2 2 2 2 2 2
left_child=3 2 -2 19 8 11 7 12 9 14 -11 13 -5 -6 -3 -10 -17 -14 -9 21 -13 -1
right_child=1 4 -4 6 5 -7 -8 18 15 10 -12 20 17 -15 -16 16 -18 -19 -20 -21 -22 -23
leaf_value=7.6252981068255304e-06 7.6252981068255304e-06 7.6460555969252003e-06 -1.2430597931318937e-05 7.6252981068255304e-06 4.7808742806175591e-06 -1.1600965712722155e-05 7.6252981068255304e-06 2.4602483463376791e-05 7.6252981068255304e-06 6.6295534675050374e-06 7.8117187431124343e-06 8.9726300669349066e-06 1.1073338625202333e-05 7.6252981068255304e-06 8.6820756998153458e-06 7.6252981068255304e-06 1.2894328002102308e-05 7.6252981068255304e-06 7.6252981068255304e-06 7.6252981068255304e-06 7.6252981068255304e-06 4.9305827347296563e-06
leaf_weight=44 221 13889 77 222 1368 35 105 98 40 7308 3091 386 1172 1389 4567 337 376 50 38 235 146 159
leaf_count=44 221 13889 77 222 1368 35 105 98 40 7308 3091 386 1172 1389 4567 337 376 50 38 235 146 159
internal_value=7.6253e-06 7.47974e-06 1.2298e-06 1.00394e-05 7.56676e-06 6.00392e-06 1.11842e-05 1.17491e-05 7.70846e-06 7.6253e-06 7.07709e-06 6.49815e-06 1.0121e-05 5.92958e-06 7.95663e-06 1.03437e-05 1.08763e-05 1.0788e-05 2.16382e-05 7.6253e-06 7.6253e-06 5.69235e-06
internal_weight=0 33230 298 2123 32932 3324 1685 1580 29608 28855 10399 3289 1444 2757 18456 753 713 1222 136 438 532 203
internal_count=35353 33230 298 2123 32932 3324 1685 1580 29608 28855 10399 3289 1444 2757 18456 753 713 1222 136 438 532 203
is_linear=0
shrinkage=1


Tree=1
num_leaves=35
num_cat=0
split_feature=2 31 18 7 19 2 32 32 23 8 6 23 2 32 4 23 11 26 31 19 32 14 31 31 25 3 3 4 24 24 30 3 4 5
split_gain=0.00010568 7.95884e-05 9.10392e-05 0.000110365 0.000144933 7.88413e-05 6.87559e-05 6.37092e-05 7.67986e-05 6.09415e-05 6.0691e-05 7.10172e-05 7.72966e-05 8.36465e-05 5.40205e-05 3.64239e-05 3.63128e-05 3.02406e-05 2.56153e-05 2.52352e-05 2.34502e-05 2.13736e-05 1.8423e-05 1.75084e-05 1.42164e-05 9.04779e-06 7.38135e-06 6.00828e-06 4.57363e-06 4.25417e-06 2.24997e-06 1.47217e-06 3.08744e-06 9.21964e-07
threshold=144.80409874510858 0.12736250000000157 0.17076885223221441 0.31450000000000961 -0.0019486755061875248 157.26542796134086 1.4372246702718894 1.8286426055833358 0.0025664157461275368 0.00083146309128768385 0.14494999999999722 0.0028834946110962612 157.44772907243387 2.4314132344670454 156.93738202856829 0.0070371110816448944 0.0069999999999907922 0.00045253178362468694 0.12535250000000095 -0.00090890872911098886 1.2291212768637749 0.75740501403527127 0.11952499999999945 0.043355000000005153 0.20446127553253959 143.40215625000002 141.64515625000004 154.90332998756708 0.0084348033156744825 0.79377098696008552 0.00056976278383669696 150.06090625000004 146.40842045346957 143.27702776443138
decision_type=2 2 2 2 2 2 2 2 2 2 2 2 2 2 2 2 2 2 2 2 2 2 2 2 2 2 2 2 2 2 2 2 2 2
left_child=1 25 3 16 -5 7 -6 8 17 24 18 -12 -13 -14 -11 31 -3 27 20 -18 23 28 -19 -7 -10 26 -1 -2 -17 -20 -28 32 -9 -4
right_child=5 2 33 4 6 10 -8 15 9 14 11 12 13 -15 -16 21 19 22 29 -21 -22 -23 -24 -25 -26 -27 30 -29 -30 -31 -32 -33 -34 -35
leaf_value=0 -2.3149772558659764e-07 0 -8.4052723043502747e-07 0 2.5245126543999214e-05 0 0 0 -4.9908949785426135e-07 -1.8119037268349116e-06 0 0 -1.2446527988394707e-05 0 1.3708377827310025e-06 0 0 9.0465424098348923e-07 1.4538262375089566e-06 3.9921764188228488e-06 0 0 0 -2.0411797325662735e-06 6.1914412659299719e-07 0 0 4.2074725184419723e-07 9.1281635214905695e-06 0 -3.8426686734008954e-06 0 1.4157056327738764e-06 0
leaf_weight=50 7925 200 130 34 81 122 34 30 2148 5260 71 92 235 30 229 33 244 7811 252 855 583 30 2434 1879 2312 238 31 1084 150 54 126 293 227 51
leaf_count=50 7925 200 130 34 81 122 34 30 2148 5260 71 92 235 30 229 33 244 7811 252 855 583 30 2434 1879 2312 238 31 1084 150 54 126 293 227 51
internal_value=0 2.19037e-06 3.31544e-06 4.31865e-06 1.43003e-05 -1.35944e-07 1.9753e-05 0 -4.82044e-08 -7.89732e-07 -1.60037e-06 -5.56843e-06 -7.55186e-06 -1.02911e-05 -1.49684e-06 2.87323e-06 2.39913e-06 2.83035e-07 -6.65886e-07 3.17891e-06 -1.20213e-06 6.82517e-06 6.66452e-07 -1.7429e-06 0 0 -2.08815e-06 -4.2004e-08 8.11458e-06 5.94344e-07 -3.22974e-06 0 7.56118e-07 0
internal_weight=0 2074 1629 1448 149 33284 115 29966 29203 9949 3318 428 357 265 5489 763 1299 19254 2890 1099 2584 213 10245 2001 4460 445 207 9009 183 306 157 550 257 181
internal_count=35358 2074 1629 1448 149 33284 115 29966 29203 9949 3318 428 357 265 5489 763 1299 19254 2890 1099 2584 213 10245 2001 4460 445 207 9009 183 306 157 550 257 181
is_linear=0
shrinkage=0.01


Tree=2
num_leaves=27
num_cat=0
split_feature=27 5 31 32 3 24 17 31 1 31 4 32 1 2 31 27 31 2 11 26 0 7 22 31 27 23
split_gain=0.00011347 0.000113662 0.000169653 8.27432e-05 0.000104719 6.25673e-05 7.04852e-05 5.22779e-05 4.71849e-05 3.78322e-05 4.64675e-05 4.8401e-05 4.07664e-05 3.54021e-05 3.37807e-05 3.51956e-05 3.75277e-05 3.27235e-05 2.37576e-05 2.29872e-05 1.75989e-05 9.21899e-06 6.47269e-06 3.44887e-06 5.35521e-07 4.34585e-08
threshold=0.007462473795199715 142.20776518415337 0.15943749999999904 1.8286426055833358 142.62662500000002 0.71932656553326191 7.3838342465078997 0.15841499999999983 157.23048464037296 0.11843999999999903 156.93738202856829 0.87437222468765929 147.40962592188743 144.80409874510858 0.12535250000000095 0.00081673325178045493 0.046732499999999538 143.43294119965122 0.016500000000007734 0.0026310748373622101 76.190385487637954 0.11300000000001377 0.0007503660978578526 0.077520000000002448 0.0023580981581241968 0.0024966055924485271
decision_type=2 2 2 2 2 2 2 2 2 2 2 2 2 2 2 2 2 2 2 2 2 2 2 2 2 2
left_child=1 2 25 4 -2 -6 7 -7 9 12 13 -12 17 -11 15 16 -10 -3 -4 -14 21 -20 24 -17 -16 -1
right_child=3 8 18 -5 5 6 -8 -9 14 10 11 -13 19 -15 22 23 -18 -19 20 -21 -22 -23 -24 -25 -26 -27
leaf_value=0 0 0 0 0 0 0 0 -1.7684291408665629e-05 0 7.922524030081268e-07 0 5.7189781380411835e-06 2.7737326052245773e-07 -7.6041541726086855e-07 1.4561892005183837e-06 0 -3.407987530500946e-06 2.3201334733230696e-06 0 -1.3990399192460655e-06 0 1.3946913688393284e-05 0 -6.2907826231751227e-07 0 -1.4167988320178591e-07
leaf_weight=73 33 94 86 88 70 36 34 155 193 1100 168 233 16343 10480 330 565 1316 1767 41 722 37 171 149 871 72 216
leaf_count=73 33 94 86 88 70 36 34 155 193 1100 168 233 16343 10480 330 565 1316 1767 41 722 37 171 149 871 72 216
internal_value=0 1.50223e-08 4.26066e-06 -5.22046e-06 -7.7293e-06 -1.00921e-05 -1.2697e-05 -1.50547e-05 -3.29789e-08 6.12555e-08 -3.37016e-07 2.63935e-06 3.66218e-07 -5.26545e-07 -1.15196e-06 -1.64988e-06 -2.76465e-06 1.8312e-06 9.18465e-06 1.4781e-07 1.10886e-05 1.23551e-05 0 0 1.26812e-06 0
internal_weight=0 35027 624 416 328 295 225 191 34403 30907 11981 401 18926 11580 3496 2945 1509 1861 335 17065 249 212 551 1436 402 289
internal_count=35443 35027 624 416 328 295 225 191 34403 30907 11981 401 18926 11580 3496 2945 1509 1861 335 17065 249 212 551 1436 402 289
is_linear=0
shrinkage=0.01


Tree=3
num_leaves=27
num_cat=0
split_feature=5 31 27 32 24 17 4 30 0 11 23 19 30 31 2 23 11 4 31 14 5 31 31 23 4 19
split_gain=9.56278e-05 0.000147616 9.67803e-05 0.000109571 0.000147532 9.36521e-05 8.79097e-05 4.41758e-05 4.2062e-05 4.61816e-05 4.11536e-05 6.43961e-05 4.09194e-05 5.58674e-05 4.9194e-05 3.75246e-05 1.97417e-05 1.56315e-05 4.21625e-05 1.49513e-05 1.11465e-05 3.10778e-05 5.71804e-06 2.30291e-06 2.21648e-06 1.99951e-06
threshold=142.20776518415337 0.15943749999999904 0.007462473795199715 1.797333113727523 0.71932656553326191 5.070427451258575 143.96590861604219 0.0014185798583054258 81.435833080840453 0.016500000000007734 0.0026084944679104233 0.00058111734449085752 0.0013601567753080547 0.38842500000000302 147.51248935389609 0.0010431805489616757 0.043999999999996937 155.82131149607432 0.11952499999999945 0.71929652200968008 157.19597677020835 0.044782500000003021 0.15034750000000188 0.0025430692565960862 154.71119668967779 0.00074903154918881079
decision_type=2 2 2 2 2 2 2 2 2 2 2 2 2 2 2 2 2 2 2 2 2 2 2 2 2 2
left_child=1 23 10 4 -4 7 8 -6 9 -3 15 12 14 -14 -12 20 19 18 -17 -13 24 -22 -19 -1 -2 -18
right_child=2 6 3 -5 5 -7 -8 -9 -10 -11 11 16 13 -15 -16 17 25 22 -20 -21 21 -23 -24 -25 -26 -27
leaf_value=0 -1.5907590826208676e-07 0 0 0 0 0 0 -2.1549117464138774e-05 0 1.2693905507551736e-05 0 1.5084375574993532e-06 6.1775017585272208e-07 -6.965740680892457e-06 -1.8004318013481509e-06 1.1717567578816172e-06 0 -1.4721331829285383e-07 0 0 0 -3.1428621433726284e-06 1.6375177964129338e-06 -1.0017227397490974e-06 2.2842059104682473e-07 -5.4406260056511092e-07
leaf_weight=77 7108 93 56 96 50 37 33 106 34 258 1328 1902 1988 99 5451 7381 243 3061 3089 395 145 471 188 229 800 675
leaf_count=77 7108 93 56 96 50 37 33 106 34 258 1328 1902 1988 99 5451 7381 243 3061 3089 395 145 471 188 229 800 675
internal_value=0 3.57827e-06 -9.08707e-08 -5.36963e-06 -9.15659e-06 -1.35776e-05 7.57884e-06 -1.6964e-05 9.22821e-06 1.02647e-05 -8.60127e-09 -5.04911e-07 -9.88286e-07 0 -1.37148e-06 2.16011e-07 5.17045e-07 5.63444e-07 7.51844e-07 1.1106e-06 -2.25857e-07 -1.58536e-06 0 0 0 0
internal_weight=0 724 34669 345 249 193 418 156 385 351 34324 12081 8866 2087 6779 22243 3215 13719 10470 2297 8524 616 3249 306 7908 918
internal_count=35393 724 34669 345 249 193 418 156 385 351 34324 12081 8866 2087 6779 22243 3215 13719 10470 2297 8524 616 3249 306 7908 918
is_linear=0
shrinkage=0.01


Tree=4
num_leaves=39
num_cat=0
split_feature=2 31 18 23 32 22 0 31 7 19 32 32 19 23 27 26 19 7 4 31 14 3 2 31 19 30 0 31 6 2 14 21 31 30 6 6 23 4
split_gain=0.000103795 8.69375e-05 9.91806e-05 7.45719e-05 7.40883e-05 0.000149257 0.00012324 9.50151e-05 7.21654e-05 0.000127619 7.2203e-05 5.68619e-05 5.9252e-05 3.99593e-05 3.53187e-05 3.06366e-05 2.95659e-05 2.90387e-05 2.28434e-05 2.40247e-05 1.73055e-05 1.34619e-05 1.06707e-05 1.29239e-05 9.93188e-06 9.51298e-06 6.40009e-06 6.14676e-06 4.51372e-06 9.90144e-06 8.69251e-06 3.41014e-06 1.184e-06 5.40148e-06 3.4399e-07 3.67791e-06 1.04035e-06 5.4919e-08
threshold=144.80409874510858 0.13075000000000062 0.17076885223221441 0.0025664157461275368 1.8286426055833358 0.0030147634209110505 81.94620738534384 0.15034750000000188 0.31450000000000961 -0.0019486755061875248 1.4372246702718894 1.3308422354895049 0.00065647448483173779 0.0063847299407235889 0.0013940305491365261 0.00043337944057848029 -0.00081525946462029377 0.26849999999998891 155.82131149607432 0.12014750000000433 -0.57894751743241513 157.56393750000004 143.43294119965122 0.1213450000000048 2.1905274149024775e-05 0.00056976278383669696 86.471562651526213 0.097449999999999357 0.10770000000000125 155.81200190883823 0.044307458199581838 -2.6831723652062879e-05 0.28368000000000043 0.0013769882469101167 0.069899999999996978 0.042800000000008255 0.0016861971563320048 150.55350683903791
decision_type=2 2 2 2 2 2 2 2 2 2 2 2 2 2 2 2 2 2 2 2 2 2 2 2 2 2 2 2 2 2 2 2 2 2 2 2 2 2
left_child=1 22 8 15 5 11 -7 -8 16 -10 -11 14 -13 -6 -5 24 -3 -18 19 20 -17 26 23 25 27 -1 -15 31 30 -30 -20 -2 33 -4 35 -26 -36 -21
right_child=3 2 32 4 13 6 7 -9 9 10 -12 12 -14 21 -16 18 17 -19 28 37 -22 -23 -24 -25 34 -27 -28 -29 29 -31 -32 -33 -34 -35 36 -37 -38 -39
leaf_value=0 0 0 0 -1.1904108557394254e-06 0 0 0 -2.1486957855535354e-05 0 2.4007465385542998e-05 0 -3.0953716806649647e-06 0 6.3895104749553863e-06 6.4412443335539278e-08 0 4.0610381547166304e-06 0 -8.766669227138496e-07 -6.2047660235942429e-08 1.4106646947957408e-06 0 0 0 0 -4.8032750964541152e-06 0 0 0 1.6963151491113539e-06 0 -1.0831560798207134e-06 0 -3.2723216681620025e-06 -2.4084522016655332e-07 3.9131550308748112e-07 0 0
leaf_weight=39 627 334 90 2798 390 114 36 91 35 81 33 1775 419 212 5660 2009 899 34 1619 1426 5239 50 269 57 1160 143 30 520 41 370 635 1774 37 61 1793 2626 1104 780
leaf_count=39 627 334 90 2798 390 114 36 91 35 81 33 1775 419 212 5660 2009 899 34 1619 1426 5239 50 269 57 1160 143 30 520 41 370 635 1774 37 61 1793 2626 1104 780
internal_value=0 2.19054e-06 3.4258e-06 -8.7805e-08 -7.5712e-07 -1.02078e-06 -9.19516e-06 -1.60252e-05 4.50505e-06 1.34366e-05 1.8633e-05 -7.41537e-07 -2.24765e-06 1.98653e-06 -2.32519e-07 2.22813e-07 2.66086e-06 3.575e-06 5.75151e-07 8.15878e-07 1.0953e-06 4.78219e-06 0 -2.11078e-06 -1.17682e-07 -3.59563e-06 5.75639e-06 -6.20876e-07 0 4.29655e-07 -4.08062e-07 -8.51418e-07 0 -8.84035e-07 0 9.53134e-08 0 0
internal_weight=0 2112 1604 33298 11575 10893 241 127 1416 149 114 10652 2194 682 8458 21723 1267 933 12119 9454 7248 292 508 239 9604 182 242 2921 2665 411 2254 2401 188 151 6683 3786 2897 2206
internal_count=35410 2112 1604 33298 11575 10893 241 127 1416 149 114 10652 2194 682 8458 21723 1267 933 12119 9454 7248 292 508 239 9604 182 242 2921 2665 411 2254 2401 188 151 6683 3786 2897 2206
is_linear=0
shrinkage=0.01


Tree=5
num_leaves=32
num_cat=0
split_feature=3 27 3 31 18 32 23 5 5 11 18 26 30 31 5 23 27 31 27 31 6 23 3 5 30 31 21 11 31 1 32
split_gain=8.41003e-05 0.00021442 6.59645e-05 6.32587e-05 8.4093e-05 5.5045e-05 6.2671e-05 5.31457e-05 5.14157e-05 4.30652e-05 5.40741e-05 3.56132e-05 3.551e-05 3.09578e-05 2.08808e-05 2.42137e-05 2.5295e-05 1.79678e-05 2.76457e-05 1.23898e-05 1.09521e-05 1.02881e-05 8.65058e-06 7.58324e-06 1.00803e-05 9.40696e-06 5.10967e-06 5.93973e-06 3.79937e-06 1.32329e-06 2.90237e-07
threshold=157.28071875000003 0.0067005891656742303 144.80140625000004 0.13075000000000062 0.17076885223221441 1.8286426055833358 0.0024344778133849779 144.86397726396893 144.48458562678016 0.019999999999996024 -0.26521787249777157 0.00043954055666627821 0.0012372272252839606 0.12599750000000109 154.51054377422932 0.0035795006144827462 0.00023540807480662917 0.047305000000001492 0.00081673325178045493 0.11952499999999945 0.24544999999999675 0.00062740282587946323 155.34937500000004 143.27702776443138 0.00056976278383669696 0.12196249999999723 0.00030262391441719102 0.080500000000000696 0.17813249999999636 159.85528470655717 0.77400057883447426
decision_type=2 2 2 2 2 2 2 2 2 2 2 2 2 2 2 2 2 2 2 2 2 2 2 2 2 2 2 2 2 2 2
left_child=2 13 3 23 9 6 11 8 -8 30 -11 22 -9 17 15 -7 -17 -2 21 -13 -6 -19 -4 24 -1 -26 27 28 -15 -20 -5
right_child=1 -3 5 4 20 14 7 12 -10 10 -12 19 -14 26 -16 16 -18 18 29 -21 -22 -23 -24 -25 25 -27 -28 -29 -30 -31 -32
leaf_value=0 0 -2.9235801849415005e-05 -2.911440153508743e-07 0 0 0 0 -8.453903689714086e-07 -8.9498778533351681e-06 0 6.1017920592506022e-06 9.0407910874357928e-07 2.813667445382026e-07 2.5326184708747716e-06 0 0 6.4006039935822849e-06 0 -3.876706882000752e-07 0 -4.3268412429715986e-06 -3.1390527561464663e-06 5.4201027053255444e-07 0 -4.3585379507388555e-06 0 0 0 0 0 3.0722323579361598e-07
leaf_weight=46 266 30 7701 192 124 251 60 7799 162 58 855 7631 2679 231 136 63 305 58 880 2144 58 1183 935 285 142 44 129 30 109 391 307
leaf_count=46 266 30 7701 192 124 251 60 7799 162 58 855 7631 2679 231 136 63 305 58 880 2144 58 1183 935 285 142 44 129 30 109 391 307
internal_value=0 -1.51617e-06 1.58845e-07 1.87241e-06 2.93428e-06 4.2146e-09 -3.11988e-08 -6.69443e-07 -5.94912e-06 3.9589e-06 5.38038e-06 2.85427e-07 -4.6187e-07 -9.52872e-07 2.69242e-06 3.49444e-06 5.20571e-06 -1.47825e-06 -1.76966e-06 7.15087e-07 0 -2.92654e-06 -8.51265e-08 0 -1.80599e-06 -3.07751e-06 0 1.17436e-06 1.8014e-06 0 0
internal_weight=0 3307 31977 2111 1594 29866 29111 10700 222 1412 913 18411 10478 3277 755 619 368 2778 2512 9775 182 1241 8636 517 232 186 499 370 340 1271 499
internal_count=35284 3307 31977 2111 1594 29866 29111 10700 222 1412 913 18411 10478 3277 755 619 368 2778 2512 9775 182 1241 8636 517 232 186 499 370 340 1271 499
is_linear=0
shrinkage=0.01


Tree=6
num_leaves=25
num_cat=0
split_feature=5 31 22 31 23 0 4 8 2 0 2 19 4 4 19 30 31 24 31 23 30 27 31 0
split_gain=0.000101241 0.000146768 0.000131147 0.000214956 0.000147538 9.91535e-05 6.86534e-05 5.59327e-05 5.37323e-05 4.16392e-05 3.19284e-05 0.000147022 3.89065e-05 3.99448e-05 3.61679e-05 3.30405e-05 3.12385e-05 3.01544e-05 2.2204e-05 4.41139e-06 3.93541e-06 2.79924e-06 3.31147e-06 9.19932e-07
threshold=142.20776518415337 0.14769500000000188 0.0027150355378517993 0.15841499999999983 0.014296111262698089 83.468271392389354 143.96590861604219 0.0011823512498728885 157.26542796134086 73.513150820766512 147.51248935389609 -0.0022813225000132818 156.70218333616825 155.82131149607432 -0.00090890872911098886 0.0012629813027265901 0.12599750000000109 0.55710586327472422 0.046732499999999538 0.0029667004770195485 0.00051224844090024706 0.0023260532137402783 0.17498500000000025 74.283258558885436
decision_type=2 2 2 2 2 2 2 2 2 2 2 2 2 2 2 2 2 2 2 2 2 2 2 2
left_child=1 19 8 -4 5 23 7 -3 10 -9 11 -2 13 -12 -13 -14 17 18 -10 -1 -19 22 -18 -5
right_child=2 6 3 4 -6 -7 -8 9 16 -11 12 14 15 -15 -16 -17 21 20 -20 -21 -22 -23 -24 -25
leaf_value=0 -1.2137365098721508e-05 0 0 -1.2703514219232807e-06 0 -2.7170100663853693e-05 0 1.5035647894297681e-05 0 0 0 0 3.329393812713002e-07 -1.5633166486019316e-06 1.5849738965489695e-06 6.8776765632906018e-06 1.6074228996490521e-06 0 -3.2553853197760169e-06 -1.6375887170311918e-06 -9.1749660889308378e-07 0 0 0
leaf_weight=84 72 204 196 68 78 80 32 182 129 35 22077 504 1633 1765 4532 141 236 903 1243 164 467 191 116 63
leaf_count=84 72 204 196 68 78 80 32 182 129 35 22077 504 1633 1765 4532 141 236 903 1243 164 467 191 116 63
internal_value=0 3.76778e-06 -6.92579e-08 -5.23006e-06 -1.09601e-05 -1.5303e-05 7.3704e-06 8.64493e-06 0 1.30594e-05 1.34386e-07 8.56518e-07 0 -1.15911e-07 1.24203e-06 1.41845e-06 -1.21101e-06 -1.70175e-06 -2.82555e-06 0 0 0 8.91129e-07 -3.75602e-07
internal_weight=0 701 34494 485 289 211 453 421 34009 217 30724 5108 25616 23842 5036 1774 3285 2742 1372 248 1370 543 352 131
internal_count=35195 701 34494 485 289 211 453 421 34009 217 30724 5108 25616 23842 5036 1774 3285 2742 1372 248 1370 543 352 131
is_linear=0
shrinkage=0.01


Tree=7
num_leaves=30
num_cat=0
split_feature=27 2 31 2 23 30 19 19 18 8 21 1 4 4 31 8 33 31 27 31 11 31 27 23 18 31 27 19 31
split_gain=8.50887e-05 0.000105099 7.43635e-05 9.95173e-05 0.000129029 4.7982e-05 7.43715e-05 5.55611e-05 3.80674e-05 4.14556e-05 3.62668e-05 3.35962e-05 3.69626e-05 4.09453e-05 4.59891e-05 2.82188e-05 2.54124e-05 2.33904e-05 2.3396e-05 2.95737e-05 1.49329e-05 1.38201e-05 1.36908e-05 9.6748e-06 6.0846e-06 4.1761e-06 1.72206e-06 1.80445e-06 9.84584e-09
threshold=0.007462473795199715 146.7755330999405 0.14698250000000099 142.92288614344798 0.014296111262698089 0.0011109958165045775 -0.0022813225000132818 -0.00037378882988758395 0.18957813902196111 0.0017866435198469644 0.00068460229183494811 157.23048464037296 156.70218333616825 156.14942291125524 0.38842500000000302 0.00056235623997775812 1.0000000180025095e-35 0.12599750000000109 0.00081673325178045493 0.046732499999999538 0.078499999999991146 0.10406499999999926 0.0049942896881630958 0.0017845238850158738 -0.45548087669624232 0.08148999999999916 0.0022884870327872747 0.00052944638131428769 0.16786249999999706
decision_type=2 2 2 2 2 2 2 2 2 2 2 2 2 2 2 2 2 2 2 2 2 2 2 2 2 2 2 2 2
left_child=1 5 -2 -4 -5 7 24 21 9 -8 20 12 13 14 -3 -15 -14 18 19 -13 -9 -1 -18 -23 -7 -20 27 -19 -12
right_child=2 11 3 4 -6 6 8 10 -10 -11 28 17 16 15 -16 -17 22 26 25 -21 -22 23 -24 -25 -26 -27 -28 -29 -30
leaf_value=0 0 6.5857797630461695e-08 0 -1.4891419584218495e-05 0 0 1.9327569707617549e-06 2.3456659641949167e-06 0 8.9187262928669636e-06 -6.4251351130917876e-08 0 0 0 -8.3447048515478472e-06 -3.4795019743798308e-06 2.6550227922873941e-06 1.0961456053374498e-06 0 -2.909683434499343e-06 0 0 0 -3.4701182007641173e-06 -3.9247991843222737e-06 -7.3572833912397449e-07 0 0 0
leaf_weight=68 59 24881 47 173 141 31 990 1598 83 339 238 188 524 506 64 574 1074 293 665 1313 57 30 50 367 39 771 195 33 42
leaf_count=68 59 24881 47 173 141 31 990 1598 83 339 238 188 524 506 64 574 1074 293 665 1313 57 30 50 367 39 771 195 33 42
internal_value=0 9.77445e-08 -4.41149e-06 -6.5733e-06 -9.01712e-06 1.66107e-06 3.21419e-06 2.84975e-07 4.0135e-06 4.46958e-06 1.37799e-06 -6.51024e-08 1.60695e-08 -3.89217e-08 4.02507e-09 -1.95591e-06 1.49084e-06 -1.00374e-06 -1.408e-06 -2.33165e-06 2.10016e-06 -2.11173e-06 2.34909e-06 -2.94941e-06 0 0 0 7.26244e-07 0
internal_weight=0 35013 420 361 314 3882 1482 2400 1412 1329 1935 31131 27673 26025 24945 1080 1648 3458 2937 1501 1655 465 1124 397 70 1436 521 326 280
internal_count=35433 35013 420 361 314 3882 1482 2400 1412 1329 1935 31131 27673 26025 24945 1080 1648 3458 2937 1501 1655 465 1124 397 70 1436 521 326 280
is_linear=0
shrinkage=0.01


Tree=8
num_leaves=24
num_cat=0
split_feature=2 5 2 31 18 32 22 8 11 6 7 19 32 2 5 19 8 4 6 3 31 30 5
split_gain=0.000115555 0.000111536 0.000223729 8.66422e-05 7.90633e-05 6.85586e-05 8.43081e-05 5.523e-05 6.06642e-05 5.13197e-05 5.06842e-05 0.000110151 4.33731e-05 4.13964e-05 3.46765e-05 3.15639e-05 3.43107e-05 1.91966e-05 2.52453e-05 1.34459e-05 7.62517e-06 7.38491e-06 1.58311e-08
threshold=144.80409874510858 144.86397726396893 145.13993803282855 0.12599750000000109 0.18957813902196111 1.8286426055833358 0.0030147634209110505 0.0013864222857954051 0.065000000000011951 0.32169999999999993 0.31450000000000961 -0.0019486755061875248 1.4372246702718894 146.65245808140523 154.51054377422932 -0.00081525946462029377 0.0018377653260618109 146.68673680664907 0.15179999999999869 143.40215625000002 0.1208125000000002 0.00056976278383669696 143.44241074085619
decision_type=2 2 2 2 2 2 2 2 2 2 2 2 2 2 2 2 2 2 2 2 2 2 2
left_child=3 2 -2 19 10 6 7 13 -9 -8 15 -12 -13 -3 17 -5 -17 -7 -19 20 21 -1 -6
right_child=1 5 -4 4 22 14 9 8 -10 -11 11 12 -14 -15 -16 16 -18 18 -20 -21 -22 -23 -24
leaf_value=0 0 1.9427067453444822e-06 -2.1107390750461298e-05 0 -1.1607448411288009e-07 0 0 0 -4.00853182761658e-06 -1.6746944243122655e-05 0 2.0927950801110121e-05 0 -4.36257366768245e-08 0 4.0138447658333509e-06 0 0 5.64869355675227e-06 0 0 -4.5658377352709647e-06 0
leaf_weight=33 216 1082 76 343 117 40 171 1579 736 50 35 88 36 28462 304 975 37 144 439 232 31 136 33
leaf_count=33 216 1082 76 343 117 40 171 1579 736 50 35 88 36 28462 304 975 37 144 439 232 31 136 33
internal_value=0 -1.40465e-07 -6.32713e-06 2.28001e-06 3.42825e-06 -5.53433e-08 -1.62329e-07 -8.76738e-08 -1.57829e-06 -6.38539e-06 4.2588e-06 1.21146e-05 1.66282e-05 0 2.56697e-06 2.59511e-06 3.48332e-06 3.91965e-06 4.43924e-06 0 -2.58963e-06 -3.52581e-06 0
internal_weight=0 33299 292 2096 1664 33007 32080 31859 2315 221 1514 159 124 29544 927 1355 1012 623 583 432 200 169 150
internal_count=35395 33299 292 2096 1664 33007 32080 31859 2315 221 1514 159 124 29544 927 1355 1012 623 583 432 200 169 150
is_linear=0
shrinkage=0.01


Tree=9
num_leaves=31
num_cat=0
split_feature=2 27 5 31 4 8 0 31 31 22 1 4 8 0 30 32 2 18 19 23 31 11 31 32 5 31 32 21 23 11
split_gain=8.19154e-05 8.83596e-05 6.97664e-05 0.000110132 5.85207e-05 4.60942e-05 4.75117e-05 4.30032e-05 3.95082e-05 4.97936e-05 3.81538e-05 3.69768e-05 5.18312e-05 8.92382e-05 4.09236e-05 3.77209e-05 3.18914e-05 3.13768e-05 3.00559e-05 5.24506e-05 2.83685e-05 2.47737e-05 2.03347e-05 3.02263e-05 2.00356e-05 1.94037e-05 1.41797e-05 9.96185e-06 4.44585e-06 2.22584e-06
threshold=157.26542796134086 0.0035011263154722189 142.20776518415337 0.14769500000000188 143.79045732602404 0.00065458212320022337 76.190385487637954 0.11843999999999903 0.12599750000000109 0.00011442687828976064 147.40962592188743 156.93738202856829 0.0013663205389764139 34.921983499287734 0.0012372272252839606 0.87437222468765929 143.43294119965122 0.18957813902196111 0.00050545680390049884 0.0029409277711425299 0.065119999999999664 0.013999999999995795 0.09685000000000174 1.1710315149477892 155.55721538926153 0.044782500000003021 0.61124002785834264 0.00030262391441719102 0.0029667004770195485 0.080500000000000696
decision_type=2 2 2 2 2 2 2 2 2 2 2 2 2 2 2 2 2 2 2 2 2 2 2 2 2 2 2 2 2 2
left_child=2 8 3 28 5 -5 -7 10 9 25 16 12 14 -14 -9 -13 -4 -17 19 -12 -18 -3 -23 -24 -20 -2 -27 29 -1 -10
right_child=1 21 7 4 -6 6 -8 11 27 -11 18 15 13 -15 -16 17 20 -19 24 -21 -22 22 23 -25 -26 26 -28 -29 -30 -31
leaf_value=0 0 0 0 0 0 1.0571719018590187e-05 0 -4.912623335433456e-07 2.3080439350364859e-06 0 2.00266199246231e-07 0 0 -3.3113981101733367e-06 1.1644446834297703e-06 6.6332708136047912e-06 0 0 2.1985491947099594e-06 -2.0849031067367749e-06 2.8449683754465067e-06 0 0 -1.9970375859138748e-05 0 0 -3.4056068346184934e-06 0 -1.6195437647962038e-06 0
leaf_weight=77 108 56 92 65 37 303 64 7786 315 1326 14755 164 798 1591 1689 200 271 49 1136 1070 1497 44 46 55 200 98 1158 104 169 30
leaf_count=77 108 56 92 65 37 303 64 7786 315 1326 14755 164 798 1591 1689 200 271 49 1136 1070 1497 44 46 55 200 98 1158 104 169 30
internal_value=0 -1.48582e-06 1.59735e-07 3.27915e-06 6.31223e-06 7.5355e-06 8.90897e-06 5.64705e-08 -7.16083e-07 -1.37663e-06 3.81155e-07 -3.65115e-07 -5.37058e-07 -1.88912e-06 -9.05372e-08 2.15049e-06 1.80991e-06 4.77316e-06 1.67981e-07 0 2.29117e-06 -8.51238e-06 -1.0834e-05 -1.3722e-05 1.61591e-06 -2.71771e-06 -3.09274e-06 1.01372e-06 0 2.05433e-06
internal_weight=0 3340 32013 715 469 432 367 31298 3139 2690 19021 12277 11864 2389 9475 413 1860 249 17161 15825 1768 201 145 101 1336 1364 1256 449 246 345
internal_count=35353 3340 32013 715 469 432 367 31298 3139 2690 19021 12277 11864 2389 9475 413 1860 249 17161 15825 1768 201 145 101 1336 1364 1256 449 246 345
is_linear=0
shrinkage=0.01


Tree=10
num_leaves=31
num_cat=0
split_feature=2 27 5 31 4 31 30 8 31 1 31 11 0 31 22 1 23 26 23 2 31 31 4 32 27 18 4 23 10 31
split_gain=8.8379e-05 8.84426e-05 7.58524e-05 0.000142846 8.72437e-05 3.64036e-05 3.58704e-05 5.23661e-05 3.63458e-05 0.00010758 6.6544e-05 3.56853e-05 3.62331e-05 3.20941e-05 3.81304e-05 3.19702e-05 2.8729e-05 2.7184e-05 3.32775e-05 2.43963e-05 2.37247e-05 1.79346e-05 1.54429e-05 7.11696e-06 3.58491e-06 3.91427e-06 2.57089e-06 2.11518e-06 9.08919e-07 1.96583e-06
threshold=157.26542796134086 0.0067005891656742303 142.20776518415337 0.15943749999999904 143.79045732602404 0.11843999999999903 0.0011521864340689096 0.00083748342876524269 0.38842500000000302 154.99509619636297 0.18869750000000177 0.0074999999999931797 76.190385487637954 0.12599750000000109 -6.0188218413727039e-05 147.40962592188743 0.0025664157461275368 0.0025811512092338592 0.0011343361943190993 143.43294119965122 0.065119999999999664 0.044782500000003021 157.29544156218131 0.61124002785834264 0.0023260532137402783 0.055584101647639279 150.05119969994101 0.0024966055924485271 7.5187670765780468e-05 0.04835749999999877
decision_type=2 2 2 2 2 2 2 2 2 2 2 2 2 2 2 2 2 2 2 2 2 2 2 2 2 2 2 2 2 2
left_child=2 13 3 27 11 15 7 26 10 -10 -8 -5 -13 14 21 19 -9 18 -17 -4 -21 -2 -19 -23 25 -15 -7 -1 -16 -30
right_child=1 -3 5 4 -6 6 8 16 9 -11 -12 12 -14 24 28 17 -18 22 -20 20 -22 23 -24 -25 -26 -27 -28 -29 29 -31
leaf_value=0 0 -1.8828486168640664e-05 0 0 0 7.6428847924603735e-09 -1.8052823575264803e-07 0 -9.2243985026873478e-06 0 2.0596098845081732e-06 1.1677817180557868e-05 0 1.6150576805723728e-06 0 -8.7747385955518762e-08 -2.5959970594872339e-06 -2.2317787464880792e-06 7.2795832212053815e-07 0 2.5714220866446742e-06 0 0 -3.7932452202774703e-06 0 0 -3.058152264564423e-07 -9.642342765061412e-07 0 -5.0009404204483883e-07
leaf_weight=70 66 37 93 47 37 2313 2196 968 152 38 1933 281 53 287 443 7857 1929 672 8499 272 1490 57 55 922 172 57 2747 227 115 1150
leaf_count=70 66 37 93 47 37 2313 2196 968 152 38 1933 281 53 287 443 7857 1929 672 8499 272 1490 57 55 922 172 57 2747 227 115 1150
internal_value=0 -1.57442e-06 1.41768e-07 3.38281e-06 7.32785e-06 3.54381e-08 -3.50645e-07 -7.84212e-07 2.16617e-07 -3.41233e-06 6.26159e-07 9.04289e-06 1.01947e-05 -1.07043e-06 -1.58937e-06 3.3851e-07 -1.86983e-06 1.37664e-07 2.74986e-07 1.64866e-06 2.06051e-06 -3.20933e-06 -1.57529e-06 -3.58117e-06 0 1.0201e-06 0 0 -1.22855e-08 -2.68378e-07
internal_weight=0 3306 31929 715 418 31214 12276 7957 4319 190 4129 381 334 3269 2753 18938 2897 17083 16356 1855 1762 1045 727 979 516 344 5060 297 1708 1265
internal_count=35235 3306 31929 715 418 31214 12276 7957 4319 190 4129 381 334 3269 2753 18938 2897 17083 16356 1855 1762 1045 727 979 516 344 5060 297 1708 1265
is_linear=0
shrinkage=0.01


Tree=11
num_leaves=28
num_cat=0
split_feature=2 2 27 32 23 5 2 11 18 32 8 19 27 27 19 26 23 32 23 9 4 6 23 25 25 4 4
split_gain=0.000107664 7.60027e-05 0.000101258 5.93614e-05 7.07868e-05 6.48554e-05 6.68522e-05 5.38543e-05 5.81218e-05 3.89233e-05 5.60368e-05 0.000119479 3.42113e-05 3.1653e-05 2.74033e-05 2.34045e-05 2.11344e-05 2.0211e-05 2.0064e-05 1.17932e-05 5.38646e-06 2.62203e-06 1.08464e-05 1.61859e-06 1.46702e-06 1.11371e-06 5.87638e-06
threshold=144.80409874510858 157.26542796134086 0.0067005891656742303 1.8286426055833358 0.0024966055924485271 144.86397726396893 145.13993803282855 0.016000000000005347 0.17076885223221441 1.6031327546787695 0.0017866435198469644 -0.0019486755061875248 0.00071000145996515834 0.0017657574009907538 -0.00037378882988758395 0.00043954055666627821 0.00062740282587946323 0.60570042051374395 0.006870545815346127 0.075000000000002856 154.90332998756708 0.14309999999999976 0.0072472650975338075 0.56074662902348416 -0.97847104173397514 150.29568617490455 146.68673680664907
decision_type=2 2 2 2 2 2 2 2 2 2 2 2 2 2 2 2 2 2 2 2 2 2 2 2 2 2 2
left_child=7 3 12 4 15 6 -6 -1 9 10 14 -12 16 -7 -9 20 -3 -18 25 -17 -2 23 -23 -14 -20 26 -5
right_child=1 2 -4 18 5 13 -8 8 -10 -11 11 -13 21 -15 -16 19 17 -19 24 -21 -22 22 -24 -25 -26 -27 -28
leaf_value=0 -2.118362965275712e-07 0 -2.0058715946542587e-05 0 0 -1.1724563298216392e-06 -1.6260769549706131e-05 0 0 0 0 1.6003291528709443e-05 4.2633494053152917e-07 0 3.5069038787491906e-06 7.5112335788956006e-07 0 -3.1917604118996665e-06 0 0 4.3473752398380431e-07 -2.2030663810083581e-06 0 0 6.3455598267738201e-06 0 1.7567386452673221e-06
leaf_weight=663 7669 136 36 38 158 4397 61 362 133 83 33 144 890 5648 677 8439 125 1119 30 1629 1046 277 69 682 197 276 226
leaf_count=663 7669 136 36 38 158 4397 61 362 133 83 33 144 890 5648 677 8439 125 1119 30 1629 1046 277 69 682 197 276 226
internal_value=0 -1.56207e-07 -1.58803e-06 0 -6.85946e-08 -7.62661e-07 -6.60508e-06 2.17988e-06 3.27271e-06 4.03478e-06 4.5376e-06 1.18819e-05 -1.08024e-06 -5.35416e-07 2.31934e-06 2.57451e-07 -2.29485e-06 -2.74592e-06 2.74887e-06 5.9647e-07 -1.9474e-08 0 -8.69895e-07 0 5.8576e-06 0 6.48892e-07
internal_weight=0 33148 3334 29814 29047 10264 219 2095 1432 1299 1216 177 3298 10045 1039 18783 1380 1244 767 10068 8715 1918 346 1572 227 540 264
internal_count=35243 33148 3334 29814 29047 10264 219 2095 1432 1299 1216 177 3298 10045 1039 18783 1380 1244 767 10068 8715 1918 346 1572 227 540 264
is_linear=0
shrinkage=0.01


Tree=12
num_leaves=26
num_cat=0
split_feature=2 22 14 31 31 19 11 19 11 7 30 8 2 19 31 23 21 31 2 23 6 7 18 7 18
split_gain=0.000113556 8.52256e-05 0.000154573 0.000143229 8.10493e-05 8.14783e-05 7.35307e-05 4.99095e-05 3.49468e-05 3.458e-05 2.70058e-05 3.74901e-05 2.69735e-05 4.94015e-05 3.19334e-05 3.47297e-05 2.94461e-05 2.53667e-05 1.73274e-05 5.33114e-06 8.49397e-06 2.82376e-06 1.99737e-06 1.91583e-05 6.39218e-06
threshold=144.80409874510858 0.0030147634209110505 0.71929652200968008 0.14698250000000099 0.13075000000000062 0.001250670147601166 0.016500000000007734 -0.0019486755061875248 0.072499999999990919 0.31450000000000961 0.0011849400575106399 0.0010503575823230594 147.51248935389609 -0.001157791872553263 0.2500850000000005 0.0026084944679104233 0.00068460229183494811 0.075192499999995818 156.73470595861571 0.0033712780406886475 0.17110000000000272 0.22799999999999446 -0.017281699484854581 0.22550000000001094 -0.29315723468184268
decision_type=2 2 2 2 2 2 2 2 2 2 2 2 2 2 2 2 2 2 2 2 2 2 2 2 2
left_child=4 8 -3 -4 19 6 -6 -8 12 -9 11 -10 13 -2 15 -14 -15 -13 -16 -1 -21 -7 24 -24 -12
right_child=1 2 3 -5 5 21 7 9 10 -11 22 17 14 16 18 -17 -18 -19 -20 20 -22 -23 23 -25 -26
leaf_value=0 -3.1343706565172939e-06 0 0 -2.23725037623632e-05 0 0 0 4.0233486218426497e-06 0 1.7211530994190703e-05 0 0 2.8568534972334167e-08 1.7339369360541641e-06 3.496141926871694e-06 -7.2573301515947926e-07 0 -5.4598598192222768e-06 0 -2.9441095272963716e-06 0 -2.2160536059780723e-06 0 -3.304246571679434e-06 1.182935069771719e-06
leaf_weight=286 151 193 48 77 438 107 50 825 558 99 119 43 19241 2978 364 7721 292 421 83 159 45 57 184 191 474
leaf_count=286 151 193 48 77 438 107 50 825 558 99 119 43 19241 2978 364 7721 292 421 83 159 45 57 184 191 474
internal_value=0 -1.31405e-07 -5.31895e-06 -1.3963e-05 2.28434e-06 3.46139e-06 4.375e-06 5.94047e-06 -5.05927e-08 6.52658e-06 -1.34085e-06 -2.47812e-06 2.75335e-10 8.64752e-07 -7.11527e-08 -1.50359e-07 1.35564e-06 -4.64644e-06 2.46656e-06 0 -1.61459e-06 0 0 -6.82618e-07 2.04278e-07
internal_weight=0 33138 318 125 2066 1576 1412 974 32820 924 1990 1022 30830 3421 27409 26962 3270 464 447 490 204 164 968 375 593
internal_count=35204 33138 318 125 2066 1576 1412 974 32820 924 1990 1022 30830 3421 27409 26962 3270 464 447 490 204 164 968 375 593
is_linear=0
shrinkage=0.01


Tree=13
num_leaves=33
num_cat=0
split_feature=2 27 5 31 4 31 4 31 32 32 30 11 0 31 0 31 18 26 27 31 3 1 4 32 4 6 1 27 18 6 6 5
split_gain=8.78282e-05 0.000148291 6.82864e-05 0.000124912 4.48023e-05 3.95418e-05 4.39651e-05 5.0582e-05 7.18351e-05 4.02171e-05 3.8485e-05 3.53822e-05 3.9627e-05 3.02768e-05 2.51007e-05 2.30159e-05 6.40993e-05 2.51164e-05 2.04433e-05 3.2945e-05 1.62415e-05 1.56168e-05 1.51804e-05 1.40513e-05 7.12586e-06 6.70193e-06 6.4603e-06 5.59442e-06 3.4134e-06 1.05893e-07 6.00375e-07 2.53177e-08
threshold=157.26542796134086 0.0067005891656742303 142.20776518415337 0.15943749999999904 143.79045732602404 0.11843999999999903 156.93738202856829 0.38842500000000302 0.73394055540817404 0.87437222468765929 0.0011521864340689096 0.0074999999999931797 76.190385487637954 0.12599750000000109 76.190385487637954 0.10017999999999781 -0.013352722440345131 0.00043954055666627821 0.00075167230124159232 0.046732499999999538 152.01796875000005 145.37033860326827 155.82131149607432 1.2133917347821883 154.74723496128297 0.081599999999998854 159.85528470655717 0.0023260532137402783 0.055584101647639279 0.17440000000000569 0.090899999999994943 161.02541380174912
decision_type=2 2 2 2 2 2 2 2 2 2 2 2 2 2 2 2 2 2 2 2 2 2 2 2 2 2 2 2 2 2 2 2
left_child=2 13 3 29 11 15 7 10 -9 -8 -7 -5 -13 18 -11 17 20 24 19 -2 -17 -18 -19 -21 -4 31 -27 28 -15 30 -1 -20
right_child=1 -3 5 4 -6 6 9 8 -10 14 -12 12 -14 27 -16 16 21 22 25 23 -22 -23 -24 -25 -26 26 -28 -29 -30 -31 -32 -33
leaf_value=0 0 -2.2223994477274032e-05 -3.926900912049245e-07 0 0 -7.9671501379029992e-07 0 0 -1.1167550382087939e-05 6.6127441654408106e-06 2.8503947518933195e-07 1.0751147635204002e-05 0 1.7459469505032535e-06 0 0 0 7.8541147520130759e-07 6.5814292864563879e-08 -3.8024798887863578e-06 -1.858015501213857e-06 2.2605646037766657e-06 0 0 5.8170385128081445e-08 -1.5677795655085839e-06 0 0 0 0 -6.2726738920536122e-07 0
leaf_weight=46 180 39 6430 44 35 7753 167 68 112 208 3971 277 56 295 45 913 73 6436 584 896 470 2498 1089 255 1112 535 180 173 54 77 179 134
leaf_count=46 180 39 6430 44 35 7753 167 68 112 208 3971 277 56 295 45 913 73 6436 584 896 470 2498 1089 255 1112 535 180 173 54 77 179 134
internal_value=0 -1.53845e-06 1.68658e-07 3.26207e-06 6.9795e-06 6.6241e-08 -3.33829e-07 -5.17198e-07 -6.15894e-06 2.47969e-06 -3.45029e-07 8.06834e-06 9.18129e-06 -9.85322e-07 5.10532e-06 3.78027e-07 1.1013e-06 1.21822e-07 -1.49979e-06 -2.4911e-06 -9.40228e-09 2.08753e-06 5.70864e-07 -3.16807e-06 -1.93633e-07 0 -9.67821e-07 0 1.26518e-06 0 -2.16701e-07 0
internal_weight=0 3325 32059 714 412 31345 12324 11904 180 420 11724 377 333 3286 253 19021 3954 15067 2764 1331 1383 2571 7525 1151 7542 1433 715 522 349 302 225 718
internal_count=35384 3325 32059 714 412 31345 12324 11904 180 420 11724 377 333 3286 253 19021 3954 15067 2764 1331 1383 2571 7525 1151 7542 1433 715 522 349 302 225 718
is_linear=0
shrinkage=0.01


end of trees

feature_importances:
atr_ma=70
ema_slow=31
bb_width=28
bb_upper=27
atr_ratio=26
price_bb_lower_dist=24
ema_cross_pct=21
bb_lower=20
upper_shadow=16
atr_normalized=15
ema_cross=14
rsi=13
atr=13
bb_middle=11
range_pct=11
ema_fast=9
range=9
price_ema_slow_dist=8
price_bb_upper_dist=7
price_ema_fast_dist=6
rsi_normalized=5
bb_position=5
bb_position_normalized=3
rsi_divergence=2
body=1
body_pct=1
signal_convergence=1

parameters:
[boosting: gbdt]
[objective: regression]
[metric: rmse]
[tree_learner: serial]
[device_type: cpu]
[data: ]
[valid: ]
[num_iterations: 500]
[learning_rate: 0.01]
[num_leaves: 50]
[num_threads: 8]
[deterministic: 0]
[force_col_wise: 0]
[force_row_wise: 0]
[histogram_pool_size: -1]
[max_depth: 6]
[min_data_in_leaf: 30]
[min_sum_hessian_in_leaf: 0.001]
[bagging_fraction: 0.9]
[pos_bagging_fraction: 1]
[neg_bagging_fraction: 1]
[bagging_freq: 1]
[bagging_seed: 9057]
[feature_fraction: 0.9]
[feature_fraction_bynode: 1]
[feature_fraction_seed: 15199]
[extra_trees: 0]
[extra_seed: 31159]
[early_stopping_round: 0]
[first_metric_only: 0]
[max_delta_step: 0]
[lambda_l1: 0.1]
[lambda_l2: 0.5]
[linear_lambda: 0]
[min_gain_to_split: 0]
[drop_rate: 0.1]
[max_drop: 50]
[skip_drop: 0.5]
[xgboost_dart_mode: 0]
[uniform_drop: 0]
[drop_seed: 20727]
[top_rate: 0.2]
[other_rate: 0.1]
[min_data_per_group: 100]
[max_cat_threshold: 32]
[cat_l2: 10]
[cat_smooth: 10]
[max_cat_to_onehot: 4]
[top_k: 20]
[monotone_constraints: ]
[monotone_constraints_method: basic]
[monotone_penalty: 0]
[feature_contri: ]
[forcedsplits_filename: ]
[refit_decay_rate: 0.9]
[cegb_tradeoff: 1]
[cegb_penalty_split: 0]
[cegb_penalty_feature_lazy: ]
[cegb_penalty_feature_coupled: ]
[path_smooth: 0]
[interaction_constraints: ]
[verbosity: 1]
[saved_feature_importance_type: 0]
[linear_tree: 0]
[max_bin: 255]
[max_bin_by_feature: ]
[min_data_in_bin: 3]
[bin_construct_sample_cnt: 200000]
[data_random_seed: 218]
[is_enable_sparse: 1]
[enable_bundle: 1]
[use_missing: 1]
[zero_as_missing: 0]
[feature_pre_filter: 1]
[pre_partition: 0]
[two_round: 0]
[header: 0]
[label_column: ]
[weight_column: ]
[group_column: ]
[ignore_column: ]
[categorical_feature: ]
[forcedbins_filename: ]
[precise_float_parser: 0]
[parser_config_file: ]
[objective_seed: 19100]
[num_class: 1]
[is_unbalance: 0]
[scale_pos_weight: 1]
[sigmoid: 1]
[boost_from_average: 1]
[reg_sqrt: 0]
[alpha: 0.9]
[fair_c: 1]
[poisson_max_delta_step: 0.7]
[tweedie_variance_power: 1.5]
[lambdarank_truncation_level: 30]
[lambdarank_norm: 1]
[label_gain: ]
[lambdarank_position_bias_regularization: 0]
[eval_at: ]
[multi_error_top_k: 1]
[auc_mu_weights: ]
[num_machines: 1]
[local_listen_port: 12400]
[time_out: 120]
[machine_list_filename: ]
[machines: ]
[gpu_platform_id: -1]
[gpu_device_id: -1]
[gpu_use_dp: 0]
[num_gpu: 1]

end of parameters

pandas_categorical:[]
