tree
version=v4
num_class=1
num_tree_per_iteration=1
label_index=0
max_feature_idx=26
objective=regression
feature_names=rsi bb_middle bb_upper bb_lower atr range range_pct body body_pct upper_shadow lower_shadow is_bullish rsi_normalized rsi_overbought rsi_oversold rsi_divergence bb_width bb_position bb_position_normalized price_bb_upper_dist price_bb_lower_dist bb_breakout_upper bb_breakout_lower atr_normalized atr_ma atr_ratio signal_convergence
feature_infos=[0:99.999992774566991] [0:161.88062500000001] [0:163.46980690478767] [0:161.79437304114759] [0:1.1185000000000032] [0:3.0139999999999816] [0:0.019088400286395583] [0:2.7609999999999957] [0:0.017392783349291913] [0:1.1620000000000061] [0:1.3590000000000089] [0:1] [-1:0.99999985549133985] [0:1] [0:1] [-89.854942239242206:87.39492126263913] [0:0.040499613571001979] [-0.43688158368442731:1.4336560662958788] [-1.8737631673688546:1.8673121325917577] [-0.0052970182941306683:0.036124521721180282] [-0.0076876891014397734:0.023272312637101344] [0:1] [0:1] [0:0.0071150494268520962] [0:0.79457500000000281] [0:5.222190663820645] [0:1]
tree_sizes=2825 2869 2248 2535 3296 2498 2685 2845 2308 3070 2307 2653 2980 2967 2311 2361 2667 2337 2386 2332 2204

Tree=0
num_leaves=28
num_cat=0
split_feature=2 3 3 1 20 4 20 6 3 4 19 18 12 20 12 8 19 6 9 7 19 0 6 20 4 3 6
split_gain=0.000117199 0.000154924 0.00019451 8.1794e-05 0.000115461 4.0759e-05 6.17347e-05 7.04086e-05 4.7974e-05 3.04936e-05 6.41212e-05 3.57103e-05 3.12082e-05 2.59882e-05 2.42127e-05 2.22834e-05 2.10905e-05 2.01829e-05 1.27526e-05 6.63471e-06 3.78925e-06 1.08707e-05 5.4838e-06 4.12337e-06 2.50888e-06 1.11865e-06 8.32886e-08
threshold=145.55125773387809 144.86397726396893 144.06831578204171 157.28071875000003 0.0067005891656742303 0.15649999999999839 0.0061948612279900048 0.0014559457041790919 144.48458562678016 0.19309999999999977 0.0023486950817906247 -0.24370102063733104 -0.19198643518218536 0.00071000145996515834 -0.46877970031176969 0.00039265623947569759 0.0068631515224707243 0.0013663205389764139 0.068500000000000241 0.01299999999999102 0.0027373127376623184 81.94620738534384 0.0011823512498728885 0.00048834138184284846 0.081599999999998854 144.27950611927272 0.0013663205389764139
decision_type=2 2 2 2 2 2 2 2 2 2 2 2 2 2 2 2 2 2 2 2 2 2 2 2 2 2 2
left_child=5 2 -2 9 13 20 7 25 -9 10 15 -12 19 16 -4 -3 -5 -16 -14 -11 21 22 23 -1 -15 26 -7
right_child=1 3 14 4 -6 6 -8 8 -10 12 11 -13 18 24 17 -17 -18 -19 -20 -21 -22 -23 -24 -25 -26 -27 -28
leaf_value=7.6252981068255304e-06 7.6252981068255304e-06 7.9525740041837715e-06 7.6252981068255304e-06 5.1360514260227602e-06 -1.5279620887929023e-05 8.3092122246338622e-06 7.6252981068255304e-06 1.7270147697477044e-05 7.6252981068255304e-06 7.6252981068255304e-06 5.5937182232849817e-06 7.6252981068255304e-06 8.348624170083222e-06 7.6252981068255304e-06 7.6252981068255304e-06 7.301804945549564e-06 7.6252981068255304e-06 -2.1998806005686542e-05 6.4686409664871023e-06 1.0118474418720055e-05 7.6252981068255304e-06 7.6252981068255304e-06 7.6252981068255304e-06 9.4584482573727622e-06 7.1434303657625406e-06 7.6252981068255304e-06 7.6252981068255304e-06
leaf_weight=156 45 17789 21 1370 30 481 145 354 26 92 2339 271 1152 803 26 6224 24 45 502 1117 219 91 127 723 1080 63 38
leaf_count=156 45 17789 21 1370 30 481 145 354 26 92 2339 271 1152 803 26 6224 24 45 502 1117 219 91 127 723 1080 63 38
internal_value=7.6253e-06 7.47731e-06 -3.17525e-06 7.55247e-06 6.04696e-06 9.75563e-06 1.13141e-05 1.23233e-05 1.6231e-05 7.68743e-06 7.61865e-06 6.09857e-06 8.67613e-06 6.55077e-06 -1.19625e-05 7.74225e-06 5.48583e-06 -1.54016e-05 7.6253e-06 9.90446e-06 7.68419e-06 8.21642e-06 8.83404e-06 9.14041e-06 7.6253e-06 8.04991e-06 8.27143e-06
internal_weight=0 32930 137 32793 3307 2423 1107 962 380 29486 26623 2610 2863 3277 92 24013 1394 71 1654 1209 1316 1097 1006 879 1883 582 519
internal_count=35353 32930 137 32793 3307 2423 1107 962 380 29486 26623 2610 2863 3277 92 24013 1394 71 1654 1209 1316 1097 1006 879 1883 582 519
is_linear=0
shrinkage=1


Tree=1
num_leaves=33
num_cat=0
split_feature=1 1 25 16 6 2 16 25 25 1 25 6 16 16 19 9 12 16 12 18 17 1 25 16 7 2 1 2 19 1 3 3
split_gain=9.22416e-05 7.38204e-05 5.92967e-05 7.4618e-05 5.90379e-05 5.01964e-05 4.88075e-05 6.95373e-05 6.95534e-05 8.85892e-05 4.16633e-05 9.4799e-05 0.000145013 3.30002e-05 3.09952e-05 2.9539e-05 2.14589e-05 2.13434e-05 1.95571e-05 1.3735e-05 1.30056e-05 1.22757e-05 1.17823e-05 1.34181e-05 1.02015e-05 6.12662e-06 1.55617e-06 3.16432e-06 9.34234e-07 7.59677e-07 1.2885e-09 1.59849e-06
threshold=144.80140625000004 157.28071875000003 1.8286426055833358 0.0025664157461275368 0.00083146309128768385 156.93738202856829 0.003230931518364883 1.1665208514826315 1.797333113727523 159.13756250000003 1.6031327546787695 0.0023747237950489373 0.012134542979832406 0.0070371110816448944 0.00045253178362468694 0.0069999999999907922 0.71929652200968008 0.0020432720401195336 0.75740501403527127 0.20446127553253959 1.0000000180025095e-35 146.25553125000002 1.257051518436173 0.00062740282587946323 0.068500000000000241 154.90332998756708 150.06090625000004 146.40842045346957 0.0018117073973340661 160.67937500000002 143.27702776443138 141.18939869231309
decision_type=2 2 2 2 2 2 2 2 2 2 2 2 2 2 2 2 2 2 2 2 2 2 2 2 2 2 2 2 2 2 2 2
left_child=10 2 3 14 19 -6 17 -8 9 -9 11 15 -13 26 25 -1 20 22 21 -5 -17 -15 23 -3 -16 -2 27 -4 29 -19 31 -12
right_child=1 6 13 4 5 -7 7 8 -10 -11 30 12 -14 18 24 16 -18 28 -20 -21 -22 -23 -24 -25 -26 -27 -28 -29 -30 -31 -32 -33
leaf_value=0 -2.3719635709957965e-07 0 0 -4.8767325059093842e-07 -1.7772920147382798e-06 1.0599697603648755e-06 0 -1.2849507332891204e-05 0 0 0 1.8908390003215414e-05 0 0 8.30395821789755e-07 0 0 5.6295207145067123e-07 0 6.090159483504737e-07 2.6073627115911877e-06 8.7751228612146728e-06 0 -1.8973166315224007e-06 0 4.158452672616914e-07 0 1.4404665810371414e-06 0 0 0 -1.6397284353621484e-06
leaf_weight=303 7903 125 30 2148 5258 247 260 211 122 52 26 93 30 24 8194 56 53 534 30 2325 1441 160 239 1474 2034 1086 296 227 195 95 28 59
leaf_count=303 7903 125 30 2148 5258 247 260 211 122 52 26 93 30 24 8194 56 53 534 30 2325 1441 160 239 1474 2034 1086 296 227 195 95 28 59
internal_value=0 -1.27812e-07 0 -4.30163e-08 -7.73167e-07 -1.46827e-06 -1.54798e-06 -4.33899e-06 -7.04009e-06 -9.94516e-06 2.03824e-06 2.54949e-06 1.23798e-05 2.76687e-06 2.84073e-07 1.35428e-06 2.02426e-06 -4.9544e-07 6.54041e-06 0 2.38236e-06 7.76741e-06 -1.23142e-06 -1.57467e-06 6.72829e-07 -4.70399e-08 0 7.77393e-07 0 3.85239e-07 0 -3.88203e-08
internal_weight=0 33269 29962 29195 9978 5505 3307 645 385 263 2089 1976 123 767 19217 1853 1550 2662 214 4473 1497 184 1838 1599 10228 8989 553 257 824 629 113 85
internal_count=35358 33269 29962 29195 9978 5505 3307 645 385 263 2089 1976 123 767 19217 1853 1550 2662 214 4473 1497 184 1838 1599 10228 8989 553 257 824 629 113 85
is_linear=0
shrinkage=0.01


Tree=2
num_leaves=25
num_cat=0
split_feature=20 3 24 24 1 16 1 17 24 3 4 24 20 24 16 16 0 5 20 4 20 24 24 16
split_gain=0.000113401 0.00011361 0.000170482 8.29064e-05 8.86947e-05 6.7268e-05 4.00997e-05 3.93844e-05 3.80022e-05 3.37765e-05 3.4873e-05 3.32312e-05 3.42479e-05 3.49824e-05 3.18026e-05 4.90405e-05 2.55584e-05 2.69543e-05 1.83157e-05 7.94149e-06 7.08612e-06 2.31323e-06 1.32305e-06 5.54087e-08
threshold=0.007462473795199715 142.20776518415337 0.15943749999999904 0.14698250000000099 142.62662500000002 0.014296111262698089 157.23496875000004 0.71932656553326191 0.11843999999999903 147.2868273945692 0.098800000000001401 0.12535250000000095 0.00081673325178045493 0.046732499999999538 0.0037215331200145915 0.0024966055924485271 81.435833080840453 0.067999999999997854 0.0027854485119006502 0.17110000000000272 0.0023580981581241968 0.077520000000002448 0.17813249999999636 0.0024966055924485271
decision_type=2 2 2 2 2 2 2 2 2 2 2 2 2 2 2 2 2 2 2 2 2 2 2 2
left_child=1 2 23 -2 -5 7 8 -6 9 10 -3 12 13 -8 15 -10 17 -4 -11 -16 22 -14 -13 -1
right_child=3 6 16 4 5 -7 11 -9 14 18 -12 20 21 -15 19 -17 -18 -19 -20 -21 -22 -23 -24 -25
leaf_value=0 0 2.8745190976250128e-06 0 0 0 0 0 -1.5770461811870706e-05 0 1.9228219899130088e-08 0 1.7864304766079229e-06 0 -3.2409899784596304e-06 -1.061634844434262e-07 -1.7383732468247097e-06 0 1.0704031895541802e-05 1.7013759283741474e-06 5.0285554529691838e-07 0 -5.2492769355516331e-07 0 -1.5997790901575645e-07
leaf_weight=73 58 1073 20 37 21 143 193 157 3435 16358 746 263 541 1353 2265 3155 22 293 769 3118 183 839 112 216
leaf_count=73 58 1073 20 37 21 143 193 157 3435 16358 746 263 541 1353 2265 3155 22 293 769 3118 183 839 112 216
internal_value=0 1.4161e-08 4.25916e-06 -5.21934e-06 -7.40099e-06 -9.41627e-06 -3.38285e-08 -1.40493e-05 5.03243e-08 3.56441e-07 1.72001e-06 -1.06753e-06 -1.57875e-06 -2.6327e-06 -3.5055e-07 -8.38321e-07 9.19679e-06 9.93322e-06 1.5319e-07 6.08603e-08 0 0 1.37372e-06 0
internal_weight=0 35027 624 416 358 321 34403 178 30919 18946 1819 3484 2926 1546 11973 6590 335 313 17127 5383 558 1380 375 289
internal_count=35443 35027 624 416 358 321 34403 178 30919 18946 1819 3484 2926 1546 11973 6590 335 313 17127 5383 558 1380 375 289
is_linear=0
shrinkage=0.01


Tree=3
num_leaves=29
num_cat=0
split_feature=3 24 20 25 17 15 16 9 0 24 16 20 9 5 7 16 0 5 24 3 3 3 24 1 16 16 1 16
split_gain=9.48752e-05 0.000147371 9.64542e-05 0.000110285 0.000147619 9.47303e-05 7.54835e-05 4.34069e-05 4.71368e-05 4.13652e-05 4.12203e-05 4.33424e-05 3.96294e-05 5.90202e-05 3.83368e-05 3.74248e-05 2.96601e-05 1.67251e-05 1.42999e-05 4.21503e-05 1.35486e-05 1.11127e-05 3.11251e-05 1.04798e-05 2.88388e-06 2.37314e-06 2.04006e-06 9.88078e-07
threshold=142.20776518415337 0.15943749999999904 0.007462473795199715 1.797333113727523 0.71932656553326191 5.070427451258575 0.012134542979832406 0.016500000000007734 76.190385487637954 0.15133249999999709 0.0026084944679104233 0.0013940305491365261 0.044499999999999325 0.22799999999999446 0.16199999999999196 0.0010431805489616757 7.1428435374541062 0.094000000000008313 0.11952499999999945 155.35963516585289 152.15363408453541 157.19597677020835 0.044782500000003021 154.99953125000005 0.003753551222213844 0.0025430692565960862 154.65434375000004 0.0070371110816448944
decision_type=2 2 2 2 2 2 2 2 2 2 2 2 2 2 2 2 2 2 2 2 2 2 2 2 2 2 2 2
left_child=1 25 10 4 -4 9 7 -3 17 -6 15 14 20 -14 16 21 -12 -9 19 -17 -13 26 -23 -20 -16 -1 -2 -27
right_child=2 6 3 -5 5 -7 -8 8 -10 -11 11 12 13 -15 24 18 -18 -19 23 -21 -22 22 -24 -25 -26 27 -28 -29
leaf_value=0 -1.5555429560537911e-07 0 0 0 0 0 0 0 0 -1.9222963525689004e-05 0 8.5387107177146583e-07 0 -3.7464265813576872e-06 0 1.180549868194436e-06 -2.0797301236393696e-06 1.4846676040577807e-05 -2.3717625001028543e-07 0 0 0 -3.1427866256746963e-06 1.1547519853854092e-06 8.1004525587462062e-07 -1.2696832103324759e-06 1.9998963200511308e-07 0
leaf_weight=77 7109 91 56 96 23 37 70 21 45 133 244 3058 1752 640 228 7167 3288 191 2925 2965 2432 145 471 662 439 208 799 21
leaf_count=77 7109 91 56 96 23 37 70 21 45 133 244 3058 1752 640 228 7167 3288 191 2925 2965 2432 145 471 662 439 208 799 21
internal_value=0 3.56325e-06 -9.12531e-08 -5.36141e-06 -9.16554e-06 -1.35871e-05 7.56271e-06 9.50485e-06 1.17952e-05 -1.69936e-05 -9.07027e-09 -5.05709e-07 0 -1.13606e-06 -1.3296e-06 2.15721e-07 -1.78518e-06 1.3812e-05 5.62719e-07 7.54904e-07 3.99226e-07 -2.25449e-07 -1.58283e-06 0 0 0 0 -1.01688e-06
internal_weight=0 724 34669 345 249 193 418 348 257 156 34324 12081 7882 2392 4199 22243 3532 212 13719 10132 5490 8524 616 3587 667 306 7908 229
internal_count=35393 724 34669 345 249 193 418 348 257 156 34324 12081 7882 2392 4199 22243 3532 212 13719 10132 5490 8524 616 3587 667 306 7908 229
is_linear=0
shrinkage=0.01


Tree=4
num_leaves=38
num_cat=0
split_feature=1 16 25 6 4 25 3 23 16 16 9 9 16 12 12 3 25 1 1 1 1 16 16 3 25 15 1 12 4 1 25 23 12 16 16 4 4
split_gain=9.30655e-05 7.19162e-05 7.63086e-05 8.00889e-05 6.90123e-05 8.74917e-05 6.54401e-05 0.000108323 4.23258e-05 4.10716e-05 5.68904e-05 3.92634e-05 2.71291e-05 2.43598e-05 2.10188e-05 1.48111e-05 2.85199e-05 7.01138e-05 1.48275e-05 1.44431e-05 9.98713e-06 9.61787e-06 9.82124e-06 8.61336e-06 8.02815e-06 8.01558e-06 5.03449e-06 4.94385e-06 4.62257e-06 1.45569e-05 6.18342e-06 4.24457e-06 3.04534e-06 2.40715e-06 2.1772e-06 8.43493e-07 1.52562e-06
threshold=144.80140625000004 0.0025664157461275368 1.8286426055833358 0.00083146309128768385 0.15649999999999839 1.738029806589972 144.86397726396893 0.0029097489440929529 0.0063847299407235889 0.014296111262698089 0.016500000000007734 0.03599999999998716 0.0010331774299239429 -0.12452527033013402 0.62807339245878036 155.35963516585289 0.65923944445590477 150.77940625000002 151.20540625000004 157.56393750000004 146.25553125000002 0.0029409277711425299 0.0015958363502948515 155.47251210047639 0.54253582626514951 -10.009845177036452 147.41087500000006 -0.20737354583859527 0.11480000000000105 156.17740625000002 0.6947614121370751 0.00019926702558698494 0.50447545187225085 0.0070371110816448944 0.0031694552594352218 0.051800000000008596 0.11410000000000338
decision_type=2 2 2 2 2 2 2 2 2 2 2 2 2 2 2 2 2 2 2 2 2 2 2 2 2 2 2 2 2 2 2 2 2 2 2 2 2
left_child=4 12 3 13 21 9 7 -5 -4 10 -6 -8 26 25 -12 16 18 -18 -14 20 -10 22 -1 -15 -23 -3 35 -28 30 -30 -17 -29 -24 34 -26 -2 -37
right_child=1 2 8 6 5 -7 11 -9 19 -11 14 -13 15 23 -16 28 17 -19 -20 -21 -22 24 32 -25 33 -27 27 31 29 -31 -32 -33 -34 -35 -36 36 -38
leaf_value=0 0 0 0 -1.3410465278592642e-05 0 0 -2.0089457761227189e-07 0 0 0 7.5172324737396505e-06 -2.3559576873670074e-06 0 7.5098595915451489e-07 0 0 1.9474314374311866e-07 2.4040330210102936e-06 -1.7478020192195961e-06 0 6.6073970327389878e-06 0 2.273839454447191e-06 0 0 -1.3259232405553357e-06 0 0 0 2.5149681282504474e-06 -5.4042837024616158e-07 -5.7255245689364786e-07 0 0 -1.7328364676116493e-06 7.5905262437747415e-07 0
leaf_weight=83 145 185 390 139 224 64 2943 23 26 60 648 2731 597 2515 43 686 6192 2544 500 50 219 23 401 833 52 1524 2704 289 120 289 2414 4753 23 25 477 438 38
leaf_count=83 145 185 390 139 224 64 2943 23 26 60 648 2731 597 2515 43 686 6192 2544 500 50 219 23 401 833 52 1524 2704 289 120 289 2414 4753 23 25 477 438 38
internal_value=0 -8.16683e-08 -7.39549e-07 -1.00744e-06 2.06983e-06 3.92311e-06 -1.80736e-06 -9.3662e-06 2.05939e-06 5.03681e-06 5.61412e-06 -1.41451e-06 2.23143e-07 0 7.0679e-06 5.2247e-07 7.21805e-07 9.52671e-07 -2.05135e-07 4.91548e-06 5.9132e-06 0 1.24705e-06 4.07982e-07 -5.46616e-07 -1.0483e-06 -1.34655e-07 -2.87306e-07 0 9.57476e-07 -1.6736e-07 -4.74186e-07 2.04275e-06 -1.32627e-06 -1.51547e-06 1.59116e-07 4.58302e-07
internal_weight=0 33287 11578 10893 2123 1039 5836 162 685 975 915 5674 21709 5057 691 13342 9833 8736 1097 295 245 1084 507 3348 577 1709 8367 7746 3509 409 3100 5042 424 554 529 621 476
internal_count=35410 33287 11578 10893 2123 1039 5836 162 685 975 915 5674 21709 5057 691 13342 9833 8736 1097 295 245 1084 507 3348 577 1709 8367 7746 3509 409 3100 5042 424 554 529 621 476
is_linear=0
shrinkage=0.01


Tree=5
num_leaves=29
num_cat=0
split_feature=1 20 1 25 3 4 3 25 4 20 9 7 9 3 4 1 20 25 1 25 4 3 3 6 3 25 12 18
split_gain=8.44716e-05 0.000215386 6.63563e-05 5.5874e-05 5.11567e-05 7.08488e-05 0.000103836 4.3786e-05 6.74405e-05 4.45052e-05 3.40189e-05 2.72223e-05 2.6144e-05 2.10208e-05 2.11096e-05 1.87153e-05 1.58781e-05 1.48864e-05 1.19396e-05 1.18877e-05 9.98142e-06 2.92158e-06 3.08165e-06 1.35814e-06 5.95851e-06 7.09277e-06 7.30654e-07 4.9656e-06
threshold=157.28071875000003 0.0067005891656742303 144.80140625000004 1.8286426055833358 144.86397726396893 0.14880000000000423 144.48458562678016 1.6031327546787695 0.15649999999999839 0.011544462819165203 0.0074999999999931797 0.068500000000000241 0.065000000000011951 154.51054377422932 0.14125000000000087 146.25553125000002 0.00081673325178045493 1.918658413559041 147.46681250000003 0.61124002785834264 0.03390000000000129 143.27702776443138 141.18939869231309 0.00046039453434576201 159.73695190695341 0.8356908142159547 0.57021086520992026 -0.6812378497456425
decision_type=2 2 2 2 2 2 2 2 2 2 2 2 2 2 2 2 2 2 2 2 2 2 2 2 2 2 2 2
left_child=2 16 7 4 5 -4 -7 8 26 10 -10 18 -13 14 -5 -16 17 19 -6 -2 -21 22 -9 -18 25 -25 27 -1
right_child=1 -3 3 13 11 6 -8 21 9 -11 -12 12 -14 -15 15 -17 23 -19 -20 20 -22 -23 -24 24 -26 -27 -28 -29
leaf_value=0 0 -2.9300387380988199e-05 0 0 9.3347197443886261e-07 0 -1.4371042427145471e-05 0 0 0 5.8099785758871918e-06 -1.4457039265380699e-07 -2.3883003480298283e-06 0 0 5.1005125695277522e-06 0 0 5.2387999474086778e-08 0 -2.5379491304136193e-06 0 -3.2888636080053131e-06 0 0 -1.6076843451779421e-06 0 8.3422916378488975e-07
leaf_weight=170 181 30 96 136 2190 60 109 28 120 29 782 6702 776 136 36 447 783 44 19178 57 1282 29 55 179 194 557 80 818
leaf_count=170 181 30 96 136 2190 60 109 28 120 29 782 6702 776 136 36 447 783 44 19178 57 1282 29 55 179 194 557 80 818
internal_value=0 -1.52019e-06 1.58529e-07 3.55323e-09 -3.23893e-08 -4.40262e-06 -8.49469e-06 1.87698e-06 2.4311e-06 4.46391e-06 5.04957e-06 0 -5.11265e-07 2.71214e-06 3.51621e-06 4.49527e-06 -9.56325e-07 -1.71196e-06 1.89508e-07 -1.99867e-06 -2.3285e-06 0 -1.87053e-06 0 -3.82045e-07 -9.96712e-07 0 2.71874e-07
internal_weight=0 3307 31977 29866 29111 265 169 2111 1999 931 902 28846 7478 755 619 483 3277 1564 21368 1520 1339 112 83 1713 930 736 1068 988
internal_count=35284 3307 31977 29866 29111 265 169 2111 1999 931 902 28846 7478 755 619 483 3277 1564 21368 1520 1339 112 83 1713 930 736 1068 988
is_linear=0
shrinkage=0.01


Tree=6
num_leaves=31
num_cat=0
split_feature=20 12 24 24 2 24 24 0 5 4 19 24 0 0 19 19 24 2 5 10 24 2 5 24 18 6 2 2 2 12
split_gain=8.73585e-05 9.30988e-05 0.000135432 9.90715e-05 9.05233e-05 4.58324e-05 6.74602e-05 6.34403e-05 3.96146e-05 4.49621e-05 3.52761e-05 8.10529e-05 3.56318e-05 2.95568e-05 2.24875e-05 2.16106e-05 2.08171e-05 3.55317e-05 2.02795e-05 1.72715e-05 1.36587e-05 1.16906e-05 6.47774e-06 3.38162e-06 6.60686e-06 2.531e-06 4.02811e-07 2.20925e-05 2.79498e-06 2.18535e-08
threshold=0.007462473795199715 0.71929652200968008 0.16786249999999706 0.28368000000000043 147.74224819008927 0.2500850000000005 0.38842500000000302 57.708356375448254 0.36849999999999744 0.29299999999999643 0.0019578616743569873 0.14935249999999897 51.712203526788301 79.999935064987071 0.00033180547834952553 0.0032179002063856391 0.11952499999999945 157.34304147360669 0.13000000000000969 0.25300000000000017 0.46716000000000324 156.24144737743404 0.10450000000000161 0.19712750000000245 -0.53174962304205786 0.0016299131092557633 152.2830375275573 143.31592756691941 148.60555029995666 0.99998708341683973
decision_type=2 2 2 2 2 2 2 2 2 2 2 2 2 2 2 2 2 2 2 2 2 2 2 2 2 2 2 2 2 2
left_child=4 26 -3 -4 8 10 7 22 9 14 16 12 -12 19 29 -16 17 -6 -18 -10 25 -13 -7 -11 -25 -8 27 -2 -29 -1
right_child=1 2 3 -5 5 6 20 -9 13 23 11 21 -14 -15 15 -17 18 -19 -20 -21 -22 -23 -24 24 -26 -27 -28 28 -30 -31
leaf_value=-4.6140316947400697e-08 0 0 -2.7806888710286915e-05 0 3.2331658401662398e-07 0 0 0 8.7722904199597552e-06 0 -2.4612839611722007e-06 0 0 0 1.7410861726556486e-06 0 0 -9.1867542078284858e-07 -1.4173710049364519e-06 0 0 1.9388663789543054e-06 8.1312617125461529e-06 0 -4.9896933641737738e-06 -7.2856758144821524e-06 0 -4.7625530258815175e-06 0 0
leaf_weight=1026 26 56 53 24 15212 35 22 222 171 20 2757 1601 142 21 3765 757 3562 2501 1981 26 44 318 262 21 101 30 108 111 39 181
leaf_count=1026 26 56 53 24 15212 35 22 222 171 20 2757 1601 142 21 3765 757 3562 2501 1981 26 44 318 262 21 101 30 108 111 39 181
internal_value=0 -4.5405e-06 -1.15849e-05 -2.01479e-05 6.08142e-08 -1.43518e-07 2.42449e-06 4.46654e-06 1.1877e-06 8.29177e-07 -2.35436e-07 -1.02521e-06 -2.12893e-06 6.24248e-06 1.10571e-06 1.43043e-06 -2.87995e-08 9.14775e-08 -5.93517e-07 7.62086e-06 0 1.21317e-07 7.4941e-06 -3.27479e-06 -3.90328e-06 -5.10065e-06 0 -4.77725e-07 -3.86614e-06 0
internal_weight=0 417 133 77 34778 28689 615 519 6089 5871 28074 4818 2899 218 5729 4522 23256 17713 5543 197 96 1919 297 142 122 52 284 176 150 1207
internal_count=35195 417 133 77 34778 28689 615 519 6089 5871 28074 4818 2899 218 5729 4522 23256 17713 5543 197 96 1919 297 142 122 52 284 176 150 1207
is_linear=0
shrinkage=0.01


Tree=7
num_leaves=33
num_cat=0
split_feature=20 1 24 1 17 15 24 24 0 5 4 24 4 3 5 4 4 5 20 2 20 15 24 3 8 24 18 0 24 4 15 5
split_gain=8.5667e-05 0.000102067 7.46437e-05 0.00010053 0.000113999 4.68558e-05 4.0339e-05 6.55404e-05 6.1294e-05 4.61294e-05 3.45494e-05 6.0165e-05 3.82539e-05 3.37308e-05 4.21443e-05 3.31541e-05 5.15195e-05 2.61404e-05 2.43875e-05 1.96466e-05 1.74967e-05 1.43198e-05 1.39964e-05 1.37478e-05 1.36021e-05 1.31403e-05 1.2796e-05 1.10228e-05 7.67546e-06 4.46886e-06 4.2873e-06 3.69631e-06
threshold=0.007462473795199715 146.78265625000003 0.14698250000000099 142.88978125000003 0.71932656553326191 7.3838342465078997 0.2500850000000005 0.38842500000000302 57.708356375448254 0.1295000000000073 0.16009999999999427 0.2653400000000003 0.09719999999999944 144.48458562678016 0.20449999999999594 0.21089999999999667 0.13669999999999763 0.11549999999999729 0.0043401416955892638 157.34304147360669 0.00068278341699008489 12.911294407574024 0.46716000000000324 145.69966029597927 0.00012507735047209877 0.066164999999999821 -0.43767738792573607 39.655146774692277 0.11952499999999945 0.22144999999999584 -14.79109655038919 0.17050000000000412
decision_type=2 2 2 2 2 2 2 2 2 2 2 2 2 2 2 2 2 2 2 2 2 2 2 2 2 2 2 2 2 2 2 2
left_child=1 10 -2 -4 -5 -6 9 8 17 19 12 18 21 14 -13 16 -11 -8 24 28 -21 25 29 -15 -12 -1 30 -17 -3 -9 -14 -28
right_child=2 6 3 4 5 -7 7 22 -10 15 11 13 26 23 -16 27 -18 -19 -20 20 -22 -23 -24 -25 -26 -27 31 -29 -30 -31 -32 -33
leaf_value=0 0 3.0642078077355124e-07 0 0 -1.4593515613577932e-05 0 0 0 0 0 0 0 0 -7.8047031150730765e-06 6.5067047467004081e-06 1.2874052474577815e-06 -2.1027646915189851e-06 7.8122311122658681e-06 0 -1.5907000206362917e-06 0 0 0 0 5.0871840311596305e-06 3.1949427038213633e-06 6.1970313617981537e-07 0 -6.4952606730891569e-09 -6.591491561780189e-06 -2.1738614853990635e-06 0
leaf_weight=94 59 15302 47 91 196 27 57 20 262 3083 129 41 42 74 104 665 3109 307 199 1211 1740 87 50 37 902 675 962 576 4691 42 361 191
leaf_count=94 59 15302 47 91 196 27 57 20 262 3083 129 41 42 74 104 665 3109 307 199 1211 1740 87 50 37 902 675 962 576 4691 42 361 191
internal_value=0 9.68953e-08 -4.42829e-06 -6.59231e-06 -9.05087e-06 -1.28949e-05 -6.35621e-08 2.16751e-06 3.99992e-06 -1.50719e-07 1.63407e-06 3.01813e-06 3.66405e-07 0 1.20082e-06 -8.42982e-07 -1.17826e-06 6.65698e-06 3.98669e-06 2.99783e-08 -6.67693e-07 2.20101e-06 0 -5.32636e-06 4.61782e-06 2.69316e-06 -7.79736e-10 2.42322e-08 1.82986e-07 -4.73226e-06 -1.7808e-06 0
internal_weight=0 35013 420 361 314 223 31115 738 626 30377 3898 1486 2412 256 145 7433 6192 364 1230 22944 2951 856 112 111 1031 769 1556 1241 19993 62 403 1153
internal_count=35433 35013 420 361 314 223 31115 738 626 30377 3898 1486 2412 256 145 7433 6192 364 1230 22944 2951 856 112 111 1031 769 1556 1241 19993 62 403 1153
is_linear=0
shrinkage=0.01


Tree=8
num_leaves=26
num_cat=0
split_feature=3 24 20 25 17 24 2 6 12 15 1 24 16 16 25 1 25 18 12 25 1 5 12 1 16
split_gain=0.000103322 0.000127579 9.39113e-05 0.000147114 0.000165178 6.78643e-05 6.06704e-05 5.15567e-05 5.17729e-05 4.88839e-05 3.97119e-05 6.41133e-05 4.2639e-05 6.41518e-05 7.39486e-05 3.08419e-05 6.07882e-05 2.99053e-05 2.74585e-05 2.33296e-05 1.93829e-05 1.45937e-05 1.80238e-05 1.42461e-05 2.3897e-06
threshold=142.20776518415337 0.14769500000000188 0.007462473795199715 1.738029806589972 0.71932656553326191 0.15841499999999983 143.79045732602404 0.00065458212320022337 0.52791205123052853 7.3838342465078997 147.50993750000001 0.15943749999999904 0.0025885152672514376 0.006701914616254378 1.3308422354895049 161.47721875000005 0.90132417453980318 0.94956054483245222 -0.4766927822166081 1.6227492976783511 150.77940625000002 0.26449999999999824 -0.0070759799668154945 147.34465625000004 0.0036166494460985756
decision_type=2 2 2 2 2 2 2 2 2 2 2 2 2 2 2 2 2 2 2 2 2 2 2 2 2
left_child=1 24 10 4 -4 -6 7 -3 -9 -7 11 17 15 14 -14 20 -17 18 -2 -15 -12 23 -23 -13 -1
right_child=2 6 3 -5 5 9 -8 8 -10 -11 12 21 13 19 -16 16 -18 -19 -20 -21 -22 22 -24 -25 -26
leaf_value=0 0 0 0 0 0 -1.9192675838138185e-05 0 1.1378475564472386e-05 0 0 -6.3539243174071126e-08 -1.5063043254360308e-06 -4.035498527690403e-07 0 -2.9652442420615994e-06 -8.7664252324116221e-06 0 0 2.4486454272682997e-06 3.4669961305386979e-06 5.1056845642491033e-07 2.9543622871902437e-06 0 0 -1.3532131307674087e-06
leaf_weight=114 643 61 53 98 30 142 38 303 55 21 10643 1360 6311 919 1878 114 136 242 2520 300 8870 206 126 82 130
leaf_count=114 643 61 53 98 30 142 38 303 55 21 10643 1360 6311 919 1878 114 136 242 2520 300 8870 206 126 82 130
internal_value=0 3.80122e-06 -7.51652e-08 -5.27533e-06 -9.92845e-06 -1.45237e-05 7.07401e-06 8.30886e-06 9.75527e-06 -1.70631e-05 0 7.8205e-07 -1.65953e-07 -7.30009e-07 -1.11328e-06 5.19742e-08 -3.29551e-06 1.65929e-06 1.97717e-06 1.02413e-06 1.46192e-07 -3.38174e-07 0 -1.07349e-06 0
internal_weight=0 701 34694 344 246 193 457 419 358 163 34350 5179 29171 9408 8189 19763 250 3405 3163 1219 19513 1774 332 1442 244
internal_count=35395 701 34694 344 246 193 457 419 358 163 34350 5179 29171 9408 8189 19763 250 3405 3163 1219 19513 1774 332 1442 244
is_linear=0
shrinkage=0.01


Tree=9
num_leaves=35
num_cat=0
split_feature=1 20 2 24 24 2 24 24 5 24 12 25 1 25 24 12 23 24 20 24 5 2 2 2 20 1 1 4 23 1 2 4 15 15
split_gain=7.82684e-05 0.000115951 5.99582e-05 5.22459e-05 5.56205e-05 4.63957e-05 0.000108549 4.46496e-05 4.41824e-05 4.29783e-05 6.08451e-05 3.61725e-05 3.79473e-05 3.16324e-05 3.12774e-05 3.07545e-05 2.36361e-05 2.14062e-05 2.12042e-05 2.95146e-05 8.44174e-06 8.2264e-06 1.27519e-05 8.38608e-06 7.99719e-06 5.71507e-06 2.43762e-05 1.27492e-05 4.25862e-06 5.22807e-06 3.38872e-06 2.86847e-06 1.40711e-06 7.93972e-07
threshold=157.23496875000004 0.0087991899924066194 145.55125773387809 0.11952499999999945 0.18128749999999744 153.91341428637486 0.33721250000000441 0.13353250000000033 0.11700000000000445 0.097449999999999357 -0.14457882856700363 1.6227492976783511 144.80140625000004 1.6890613346280385 0.12599750000000109 0.63859759485554535 0.00049397102375223721 0.21515500000000234 0.00081673325178045493 0.046732499999999538 0.025499999999993864 151.77036625728425 155.82131149607432 150.52704543583408 0.0023580981581241968 143.40215625000002 140.69262500000005 0.074300000000003766 0.00051224844090024706 160.02006250000002 150.05119969994101 0.12629999999999914 15.861391402341001 -15.539210902747184
decision_type=2 2 2 2 2 2 2 2 2 2 2 2 2 2 2 2 2 2 2 2 2 2 2 2 2 2 2 2 2 2 2 2 2 2
left_child=2 14 7 9 8 6 -6 25 31 21 30 12 15 -10 18 -9 -12 -7 19 -2 -21 23 -23 -4 32 26 -1 -28 -20 -30 -11 -5 33 -16
right_child=1 -3 3 4 5 17 -8 11 13 10 16 -13 -14 -15 24 -17 -18 -19 28 20 -22 22 -24 -25 -26 -27 27 -29 29 -31 -32 -33 -34 -35
leaf_value=0 0 -2.7334163743411984e-05 0 -3.4389375943108426e-07 2.0359015265830324e-07 0 -7.3287247190198013e-06 3.9522579731207744e-06 -2.1118536412932631e-06 0 0 0 0 0 0 0 2.4513398091971499e-06 4.0630292187525157e-06 0 0 -3.125892465886202e-06 9.4345589103421709e-07 0 -5.9361485965043007e-07 0 2.2618817463234777e-07 0 -4.5748238989842208e-06 -1.3618670291077781e-06 0 -6.1931957745465565e-07 0 0 1.8152357035244871e-06
leaf_weight=37 192 20 7689 2425 2093 540 200 1392 3499 811 423 44 114 333 20 89 2509 436 701 80 1263 2307 1600 2505 185 488 21 203 511 162 883 1248 21 309
leaf_count=37 192 20 7689 2425 2093 540 200 1392 3499 811 423 44 114 333 20 89 2509 436 701 80 1263 2307 1600 2505 185 488 21 203 511 162 883 1248 21 309
internal_value=0 -1.42384e-06 1.58699e-07 1.05151e-09 -5.17945e-07 3.61158e-07 -1.88329e-08 1.68717e-06 -1.0341e-06 3.53043e-07 1.19725e-06 2.62113e-06 3.054e-06 -1.80195e-06 -9.79115e-07 3.5505e-06 2.08237e-06 2.27752e-06 -1.48659e-06 -2.35975e-06 -2.92592e-06 5.14467e-09 4.46422e-07 -6.59029e-08 0 0 -1.44566e-06 -3.64587e-06 0 -7.95181e-07 0 0 1.51051e-06 1.68941e-06
internal_weight=0 3464 31889 29501 10774 3269 2293 2388 7505 18727 4626 1639 1595 3832 3444 1481 2932 976 2909 1535 1343 14101 3907 10194 535 749 261 224 1374 673 1694 3673 350 329
internal_count=35353 3464 31889 29501 10774 3269 2293 2388 7505 18727 4626 1639 1595 3832 3444 1481 2932 976 2909 1535 1343 14101 3907 10194 535 749 261 224 1374 673 1694 3673 350 329
is_linear=0
shrinkage=0.01


Tree=10
num_leaves=26
num_cat=0
split_feature=3 20 1 4 2 9 3 1 19 20 0 1 4 4 19 1 23 23 5 9 1 23 5 0 23
split_gain=8.51662e-05 8.31294e-05 0.000109608 5.3155e-05 6.30917e-05 4.90965e-05 3.77868e-05 3.68709e-05 3.61054e-05 3.19757e-05 2.92046e-05 1.97527e-05 3.81394e-05 2.61303e-05 3.96923e-05 3.48275e-05 2.26277e-05 2.1557e-05 1.25134e-05 1.03696e-05 5.96907e-06 4.03087e-06 5.04901e-06 5.88851e-07 4.32268e-07
threshold=142.20776518415337 0.007462473795199715 157.47806250000005 0.15649999999999839 143.96590861604219 0.0074999999999931797 157.08367057902868 151.70065625000004 0.0031419388964141928 0.00081673325178045493 81.435833080840453 147.50993750000001 0.09719999999999944 0.20530000000000401 0.0020937351338505559 155.70978125000002 0.0010578166793962149 0.00046412633836821196 0.025499999999993864 0.10999999999999945 157.28071875000003 0.00051224844090024706 0.063000000000002401 85.252114607296662 0.00023299344448271672
decision_type=2 2 2 2 2 2 2 2 2 2 2 2 2 2 2 2 2 2 2 2 2 2 2 2 2
left_child=3 6 7 -1 5 -5 11 8 19 18 -7 12 17 14 -13 -15 -14 -2 -8 -3 -20 24 -23 -9 -11
right_child=1 2 -4 4 -6 10 9 23 -10 21 -12 13 16 15 -16 -17 -18 -19 20 -21 -22 22 -24 -25 -26
leaf_value=0 0 -9.4922986774739953e-06 -2.8247654331106766e-05 0 0 9.4435660421909983e-06 0 8.0663743151314122e-07 0 0 0 0 -6.7011195082372386e-07 0 -1.1780268636865561e-06 5.0195487430731543e-06 8.7755358864520613e-07 2.8731926934322485e-06 0 0 -2.4800848238034462e-06 0 -9.8319377491309774e-07 0 5.5982100045976066e-07
leaf_weight=283 488 92 24 58 30 310 133 90 57 26 34 20897 1877 1426 3160 225 1843 978 101 26 1413 169 759 44 692
leaf_count=283 488 92 24 58 30 310 133 90 57 26 34 20897 1877 1426 3160 225 1843 978 101 26 1413 169 759 44 692
internal_value=0 -9.01761e-08 -5.0747e-06 3.39274e-06 5.59757e-06 7.02446e-06 -1.23001e-08 -1.11211e-09 -4.58356e-06 -1.0525e-06 8.4795e-06 6.62217e-08 6.37542e-07 -1.01416e-08 -1.31617e-07 1.15389e-06 0 2.00953e-06 -2.03847e-06 -7.84751e-06 -2.31225e-06 0 -4.96931e-07 0 4.91829e-07
internal_weight=0 34520 333 715 432 402 34187 309 175 3293 344 30894 5186 25708 24057 1651 3720 1466 1647 118 1514 1646 928 134 718
internal_count=35235 34520 333 715 432 402 34187 309 175 3293 344 30894 5186 25708 24057 1651 3720 1466 1647 118 1514 1646 928 134 718
is_linear=0
shrinkage=0.01


Tree=11
num_leaves=30
num_cat=0
split_feature=1 1 20 25 16 9 25 23 16 6 1 20 19 16 16 16 0 20 7 0 17 16 7 1 16 6 16 1 1
split_gain=9.3366e-05 7.36952e-05 0.000161739 5.7384e-05 7.01285e-05 4.81317e-05 4.775e-05 5.13927e-05 4.5992e-05 4.39343e-05 3.70897e-05 3.13157e-05 2.52827e-05 2.04354e-05 2.348e-05 1.81976e-05 1.43595e-05 1.12005e-05 1.10548e-05 1.03168e-05 7.95912e-06 6.87995e-06 6.27431e-06 5.18348e-06 1.96503e-06 9.7254e-06 1.75633e-06 1.31531e-06 6.14177e-06
threshold=144.80140625000004 157.28071875000003 0.0087991899924066194 1.8286426055833358 0.0024966055924485271 0.016000000000005347 1.7129423891514177 0.0011002824200706752 0.014296111262698089 0.00083146309128768385 156.66534375000001 0.00071000145996515834 0.00043954055666627821 0.00062740282587946323 0.0065449090659539565 0.006870545815346127 88.287724682291497 0.0017657574009907538 0.075000000000002856 81.94620738534384 0.13094977276044287 0.0034074212456120215 0.0045000000000072768 155.34937500000004 0.0031694552594352218 0.00054405701868318653 0.0020432720401195336 150.06090625000004 146.44046875000001
decision_type=2 2 2 2 2 2 2 2 2 2 2 2 2 2 2 2 2 2 2 2 2 2 2 2 2 2 2 2 2
left_child=5 3 11 4 12 -1 7 21 19 17 -11 13 23 -3 -15 27 20 -6 -14 -9 -17 22 -7 -2 26 -26 -13 28 -5
right_child=1 2 -4 15 9 6 -8 8 -10 10 -12 24 18 14 -16 16 -18 -19 -20 -21 -22 -23 -24 -25 25 -27 -28 -29 -30
leaf_value=0 -2.1113830176118661e-07 0 -3.1604037691112151e-05 0 -6.2804083632727878e-07 0 0 6.7279262800382199e-06 0 -1.5937043019956327e-06 5.0036052306225624e-07 0 7.6708616401368067e-07 -3.0258306458400737e-06 0 0 0 3.7088922935111481e-07 0 0 8.6483515193624082e-06 0 1.9540633139567494e-06 4.381661922437419e-07 0 -1.8236969038638503e-06 5.4445168246991884e-07 0 1.8266098197509114e-06
leaf_weight=667 7769 136 20 35 1867 26 59 640 44 5450 200 763 8417 1233 27 70 30 2787 1634 37 129 289 344 928 191 351 592 285 223
leaf_count=667 7769 136 20 35 1867 26 59 640 44 5450 200 763 8417 1233 27 70 30 2787 1634 37 129 289 344 928 191 351 592 285 223
internal_value=0 -1.4562e-07 -1.56082e-06 0 -5.989e-08 2.02452e-06 3.05639e-06 3.63313e-06 5.69024e-06 -7.4969e-07 -1.34256e-06 -1.06995e-06 2.659e-07 -2.22314e-06 -2.66398e-06 2.70064e-06 5.69905e-06 0 6.18696e-07 6.42419e-06 6.6754e-06 0 1.36269e-06 -2.68585e-08 0 -6.01845e-07 0 0 7.1332e-07
internal_weight=0 33137 3313 29824 29052 2106 1439 1380 721 10304 5650 3293 18748 1396 1260 772 229 4654 10051 677 199 659 370 8697 1897 542 1355 543 258
internal_count=35243 33137 3313 29824 29052 2106 1439 1380 721 10304 5650 3293 18748 1396 1260 772 229 4654 10051 677 199 659 370 8697 1897 542 1355 543 258
is_linear=0
shrinkage=0.01


Tree=12
num_leaves=34
num_cat=0
split_feature=2 16 25 25 24 9 25 16 8 16 2 23 17 24 16 2 15 5 15 24 2 16 23 2 24 24 16 2 9 24 23 23 2
split_gain=9.8316e-05 5.80043e-05 5.55163e-05 6.87495e-05 5.54186e-05 5.67e-05 4.7812e-05 3.69227e-05 3.17868e-05 3.14778e-05 3.80008e-05 2.6577e-05 3.91784e-05 3.5639e-05 2.51605e-05 2.43982e-05 1.9509e-05 1.5728e-05 1.52441e-05 1.40843e-05 2.09354e-05 9.26609e-06 7.75947e-06 6.08571e-06 7.32074e-06 5.69551e-06 1.34188e-06 1.13149e-06 5.41412e-07 1.44932e-06 1.68876e-07 1.03906e-06 1.02725e-07
threshold=145.55125773387809 0.0025885152672514376 1.8286426055833358 1.1946487438824813 0.13075000000000062 0.0069999999999907922 1.6031327546787695 0.014296111262698089 9.8429121026130458e-05 0.006870545815346127 159.76125548157444 0.0011521864340689096 0.25273683918772555 0.33721250000000441 0.0010331774299239429 146.96918021167761 -12.949807380448194 0.11549999999999729 8.924041941574762 0.1172599999999981 155.82131149607432 0.0033712780406886475 0.0012215243027290355 147.51202330521593 0.037664999999997027 0.072822499999995224 0.0019881287961803031 151.14064939663569 0.035000000000010807 0.1763600000000006 0.00035347535241546558 0.00067109639825761399 150.29568617490455
decision_type=2 2 2 2 2 2 2 2 2 2 2 2 2 2 2 2 2 2 2 2 2 2 2 2 2 2 2 2 2 2 2 2 2
left_child=4 14 3 11 21 -6 7 8 -7 32 15 12 -3 -13 23 -11 -5 -18 19 20 -16 26 -23 30 -25 -26 -1 -21 29 -20 -2 -32 -4
right_child=1 2 9 16 5 6 -8 -9 -10 10 -12 13 -14 -15 18 -17 17 -19 28 27 -22 22 -24 24 25 -27 -28 -29 -30 -31 31 -33 -34
leaf_value=0 0 -2.3376661156581265e-06 0 0 0 0 0 0 5.2540781029422723e-06 0 0 1.5867581873771154e-06 0 -1.4801023942291275e-06 1.1317445953972987e-06 6.8274857486008579e-06 0 -2.8176683663114552e-06 -3.4614349224130906e-07 -1.5842382904606401e-07 0 -3.108255652887896e-06 0 0 -7.0285384716481922e-07 0 8.2920884473644405e-07 2.3847241824317466e-07 0 0 5.6945353906045754e-07 0 -2.049742911892924e-07
leaf_weight=214 154 1163 169 214 249 183 47 39 1164 24 24 1461 4219 217 5885 235 815 2510 1661 1706 2313 172 46 823 4691 2118 247 1236 436 67 372 86 244
leaf_count=214 154 1163 169 214 249 183 47 39 1164 24 24 1461 4219 217 5885 235 815 2510 1661 1706 2313 172 46 823 4691 2118 247 1236 436 67 372 86 244
internal_value=0 -1.29313e-07 -7.25551e-07 -9.66821e-07 1.9826e-06 2.96831e-06 3.78109e-06 4.26962e-06 4.63653e-06 1.51093e-06 4.08802e-06 -2.30451e-07 -6.73335e-07 5.94057e-07 1.36825e-07 5.73597e-06 -2.15305e-06 -2.34959e-06 4.34524e-07 6.01932e-07 8.14942e-07 0 -2.01893e-06 -2.223e-07 -3.64848e-07 -5.06666e-07 2.79258e-07 0 0 -1.76982e-07 0 1.91917e-07 0
internal_weight=0 32843 11295 10599 2361 1682 1433 1386 1347 696 283 7060 5382 1678 21548 259 3539 3325 13304 11140 8198 679 218 8244 7632 6809 461 2942 2164 1728 612 458 413
internal_count=35204 32843 11295 10599 2361 1682 1433 1386 1347 696 283 7060 5382 1678 21548 259 3539 3325 13304 11140 8198 679 218 8244 7632 6809 461 2942 2164 1728 612 458 413
is_linear=0
shrinkage=0.01


Tree=13
num_leaves=34
num_cat=0
split_feature=20 1 1 25 5 1 1 6 18 17 10 1 24 1 24 24 2 17 24 20 12 24 1 4 24 20 12 17 24 10 10 19 4
split_gain=8.17535e-05 0.000145467 0.000106786 8.63108e-05 6.08085e-05 5.85068e-05 8.60624e-05 5.45592e-05 4.64478e-05 3.28842e-05 3.26071e-05 2.35675e-05 3.15266e-05 2.73793e-05 3.571e-05 4.3763e-05 3.77002e-05 2.02144e-05 1.77823e-05 2.61485e-05 1.69447e-05 1.64382e-05 1.62631e-05 1.56198e-05 1.2153e-05 6.61923e-06 5.17718e-06 3.73132e-06 3.65917e-06 3.01348e-06 4.84703e-06 2.89588e-06 7.10995e-07
threshold=0.0061948612279900048 157.47806250000005 146.78265625000003 1.4162806612228693 0.20000000000000287 153.33134375000003 142.62662500000002 0.0023747237950489373 -0.093867334660404131 0.91772476067568609 0.25300000000000017 157.23496875000004 0.12599750000000109 156.66534375000001 0.11843999999999903 0.18322750000000224 155.82131149607432 0.55710586327472422 0.15448500000000281 -0.00018714471381392307 0.74574163026978724 0.046732499999999538 144.80140625000004 0.2826000000000008 0.058222499999999837 0.0023260532137402783 0.56235308776771586 1.0302226648548281 0.17813249999999636 0.029999999999986929 0.075000000000002856 0.0023486950817906247 0.081599999999998854
decision_type=2 2 2 2 2 2 2 2 2 2 2 2 2 2 2 2 2 2 2 2 2 2 2 2 2 2 2 2 2 2 2 2 2
left_child=2 3 7 4 -2 6 -6 8 29 23 18 13 17 14 16 -16 -4 21 -9 -20 22 -13 -5 -10 -15 28 -26 -24 -14 31 -31 -1 -19
right_child=1 -3 11 20 5 -7 -8 10 9 -11 -12 12 25 24 15 -17 -18 32 19 -21 -22 -23 27 -25 26 -27 -28 -29 -30 30 -32 -33 -34
leaf_value=8.5217442491700268e-07 0 -2.2895024631939392e-05 3.5129513867277971e-07 0 0 0 -1.4222810227994125e-05 0 2.8229629933609705e-06 0 0 0 2.0917996541018865e-06 0 -1.0366207846962848e-06 2.7009975668643712e-07 -1.419535941463421e-06 0 0 1.2918311952113525e-05 0 -2.6620439285415109e-06 6.8198032000075175e-06 0 2.1018622831143738e-06 0 0 0 0 -1.2100617338461326e-06 0 0 -3.7995314230799052e-07
leaf_weight=407 228 42 15609 28 23 47 140 40 1692 321 28 123 239 274 6871 2468 1154 947 20 118 72 1324 100 33 989 155 107 22 111 532 239 389 492
leaf_count=407 228 42 15609 28 23 47 140 40 1692 321 28 123 239 274 6871 2468 1154 947 20 118 72 1324 100 33 989 155 107 22 111 532 239 389 492
internal_value=0 -3.36699e-06 7.8066e-08 -5.93903e-07 -4.24015e-06 -8.14494e-06 -1.10088e-05 1.67049e-06 1.05114e-06 2.0544e-06 7.66168e-06 -8.66043e-08 -8.73586e-07 0 -6.17455e-08 -5.84228e-07 1.69695e-07 -1.4078e-06 9.28314e-06 1.11312e-05 2.09902e-06 -2.31272e-06 4.21576e-06 2.62897e-06 1.3875e-06 1.99514e-07 1.87472e-06 5.92545e-06 1.39496e-06 0 -6.18372e-07 8.92083e-08 0
internal_weight=0 702 34682 660 438 210 163 3819 3613 2046 206 30863 3391 27472 26102 9339 16763 2886 178 138 222 1447 150 1725 1370 505 1096 122 350 1567 771 796 1439
internal_count=35384 702 34682 660 438 210 163 3819 3613 2046 206 30863 3391 27472 26102 9339 16763 2886 178 138 222 1447 150 1725 1370 505 1096 122 350 1567 771 796 1439
is_linear=0
shrinkage=0.01


Tree=14
num_leaves=26
num_cat=0
split_feature=3 20 25 18 15 4 25 1 0 0 9 16 12 23 15 16 0 5 23 3 3 25 4 18 1
split_gain=8.72157e-05 0.000101388 9.21485e-05 0.000149927 6.17596e-05 6.13363e-05 6.47499e-05 5.4398e-05 4.24577e-05 4.17662e-05 4.08336e-05 3.21519e-05 4.18863e-05 4.64147e-05 4.30426e-05 3.04122e-05 2.76835e-05 2.60853e-05 3.4304e-05 1.36317e-05 1.02927e-05 1.67417e-05 8.41737e-06 5.098e-06 6.1928e-06
threshold=142.20776518415337 0.007462473795199715 1.797333113727523 0.43840939004832918 7.3838342465078997 0.15649999999999839 1.6031327546787695 142.88978125000003 84.062881364885769 76.190385487637954 0.0074999999999931797 0.0026084944679104233 0.033332615741343129 0.0013601567753080547 -4.2617388175696211 0.0010331774299239429 42.361430867985128 0.119000000000014 0.0012098726810208106 155.47251210047639 155.80241846016995 0.65923944445590477 0.11480000000000105 -0.075585881283625186 146.87903125000003
decision_type=2 2 2 2 2 2 2 2 2 2 2 2 2 2 2 2 2 2 2 2 2 2 2 2 2
left_child=5 11 3 -3 8 -1 7 9 -5 10 -7 15 13 14 -13 23 -15 19 -19 -14 21 -17 -22 -2 -25
right_child=1 2 -4 4 -6 6 -8 -9 -10 -11 -12 12 17 16 -16 20 -18 18 -20 -21 22 -23 -24 24 -26
leaf_value=0 0 0 0 0 0 0 0 0 -2.2405567341019121e-05 0 1.1893405754913507e-05 0 1.2862782298828055e-06 1.1481088728807693e-06 -2.1896032953141895e-06 0 -1.6915829537419959e-06 -1.4063527770095049e-06 3.6801389063295066e-07 0 -1.809847704904809e-07 8.2059642386064474e-07 1.5611361066091133e-06 0 -5.7177416273420461e-07
leaf_weight=290 3904 59 88 81 26 45 51 24 89 63 246 1402 2092 1265 3202 1278 384 1913 1174 661 2669 9596 309 196 4293
leaf_count=290 3904 59 88 81 26 45 51 24 89 63 246 1402 2092 1265 3202 1278 384 1913 1174 661 2669 9596 309 196 4293
internal_value=0 -6.82957e-08 -5.47604e-06 -8.73963e-06 -1.32519e-05 3.44918e-06 5.84898e-06 7.47844e-06 -1.54472e-05 8.66363e-06 1.02766e-05 0 -4.28758e-07 -1.01229e-06 -1.54912e-06 2.11171e-07 0 2.486e-08 -4.07716e-07 8.73077e-07 5.20896e-07 6.63542e-07 0 -1.80867e-07 -4.17987e-07
internal_weight=0 34681 343 255 196 719 429 378 170 354 291 34338 12093 6253 4604 22245 1649 5840 3087 2753 13852 10874 2978 8393 4489
internal_count=35400 34681 343 255 196 719 429 378 170 354 291 34338 12093 6253 4604 22245 1649 5840 3087 2753 13852 10874 2978 8393 4489
is_linear=0
shrinkage=0.01


Tree=15
num_leaves=27
num_cat=0
split_feature=3 24 2 3 24 4 24 3 2 4 2 24 6 12 9 24 2 24 2 24 24 18 4 6 17 9
split_gain=7.70627e-05 0.000122849 6.48481e-05 6.40908e-05 6.81036e-05 6.47094e-05 5.7842e-05 5.43632e-05 5.52538e-05 4.73906e-05 7.01338e-05 4.51464e-05 3.72559e-05 3.49916e-05 5.29917e-05 2.89624e-05 2.69325e-05 2.2898e-05 2.27594e-05 2.06032e-05 2.03518e-05 1.78491e-05 2.06801e-05 7.42783e-06 3.27058e-06 5.12756e-07
threshold=142.20776518415337 0.15943749999999904 143.96590861604219 157.08367057902868 0.38842500000000302 0.14494999999999722 0.46716000000000324 157.93464421454033 157.80536470518697 0.21089999999999667 146.92189798818833 0.11843999999999903 0.0016299131092557633 0.52791205123052853 0.016500000000007734 0.2432024999999963 147.89815518917268 0.18322750000000224 145.55125773387809 0.12535250000000095 0.093945000000000015 0.17920457256582359 0.10770000000000125 0.00079571141241396718 0.75581206050533711 0.03599999999998716
decision_type=2 2 2 2 2 2 2 2 2 2 2 2 2 2 2 2 2 2 2 2 2 2 2 2 2 2
left_child=1 -1 13 4 9 19 12 8 -7 11 18 20 -6 14 -3 -10 -13 -12 -11 21 -2 22 -5 -16 -21 -14
right_child=3 2 -4 5 6 7 -8 -9 15 10 17 16 25 -15 23 -17 -18 -19 -20 24 -22 -23 -24 -25 -26 -27
leaf_value=0 1.343710226612219e-09 0 0 -2.3692418540779293e-06 0 0 0 0 -1.298564353374321e-05 0 0 7.8098931813777151e-09 0 0 0 0 -8.7630973691115783e-07 3.7075940458830227e-06 -3.3971210122321481e-06 1.3213923665127497e-06 8.1782342193820871e-07 0 0 1.3612406790524772e-05 0 -1.7003200672407476e-05
leaf_weight=306 13410 91 30 1214 38 33 91 106 153 217 838 2605 20 66 44 21 7353 1034 214 221 5376 1279 205 193 68 55
leaf_count=306 13410 91 30 1214 38 33 91 106 153 217 838 2605 20 66 44 21 7353 1034 214 221 5376 1279 205 193 68 55
internal_value=0 3.21366e-06 6.8346e-06 -6.84641e-08 4.07358e-08 -1.40542e-06 -5.63107e-06 -6.19366e-06 -9.17372e-06 1.10302e-07 1.49041e-06 0 -1.03968e-05 8.16714e-06 9.52656e-06 -1.14776e-05 -5.4462e-07 2.52419e-06 -6.79931e-07 -5.67994e-07 2.88241e-07 -1.04812e-06 -1.82915e-06 1.2159e-05 4.54106e-07 -1.45549e-05
internal_weight=0 730 424 34551 31251 3300 204 313 207 31047 2303 28744 113 394 328 174 9958 1872 431 2987 18786 2698 1419 237 289 75
internal_count=35281 730 424 34551 31251 3300 204 313 207 31047 2303 28744 113 394 328 174 9958 1872 431 2987 18786 2698 1419 237 289 75
is_linear=0
shrinkage=0.01


Tree=16
num_leaves=30
num_cat=0
split_feature=2 3 4 4 3 4 16 19 20 3 23 16 5 19 0 20 5 5 20 23 9 16 16 3 23 16 4 20 23
split_gain=8.62813e-05 0.000108462 0.000175319 7.92639e-05 4.40925e-05 8.48814e-05 8.4106e-05 0.000101218 4.36382e-05 3.37115e-05 3.10207e-05 5.74865e-05 5.09199e-05 3.4799e-05 3.07427e-05 2.529e-05 2.26679e-05 1.85159e-05 1.45002e-05 1.25332e-05 9.65399e-06 9.49351e-06 6.11237e-06 9.38696e-06 4.57301e-06 3.0945e-06 1.97996e-06 1.46299e-06 5.34064e-07
threshold=145.55125773387809 144.86397726396893 0.54009999999999969 0.15649999999999839 157.03657779196632 0.14494999999999722 0.0028834946110962612 0.0057969559311303346 0.007462473795199715 144.27950611927272 0.0013601567753080547 0.0025430692565960862 0.119000000000014 0.00043954055666627821 40.464442158601166 0.00062454369768429106 0.20650000000000548 0.24250000000000685 0.0058162764391704166 0.00068743310778649402 0.010500000000007505 0.0033374538123765178 0.0072472650975338075 143.27702776443138 0.00082594064153643806 0.0013036873020823708 0.20805000000000437 0.0033634126785983243 0.00046412633836821196
decision_type=2 2 2 2 2 2 2 2 2 2 2 2 2 2 2 2 2 2 2 2 2 2 2 2 2 2 2 2 2
left_child=3 2 26 21 10 15 -7 -8 9 16 11 13 -13 -3 18 19 20 -16 -12 -6 -5 24 23 -23 25 -1 -2 -17 -27
right_child=1 4 -4 8 5 6 7 -9 -10 -11 14 12 -14 -15 17 27 -18 -19 -20 -21 -22 22 -24 -25 -26 28 -28 -29 -30
leaf_value=0 0 -1.113396937957542e-07 0 0 -1.8380903468434419e-06 0 -1.1967184911214129e-05 0 0 0 2.7486536727817713e-06 0 -1.5005808189148334e-06 6.7836709467838646e-07 1.0624037559481544e-06 2.8801972479679967e-07 8.5168293978234238e-06 -1.3584688754457844e-06 0 0 1.917845354845494e-06 -2.6471921798103885e-06 0 0 0 0 -2.0246764632183002e-05 0 1.8971634998033846e-06
leaf_weight=99 35 8571 34 84 1189 67 217 41 96 89 1021 3984 4236 10159 820 1768 351 501 22 102 449 268 22 234 261 43 70 80 399
leaf_count=99 35 8571 34 84 1189 67 217 41 96 89 1021 3984 4236 10159 820 1768 351 501 22 102 449 268 22 234 261 43 70 80 399
internal_value=0 -1.06279e-07 -8.9484e-06 1.8565e-06 -3.8139e-08 -1.1225e-06 -6.22579e-06 -9.01903e-06 3.88987e-06 4.59411e-06 5.59031e-08 -4.04553e-09 -7.35545e-07 2.63609e-07 1.16211e-06 -2.74698e-07 5.20009e-06 0 2.45076e-06 -1.46332e-06 1.13554e-06 0 -7.95142e-07 -1.36979e-06 8.77362e-07 1.409e-06 -1.64942e-05 1.4857e-08 1.76884e-06
internal_weight=0 32917 139 2395 32778 3464 325 258 1069 973 29314 26950 8220 18730 2364 3139 884 1321 1043 1291 533 1326 524 502 802 541 105 1848 442
internal_count=35312 32917 139 2395 32778 3464 325 258 1069 973 29314 26950 8220 18730 2364 3139 884 1321 1043 1291 533 1326 524 502 802 541 105 1848 442
is_linear=0
shrinkage=0.01


Tree=17
num_leaves=26
num_cat=0
split_feature=20 1 24 1 25 18 24 1 24 2 25 24 19 6 0 24 24 20 24 25 19 16 23 23 20
split_gain=0.000129522 0.000115602 0.000108105 8.51908e-05 0.000121215 9.33644e-05 7.30002e-05 4.12208e-05 4.13564e-05 4.28503e-05 4.42448e-05 3.63122e-05 3.92289e-05 3.60302e-05 3.55922e-05 3.55292e-05 2.43546e-05 3.01403e-05 3.15841e-05 2.03845e-05 1.09788e-05 6.05884e-06 4.58745e-06 3.13831e-06 3.03898e-06
threshold=0.007462473795199715 144.80140625000004 0.13143500000000116 142.62662500000002 1.797333113727523 0.43840939004832918 0.14935249999999897 157.23496875000004 0.11952499999999945 156.87495040364169 0.87437222468765929 0.093945000000000015 0.0020266089827203691 0.000711681580531606 82.898482530689193 0.18322750000000224 0.12599750000000109 0.00071000145996515834 0.046732499999999538 1.6227492976783511 0.00043954055666627821 0.0034434431503419659 0.00051224844090024706 0.0012215243027290355 0.0023260532137402783
decision_type=2 2 2 2 2 2 2 2 2 2 2 2 2 2 2 2 2 2 2 2 2 2 2 2 2
left_child=1 2 21 -2 5 -5 -7 8 11 15 -11 20 -13 -4 19 -10 17 18 -9 -15 -3 -1 -19 -23 -18
right_child=3 7 13 4 -6 6 -8 16 9 10 -12 12 -14 14 -16 -17 24 22 -20 -21 -22 23 -24 -25 -26
leaf_value=0 0 -1.7569708965598519e-07 0 0 0 0 -1.5748329773128227e-05 0 -9.9760228156326685e-07 0 5.3941433466057684e-06 1.4893323764369955e-06 0 5.5716852432293794e-06 0 4.7362721451517781e-08 9.2982516369913113e-07 0 -3.2983731367771866e-06 0 3.7152787893734564e-07 -2.4477812892822876e-06 -7.8026858539849378e-07 0 0
leaf_weight=333 44 6921 359 66 83 20 201 177 7281 191 228 4582 881 1024 43 2868 351 785 1161 28 6421 153 753 43 179
leaf_count=333 44 6921 359 66 83 20 201 177 7281 191 228 4582 881 1024 43 2868 351 785 1161 28 6421 153 753 43 179
internal_value=0 8.56988e-08 2.43835e-06 -5.53461e-06 -7.56724e-06 -1.07683e-05 -1.38802e-05 -2.61556e-08 6.2881e-08 -3.93835e-07 2.30258e-06 3.72725e-07 1.06884e-06 3.94213e-06 4.89101e-06 -6.03791e-07 -1.08745e-06 -1.49904e-06 -2.66101e-06 5.31799e-06 1.27172e-08 0 0 -1.75596e-06 0
internal_weight=0 34762 1983 414 370 287 221 32779 29373 10568 419 18805 5463 1454 1095 10149 3406 2876 1338 1052 13342 529 1538 196 530
internal_count=35176 34762 1983 414 370 287 221 32779 29373 10568 419 18805 5463 1454 1095 10149 3406 2876 1338 1052 13342 529 1538 196 530
is_linear=0
shrinkage=0.01


Tree=18
num_leaves=27
num_cat=0
split_feature=3 4 20 25 12 2 25 12 9 1 4 16 16 23 5 16 15 4 4 25 9 23 16 25 17 25
split_gain=8.57612e-05 6.46281e-05 6.38043e-05 9.13966e-05 0.000136113 5.69515e-05 6.00088e-05 4.08671e-05 3.93086e-05 2.72744e-05 4.43825e-05 3.65674e-05 6.18172e-05 4.85622e-05 4.78584e-05 2.4259e-05 2.37335e-05 4.44423e-05 1.99523e-05 1.6344e-05 1.6319e-05 1.53176e-05 5.24234e-05 1.12049e-05 4.96202e-06 8.76577e-10
threshold=142.20776518415337 0.15649999999999839 0.007462473795199715 1.797333113727523 0.63859759485554535 143.96590861604219 1.6031327546787695 0.52791205123052853 0.0074999999999931797 147.50993750000001 0.09719999999999944 0.0025885152672514376 0.006701914616254378 0.0012629813027265901 0.088500000000010473 0.0010331774299239429 3.8763798959408828 0.20805000000000437 0.071400000000004141 0.57385234803646934 0.035000000000010807 0.0010815231830056172 0.006870545815346127 0.77104500777195761 0.44056561393923821 0.72704447738616262
decision_type=2 2 2 2 2 2 2 2 2 2 2 2 2 2 2 2 2 2 2 2 2 2 2 2 2 2
left_child=1 25 9 4 -4 6 7 8 -3 10 18 15 14 -14 -13 24 17 -6 -2 -20 -17 23 -23 -12 -11 -1
right_child=2 5 3 -5 16 -7 -8 -9 -10 11 21 12 13 -15 -16 20 -18 -19 19 -21 -22 22 -24 -25 -26 -27
leaf_value=0 0 0 0 0 0 0 0 0 1.1877017137627345e-05 0 -1.8189818406165755e-06 0 0 2.7559155937637678e-06 -1.4984854127836803e-06 8.0785212740905086e-08 0 -2.6464985761829897e-05 0 3.5737595758679402e-06 1.1731186759736315e-06 2.1115187797796342e-06 -1.0426489404610119e-06 0 -5.3510579841442668e-07 -2.336993773530908e-08
leaf_weight=122 581 48 137 89 32 31 46 62 245 3368 505 2057 409 822 6094 9628 28 51 87 803 2432 1293 418 1488 4279 160
leaf_count=122 581 48 137 89 32 31 46 62 245 3368 505 2057 409 822 6094 9628 28 51 87 803 2432 1293 418 1488 4279 160
internal_value=0 3.43991e-06 -5.92418e-08 -4.38917e-06 -7.93371e-06 5.87293e-06 7.16513e-06 8.6523e-06 1.02274e-05 0 6.51125e-07 -1.35389e-07 -6.61701e-07 1.06268e-06 -1.04485e-06 6.44428e-08 -1.61974e-05 -1.94617e-05 2.12304e-06 3.11265e-06 3.84018e-07 0 7.56588e-07 -5.26237e-07 -3.08787e-07 0
internal_weight=0 714 34601 337 248 432 401 355 293 34264 5175 29089 9382 1231 8151 19707 111 83 1471 890 12060 3704 1711 1993 7647 282
internal_count=35315 714 34601 337 248 432 401 355 293 34264 5175 29089 9382 1231 8151 19707 111 83 1471 890 12060 3704 1711 1993 7647 282
is_linear=0
shrinkage=0.01


Tree=19
num_leaves=26
num_cat=0
split_feature=20 0 25 3 25 23 25 3 6 25 16 16 16 23 3 19 19 20 20 23 8 3 23 25 25
split_gain=8.32487e-05 7.26602e-05 0.000108764 7.11536e-05 4.23381e-05 3.89577e-05 3.62532e-05 3.47106e-05 2.57694e-05 5.38151e-05 5.03683e-05 2.20526e-05 3.4099e-05 3.88761e-05 3.8281e-05 3.20095e-05 1.97197e-05 2.61197e-05 1.14088e-05 1.45603e-05 8.60219e-06 6.85655e-06 2.64029e-07 1.14636e-08 2.3649e-07
threshold=0.007462473795199715 85.827448390195869 1.797333113727523 142.20776518415337 1.1144627182765698 0.0011109958165045775 1.6031327546787695 157.08367057902868 0.0012376991510780458 2.1672443163425785 0.0028834946110962612 0.0026084944679104233 0.0037215331200145915 0.0011616344171654993 147.68985259812266 0.00043954055666627821 0.00045800232715176168 0.0058162764391704166 0.00081673325178045493 0.00061823348329823286 7.1092061359746605e-05 154.68616765414717 0.00051224844090024706 1.4060185018919211 0.81851781401945523
decision_type=2 2 2 2 2 2 2 2 2 2 2 2 2 2 2 2 2 2 2 2 2 2 2 2 2
left_child=3 23 4 5 -3 -1 16 11 18 10 -10 15 14 -14 -13 21 -7 -18 19 -9 -17 -5 -20 24 -2
right_child=1 2 -4 7 -6 6 -8 8 9 -11 -12 12 13 -15 -16 20 17 -19 22 -21 -22 -23 -24 -25 -26
leaf_value=0 0 0 0 -2.1526237230720226e-07 -2.2284061333251648e-05 0 0 -1.5053863072539729e-06 0 0 -1.2536506146433059e-05 0 -4.0690507468401913e-07 1.0328295655883578e-06 -1.4866855379976503e-06 0 8.3875749507913032e-06 0 1.9116419255405625e-07 0 8.3615310209952326e-07 5.3518135655530273e-07 0 0 -4.2620553427869195e-07
leaf_weight=288 31 34 43 7803 61 20 37 1345 69 31 99 1121 3438 3235 3399 1905 275 28 722 215 8915 1133 849 116 136
leaf_count=288 31 34 43 7803 61 20 37 1345 69 31 99 1121 3438 3235 3399 1905 275 28 722 215 8915 1133 849 116 136
internal_value=0 -4.40087e-06 -1.05548e-05 6.79811e-08 -1.65968e-05 3.34977e-06 5.56703e-06 0 -9.63964e-07 -5.11496e-06 -7.93183e-06 1.10262e-07 -1.91109e-07 1.41242e-07 -9.02942e-07 3.31625e-07 6.76336e-06 7.43336e-06 -3.80025e-07 -1.0104e-06 7.04673e-07 -8.18798e-09 0 0 -8.27279e-08
internal_weight=0 421 138 34927 95 648 360 34279 3330 199 168 30949 11193 6673 4520 19756 323 303 3131 1560 10820 8936 1571 283 167
internal_count=35348 421 138 34927 95 648 360 34279 3330 199 168 30949 11193 6673 4520 19756 323 303 3131 1560 10820 8936 1571 283 167
is_linear=0
shrinkage=0.01


Tree=20
num_leaves=25
num_cat=0
split_feature=3 24 16 24 25 16 3 23 25 25 25 16 1 4 24 5 19 0 9 24 24 0 16 16
split_gain=8.14183e-05 0.000113021 6.81308e-05 6.10623e-05 8.89077e-05 5.99084e-05 5.5082e-05 6.77415e-05 0.000121158 0.000130163 4.50702e-05 4.19845e-05 4.06952e-05 3.56417e-05 3.34165e-05 3.19976e-05 3.19516e-05 2.90549e-05 2.9669e-05 2.34255e-05 1.44166e-05 2.97834e-06 4.93092e-08 1.13636e-06
threshold=142.20776518415337 0.15943749999999904 0.014296111262698089 0.38842500000000302 0.71932373407278549 0.012134542979832406 157.08367057902868 0.0011521864340689096 1.7129423891514177 1.4060185018919211 1.8286426055833358 0.0026084944679104233 146.25553125000002 0.20530000000000401 0.2432024999999963 0.066999999999993079 0.00043954055666627821 81.435833080840453 0.0074999999999931797 0.12535250000000095 0.044782500000003021 72.351950647521406 0.0025885152672514376 0.0070371110816448944
decision_type=2 2 2 2 2 2 2 2 2 2 2 2 2 2 2 2 2 2 2 2 2 2 2 2
left_child=1 22 15 6 -5 -6 10 19 9 -9 11 16 -12 -14 -13 -3 -2 18 -17 20 -8 -21 -1 -24
right_child=3 2 -4 4 5 -7 7 8 -10 -11 12 14 13 -15 -16 17 -18 -19 -20 21 -22 -23 23 -25
leaf_value=0 -1.1259586149734088e-07 0 0 0 -1.684423646651978e-05 0 0 0 0 -2.9176296676194075e-05 0 -7.6259328348282043e-07 0 5.5059686958919527e-06 8.6360735039948897e-07 0 6.2904891462570114e-07 0 1.1095132582112159e-05 1.0906806979270354e-06 -1.394357165488505e-06 0 -7.5958270036517404e-07 0
leaf_weight=75 8786 21 49 76 75 64 204 31 66 42 79 9815 342 401 901 38 10723 27 282 292 2622 59 205 21
leaf_count=75 8786 21 49 76 75 64 204 31 66 42 79 9815 342 401 901 38 10723 27 282 292 2622 59 205 21
internal_value=0 3.24996e-06 6.72667e-06 -1.30986e-07 -5.50885e-06 -1.05173e-05 -6.81577e-08 -1.3037e-06 -8.89859e-06 -1.77519e-05 3.16152e-08 0 2.34891e-06 3.40251e-06 -5.32515e-07 8.35185e-06 2.43793e-07 9.12013e-06 9.9624e-06 -6.55344e-07 -1.13748e-06 3.77607e-07 0 -1.47547e-07
internal_weight=0 718 417 34578 215 139 34363 3316 139 73 31047 30225 822 743 10716 368 19509 347 320 3177 2826 351 301 226
internal_count=35296 718 417 34578 215 139 34363 3316 139 73 31047 30225 822 743 10716 368 19509 347 320 3177 2826 351 301 226
is_linear=0
shrinkage=0.01


end of trees

feature_importances:
atr_ma=70
bb_width=61
bb_middle=58
atr_ratio=49
bb_lower=43
price_bb_lower_dist=41
atr=40
bb_upper=35
atr_normalized=28
range=23
rsi_normalized=22
rsi=21
upper_shadow=20
price_bb_upper_dist=19
range_pct=17
rsi_divergence=13
bb_position=12
bb_position_normalized=11
body=6
body_pct=4
lower_shadow=4

parameters:
[boosting: gbdt]
[objective: regression]
[metric: rmse]
[tree_learner: serial]
[device_type: cpu]
[data: ]
[valid: ]
[num_iterations: 500]
[learning_rate: 0.01]
[num_leaves: 50]
[num_threads: 8]
[deterministic: 0]
[force_col_wise: 0]
[force_row_wise: 0]
[histogram_pool_size: -1]
[max_depth: 6]
[min_data_in_leaf: 20]
[min_sum_hessian_in_leaf: 0.001]
[bagging_fraction: 0.9]
[pos_bagging_fraction: 1]
[neg_bagging_fraction: 1]
[bagging_freq: 1]
[bagging_seed: 9057]
[feature_fraction: 0.7]
[feature_fraction_bynode: 1]
[feature_fraction_seed: 15199]
[extra_trees: 0]
[extra_seed: 31159]
[early_stopping_round: 0]
[first_metric_only: 0]
[max_delta_step: 0]
[lambda_l1: 0.1]
[lambda_l2: 0.5]
[linear_lambda: 0]
[min_gain_to_split: 0]
[drop_rate: 0.1]
[max_drop: 50]
[skip_drop: 0.5]
[xgboost_dart_mode: 0]
[uniform_drop: 0]
[drop_seed: 20727]
[top_rate: 0.2]
[other_rate: 0.1]
[min_data_per_group: 100]
[max_cat_threshold: 32]
[cat_l2: 10]
[cat_smooth: 10]
[max_cat_to_onehot: 4]
[top_k: 20]
[monotone_constraints: ]
[monotone_constraints_method: basic]
[monotone_penalty: 0]
[feature_contri: ]
[forcedsplits_filename: ]
[refit_decay_rate: 0.9]
[cegb_tradeoff: 1]
[cegb_penalty_split: 0]
[cegb_penalty_feature_lazy: ]
[cegb_penalty_feature_coupled: ]
[path_smooth: 0]
[interaction_constraints: ]
[verbosity: 1]
[saved_feature_importance_type: 0]
[linear_tree: 0]
[max_bin: 255]
[max_bin_by_feature: ]
[min_data_in_bin: 3]
[bin_construct_sample_cnt: 200000]
[data_random_seed: 218]
[is_enable_sparse: 1]
[enable_bundle: 1]
[use_missing: 1]
[zero_as_missing: 0]
[feature_pre_filter: 1]
[pre_partition: 0]
[two_round: 0]
[header: 0]
[label_column: ]
[weight_column: ]
[group_column: ]
[ignore_column: ]
[categorical_feature: ]
[forcedbins_filename: ]
[precise_float_parser: 0]
[parser_config_file: ]
[objective_seed: 19100]
[num_class: 1]
[is_unbalance: 0]
[scale_pos_weight: 1]
[sigmoid: 1]
[boost_from_average: 1]
[reg_sqrt: 0]
[alpha: 0.9]
[fair_c: 1]
[poisson_max_delta_step: 0.7]
[tweedie_variance_power: 1.5]
[lambdarank_truncation_level: 30]
[lambdarank_norm: 1]
[label_gain: ]
[lambdarank_position_bias_regularization: 0]
[eval_at: ]
[multi_error_top_k: 1]
[auc_mu_weights: ]
[num_machines: 1]
[local_listen_port: 12400]
[time_out: 120]
[machine_list_filename: ]
[machines: ]
[gpu_platform_id: -1]
[gpu_device_id: -1]
[gpu_use_dp: 0]
[num_gpu: 1]

end of parameters

pandas_categorical:[]
