tree
version=v4
num_class=1
num_tree_per_iteration=1
label_index=0
max_feature_idx=31
objective=regression
feature_names=rsi bb_middle bb_upper bb_lower atr range range_pct body body_pct upper_shadow lower_shadow is_bullish return_1 return_3 return_6 return_12 log_return rsi_normalized rsi_overbought rsi_oversold rsi_divergence bb_width bb_position bb_position_normalized price_bb_upper_dist price_bb_lower_dist bb_breakout_upper bb_breakout_lower atr_normalized atr_ma atr_ratio signal_convergence
feature_infos=[0:99.755467076367083] [0:158.45214999999999] [0:158.98423446083257] [0:158.37119522484221] [0:0.55142857142856927] [0:1.4489999999999839] [0:0.0098924731182794597] [0:1.2740000000000009] [0:0.0087871159085422691] [0:0.45400000000000773] [0:0.6290000000000191] [0:1] [-0.010440345742870893:0.0086544548876104077] [-0.010346048081897208:0.011121306408549358] [-0.012740376631571793:0.01214236927980572] [-0.015822511541399464:0.020290175029493485] [-0.010495228483220405:0.0086172197717689965] [-1:0.99510934152734165] [0:1] [0:1] [-56.904350987366826:51.361182180793548] [0:0.031342652110744211] [-0.54651378490698344:1.552884196153675] [-2.0930275698139669:2.10576839230735] [-0.0045480417175792053:0.02223832595088774] [-0.0050724392954735378:0.027298010487932362] [0:1] [0:1] [0:0.0037228501986805917] [0:0.42936785714285552] [0:3.4066658717779674] [0:1]
tree_sizes=3287 2566

Tree=0
num_leaves=32
num_cat=0
split_feature=3 2 30 25 0 2 21 30 6 30 21 2 3 0 21 30 0 3 21 0 0 25 1 3 21 0 0 0 1 25 25
split_gain=8.71492e-05 3.61229e-05 7.84767e-05 2.68628e-05 2.21545e-05 2.19364e-05 8.27469e-06 1.624e-05 5.69804e-06 5.41383e-06 2.22821e-05 2.44492e-05 7.45822e-06 8.34399e-06 6.9503e-06 9.86932e-06 8.42406e-06 1.01052e-05 8.25111e-06 4.72193e-06 4.48899e-06 2.06237e-06 1.5319e-06 1.0562e-05 1.49756e-06 5.32534e-07 2.31806e-07 1.64715e-07 1.38323e-06 1.38332e-06 1.61651e-06
threshold=143.0395027934135 149.82412323710506 0.94739757500653321 0.00064106514717537737 77.13559509863255 143.96863700744623 0.0010787723669585451 0.82979326893202665 0.00013851182971403168 0.94543396094626475 0.0015594585155723414 144.58155782419553 149.09568506021802 24.760367514869248 0.0013674004195623828 0.78545358439598445 73.90221467594391 148.7380202621442 0.0063035213402766839 69.540213565751728 86.903610875358495 0.0075481002588250199 152.30915000000002 156.94423002335617 0.0068704323696757493 82.029982818162921 14.199291031073573 62.173073082751941 148.79752500000004 0.001163965208736147 -0.00018259692054296039
decision_type=2 2 2 2 2 2 2 2 2 2 2 2 2 2 2 2 2 2 2 2 2 2 2 2 2 2 2 2 2 2 2
left_child=5 9 22 -4 8 6 -1 -8 -5 14 27 -12 13 -13 -2 -16 17 18 -17 -15 21 25 -3 24 -24 26 -9 28 29 30 -11
right_child=1 2 3 4 -6 -7 7 20 -10 10 11 12 -14 19 15 16 -18 -19 -20 -21 -22 -23 23 -25 -26 -27 -28 -29 -30 -31 -32
leaf_value=-1.4344699791774568e-05 -1.4344699791774568e-05 -1.4344699791774568e-05 -1.4344699791774568e-05 -1.4344699791774568e-05 -1.4344699791774568e-05 -1.4344699791774568e-05 -1.4344699791774568e-05 -1.4344699791774568e-05 -2.0811786208340985e-05 -1.4344699791774568e-05 -1.4344699791774568e-05 -1.4344699791774568e-05 -1.4344699791774568e-05 -1.1010388751640094e-05 -1.4344699791774568e-05 -1.733874055995815e-05 -1.4344699791774568e-05 -1.4344699791774568e-05 -1.4344699791774568e-05 -1.4344699791774568e-05 -1.4344699791774568e-05 -1.4344699791774568e-05 -1.203275039391524e-05 -1.4344699791774568e-05 -1.4344699791774568e-05 -1.4344699791774568e-05 -8.0676187016788643e-06 -1.4344699791774568e-05 -1.4344699791774568e-05 -1.4344699791774568e-05 -1.5490156100531436e-05
leaf_weight=594 4253 2059 2749 44 366 45 691 33 3810 76 1988 814 459 5837 2163 4433 742 536 77 1334 28 36 2288 1031 23 49 3041 594 376 114 3119
leaf_count=594 4253 2059 2749 44 366 45 691 33 3810 76 1988 814 459 5837 2163 4433 742 536 77 1334 28 36 2288 1031 23 49 3041 594 376 114 3119
internal_value=-1.43447e-05 -1.47663e-05 -1.61315e-05 -1.83197e-05 -1.99857e-05 -1.03677e-05 -9.8292e-06 -9.30163e-06 -2.06705e-05 -1.43447e-05 -1.37997e-05 -1.28146e-05 -1.19999e-05 -1.17651e-05 -1.45477e-05 -1.52666e-05 -1.59885e-05 -1.64899e-05 -1.70214e-05 -1.14366e-05 -8.38388e-06 -8.25167e-06 -1.43447e-05 -1.37025e-05 -1.21747e-05 -8.16836e-06 -8.10683e-06 -1.43447e-05 -1.45453e-05 -1.49935e-05 -1.52533e-05
internal_weight=0 39285 12370 6969 4220 4517 4472 3878 3854 26915 14711 10432 8444 7985 12204 7951 5788 5046 4510 7171 3187 3159 5401 3342 2311 3123 3074 4279 3685 3309 3195
internal_count=43802 39285 12370 6969 4220 4517 4472 3878 3854 26915 14711 10432 8444 7985 12204 7951 5788 5046 4510 7171 3187 3159 5401 3342 2311 3123 3074 4279 3685 3309 3195
is_linear=0
shrinkage=1


Tree=1
num_leaves=31
num_cat=0
split_feature=3 28 5 0 3 25 30 0 1 15 3 29 29 3 28 28 30 28 21 30 30 5 1 30 15 0 29 29 29 29
split_gain=9.1429e-05 3.74768e-05 3.69394e-05 2.47807e-05 2.41017e-05 2.38346e-05 3.8517e-05 2.32536e-05 2.10158e-05 2.28715e-05 2.27189e-05 1.4589e-05 9.91982e-06 1.54651e-05 1.96051e-05 9.70343e-06 9.64708e-06 9.63072e-06 9.44997e-06 8.56179e-06 8.54954e-06 7.36515e-06 3.72245e-06 2.37191e-06 1.3134e-06 6.08643e-07 2.55452e-07 2.13183e-08 3.96098e-06 1.27805e-06
threshold=147.18118141234348 0.0011896770715812976 0.099500000000006153 82.029982818162921 143.0395027934135 0.00063480840743041769 1.0030712824212207 76.663050518831639 147.694625 -0.0035794020619424045 146.95627034782373 0.15870714285714377 0.13153392857142751 145.68033481085735 0.00070248152099167181 0.00071966467116021374 0.98561578864188648 0.00026689276756684935 0.0077551150953699983 0.82090581093837633 1.4999377651101498 0.025999999999996252 147.22627500000002 0.82979326893202665 -0.0035794020619424045 86.903610875358495 0.028699999999998133 0.041667857142859491 0.090075000000000988 0.057419642857143481
decision_type=2 2 2 2 2 2 2 2 2 2 2 2 2 2 2 2 2 2 2 2 2 2 2 2 2 2 2 2 2 2
left_child=1 4 -3 8 17 -2 -7 21 9 -4 11 -11 13 27 19 -14 22 -1 23 -15 -21 -8 -17 -19 -25 -26 -23 -6 29 -29
right_child=5 2 3 -5 12 6 7 -9 -10 10 -12 -13 15 14 -16 16 -18 18 -20 20 -22 26 -24 24 25 -27 -28 28 -30 -31
leaf_value=0 0 0 0 0 0 0 0 0 0 0 0 2.1389651114491877e-05 0 0 0 -7.25769068331171e-06 0 0 0 3.951516228409572e-06 0 0 0 0 4.1494062686318687e-06 0 -4.7366809647594555e-06 0 0 -1.005517805323836e-06
leaf_weight=397 9523 50 81 25 953 7834 126 557 25 151 24 434 58 793 568 528 203 695 46 3126 111 26 32 28 3114 20 5297 2369 1862 4682
leaf_count=397 9523 50 81 25 953 7834 126 557 25 151 24 434 58 793 568 528 203 695 46 3126 111 26 32 28 3114 20 5297 2369 1862 4682
internal_value=0 1.52416e-06 9.42143e-06 1.18175e-05 7.45855e-07 -1.22312e-06 -2.01872e-06 -3.8938e-06 1.32553e-05 1.44726e-05 1.6464e-05 1.78073e-05 0 3.58137e-07 1.85209e-06 -2.93417e-06 -4.5499e-06 2.75272e-06 3.25094e-06 2.87948e-06 3.56405e-06 -4.53341e-06 -6.60981e-06 3.59158e-06 4.05083e-06 4.11497e-06 -4.72053e-06 0 -4.63952e-08 -7.12931e-07
internal_weight=0 20375 790 740 19585 23363 13840 6006 715 690 609 585 15285 14464 4598 821 763 4300 3903 4030 3237 5449 560 3857 3162 3134 5323 9866 8913 7051
internal_count=43738 20375 790 740 19585 23363 13840 6006 715 690 609 585 15285 14464 4598 821 763 4300 3903 4030 3237 5449 560 3857 3162 3134 5323 9866 8913 7051
is_linear=0
shrinkage=0.03


end of trees

feature_importances:
rsi=11
atr_ratio=9
bb_lower=8
bb_width=6
atr_ma=6
price_bb_lower_dist=5
bb_middle=4
atr_normalized=4
bb_upper=3
range=2
return_12=2
range_pct=1

parameters:
[boosting: gbdt]
[objective: regression]
[metric: l2]
[tree_learner: serial]
[device_type: cpu]
[data: ]
[valid: ]
[num_iterations: 500]
[learning_rate: 0.03]
[num_leaves: 70]
[num_threads: 8]
[deterministic: 0]
[force_col_wise: 0]
[force_row_wise: 0]
[histogram_pool_size: -1]
[max_depth: 8]
[min_data_in_leaf: 20]
[min_sum_hessian_in_leaf: 0.001]
[bagging_fraction: 0.9]
[pos_bagging_fraction: 1]
[neg_bagging_fraction: 1]
[bagging_freq: 1]
[bagging_seed: 400]
[feature_fraction: 0.9]
[feature_fraction_bynode: 1]
[feature_fraction_seed: 30056]
[extra_trees: 0]
[extra_seed: 12879]
[early_stopping_round: 0]
[first_metric_only: 0]
[max_delta_step: 0]
[lambda_l1: 0.3]
[lambda_l2: 0.5]
[linear_lambda: 0]
[min_gain_to_split: 0]
[drop_rate: 0.1]
[max_drop: 50]
[skip_drop: 0.5]
[xgboost_dart_mode: 0]
[uniform_drop: 0]
[drop_seed: 17869]
[top_rate: 0.2]
[other_rate: 0.1]
[min_data_per_group: 100]
[max_cat_threshold: 32]
[cat_l2: 10]
[cat_smooth: 10]
[max_cat_to_onehot: 4]
[top_k: 20]
[monotone_constraints: ]
[monotone_constraints_method: basic]
[monotone_penalty: 0]
[feature_contri: ]
[forcedsplits_filename: ]
[refit_decay_rate: 0.9]
[cegb_tradeoff: 1]
[cegb_penalty_split: 0]
[cegb_penalty_feature_lazy: ]
[cegb_penalty_feature_coupled: ]
[path_smooth: 0]
[interaction_constraints: ]
[verbosity: 1]
[saved_feature_importance_type: 0]
[linear_tree: 0]
[max_bin: 255]
[max_bin_by_feature: ]
[min_data_in_bin: 3]
[bin_construct_sample_cnt: 200000]
[data_random_seed: 175]
[is_enable_sparse: 1]
[enable_bundle: 1]
[use_missing: 1]
[zero_as_missing: 0]
[feature_pre_filter: 1]
[pre_partition: 0]
[two_round: 0]
[header: 0]
[label_column: ]
[weight_column: ]
[group_column: ]
[ignore_column: ]
[categorical_feature: ]
[forcedbins_filename: ]
[precise_float_parser: 0]
[parser_config_file: ]
[objective_seed: 16083]
[num_class: 1]
[is_unbalance: 0]
[scale_pos_weight: 1]
[sigmoid: 1]
[boost_from_average: 1]
[reg_sqrt: 0]
[alpha: 0.9]
[fair_c: 1]
[poisson_max_delta_step: 0.7]
[tweedie_variance_power: 1.5]
[lambdarank_truncation_level: 30]
[lambdarank_norm: 1]
[label_gain: ]
[lambdarank_position_bias_regularization: 0]
[eval_at: ]
[multi_error_top_k: 1]
[auc_mu_weights: ]
[num_machines: 1]
[local_listen_port: 12400]
[time_out: 120]
[machine_list_filename: ]
[machines: ]
[gpu_platform_id: -1]
[gpu_device_id: -1]
[gpu_use_dp: 0]
[num_gpu: 1]

end of parameters

pandas_categorical:[]
