tree
version=v4
num_class=1
num_tree_per_iteration=1
label_index=0
max_feature_idx=31
objective=binary sigmoid:1
feature_names=rsi bb_middle bb_upper bb_lower atr range range_pct body body_pct upper_shadow lower_shadow is_bullish return_1 return_3 return_6 return_12 log_return rsi_normalized rsi_overbought rsi_oversold rsi_divergence bb_width bb_position bb_position_normalized price_bb_upper_dist price_bb_lower_dist bb_breakout_upper bb_breakout_lower atr_normalized atr_ma atr_ratio signal_convergence
feature_infos=[0:99.755467076367083] [0:158.45214999999999] [0:158.98423446083257] [0:158.37119522484221] [0:0.55142857142856927] [0:1.4489999999999839] [0:0.0098924731182794597] [0:1.2740000000000009] [0:0.0087871159085422691] [0:0.45400000000000773] [0:0.6290000000000191] [0:1] [-0.010440345742870893:0.0086544548876104077] [-0.010346048081897208:0.011121306408549358] [-0.012740376631571793:0.01214236927980572] [-0.015822511541399464:0.020290175029493485] [-0.010495228483220405:0.0086172197717689965] [-1:0.99510934152734165] [0:1] [0:1] [-56.904350987366826:51.361182180793548] [0:0.031342652110744211] [-0.54651378490698344:1.552884196153675] [-2.0930275698139669:2.10576839230735] [-0.0045480417175792053:0.02223832595088774] [-0.0050724392954735378:0.027298010487932362] [0:1] [0:1] [0:0.0037228501986805917] [0:0.42936785714285552] [0:3.4066658717779674] [0:1]
tree_sizes=3432 3472 3493 3461 3482 3464 3480 3465 3462 3495 3457 3485 3506 3465 3491 3438 3509 3489 3469 3480 3474 3455 3467 3484 3472 3416 3474

Tree=0
num_leaves=31
num_cat=0
split_feature=21 1 2 30 23 30 15 4 1 2 30 4 1 17 4 4 30 2 30 23 21 4 1 4 0 14 1 21 5 0
split_gain=47.4138 41.2063 32.4448 29.9393 34.9239 25.9452 25.6052 19.0925 18.7223 21.4161 28.1916 18.8107 28.5954 18.6532 18.4347 17.816 36.5137 19.2893 17.3431 17.0687 19.2427 18.1014 19.7207 16.9991 16.6631 18.054 21.841 16.6001 16.2897 15.608
threshold=0.0018759980582357914 144.723625 140.87113248888707 1.3162207674924546 0.19754958036933082 1.3001712411513007 0.0010229266305612497 0.051071428571431869 153.62337500000001 157.78255350578743 0.93176289971454673 0.22114285714285642 147.694625 -0.17099970879561252 0.097428571428572766 0.1023571428571393 0.94342569198767856 145.07724990204602 1.2388297002507171 0.38916814622341528 0.0077551150953699983 0.13835714285714271 143.01107500000003 0.039285714285716124 47.750841920009385 0.00061067759496780127 153.28570000000002 0.0021758178928557976 0.020499999999998412 66.496561096581772
decision_type=2 2 2 2 2 2 2 2 2 2 2 2 2 2 2 2 2 2 2 2 2 2 2 2 2 2 2 2 2 2
left_child=2 6 -1 13 23 7 28 -3 11 10 -10 15 -13 18 -8 17 -17 -9 -4 -16 21 22 -21 -5 27 -26 -27 -7 -2 -6
right_child=1 5 3 4 29 24 14 8 9 -11 -12 12 -14 -15 19 16 -18 -19 -20 20 -22 -23 -24 -25 25 26 -28 -29 -30 -31
leaf_value=0.035377500389303901 0.041158378847851201 0.00851209051434949 -0.0016482902103411496 -0.019672555326966223 -0.0025382778520218995 0.018230333229204941 -0.0077131487176503042 -0.017841069982605089 0.016683505798953079 -0.011341745002278627 0.00077953635259034684 0.036791874098325197 -0.040531400959586558 -0.0056625757638896716 0.027806427151332705 -0.017262562755444348 -0.0014424587640900748 0.00031419933274037196 0.019083008464175068 -0.019881743151761829 -0.028896364834495949 0.028648236801670567 0.0093806733383469398 0.02004806977463636 -0.024331136961872429 0.00092625477040388939 -0.031928339864798295 -0.0053605551634723116 0.0076112007824054619 -0.038738911747969854
leaf_weight=18.749988824129105 12.999992251396177 223.24986693263054 919.74945178627968 10.249993890523909 67.249959915876389 29.999982118606567 191.49988585710526 54.499967515468597 167.24990031123161 64.749961405992508 251.49985009431839 22.749986439943317 4.9999970197677603 2887.7482787668705 26.749984055757523 194.24988421797752 402.74975994229317 1341.4992004036903 37.499977648258209 30.499981820583344 15.999990463256834 24.49998539686203 62.999962449073792 118.74992921948433 87.499947845935822 85.999948740005493 22.749986439943314 234.24986037611961 884.49947279691696 12.499992549419401
leaf_count=75 52 893 3679 41 269 120 766 218 669 259 1006 91 20 11551 107 777 1611 5366 150 122 64 98 252 475 350 344 91 937 3538 50
internal_value=-0.00151773 0.000808532 -0.00367388 -0.00385797 0.00719552 -0.00100267 0.00542512 0.000110392 -0.000640916 0.00466048 0.00714727 -0.00190861 0.0224845 -0.00445949 -0.0014382 -0.00225332 -0.00659025 -0.000400088 -0.000833081 0.00605333 0.00163269 0.00585652 -0.000225008 0.016834 -0.00758551 -0.0142019 -0.00598402 -0.00265161 0.00811456 -0.00836806
internal_weight=0 4437.75 4072.5 4053.75 208.75 3188 1249.75 2727.5 2504.25 483.5 418.75 2020.75 27.75 3845 352.25 1993 597 1396 957.249 160.75 134 118 93.4999 129 460.5 196.25 108.75 264.25 897.499 79.75
internal_count=34041 17751 16290 16215 835 12752 4999 10910 10017 1934 1675 8083 111 15380 1409 7972 2388 5584 3829 643 536 472 374 516 1842 785 435 1057 3590 319
is_linear=0
shrinkage=1


Tree=1
num_leaves=31
num_cat=0
split_feature=21 3 25 28 28 30 1 30 1 28 1 25 28 30 28 14 17 1 3 3 4 30 4 21 14 15 25 4 25 1
split_gain=27.8083 25.1975 24.222 23.5065 18.4061 16.0396 20.1155 19.0254 23.6681 18.3484 17.0762 15.9423 23.7197 15.4405 24.5872 17.556 15.1696 14.6602 23.5498 16.2412 15.6406 14.5769 24.672 14.3809 15.3125 14.0179 13.3909 13.1937 13.1556 15.4322
threshold=0.0015975556620870088 143.0395027934135 0.00019552551100992225 0.00013124514714179061 0.00018971891828089955 0.78545358439598445 143.38340000000002 0.68807802728221523 147.25200000000004 0.0002594604334837021 143.85630000000003 0.0062872304536085583 0.00097527438927315011 1.3162207674924546 0.00053529656264889502 0.0006223765896785639 0.35731377035210493 149.60760000000002 149.03391980895631 145.13794128384077 0.035714285714288765 1.1709825762034649 0.038500000000004177 0.0021269426473332791 -0.001559194818901932 0.00049990217496920241 0.00079781480812279859 0.13171428571428631 0.0013894159894094367 157.98762500000001
decision_type=2 2 2 2 2 2 2 2 2 2 2 2 2 2 2 2 2 2 2 2 2 2 2 2 2 2 2 2 2 2
left_child=2 11 3 -1 -4 7 -7 8 10 25 -3 12 23 17 15 -15 -13 18 19 26 -20 -5 -23 -2 -25 -8 -6 -10 -11 -30
right_child=1 5 4 21 13 6 9 -9 27 28 -12 16 -14 14 -16 -17 -18 -19 20 -21 -22 22 -24 24 -26 -27 -28 -29 29 -31
leaf_value=0.033954481377739008 0.013987310648742448 0.01105593941287417 -0.014679721045725864 4.3812447820771297e-05 -0.0094555862123571199 -0.021050945212311597 0.0056843787512994457 0.0090874046386592439 0.0087196212180715472 0.0019019948843518805 -0.033332572042402753 0.043418028789754322 0.025689935154546352 0.020892410768912465 -0.019023164848749611 -0.01236210412941763 -0.028832604747441454 -0.0071312495027746137 0.051187669489105636 -0.00021360377042006515 0.0091194108727759762 -0.018718069157634763 0.021265353072713277 0.02297066499897131 0.0011679557557051788 -0.028951877826870486 0 -0.030021048046071818 -0.0012447525411159999 -0.031270057105984669
leaf_weight=21.2491195499897 144.49577480554581 9.9991606771945936 125.74808767437935 497.24798846244812 426.74543309211731 40.249491468071938 14.999708339571951 371.9917117357254 76.748585492372513 2310.7156470417976 31.99919156730175 2.7494870126247433 60.495319172739983 75.994546547532082 24.248829320073128 17.248090162873268 17.996692359447479 686.99505305290222 8.7499447762966138 932.74325281381607 71.249401047825813 16.99900284409523 69.745586186647415 31.249502673745155 363.73992110788822 33.249615758657455 197.49712891876698 8.4992353618144971 1816.7004420161247 15.248894885182379
leaf_count=85 578 40 503 1989 1707 161 60 1488 307 9243 128 11 242 304 97 69 72 2748 35 3731 285 68 279 125 1455 133 790 34 7267 61
internal_value=0 0.00132406 -0.00222065 0.00317439 -0.00349396 0.000577449 -2.20612e-05 0.00566141 -0.00432844 0.000180677 -0.02269 0.00700596 0.00790635 -0.00291488 0.007675 0.014689 -0.0186323 -0.00345247 -0.00190574 -0.00272396 0.013932 0.00203244 0.013358 0.00589345 0.00291659 -0.0181538 -0.00646822 0.00473036 0.00039624 -0.0015014
internal_weight=0 5351.13 3172.46 605.242 2567.22 4730.4 4231.16 499.238 127.246 4190.91 41.9984 620.727 599.981 2441.47 117.491 93.2426 20.7462 2323.98 1636.99 1556.99 79.9993 583.993 86.7446 539.485 394.989 48.2493 624.243 85.2478 4142.66 1831.95
internal_count=34095 21405 12690 2421 10269 18922 16925 1997 509 16764 168 2483 2400 9766 470 373 83 9296 6548 6228 320 2336 347 2158 1580 193 2497 341 16571 7328
is_linear=0
shrinkage=0.03


Tree=2
num_leaves=31
num_cat=0
split_feature=21 30 25 2 3 30 29 30 4 3 3 5 2 24 15 29 2 3 21 3 3 2 28 21 5 15 3 3 22 30
split_gain=39.2644 35.7004 33.7253 29.0833 26.4398 24.2225 24.1811 23.4887 24.8577 22.2286 33.9558 25.5059 24.6323 27.1838 21.6987 18.958 34.778 30.9516 26.4919 21.4379 17.723 16.5184 16.4719 16.3784 16.3144 16.2351 19.2163 16.6362 16.074 15.4707
threshold=0.0018539973565357799 1.243931938639651 0.00076675860043963126 140.87113248888707 144.49514700947691 0.56085388399127944 0.13332142857142912 1.3001712411513007 0.22114285714285642 145.13794128384077 149.59229573127453 0.011999999999986246 143.96863700744623 0.00019799859826908969 0.0010229266305612497 0.056905357142858458 147.43516385639381 153.47594127720129 0.0021138426571575509 157.56788705067677 148.90119333206829 145.07724990204602 0.0002594604334837021 0.0010026701820823076 0.018499999999988862 0.0021051132018967693 146.45562581031146 152.44604093165421 0.31964574158375553 0.91277640392383075
decision_type=2 2 2 2 2 2 2 2 2 2 2 2 2 2 2 2 2 2 2 2 2 2 2 2 2 2 2 2 2 2
left_child=1 3 22 -1 14 -5 9 8 15 12 20 -12 23 -14 24 16 21 25 -18 29 -11 -6 -3 -7 -2 27 -27 -17 -23 -19
right_child=4 2 -4 5 7 6 -8 -9 -10 10 11 -13 13 -15 -16 17 18 19 -20 -21 -22 28 -24 -25 -26 26 -28 -29 -30 -31
leaf_value=0.035391230963540535 0.042319417184142651 -0.0099234070044801805 -0.0053187943190818295 -0.032298776306590886 -0.014667877511436146 -0.010406625067374132 -0.049036359438048731 -0.0058777683513383944 0.028889065034068004 0.00017674269167961771 0.022731639595479362 -0.0063630256955438608 0.0044648641675920711 -0.014545989670416488 -0.00066768238212969503 -0.0017990929592706325 0.014113920466996223 0.016118920356475844 -0.0053660692070976734 -0.016042098653964453 0.010570636025500587 0.0083478330190242499 0.017013755453261319 0.0015168146775499122 0.0074458109584384698 -0.0095268546059134249 0.015633853647729328 -0.01859814785720771 0.037412520383529831 0.0044127706067808867
leaf_weight=17.241799145936966 11.993211045861242 22.496210679411888 125.98955145478249 25.498683109879494 8.7497258931398374 147.49292792379856 9.999634921550749 466.9725104123354 28.990486845374107 1407.232231348753 27.498215153813362 1061.9654148221016 80.247557312250137 420.73717552423477 371.96232739090919 1722.221437394619 101.74774268269539 163.48475830256939 162.9967672675848 33.246449410915375 164.74275784194469 25.749542832374573 193.45875129103661 346.23919950425625 900.20503155887127 37.748518377542496 95.998737677931786 54.499639794230461 53.998961314558983 271.24803507328033
leaf_count=69 48 90 504 102 35 590 40 1868 116 5629 110 4248 321 1683 1488 6889 407 654 652 133 659 103 774 1385 3601 151 384 218 216 1085
internal_value=0 -0.00227762 0.00699102 -0.00313346 0.00179109 -0.00331706 -0.00311204 0.000341366 0.00139495 -0.0029816 -0.00154972 -0.00561986 -0.00680808 -0.011494 0.0054316 0.00109893 0.00758101 0.000134124 0.00211675 0.00704741 0.00126974 0.0238313 0.0141839 -0.00204317 0.00792137 -0.00155859 0.00850474 -0.00231913 0.0281319 0.00882994
internal_weight=0 4050.84 341.945 3708.9 4511.81 3691.65 3666.16 3227.65 2760.68 3656.16 2661.44 1089.46 994.717 500.985 1284.16 2731.69 353.243 2378.45 264.745 467.979 1571.97 88.4982 215.955 493.732 912.198 1910.47 133.747 1776.72 79.7485 434.733
internal_count=34252 16204 1368 14836 18048 14767 14665 12911 11043 14625 10646 4358 3979 2004 5137 10927 1413 9514 1059 1872 6288 354 864 1975 3649 7642 535 7107 319 1739
is_linear=0
shrinkage=0.03


Tree=3
num_leaves=31
num_cat=0
split_feature=21 30 15 3 1 15 29 4 30 2 30 2 2 29 3 3 2 24 21 2 1 4 21 2 1 0 5 0 30 30
split_gain=49.2849 32.4998 35.2578 32.1151 24.9559 23.5387 21.8189 21.0988 19.5455 19.5012 23.1694 23.0193 31.0685 35.1157 22.4796 18.2101 17.8703 20.5585 20.0896 15.899 22.0678 15.25 15.1011 14.7505 14.214 14.0107 13.728 13.4422 13.8271 13.4088
threshold=0.0018759980582357914 1.2550850663870161 0.0002327208129135894 144.53977225313113 144.91692500000002 0.0004438090883437385 0.13332142857142912 0.065714285714287876 1.2388297002507171 140.87113248888707 0.56085388399127944 145.1076687096996 149.85422911040553 0.061017857142858199 149.68736338417247 142.16960597158575 143.96863700744623 0.00019799859826908969 0.00083886271573743536 144.53897501510582 144.11050000000003 0.10628571428571122 0.0083334686001875422 143.20849149261704 144.65650000000002 78.242647269260274 0.021000000000000799 66.496561096581772 1.2929877292665466 1.2072882235071394
decision_type=2 2 2 2 2 2 2 2 2 2 2 2 2 2 2 2 2 2 2 2 2 2 2 2 2 2 2 2 2 2
left_child=1 6 -3 5 -5 19 9 15 21 -1 -11 16 14 -14 -13 -7 18 -18 -12 20 26 24 -10 -23 -9 -24 -2 -4 -29 -6
right_child=3 2 27 4 29 7 -8 8 22 10 11 12 13 -15 -16 -17 17 -19 -20 -21 -22 23 25 -25 -26 -27 -28 28 -30 -31
leaf_value=0.029372969349988041 0.045684732644560896 0.013343670164403023 -0.002292394855537522 -0.015682508467798176 0.001980301811798116 -0.016967601942517688 -0.044024690271562923 -0.0074609243037892375 0.016183221515228201 -0.034311474803062639 -0.015525462662453367 0.00054887641901570441 -0.01000929166395953 0.0010884251972817535 0.04612392173387117 0.018699042397699855 0.0031378332066332088 -0.014223288673461886 -0.00027797532940957543 0.019333752822833276 -0.010340488714369758 -0.01274564291067086 0.013881590068398618 0.010923870401326056 -0.039805777680932103 -0.042170257991423439 0.0087705354806815114 0.014544852041368692 -0.042555967692087637 -0.0027547000163780926
leaf_weight=16.226301446557045 8.9831000715494138 223.40652070939541 88.490295320749283 83.493310853838921 2381.8465498238802 14.748921006917952 11.491645723581312 215.7393115311861 76.491292774677277 21.242064043879509 95.98678320646286 1692.459829673171 659.19740828871727 419.22493916749954 9.4992477744817716 88.244118541479111 72.748458549380302 380.4467264264822 406.73285393416882 125.48747207224369 55.745855510234833 32.992622599005699 7.2466282695531836 81.487117543816566 12.74943597614765 8.2444964349269849 545.18376648426056 4.7497989684343365 15.742110818624495 694.7019999474287
leaf_count=65 36 894 354 334 9528 59 46 863 306 85 384 6770 2637 1677 38 353 291 1522 1627 502 223 132 29 326 51 33 2181 19 63 2779
internal_value=0 -0.00246682 0.00652046 0.00209121 0.000469176 0.00611316 -0.00325725 0.00133641 -0.00155091 -0.00312883 -0.00327231 -0.0030923 -0.00170979 -0.00569329 0.000813093 0.013528 -0.00710855 -0.0114296 -0.00320274 0.00960131 0.00758545 -0.00485101 0.0106972 0.00406079 -0.00932868 -0.0159941 0.00939872 -0.00743745 -0.0291574 0.000909972
internal_weight=0 4117.64 332.389 4433.39 3160.04 1273.34 3785.26 537.944 434.951 3773.76 3757.54 3736.3 2780.38 1078.42 1701.96 102.993 955.915 453.195 502.72 735.4 609.913 342.968 91.9824 114.48 228.489 15.4911 554.167 108.982 20.4919 3076.55
internal_count=34207 16472 1330 17735 12641 5094 15142 2152 1740 15096 15031 14946 11122 4314 6808 412 3824 1813 2011 2942 2440 1372 368 458 914 62 2217 436 82 12307
is_linear=0
shrinkage=0.03


Tree=4
num_leaves=31
num_cat=0
split_feature=21 30 23 3 1 3 30 2 28 4 30 28 2 1 28 2 1 2 3 6 2 6 15 24 15 6 28 1 13 22
split_gain=31.3682 36.444 33.523 28.3977 24.9645 56.8268 24.7565 23.9277 33.5686 30.1492 26.3631 22.8476 21.6448 45.399 28.426 21.4357 20.8863 19.7823 28.7659 23.9129 17.1606 16.1154 15.2619 15.1673 14.8186 14.5898 14.2576 14.1285 22.1506 14.0922
threshold=0.0018759980582357914 1.2332658218394961 0.18900316811272236 142.0199679918222 145.67512500000001 145.78902050280382 0.56085388399127944 147.65000929331637 0.00049041194091765201 0.13835714285714271 0.79535622508311288 0.0012864983768643133 144.82238196146793 146.58855000000003 0.00076721110769016295 147.71324958518954 146.648875 149.85422911040553 148.90119333206829 6.0166878297608443e-05 145.60549988919473 0.0001823819089131021 0.0019585551464382793 0.00077435859706457037 -0.0019861211306294031 0.00031952722975882531 0.00053302490017571326 148.79440000000002 -0.00063834916069965819 0.9681533821539744
decision_type=2 2 2 2 2 2 2 2 2 2 2 2 2 2 2 2 2 2 2 2 2 2 2 2 2 2 2 2 2 2
left_child=1 3 26 -1 20 -6 -7 8 22 12 -9 15 23 25 -15 29 -16 18 -8 -19 -5 -4 24 -10 -2 -14 -3 28 -13 -12
right_child=7 2 21 4 5 6 17 10 9 -11 11 27 13 14 16 -17 -18 19 -20 -21 -22 -23 -24 -25 -26 -27 -28 -29 -30 -31
leaf_value=0.024623548563603201 -0.014006471805827935 0.018377383121580559 -0.045145533530633032 -0.0058588069493426525 0.032792888696556569 -0.034193762944151281 -0.00087294062667671551 0.0098163455395650061 -0.0033101835054697025 0.010969564730310844 -0.026133336054762889 0.02935218415012816 -0.02994560774648674 0.013123543572599808 0.054177574125109589 -0.00036176548694395304 -0.02202147325620684 0.02984080813368371 0.01157673639284469 -0.0052123335973186099 -0.026724731539106639 -0.00142374094116999 -0.02008432286389077 0.0060325395514710884 0.011579496850183309 -0.0083811582727834118 -0.00057011453569568826 -0.040765164875443884 -0.027534222349273958 0.032461056499878391
leaf_weight=33.949429586529732 20.742321580648422 179.12530164420605 7.7439124286174765 1085.0569522976875 43.249593749642372 20.724050581455231 1259.2192590087652 209.46450085937977 217.97565767168999 271.91013725101948 41.999111816287041 9.2475648522377032 30.496281251311302 159.24538570642471 3.2499844729900351 1855.8991346657276 35.998494118452072 17.498064205050468 192.23393058776855 1037.859006986022 36.499723002314568 137.97006838023663 14.49880403280258 548.89019221067429 597.62106718122959 369.96493642032146 44.231417611241341 20.246001675724983 16.996844232082367 3.7498955726623526
leaf_count=136 83 717 31 4341 173 83 5037 838 872 1088 168 37 122 637 13 7424 144 70 769 4152 146 552 58 2196 2391 1480 177 81 68 15
internal_value=0 -0.00166872 0.00731778 -0.00256011 -0.00281285 -0.00118178 -0.00176815 0.00197371 0.00412327 0.00185273 -0.000287277 -0.00137651 3.35261e-05 -0.00423639 0.00747902 -0.000865145 -0.0152728 -0.00149483 0.000775909 -0.00461999 -0.0065475 -0.00385585 0.0099906 0.00337278 0.01071 -0.010052 0.0146161 -0.0220894 -0.00727133 -0.0210852
internal_weight=0 4095.36 369.071 3726.29 3692.34 2570.78 2527.53 4428.2 2270.59 1637.73 2157.6 1948.14 1365.82 598.955 198.494 1901.65 39.2485 2506.81 1451.45 1055.36 1121.56 145.714 632.862 766.866 618.363 400.461 223.357 46.4904 26.2444 45.749
internal_count=34099 16384 1477 14907 14771 10284 10111 17715 9084 6552 8631 7793 5464 2396 794 7607 157 10028 5806 4222 4487 583 2532 3068 2474 1602 894 186 105 183
is_linear=0
shrinkage=0.03


Tree=5
num_leaves=31
num_cat=0
split_feature=21 3 1 2 3 2 21 1 29 1 5 29 4 0 4 2 29 3 2 1 4 29 1 1 3 4 22 4 3 4
split_gain=26.1754 29.9611 32.9181 26.9006 24.8784 26.0643 21.9043 21.2504 34.256 32.4183 23.511 21.9065 20.9787 20.0845 19.0447 18.7903 18.387 40.1574 17.6287 23.4674 17.5646 21.6402 34.2342 19.7846 17.7823 36.3904 18.3048 17.0658 16.7141 15.7694
threshold=0.0018759980582357914 144.53977225313113 144.91692500000002 140.87113248888707 145.13794128384077 145.37307663154078 0.0029217539668495514 149.60760000000002 0.10952321428571547 148.83507500000002 0.01299999999999102 0.089635714285716428 0.066000000000001502 76.072472414189875 0.073000000000002438 148.7017062033978 0.20630892857142732 146.78779732875799 144.00080747701074 143.98205000000004 0.10707142857143129 0.090057142857142947 152.82440000000005 157.98762500000001 147.75176522842312 0.14607142857142671 0.3324537133850321 0.035285714285719354 144.02374374245679 0.045999999999999382
decision_type=2 2 2 2 2 2 2 2 2 2 2 2 2 2 2 2 2 2 2 2 2 2 2 2 2 2 2 2 2 2
left_child=3 13 14 -1 18 -6 20 8 9 15 -9 -12 -13 -2 -3 -7 -8 -18 27 -20 21 -4 -23 -24 25 26 -22 -5 -21 -15
right_child=1 2 6 4 5 7 16 10 -10 -11 11 12 -14 29 -16 -17 17 -19 19 28 24 22 23 -25 -26 -27 -28 -29 -30 -31
leaf_value=0.033507929819152682 0.00641462393729201 0.0016966845143790434 0.0018935180640551566 -0.015528462083138744 0.02897254010354898 0.0011677731288890572 -0.0031499752202114439 0.018868644257897551 -0.034845267235068332 0.012766546561370261 -0.0056878801584226537 -0.032440211000954587 0.016841360230597222 0.036051532286198541 -0.029801608018626802 -0.011818010918898419 0.036870907646929546 -0.02050590924613346 -0.032476478958550443 0.0096696498572849902 -0.0046636470562237261 0.0048236268000713192 0.031488863219810773 -0.043767961159912362 0.0012844479955501781 0.033832359810001551 -0.040816072081273448 -5.8352689152135326e-06 -0.0095691886215840752 -0.0094414060771843885
leaf_weight=18.920932799577713 1190.3545239418745 25.49501533806324 1237.1297806948423 73.223088309168816 26.248962223529816 1355.3469223827124 1319.1238604784012 39.230016991496086 22.978558734059334 211.44618600606918 1119.2150024324656 8.4914244264364225 65.982133716344833 6.9988290518522254 51.978980854153633 107.98873576521873 29.717705547809601 16.993760243058205 37.486208766698837 43.983762949705124 19.747422084212303 212.99052169919014 72.730701521039009 2.9989322423934928 99.990453466773033 9.7498043179512006 35.994157791137695 482.16844642162323 482.56250374019146 109.71547508239746
leaf_count=76 4763 102 4949 293 105 5422 5277 157 92 846 4478 34 264 28 208 432 119 68 150 176 79 852 291 12 400 39 144 1929 1931 439
internal_value=0 0.00143357 -0.000156649 -0.00189133 -0.00205883 -0.000615462 0.000332676 -0.000884433 0.00129115 0.0017949 -0.00388228 -0.00463705 0.0110746 0.00524874 -0.0194311 0.000205195 -0.0024917 0.0159356 -0.00586758 -0.00960348 0.00261531 0.00362363 0.0110169 0.0283083 -0.00665364 -0.0187695 -0.0281555 -0.00206502 -0.00795183 -0.00660233
internal_weight=0 4441.71 3134.64 4095.27 4076.35 2956.93 3057.17 2930.68 1697.76 1674.78 1232.92 1193.69 74.4736 1307.07 77.474 1463.34 1365.84 46.7115 1119.42 564.032 1691.33 1525.85 288.72 75.7296 165.482 65.4914 55.7416 555.392 526.546 116.714
internal_count=34155 17770 12540 16385 16309 11830 12230 11725 6792 6700 4933 4776 298 5230 310 5854 5464 187 4479 2257 6766 6104 1155 303 662 262 223 2222 2107 467
is_linear=0
shrinkage=0.03


Tree=6
num_leaves=31
num_cat=0
split_feature=21 30 22 29 1 28 2 1 3 2 30 3 28 30 3 3 29 29 2 23 28 28 2 30 3 0 20 28 28 1
split_gain=21.2664 31.5235 31.6391 15.5475 51.7311 16.7089 21.0579 18.5924 22.3681 21.4267 17.6773 15.4567 20.5799 19.9485 18.605 26.8874 28.538 23.8578 35.8743 31.1468 16.7263 21.8342 18.5022 17.1523 15.4169 14.9754 16.4347 13.6628 15.3786 13.4335
threshold=0.0017988862126966066 1.2332658218394961 0.57157356634205481 0.23758214285714355 147.74157500000004 0.00045112466320258862 147.57856033895203 150.14305000000002 149.63850080216733 156.21177837030106 0.68807802728221523 140.67924339346493 0.00055983434581082555 0.56085388399127944 145.13794128384077 149.59229573127453 0.12724285714285616 0.060521428571427408 150.00662309962851 -0.14689818012070163 0.00055096577643809865 0.0004568458203642333 144.53897501510582 0.91277640392383075 148.90119333206829 66.496561096581772 -2.4170374984206187 0.00027388222544167681 0.00037764894229845228 142.45445000000004
decision_type=2 2 2 2 2 2 2 2 2 2 2 2 2 2 2 2 2 2 2 2 2 2 2 2 2 2 2 2 2 2
left_child=1 11 -3 5 -5 6 10 8 -8 27 -2 12 -1 -13 20 16 24 19 -19 -17 21 22 -15 -22 -16 26 -4 -9 -29 -23
right_child=3 2 25 4 -6 -7 7 9 -10 -11 -12 13 -14 14 15 17 -18 18 -20 -21 23 29 -24 -25 -26 -27 -28 28 -30 -31
leaf_value=0.0445957857389635 -0.014776158681276356 0.014033279438680503 -0.021684069150137035 0.043815313374451693 -0.039917304350880541 0.00016359931655739402 -0.0019878749090534572 -0.030565509543869426 -0.03371737927077912 -0.0052306466091834088 0.010243853481203002 -0.030343091763582592 -0.045915553634505162 -0.0037374470147212104 0.00072487022754363776 -0.00068582535106182386 -0.054147066314261215 -0.032278813256525665 0.0033643797093571479 -0.014269467039314575 0.0056570970686700408 0.048315254376639569 -0.014056232018728756 -0.028828696315912745 0.010862843433685498 -0.02937753320948331 0.0052700689872540694 0.022131632578844419 0.005819185292286492 0.0047177132527829882
leaf_weight=11.932180896401404 26.480789750814438 216.7834352850914 25.495048671960831 24.699917048215866 8.7452392727136594 3425.478214636445 334.22675843536854 6.4982277303934088 20.998674720525742 103.47927877306938 480.30637145042419 22.934216022491455 2.485862284898757 541.05419614911079 1361.2088423371315 263.91708333790302 7.9676690250635138 26.996038481593132 367.43688420951366 359.35455632209778 16.996742814779282 6.4995856285095206 220.62599052488804 51.734971970319748 149.69577734172344 18.215935230255127 96.231747016310692 88.985471084713936 126.98067732155323 106.47018246352673
leaf_count=48 106 868 102 99 35 13705 1337 26 84 414 1922 92 10 2165 5445 1056 32 108 1470 1438 68 26 883 207 599 73 385 356 508 426
internal_value=0 -0.00163274 0.00685896 0.00137702 0.0216718 0.00122784 0.00429326 0.000842219 -0.00389883 0.00601722 0.00892262 -0.00249534 0.0281688 -0.00262481 -0.00243868 -0.0010992 0.00142751 -0.00487244 0.000894587 -0.00852554 -0.0060356 -0.00490706 -0.00673465 -0.0202697 0.00173325 -0.00423954 -0.000390182 0.0112626 0.0125757 0.00737385
internal_weight=0 3874.04 356.726 4646.88 33.4452 4613.43 1187.96 681.169 355.225 325.944 506.787 3517.31 14.418 3502.89 3479.96 2536.58 1518.87 1017.7 394.433 623.272 943.382 874.65 761.68 68.7317 1510.9 139.943 121.727 222.464 215.966 112.97
internal_count=34093 15501 1428 18592 134 18458 4753 2725 1421 1304 2028 14073 58 14015 13923 10148 6076 4072 1578 2494 3775 3500 3048 275 6044 560 487 890 864 452
is_linear=0
shrinkage=0.03


Tree=7
num_leaves=31
num_cat=0
split_feature=21 2 30 23 2 28 28 30 29 24 3 2 3 2 0 29 2 0 14 21 29 2 3 3 28 29 29 25 0 29
split_gain=39.5661 27.191 23.7829 35.0634 21.7829 30.4363 27.481 24.8335 22.4844 26.3966 22.6338 19.6462 17.5923 22.3699 17.7192 25.1677 14.6231 18.0872 14.691 14.264 26.7972 13.5674 16.9994 13.2435 13.1772 16.9319 16.7626 13.6177 13.0671 12.766
threshold=0.0017889447707391721 140.87113248888707 1.273798684589375 0.64293823324526023 147.65000929331637 0.0011896770715812976 0.0012864983768643133 0.79535622508311288 0.13578571428571257 0.0059137439962551374 143.0395027934135 143.20849149261704 145.98033254273759 146.25597238797459 73.137860273179299 0.056642857142859736 149.65209005998375 44.814034094081997 0.001126223394463999 0.00067979986868979363 0.030492857142857439 144.03349271315651 144.61524003357383 144.53977225313113 0.00023714434628444934 0.034533928571428424 0.052974999999999238 0.00047462140449748672 41.437025954294732 0.022089285714282782
decision_type=2 2 2 2 2 2 2 2 2 2 2 2 2 2 2 2 2 2 2 2 2 2 2 2 2 2 2 2 2 2
left_child=1 -1 19 29 5 8 7 16 12 10 11 -10 13 14 23 -16 17 -6 -18 24 -21 -12 -23 -2 25 -3 27 -26 -22 -4
right_child=4 2 3 -5 6 -7 -8 -9 9 -11 21 -13 -14 -15 15 -17 18 -19 -20 20 28 22 -24 -25 26 -27 -28 -29 -30 -31
leaf_value=0.032823725436112221 0.0058859925405965151 0.0051692670659603222 -0.031355062537757786 -0.016078329680361724 0.015585035263235287 0.017909992848413405 -0.022028300244504303 -0.0007064480936876756 -0.0068176651151628286 0.043162841458233361 -0.043599458505627062 0.037003944967361334 0.0090119753549358275 -0.01701888080882363 0.01281749343684823 -0.012311543165776812 0.018472781333362661 -0.012777626457716925 -0.013509782418419949 -0.01977006893660873 0.00023058030489269597 0.01218305687935526 -0.018420288440673678 -0.001173545775338168 0.023735048546526805 -0.013618641609533362 -0.0099235206645788571 -0.0082121874875088485 -0.0042263049740028221 0.012800499604523898
leaf_weight=19.572104558348656 1056.2713113278151 121.69531837105751 5.7468678355216971 50.690026968717575 35.492670252919197 132.59362445771694 50.1866185516119 2022.5478125363588 23.987691655755043 8.4966921061277372 14.493297874927519 14.488947302103041 481.15936172008514 50.993487730622292 48.477109134197235 134.71119596064091 132.68138912320137 46.240791127085686 13.992201492190359 89.208520874381065 786.9996462315321 19.739641800522804 87.221311032772064 308.16079458594322 68.225877955555916 66.459519758820534 24.490536525845528 14.24518972635269 2374.1805667728186 209.97719338536263
leaf_count=79 4227 487 23 203 142 531 201 8091 96 34 58 58 1925 204 194 539 531 185 56 357 3149 79 349 1233 273 266 98 57 9500 841
internal_value=0 -0.00216854 -0.00235156 0.0062847 0.0019422 0.00395381 -0.000137988 0.00035161 0.00312709 -0.00740039 -0.0101812 0.00976526 0.00398203 0.00246481 0.00311191 -0.00563521 0.00972248 -0.000412646 0.01538 -0.00300182 -0.00357565 -0.0165333 -0.0127262 0.00428947 0.00330537 -0.00146214 0.0117004 0.0181708 -0.00311586 0.0115684
internal_weight=0 3831.49 3811.92 266.414 4681.94 2380.79 2301.14 2250.95 2248.2 168.428 159.931 38.4766 2079.77 1598.61 1547.62 183.188 228.407 81.7335 146.674 3545.51 3250.39 121.454 106.961 1364.43 295.116 188.155 106.962 82.4711 3161.18 215.724
internal_count=34066 15333 15254 1067 18733 9527 9206 9005 8996 674 640 154 8322 6397 6193 733 914 327 587 14187 13006 486 428 5460 1181 753 428 330 12649 864
is_linear=0
shrinkage=0.03


Tree=8
num_leaves=31
num_cat=0
split_feature=2 0 29 1 2 30 29 4 30 1 1 2 2 1 30 28 4 29 4 1 1 0 1 1 29 15 13 30 30 13
split_gain=22.9009 19.6434 20.9861 44.9618 17.8909 18.8253 15.6768 15.3473 16.5233 23.0193 37.6375 21.7473 20.6073 31.8815 18.721 17.3422 15.6131 15.0263 14.8712 13.7274 22.1856 14.1085 13.5402 20.0441 13.456 12.7225 12.6843 12.5959 12.0281 11.9692
threshold=158.12940870618817 44.633609932031071 0.23758214285714355 147.74157500000004 142.62497716248353 0.89406620579960105 0.029603571428572402 0.036500000000004772 0.99292366016989719 148.11432500000004 147.83267500000002 148.7017062033978 147.43516385639381 146.58855000000003 0.7577132594403162 0.00072553080396603779 0.13578571428571404 0.12520535714285622 0.031785714285714819 143.73022500000005 147.75867500000004 63.462540579690234 147.39367500000003 147.45952500000001 0.059605357142857592 0.00037998868555078063 -0.0024370307688664767 1.7100580014805662 0.73729057939510656 0.0011820920260633418
decision_type=2 2 2 2 2 2 2 2 2 2 2 2 2 2 2 2 2 2 2 2 2 2 2 2 2 2 2 2 2 2
left_child=1 4 7 -4 5 -1 -7 19 9 10 24 14 13 16 -11 -13 -10 -12 -2 28 -21 25 29 -24 -9 -22 -6 -15 -3 -14
right_child=18 2 3 -5 26 6 -8 8 12 11 17 15 22 27 -16 -17 -18 -19 -20 20 21 -23 23 -25 -26 -27 -28 -29 -30 -31
leaf_value=-0.0036209627149651914 0.018868761836008153 0.012107397933875604 0.041157535736634561 -0.053473021795209442 -0.019060029634587899 -0.030008521032685094 0.026114368415575625 0.0046716106765049715 -0.0032024216456951918 -0.012621508357268593 -0.016097582193694657 0.0016274891125451338 -0.025291852762654034 0.015071514526502999 0.021367421595467177 0.017514556115863666 0.0092599924074826118 -0.052096912473908498 -0.015349803464186724 0.0030493015511109233 -0.0088858792609609188 -0.021848386989056504 0.022209874474873614 -0.0053344545200358267 -0.0021155528557578371 0.020231822797729459 0.0016665298579670862 -0.044175112023605086 -0.02873878380955841 0.020396919928756037
leaf_weight=36.923954024910927 12.241751149296759 7.4846875220537177 24.384654715657238 5.2360474020242682 26.489119470119476 4.4953574985265723 68.944140866398811 347.60994666814804 755.89275951683521 16.745580315589905 58.497359916567802 890.16552399098873 46.743182182312012 137.4542700946331 99.997900128364563 66.2388566583395 102.39288012683392 12.720006376504896 125.67802606523037 174.42591156065464 113.42544266581535 74.922552987933159 23.990881860256195 1064.1714164316654 1074.575486317277 14.988992065191267 3033.7972826510668 2.9993517100810996 38.955121710896492 5.497422367334365
leaf_count=148 49 30 98 21 106 18 276 1391 3025 67 234 3562 187 550 400 265 410 51 503 698 454 300 96 4258 4300 60 12140 12 156 22
internal_value=0 5.54477e-05 -0.00108618 0.023961 0.00191406 0.0137677 0.0225302 -0.00123278 -0.000739185 0.000882846 -0.00152403 0.00423457 -0.00268656 0.000457143 0.0164466 0.00273608 -0.00170945 -0.0227609 -0.0122565 -0.00669682 -0.00478472 -0.0115142 -0.00544176 -0.00471847 -0.000453893 -0.00542462 0.00148429 0.0136935 -0.022056 -0.0203378
internal_weight=0 8330.17 5159.52 29.6207 3170.65 110.363 73.4395 5129.9 4705.69 2566.55 1493.4 1073.15 2139.14 998.739 116.743 956.404 858.286 71.2174 137.92 424.203 377.763 203.337 1140.4 1088.16 1422.19 128.414 3060.29 140.454 46.4398 52.2406
internal_count=33887 33335 20647 119 12688 442 294 20528 18830 10270 5976 4294 8560 3997 467 3827 3435 285 552 1698 1512 814 4563 4354 5691 514 12246 562 186 209
is_linear=0
shrinkage=0.03


Tree=9
num_leaves=31
num_cat=0
split_feature=21 30 25 3 1 21 28 28 3 29 1 30 28 28 1 1 25 0 30 29 1 30 29 1 1 6 29 28 25 3
split_gain=24.6258 31.9403 34.2462 19.7923 27.8543 19.7888 19.3444 17.929 29.1529 28.3212 27.5893 25.3884 22.3269 21.8671 20.6501 22.0025 18.2871 17.6211 17.2667 14.9752 14.8669 18.441 14.7622 13.8113 13.7888 13.472 12.8906 12.8365 13.6037 15.4041
threshold=0.0018539973565357799 1.2550850663870161 0.00072962390168570829 144.53977225313113 144.91692500000002 0.0030247127237722983 0.00075282329756444922 0.00066186684207563404 147.75176522842312 0.090469642857141777 147.43370000000002 0.93176289971454673 0.00099518164316385847 0.00048608335502145467 152.30802500000001 157.98762500000001 0.0014172836405295026 75.609711838211339 1.5704415591472742 0.074971428571428037 140.71552500000004 0.56085388399127944 0.022089285714282782 146.24385000000004 150.48022500000002 0.00012668210717467238 0.23758214285714355 0.00017748656698465855 0.00030416683625617073 142.64414419935832
decision_type=2 2 2 2 2 2 2 2 2 2 2 2 2 2 2 2 2 2 2 2 2 2 2 2 2 2 2 2 2 2
left_child=1 6 22 17 -5 7 20 9 11 10 13 23 -13 -6 24 -16 -12 18 25 -7 -1 -22 -3 -9 -11 -2 -27 28 29 -23
right_child=3 2 -4 4 5 19 -8 8 -10 14 16 12 -14 -15 15 -17 -18 -19 -20 -21 21 27 -24 -25 -26 26 -28 -29 -30 -31
leaf_value=0.030475742707307147 0.036773456811908911 -0.024786597320824784 -0.0044833207834369697 -0.017051645015065273 0.014560307667335161 -0.0083634646659326659 -0.033982972642928252 -0.011346735637381571 0.0043778168912871965 0.010138779252108526 0.0029492072490769532 -0.011010107529715877 0.039470744384288547 -0.00089777055482847981 0.02948053440701846 -0.044641569167756863 -0.0055983212493986023 -0.0064689085076638751 0.025601380924482824 -0.00044117746080393554 -0.027657534625834496 -0.046421532630766711 0.017380019663202243 -0.048549521986038402 -0.01887944205313688 0.0045043209601218831 0.047731200508215922 -0.0019176980952730909 -0.02457440468936304 1.9354988248924536e-05
leaf_weight=12.083855733275412 11.683182552456854 7.4835578352212897 127.64450046420097 81.176145389676094 238.12769439816475 273.95858424901962 17.168608605861664 14.736599490046499 154.22275091707706 150.23405162990093 555.92695362865925 74.975163921713829 8.4959310591220838 125.23492158949375 75.170527815818787 3.4943765550851813 378.19160196185112 116.18383868038654 37.958792552351952 994.08671435713768 25.627321794629097 6.740071401000022 179.64138588309288 24.7301384806633 15.996524319052694 1129.3239643275738 5.9621901065111151 3527.6814903467894 46.205966949462891 72.461970061063766
leaf_count=49 47 30 511 325 953 1096 69 59 617 601 2224 300 34 501 301 14 1513 465 152 3978 103 27 720 99 64 4520 24 14116 185 290
internal_value=0 -0.00169408 0.00747404 0.00154121 0.000260888 0.000718639 -0.00247371 0.00272416 -0.00429232 0.00398753 0.00221716 -0.0151773 -0.00571326 0.009228 0.0133407 0.0259929 -0.000508861 0.00465626 0.00575099 -0.00215671 -0.00232357 -0.0024346 0.0156407 -0.0349241 0.00729933 0.0050849 0.00474653 -0.00225458 -0.0116799 -0.00405527
internal_weight=0 4022.74 314.769 4469.87 3168.76 3087.58 3707.97 1819.54 277.161 1542.38 1297.48 122.938 83.4711 363.363 244.895 78.6649 934.119 1301.11 1184.93 1268.05 3690.8 3678.72 187.125 39.4667 166.231 1146.97 1135.29 3653.09 125.408 79.202
internal_count=33987 16100 1261 17887 12679 12354 14839 7280 1109 6171 5191 492 334 1454 980 315 3737 5208 4743 5074 14770 14721 750 158 665 4591 4544 14618 502 317
is_linear=0
shrinkage=0.03


Tree=10
num_leaves=31
num_cat=0
split_feature=21 30 22 3 29 30 3 29 25 3 4 30 0 6 3 4 3 3 29 3 3 29 3 23 30 3 29 24 3 29
split_gain=26.5292 26.3582 36.8077 19.7452 22.6673 19.4855 18.0318 22.7972 29.9462 25.3905 17.7005 26.9691 26.0984 16.3787 16.1437 23.1711 16.1055 13.3437 13.6471 13.2587 12.9847 12.5245 36.0236 13.3784 19.2694 13.4573 12.6609 17.2071 13.8035 12.2399
threshold=0.0018759980582357914 1.2388297002507171 0.58076325751922309 145.13794128384077 0.13153392857142751 0.56085388399127944 149.59229573127453 0.061496428571425517 0.00019552551100992225 150.25531852277592 0.048857142857145729 1.1229681814569086 71.063787451358976 0.00022017543611564951 148.90119333206829 0.052321428571427686 148.45966076408939 142.0199679918222 0.048135714285718632 157.6383259389622 158.1733026730449 0.23758214285714355 146.78779732875799 0.64293823324526023 1.3001712411513007 143.56756096493979 0.057183928571429586 0.0017908361872783251 153.47594127720129 0.062528571428570115
decision_type=2 2 2 2 2 2 2 2 2 2 2 2 2 2 2 2 2 2 2 2 2 2 2 2 2 2 2 2 2 2
left_child=1 3 -3 17 5 -5 14 8 -8 -9 11 12 -2 -4 16 -16 -7 18 -1 21 -21 23 -23 24 26 -26 27 -12 -28 -27
right_child=10 2 13 4 -6 6 7 9 -10 -11 19 -13 -14 -15 15 -17 -18 -19 -20 20 -22 22 -24 -25 25 29 28 -29 -30 -31
leaf_value=0.046664739781398352 0.004564477382532281 0.013642359451706648 -0.037789560453149094 -0.032293314878334367 -0.037996094350205137 0.0014701562736934349 0.0052087117542090082 -0.016174098695736879 -0.010332352776640781 0.0049179877116129261 0.017644039813882271 -0.017420650711058309 0.027737456243447697 -0.0026675811884328609 0.024813848923473276 0.0015249445709547978 -0.0084885825481445 -0.006573325308463487 0.0010893033320175326 -0.020692020540770031 0.043622487719323262 0.039359279079629918 -0.027112995666091148 -0.0022052452889502914 0.0080154162280769523 0.00075790942846011577 0.0016318978110026242 0 0.0081402960682736714 -0.0099966991048070046
leaf_weight=7.9246212393045452 103.39488078653812 221.19045695662498 12.946176543831823 17.379196181893349 14.609897449612616 1261.1471593081951 140.70293696224689 59.724661231040955 532.03808064758778 354.68251061439514 117.9126839786768 27.233230337500572 76.188125088810921 125.91172906756401 61.215988889336586 103.46349634230137 164.98208799958229 1000.802664577961 21.604859754443169 37.215037897229195 2.7498035430908194 24.025214850902557 10.205063730478285 813.2072119563818 75.901476204395294 156.94563722610474 2313.7813306748867 85.694594398140907 336.05663239955902 239.8845239430666
leaf_count=32 414 887 52 70 59 5045 563 239 2130 1419 472 109 305 504 245 414 660 4006 87 149 11 97 41 3254 304 628 9259 343 1345 960
internal_value=0 -0.00170161 0.00604528 -0.00244857 -0.00110291 -0.00089761 -0.000689146 -0.00366722 -0.00707663 0.00186145 0.00164854 0.0102129 0.0144422 -0.00603808 0.00134447 0.0102296 0.000314431 -0.00598362 0.0137669 0.00122677 -0.0159003 0.00139262 0.0193917 0.00124166 0.00208541 -0.00352003 0.00301539 0.010224 0.00245926 -0.00573836
internal_weight=0 4100.33 360.048 3740.28 2709.95 2695.34 2677.96 1087.15 672.741 414.407 4420.4 206.816 179.583 138.858 1590.81 164.679 1426.13 1030.33 29.5295 4213.58 39.9648 4173.61 34.2303 4139.38 3326.18 472.732 2853.45 203.607 2649.84 396.83
internal_count=34103 16412 1443 14969 10844 10785 10715 4351 2693 1658 17691 828 719 556 6364 659 5705 4125 119 16863 160 16703 138 16565 13311 1892 11419 815 10604 1588
is_linear=0
shrinkage=0.03


Tree=11
num_leaves=31
num_cat=0
split_feature=21 21 3 21 28 3 3 3 3 2 30 14 28 3 2 28 2 25 28 30 2 28 13 15 22 2 2 3 5 2
split_gain=26.722 17.1508 16.4478 18.3342 16.4191 14.6807 26.9639 22.3911 20.9314 19.9601 16.2984 22.2542 15.2819 18.4432 14.6874 14.65 14.4124 14.2456 14.2185 22.8087 26.1498 15.961 14.9435 13.8471 13.6581 12.4397 12.2736 24.0931 11.6039 14.7842
threshold=0.0015418478574822404 0.00036315092482388627 143.0395027934135 0.010996306553754697 0.00017748656698465855 149.5141300183308 146.70995210322914 146.87623997745655 146.5822953695268 147.18193883458062 1.1865495312907799 0.00036043469481095164 0.00056868546908960893 144.79523038528933 149.17071488060844 0.0011896770715812976 143.5794000659404 0.00010017952978990688 0.00077397198413912678 0.87132403256136293 147.21578648930546 0.0016838270265416722 0.00097083917119789042 -0.00074614914078852113 0.028744762195569359 143.96863700744623 157.96639113388088 156.10887781510803 0.011999999999986246 152.43288048160665
decision_type=2 2 2 2 2 2 2 2 2 2 2 2 2 2 2 2 2 2 2 2 2 2 2 2 2 2 2 2 2 2
left_child=1 17 3 15 -3 6 8 -8 12 23 28 -12 24 -14 -11 -2 -4 -1 -18 22 21 25 -20 -9 -6 -21 27 -22 29 -7
right_child=2 4 16 -5 5 10 7 9 -10 14 11 -13 13 -15 -16 -17 18 -19 19 20 26 -23 -24 -25 -26 -27 -28 -29 -30 -31
leaf_value=0.04727799814383158 0.0051988681128509653 -0.014069016684377005 -0.014783996910819398 -0.055776739282696823 0.010159138228798891 -0.012219287623752082 0.026946272321153254 0.035411776560307411 -0.039994577838184268 0.0017013890072493439 0.014716781805493613 -0.017010331179389035 -0.03307999682399785 0.014776590556210605 0.014388539488144333 0.024364026079358652 0.0017062542329747048 0.0061636611835266392 -0.02008435700188984 0.025376491570314325 -0.0061388263512366205 0.039210905473421452 0.0088998055049430633 -0.029972350188070675 -0.0036421183245724125 0.0027632823691787342 -0.033142651413385162 0.029807746864898337 -0.0072713600624549103 0.046318791296767116
leaf_weight=10.400355786085127 587.92176139354706 104.50676488876343 52.478017777204514 3.9936120510101309 69.191904753446579 6.9958146214485151 33.993962064385414 2.9999980926513699 13.988253623247145 781.48461081087589 73.100026294589043 26.949293151497841 29.958983138203621 9.2384367138147336 91.624119788408279 38.085605680942535 4022.8240918666124 27.211001053452492 93.574770450592041 23.734074547886848 376.0587063729763 12.373624265193937 18.962878167629242 24.98668697476387 890.46429523825645 254.52830368280411 13.730460554361342 17.246370866894722 743.64525493979454 7.9932328760623932
leaf_count=42 2354 419 210 16 277 28 136 12 56 3127 293 108 120 37 367 153 16099 109 375 95 1505 50 76 100 3565 1019 55 69 2977 32
internal_value=0 -0.00214369 0.00139393 0.00595562 -0.00240545 -0.00196862 -0.000526087 0.00314503 -0.00391827 0.00223512 -0.00523621 0.00611556 -0.00339819 -0.0216982 0.0030407 0.00638076 0.000804747 0.017896 0.00097554 -0.00264816 -0.000619484 0.00624538 -0.0151632 -0.0225563 -0.00264105 0.00472807 -0.00552957 -0.00453343 -0.00673907 0.0190975
internal_weight=0 2948.73 5515.51 630.001 2911.12 2806.61 1947.93 935.089 1012.84 901.095 858.684 100.049 998.854 39.1974 873.109 626.007 4885.51 37.6114 4833.03 810.209 697.672 290.636 112.538 27.9867 959.656 278.262 407.036 393.305 758.634 14.989
internal_count=33881 11805 22076 2523 11654 11235 7797 3742 4055 3606 3438 401 3999 157 3494 2507 19553 151 19343 3244 2793 1164 451 112 3842 1114 1629 1574 3037 60
is_linear=0
shrinkage=0.03


Tree=12
num_leaves=31
num_cat=0
split_feature=2 21 2 30 17 10 28 1 23 10 28 25 13 23 28 2 25 29 1 28 21 15 28 29 5 30 9 13 17 21
split_gain=25.4416 23.206 19.4793 16.4397 19.7545 14.0752 13.1129 12.6372 12.5038 12.0345 12.359 11.2871 15.6665 11.5116 17.918 15.9672 13.3183 11.2621 23.4577 10.9851 18.4845 10.8114 10.5865 15.2719 10.5605 10.4639 10.1103 9.75297 9.62259 10.1466
threshold=158.12940870618817 0.0018539973565357799 140.87113248888707 1.3162207674924546 0.33006098599013173 0.028000000000005801 0.00046729378194132378 157.98762500000001 0.28955722840224291 0.059000000000011717 0.00071337797593207513 0.0010394139120601293 -0.00041312651841912679 -0.037001012662188019 0.00069685202438915311 146.67178125191862 0.0017753924213658454 0.23758214285714355 147.74157500000004 0.00035457327011384319 0.00057658168136374521 -0.00070139536419450133 0.00079835879182396771 0.064689285714286837 0.096499999999991828 1.1166437414337129 0.0079999999999955679 -0.00034510409037225015 0.43438653476179384 0.00073769755982936943
decision_type=2 2 2 2 2 2 2 2 2 2 2 2 2 2 2 2 2 2 2 2 2 2 2 2 2 2 2 2 2 2
left_child=1 2 -1 7 6 11 -5 9 19 10 26 12 -3 14 -13 16 -16 -7 -19 20 -2 -8 23 -21 -11 -12 -4 -22 29 -10
right_child=8 5 3 4 -6 17 21 -9 28 24 25 13 -14 -15 15 -17 -18 18 -20 22 27 -23 -24 -25 -26 -27 -28 -29 -30 -31
leaf_value=0.030116751042820595 0.032527618178660789 0.001389057654318799 -0.0033559442835985605 0.015856654873087378 -0.031645853653623678 -0.0011980989929646878 0.029497825596055505 0.025585342069153198 0.0047044278176133665 -0.040926173162413981 -0.034559384004403115 -0.010812622090538642 0.0082478410138454947 0.0025412874565711972 0.0051409614377836811 -0.0052398153193735589 0.033906010045489307 0.036037365638920543 -0.038886735664316566 -0.0083934745786318418 0.0018916134984566409 -0.0047076025364983691 -0.024106656388908302 0.032385487630876161 -0.0074722226756383263 0.0017047028122784277 -0.00017223593310784741 -0.032388968146586809 -0.0083857275383335695 -0.044851508950675772
leaf_weight=17.427043110132217 5.7454274892806998 535.9714445322752 1645.8055102527142 111.62392394244671 10.889494463801382 1209.0302865952253 9.2194899171590787 14.739926114678381 4.2438142299652126 12.490362897515295 18.600157201290134 157.6652997136116 683.5366857945919 1668.0623559653759 44.703058630228043 79.974923759698868 21.462810173630714 17.487733706831936 4.4696489572525016 15.480425730347632 9.7399577498435956 65.391251102089882 8.4760420918464643 16.983563959598541 26.717300295829773 11.240304067730902 1979.2845158576965 29.221920266747475 18.222564145922661 22.698949471116066
leaf_count=71 23 2145 6588 448 44 4839 37 59 17 50 75 631 2736 6676 179 320 86 71 18 62 39 262 34 68 107 45 7922 117 73 91
internal_value=0 0.000426064 -0.00125293 -0.00139596 0.0070366 0.0019163 0.00936177 -0.00184549 -0.0128921 -0.00195782 -0.00177874 0.00296756 0.00523696 0.00156193 -0.00380261 0.00374638 0.0146278 -0.000806757 0.0203324 -0.00607147 -0.0163207 -0.000339658 0.00508542 0.0129497 -0.0184354 -0.0209189 -0.00161864 -0.0237939 -0.0256346 -0.0369699
internal_weight=0 8345.79 3923.43 3906 197.124 4422.36 186.235 3708.88 130.813 3694.14 3654.93 3191.38 1219.51 1971.87 303.806 146.141 66.1659 1230.99 21.9574 85.6473 44.7073 74.6107 40.94 32.464 39.2077 29.8405 3625.09 38.9619 45.1653 26.9428
internal_count=33933 33409 15708 15637 791 17701 747 14846 524 14787 14630 12773 4881 7892 1216 585 265 4928 89 343 179 299 164 130 157 120 14510 156 181 108
is_linear=0
shrinkage=0.03


Tree=13
num_leaves=31
num_cat=0
split_feature=21 30 23 21 1 29 30 6 1 1 0 22 29 29 29 30 3 3 3 21 2 3 21 6 29 30 14 1 3 29
split_gain=25.2336 25.8159 28.4613 23.6539 19.4037 37.0841 20.196 16.488 16.1654 21.1238 17.899 16.1555 16.0127 15.7915 15.6973 23.2895 16.4497 17.0005 21.7137 15.3618 15.58 24.0476 23.7964 15.1048 17.4258 15.0996 13.7147 14.6056 27.6765 23.1642
threshold=0.0018539973565357799 1.243931938639651 0.18900316811272236 0.00036315092482388627 147.45952500000001 0.23758214285714355 0.79535622508311288 0.00032154026360984238 148.53837500000003 155.72997500000002 51.094873106367423 1.2146515352917195 0.13332142857142912 0.029603571428572402 0.075635714285709768 1.3076689526292757 144.53977225313113 146.04261885135153 146.33428773738078 0.0030247127237722983 143.20849149261704 143.28365324137732 0.0022930195330747327 0.0001823819089131021 0.071307142857143263 0.56085388399127944 -0.0019640444128929397 146.58855000000003 144.98849874246201 0.10952321428571547
decision_type=2 2 2 2 2 2 2 2 2 2 2 2 2 2 2 2 2 2 2 2 2 2 2 2 2 2 2 2 2 2
left_child=1 3 7 -1 5 14 8 13 10 -10 -6 12 25 -3 15 19 -17 -18 -19 20 22 -22 -2 -4 -25 -5 -16 28 -28 -29
right_child=4 2 23 11 6 -7 -8 -9 9 -11 -12 -13 -14 -15 26 16 17 18 -20 -21 21 -23 -24 24 -26 -27 27 29 -30 -31
leaf_value=0.021363756904535527 0.035227789837832493 -0.00046352545166566657 -0.040870090404501923 -0.028186742443626248 0.012019536940683499 0.040716625313921534 -0.0016326139288722872 0.0078489418596680068 0.017750988656979067 -0.0099031082697474682 -0.02443094540806216 0.03181836480647713 -0.039828554951031658 0.036592914917364924 0.01281147387602141 0.0053108806906569158 -0.027471530315592092 0.043383052024872602 -0.0098736779357008631 -0.0017076345614131343 -0.015733133145567915 0.010444705344113982 0.0039430885962753546 0.0012322685441451399 -0.039444743486899497 -0.0027143622225054113 0.0013682641113215962 0.01595534450389248 -0.0099682521430503671 -0.004042683183145177
leaf_weight=36.329933062195778 52.39807853102684 13.723079845309256 9.4041956514120084 20.796840488910675 22.729970216751099 23.297509908676147 1931.1367955803871 161.64266246557236 133.33136650919914 30.186141595244408 25.2121272534132 11.740863963961599 10.292225077748297 39.827405735850334 83.410835206508636 94.144130259752274 38.72021572291851 7.9986364990472785 40.239025205373764 105.1756058037281 33.723306894302368 431.77293935418129 37.963557362556458 118.10695073008537 9.9954343438148481 3623.0238215774298 919.9111043214798 123.21465197205544 245.16049502789974 89.687810882925987
leaf_count=146 210 55 38 84 91 95 7727 649 534 121 101 47 42 160 334 377 155 32 161 421 135 1729 152 473 40 14502 3683 493 981 359
internal_value=0 -0.00187654 0.00587296 -0.00261605 0.0013916 0.00328846 -0.000667127 0.0126823 0.00812575 0.0126188 -0.00711984 -0.00285624 -0.00297108 0.0270913 0.00290337 0.00616566 -0.00334954 -0.0127461 -0.000767427 0.00877739 0.0107665 0.00853288 0.0221738 -0.00476612 -0.00200301 -0.00286288 0.00102051 0.000301976 -0.0010166 0.00752302
internal_weight=0 4054.88 352.7 3702.18 4469.41 2326.82 2142.6 215.193 211.46 163.518 47.9421 3665.85 3654.11 53.5505 2303.52 842.135 181.102 86.9579 48.2377 661.033 555.858 465.496 90.3616 137.507 128.102 3643.82 1461.38 1377.97 1165.07 212.902
internal_count=34127 16236 1415 14821 17891 9317 8574 864 847 655 192 14675 14628 215 9222 3372 725 348 193 2647 2226 1864 362 551 513 14586 5850 5516 4664 852
is_linear=0
shrinkage=0.03


Tree=14
num_leaves=31
num_cat=0
split_feature=2 24 3 30 17 28 17 2 1 29 13 21 29 28 29 1 14 23 29 29 2 1 3 2 3 30 28 29 1 3
split_gain=20.2709 16.2994 17.2199 14.2258 20.8251 15.0043 13.1117 18.2712 17.6306 14.4261 14.9586 13.5003 15.6841 12.7832 17.5568 18.499 13.2521 12.4472 12.3288 25.6804 10.9509 10.0063 10.81 24.5313 26.8565 17.1622 24.8833 15.9982 21.4779 15.8545
threshold=158.12940870618817 0.00066957932737729997 142.44376574850895 0.83164780918377601 0.34645595077233571 0.00027144220268232052 -0.54312365494641057 143.23982348728063 142.81212500000007 0.078392857142857833 -0.0011024408320534638 0.0016424431818754949 0.059605357142857592 0.00020048754043142382 0.050564285714285416 143.60347500000003 0.00017118756349721045 -1.0995196467911827 0.11415178571428621 0.10952321428571547 142.53819388663013 1.0000000180025095e-35 145.13794128384077 147.77341381438325 147.85302661936069 1.0118793313268497 0.00024586815195044918 0.059605357142857592 147.51185000000004 157.46890822201274
decision_type=2 2 2 2 2 2 2 2 2 2 2 2 2 2 2 2 2 2 2 2 2 2 2 2 2 2 2 2 2 2
left_child=1 21 3 20 5 -5 7 -4 9 11 -11 -8 -13 17 16 -16 -15 -10 19 -7 -3 -1 -23 27 -25 26 -26 -24 -29 -27
right_child=-2 2 6 4 -6 18 8 -9 13 10 -12 12 -14 14 15 -17 -18 -19 -20 -21 -22 22 23 24 25 29 -28 28 -30 -31
leaf_value=0.045095648982085151 -0.011942731958701831 -0.019983878347962048 0.040261289548444525 -0.036669405404396088 -0.020143681243943293 0.014863338628780013 -0.014856937777878894 -0.0054515771914024338 0.042450263157434914 0.032243097525869735 -0.026079240399946229 -0.0093758282478163778 0.04493148381709211 0.0048109328932909434 0.0081512631336949203 0.00015047373917289342 0.019308289925348571 -0.023862064823142886 0.031339566346698523 -0.038598649685876049 0.012541218893516596 -0.004276992950594651 0.0074896418784883879 -0.012879002312928958 -0.0081028338205328745 -0.0067814701627423373 0.0036477993374956475 0.0010448628903149794 -0.027126305686928205 0.018809244126165182
leaf_weight=3.816803738474845 130.69000254571438 24.709346607327461 7.7191083431243888 4.7410212606191626 16.732112511992455 149.17993099987507 19.731842935085297 393.71286681294441 2.4992219656705883 3.9943735897541037 50.705205678939819 8.4722418189048785 10.236325755715368 507.28877757489681 282.16173584759235 3295.8098533302546 63.899341911077499 27.720651924610138 36.821895897388458 8.2375545650720579 14.478900060057638 1018.7327439039946 449.00650349259377 202.14402796328068 205.91267770528793 491.99404692649841 758.45087340474129 293.60203897953033 26.247262477874756 22.456990122795105
leaf_count=16 524 99 31 19 67 598 79 1576 10 16 203 34 41 2032 1130 13194 256 111 148 33 58 4080 1797 809 825 1970 3036 1175 105 90
internal_value=0 -4.90858e-05 0.00105963 0.00864903 0.0116738 0.0143906 0.000644565 -0.00453569 0.00113227 -0.0117526 -0.0216131 0.00226001 0.0204206 0.00142096 0.00156381 0.000782891 0.0064473 -0.0179163 0.0157069 0.0119786 -0.00788686 -0.00162368 -0.00167985 -0.000598236 -0.00262949 -0.00122409 0.00113393 0.00383811 -0.00128078 -0.00564824
internal_weight=0 8401.22 4928.85 254.901 215.713 198.98 4673.95 401.432 4272.52 93.14 54.6996 38.4404 18.7086 4179.38 4149.16 3577.97 571.188 30.2199 194.239 157.417 39.1882 3472.36 3468.55 2449.81 1680.96 1478.81 964.364 768.856 319.849 514.451
internal_count=34162 33638 19735 1022 865 798 18713 1607 17106 373 219 154 75 16733 16612 14324 2288 121 779 631 157 13903 13887 9807 6730 5921 3861 3077 1280 2060
is_linear=0
shrinkage=0.03


Tree=15
num_leaves=31
num_cat=0
split_feature=21 2 3 30 3 1 29 30 2 1 2 2 4 3 30 21 1 4 17 29 17 15 1 1 14 2 2 17 4 30
split_gain=21.7863 16.7107 36.076 17.4845 16.4194 20.7658 26.5176 21.5971 20.5775 20.3129 26.4337 19.5689 19.2041 21.3055 19.2547 17.7925 15.9632 16.3744 19.9006 14.9729 13.6407 13.3206 13.2231 25.8793 13.1342 12.5344 20.6297 19.7242 12.5331 12.3929
threshold=0.0018759980582357914 144.00080747701074 143.34376882594779 1.3001712411513007 145.13794128384077 149.60760000000002 0.12724285714285616 0.56085388399127944 142.69940167652351 152.17257500000002 152.18510710314473 149.17071488060844 0.039999999999995095 142.0199679918222 0.82330983783114597 0.00073769755982936943 143.79505000000003 0.16135714285714089 0.62211903077195474 0.054703571428572066 0.41550937758519146 0.00046536130775654 151.95235 151.40762500000002 -0.0022405317124762898 148.7017062033978 148.6571732876607 -0.32942209334169831 0.22114285714285642 0.78545358439598445
decision_type=2 2 2 2 2 2 2 2 2 2 2 2 2 2 2 2 2 2 2 2 2 2 2 2 2 2 2 2 2 2
left_child=4 16 -3 29 8 6 7 -6 12 10 -7 25 13 -1 -14 -11 17 -2 -19 20 -13 -21 23 -5 -24 26 -9 -27 -26 -4
right_child=1 2 3 22 5 9 -8 11 -10 15 -12 19 14 -15 -16 -17 -18 18 -20 21 -22 -23 24 -25 28 27 -28 -29 -30 -31
leaf_value=0.035711126063094081 0.0038372801592181406 -0.037473894397895099 0.0072863988470107865 -0.0023708578672262419 -0.035105252620742898 -0.0067966621445369078 -0.049974200860717251 0.0020358003641505569 -0.0060952798729761639 0.013588708961936572 -0.056640835350901586 0.032431306287925642 -0.017007866487828326 -0.019127707076106365 0.018182745966439998 -0.0015824968416602327 0.035072005389951706 0.026956326622756117 -0.044633849264424187 -0.00067812447244481027 -0.01012522604747651 0.025802382854917438 -0.039721370243102336 0.046390510765385515 -0.006730989053803902 0.019985993659105559 0.036262047074758268 -0.010304935243789389 -0.053045185397959937 0.0012319327815353187
leaf_weight=7.2908130586147299 713.2561991661787 21.725348725914955 341.9578241109848 388.47321221232414 13.56343339383602 501.82096722722054 8.5167463570833188 1380.8782837986946 967.49972088634968 77.627212435007095 9.4889142960309965 43.873703643679619 16.221354126930237 39.160566210746765 90.209165826439857 648.55965282022953 15.981949687004088 46.128364726901054 3.4814544022083274 69.94248041510582 7.7429989576339713 22.235624834895134 13.4895903468132 9.7462085187435132 122.88936035335064 21.988849759101868 15.747814625501631 144.68762229382992 5.2314728498458853 2769.2196045219898
leaf_count=30 2857 87 1370 1555 55 2010 35 5526 3875 311 38 176 65 157 362 2598 64 186 14 280 31 89 54 39 492 88 63 579 21 11084
internal_value=0 0.00164946 0.000801869 0.00103351 -0.00138385 -0.000214109 0.00190799 0.0021752 -0.00447764 -0.00318153 -0.00776021 0.00247928 0.00573174 -0.0102823 0.0127584 4.00721e-05 0.00564067 0.00500661 0.0216342 0.0130609 0.025968 0.00574017 -0.00394724 -0.0011359 -0.0118127 0.00150173 0.00243157 -0.0062621 -0.00876497 0.001899
internal_weight=0 4451.58 3672.73 3651.01 4087.06 2966.67 1729.18 1720.66 1120.38 1237.5 511.31 1707.1 152.882 46.4514 106.431 726.187 778.848 762.866 49.6098 143.795 51.6167 92.1781 539.83 398.219 141.61 1563.3 1396.63 166.676 128.121 3111.18
internal_count=34191 17823 14702 14615 16368 11879 6922 6887 4489 4957 2048 6832 614 187 427 2909 3121 3057 200 576 207 369 2161 1594 567 6256 5589 667 513 12454
is_linear=0
shrinkage=0.03


Tree=16
num_leaves=31
num_cat=0
split_feature=21 30 3 25 24 3 1 29 1 1 3 1 1 29 5 25 21 1 28 21 21 24 29 1 3 1 3 24 28 28
split_gain=14.4134 18.6966 21.6938 17.1999 19.5132 16.9225 18.6851 17.5301 14.9163 25.9968 29.7161 28.0998 19.226 46.2387 24.7048 18.8227 16.8792 21.0063 16.0567 18.7162 15.0042 14.8595 14.1509 20.4345 23.4655 16.0048 22.5644 13.6083 13.1096 20.9518
threshold=0.001551229943610874 0.78545358439598445 149.09351217882497 6.9844541620831576e-05 0.00035655372217983125 143.0395027934135 143.38340000000002 0.056189285714286344 151.40762500000002 146.80400000000006 146.5822953695268 146.94330000000005 152.30802500000001 0.062796428571427101 0.011999999999986246 0.0014041022148958921 0.00082389461392771567 152.45137500000004 0.00056868546908960893 0.0011073080390873076 0.001267169209101873 0.00047115641912912634 0.054467857142858137 147.75867500000004 148.73461284260682 147.16870000000003 147.15599353381916 0.00092737360090098912 0.0002594604334837021 0.00024024454476958128
decision_type=2 2 2 2 2 2 2 2 2 2 2 2 2 2 2 2 2 2 2 2 2 2 2 2 2 2 2 2 2 2
left_child=3 2 -2 4 -1 7 -7 -3 9 10 15 -11 13 21 -14 18 -16 -18 19 -5 -15 -10 23 27 -25 -24 -27 -13 29 -8
right_child=1 5 -4 8 -6 6 28 -9 12 11 -12 22 14 20 16 -17 17 -19 -20 -21 -22 -23 25 24 -26 26 -28 -29 -30 -31
leaf_value=0.047555903465193963 0.0021833853632584107 0.020912694674779655 0.014820681388641786 -0.0084434224887069264 0.0039819426739130439 -0.01997929711062725 0.0023172003423770583 0.0034219527075134504 -0.038230854931201354 0.030829838281810421 -0.047424163405091577 0.011770646574719077 0.034578690640934016 0.047159149482699884 0.007264074917953639 0.023220599719882828 0.027599101245391645 -0.0091464253579928313 -0.025322859426206122 0.00015901984695288732 -0.00034350394285458195 -0.013526949847630865 -0.037534151687219387 -0.0077922713195209244 0.0071193360465964632 0.038373038890795741 -0.0032404370383824757 -0.009325541565022721 8.1595589520366531e-05 -0.03314408570464674
leaf_weight=9.3126526176929456 406.10466757416725 57.311494916677475 175.15632559359074 445.98702704906464 261.18868820369244 42.724557101726532 32.20311439037323 503.62000875174999 50.618253603577614 28.991231977939606 14.229991182684897 270.86260856688023 14.226749449968336 9.7458286583423632 81.131605163216591 21.734488815069199 14.228681519627569 370.34656542539597 32.909480407834053 463.18276681005955 14.485631242394446 40.176386967301369 11.498002946376799 202.80509835481644 178.03230625391006 11.747931763529776 431.34167058765888 30.244334906339645 4319.2404907494783 27.469899892807007
leaf_count=38 1627 230 702 1787 1046 171 129 2019 203 116 57 1084 57 39 325 87 57 1484 132 1855 58 161 46 812 714 47 1727 121 17290 110
internal_value=0 0.000911856 0.00600233 -0.00166534 0.00554418 0.000317079 -0.000305123 0.00522459 -0.0023791 -0.00121051 -0.00481719 0.00181391 -0.00658161 -0.0175892 -0.00392782 -0.00417045 -0.00513209 -0.00775865 -0.00481276 -0.00405894 0.0189827 -0.0274129 0.00106318 0.00379758 -0.000813466 -0.003032 -0.00210513 0.00963454 -0.000111124 -0.0140412
internal_weight=0 5563.83 581.261 3009.03 270.501 4982.57 4421.64 560.932 2738.53 2143.57 978.044 1165.52 594.96 115.026 479.934 963.814 465.707 384.575 942.079 909.17 24.2315 90.7946 1136.53 681.944 380.837 454.588 443.09 301.107 4378.91 59.673
internal_count=34331 22278 2329 12053 1084 19949 17700 2249 10969 8585 3918 4667 2384 461 1923 3861 1866 1541 3774 3642 97 364 4551 2731 1526 1820 1774 1205 17529 239
is_linear=0
shrinkage=0.03


Tree=17
num_leaves=31
num_cat=0
split_feature=24 9 3 29 4 25 22 30 3 25 15 3 3 3 21 21 4 30 5 4 6 4 29 5 24 3 3 4 3 30
split_gain=17.3713 17.0117 15.7938 17.341 17.9297 15.7355 14.8892 13.9319 27.8017 18.0705 13.418 12.7621 17.0182 21.0198 18.177 15.1133 33.8308 14.3364 13.977 12.6689 12.5936 12.5356 16.9396 12.4865 13.3417 12.0969 11.7741 11.6401 11.6301 13.3343
threshold=0.00081525869910851459 0.0030000000000001141 143.84029885833732 0.05032857142857123 0.02492857142856764 0.0075481002588250199 -0.07758860134748817 1.0054654831629164 150.25531852277592 0.00019552551100992225 0.00036947584958979546 153.47594127720129 151.66699220395796 151.37076361040582 0.0052190233787913704 0.0036888090935316485 0.093357142857140987 0.89406620579960105 0.058000000000006942 0.051357142857143455 3.9945428529012898e-05 0.13835714285714271 0.14441964285714595 0.019499999999993637 0.0010618491714401623 148.73461284260682 155.73311109599072 0.22114285714285642 154.58019919805599 1.872472942009461
decision_type=2 2 2 2 2 2 2 2 2 2 2 2 2 2 2 2 2 2 2 2 2 2 2 2 2 2 2 2 2 2
left_child=1 20 5 4 -4 23 -5 10 21 -10 -3 12 13 27 17 16 26 -14 -18 -15 25 -9 -23 24 -2 -1 -13 -8 -17 -30
right_child=2 7 3 6 -6 -7 11 8 9 -11 -12 15 14 19 -16 28 18 -19 -20 -21 -22 22 -24 -25 -26 -27 -28 -29 29 -31
leaf_value=-0.0060516881434624558 -0.015082646096873549 -0.0015200878483100811 -0.042053620525132597 -0.011303227366587124 0.0061674477293402162 -0.037509810121213245 -0.00096855700628028618 -0.0011301426295632613 0.032224629047024389 -0.0120240182550597 0.0034170144115495747 0.007645565075341699 -0.00055367410916093917 -0.025551178858829942 0.023475502816686186 -0.022927103832184024 -0.012533496150751978 -0.021504823356991574 0.025118616782440126 0.031408917906517855 -0.0055467638201890587 0.028393304512785194 -0.0094748746517669871 0.004842730176744932 0.044319468405802455 0.041815464355784857 -0.0045223672206422521 0.015739124905488441 0.0023198451385514954 -0.051879351211249564
leaf_weight=8.729529947042467 4.2467726469039944 905.25713096559048 6.7253089100122443 109.42942273616791 507.48505835235119 7.4519416838884345 2139.3004343658686 944.04505823552608 8.2315471172332746 293.99669782817364 1092.2885800302029 147.32863467931747 45.203947246074677 3.7459208220243481 12.241236805915831 25.478165909647942 9.4888715445995313 85.452945664525032 95.418151751160622 26.987344413995743 888.44100719690323 29.45121668279171 16.204733237624168 817.08711822330952 13.630902990698813 9.7204506099224073 138.37693494558334 37.884415969252586 89.137567177414894 3.9805608391761771
leaf_count=35 17 3626 27 438 2033 30 8563 3780 33 1178 4374 590 181 15 49 102 38 342 382 108 3559 118 65 3275 55 39 554 153 357 16
internal_value=0 -0.00139492 0.00131414 0.000421656 0.00550679 0.00499983 -0.000458376 -0.000390825 -0.00281884 -0.0107782 0.0011782 -4.12426e-05 -0.000975082 -0.000323631 -0.0109979 0.00426207 0.00711201 -0.014297 0.0216584 0.0241898 -0.00503231 -0.000382716 0.0149133 0.00539615 0.0300276 0.0192729 0.00174317 -0.000674326 -0.0050936 -0.000124081
internal_weight=0 4196.37 4326.08 3483.66 514.21 842.417 2969.45 3289.47 1291.93 302.228 1997.55 2860.03 2350.82 2207.92 142.898 509.209 390.613 130.657 104.907 30.7333 906.891 989.701 45.6559 834.965 17.8777 18.45 285.706 2177.18 118.596 93.1181
internal_count=34132 16807 17325 13948 2060 3377 11888 13174 5174 1211 8000 11450 9411 8839 572 2039 1564 523 420 123 3633 3963 183 3347 72 74 1144 8716 475 373
is_linear=0
shrinkage=0.03


Tree=18
num_leaves=31
num_cat=0
split_feature=15 3 30 29 1 29 3 4 3 28 3 3 3 3 17 1 30 30 30 15 5 4 29 29 30 1 1 3 1 29
split_gain=20.2507 26.9742 18.1978 11.5571 25.2871 21.8988 27.0242 20.2191 20.4945 18.836 13.9705 22.7948 16.8425 31.6184 26.4038 23.8496 23.393 27.0786 21.5908 15.0785 14.1179 14.0397 13.5321 12.3954 22.5554 19.1868 13.2259 12.3878 45.4217 25.5861
threshold=-0.00034423837133046303 142.29429267848812 0.89570263481489087 0.089180357142857117 153.62337500000001 0.097517857142859168 149.72118868632626 0.20149999999999887 155.38439067748911 0.00057153322358481239 156.10887781510803 155.9435673594198 145.13794128384077 147.18118141234348 0.20437910051164737 145.17955000000003 1.0435762313683798 1.3422448911491951 0.77212584738130474 0.0021051132018967693 0.025999999999996252 0.054142857142858859 0.049551785714285361 0.074296428571424669 0.74422393187158897 157.14765000000003 157.79437500000003 148.45966076408939 147.74157500000004 0.20630892857142732
decision_type=2 2 2 2 2 2 2 2 2 2 2 2 2 2 2 2 2 2 2 2 2 2 2 2 2 2 2 2 2 2
left_child=1 2 -1 10 5 -5 27 8 -6 -8 11 12 15 14 18 20 19 -18 -14 -15 -2 -16 -22 24 -12 -26 -27 28 29 -7
right_child=3 -3 -4 4 7 6 9 -9 -10 -11 23 -13 13 16 21 -17 17 -19 -20 -21 22 -23 -24 -25 25 26 -28 -29 -30 -31
leaf_value=-0.0048182065307860464 -0.01320561897979689 0.001417476912233004 0.02298183830355666 0.0070079469865551884 0.022542235054228661 -0.0016336154654555597 0.0062935152372607765 -0.03698322469280272 0.0028351564634939317 -0.033071866801843076 0.02440880039359589 0.033806449564747619 -0.02479586909241947 3.5194490331302622e-05 0.020762317338268277 -0.030106233409843013 -0.0094729382411049383 0.0046524306464517879 0.0024368184699324318 0.030235386913653909 0.00380597830863113 0.0070539041664068229 -0.0044197617752238143 -0.023313646142358462 -0.023020116475628412 0.0053224795561776853 -0.010725134378360014 0.0086064741782213555 -0.024580368168616723 0.024756368374485201
leaf_weight=27.664779648184776 126.25529561936855 2997.2563555091619 86.798032075166702 263.82764591276646 100.06157010793686 481.43472447991371 14.481140807271002 7.2008472681045523 91.08312876522541 41.984811723232269 20.466523408889771 16.2394829839468 28.485662415623665 1357.0974211990833 113.09941922128201 31.469343304634094 550.97309255599976 156.39347353577614 291.59134021401405 14.746637806296347 231.20610718429089 168.8850472420454 804.60727889835835 40.968479260802269 58.87790422141552 84.862348362803459 100.47416417300701 95.454322397708893 76.278237983584404 35.199962347745895
leaf_count=111 507 12003 349 1056 401 1928 58 29 365 168 82 65 114 5433 453 126 2206 627 1167 59 927 676 3223 164 236 340 403 382 306 143
internal_value=0 0.00196525 0.0162416 -0.00107268 0.00151271 -0.00041107 -0.00304475 0.0112968 0.0131864 -0.0229435 -0.00181703 -0.00133065 -0.00148129 -0.000160386 0.00589077 -0.0044454 -0.00191461 -0.00634504 0 0.000368557 -0.00374032 0.012579 -0.00258021 -0.0079917 -0.00558507 -0.00813786 -0.00336433 -0.00139884 -0.00301821 0.000171938
internal_weight=0 3111.72 114.463 5403.71 1207.01 1008.66 744.833 198.346 191.145 56.466 4196.7 3891.05 3874.81 2681.27 602.061 1193.54 2079.21 707.367 320.077 1371.84 1162.07 281.984 1035.81 305.649 264.681 244.214 185.337 688.367 592.913 516.635
internal_count=34107 12463 460 21644 4836 4041 2985 795 766 226 16808 15583 15518 10735 2410 4783 8325 2833 1281 5492 4657 1129 4150 1225 1061 979 743 2759 2377 2071
is_linear=0
shrinkage=0.03


Tree=19
num_leaves=31
num_cat=0
split_feature=21 1 1 1 1 4 1 1 1 1 28 30 28 1 1 4 15 6 1 29 1 1 1 1 1 6 29 29 1 0
split_gain=12.5754 24.3653 40.0653 24.9763 19.4522 17.074 19.6724 14.8761 14.8458 15.6354 20.8512 18.3562 21.7258 15.986 14.543 14.0588 13.8802 13.001 13.1649 34.3548 21.8085 21.5198 15.9657 12.5418 14.6858 12.3976 12.3965 20.7987 14.9671 12.3265
threshold=0.0018759980582357914 146.80400000000006 146.98387500000004 146.648875 147.07997500000002 0.066285714285711061 147.30112500000001 140.71552500000004 144.65650000000002 144.91692500000002 0.00060778490626411474 0.79810782952199777 0.00071938244159277511 144.80037500000003 146.58855000000003 0.1023571428571393 0.0017338173179941576 3.9945428529012898e-05 147.71307500000003 0.054467857142858137 147.96817500000006 148.63285000000002 147.83267500000002 156.53145000000004 156.89297500000001 0.00017928467745539963 0.096876785714286665 0.075975000000000112 157.14765000000003 31.067534495685134
decision_type=2 2 2 2 2 2 2 2 2 2 2 2 2 2 2 2 2 2 2 2 2 2 2 2 2 2 2 2 2 2
left_child=1 3 -3 7 -4 6 -2 -1 -7 10 29 12 -11 -12 15 25 23 -6 19 -19 22 -22 -20 -13 -25 -9 27 -18 -28 -10
right_child=5 2 4 -5 17 8 -8 14 9 11 13 16 -14 -15 -16 -17 26 18 20 -21 21 -23 -24 24 -26 -27 28 -29 -30 -31
leaf_value=0.028384881405801719 0.0088111745035120096 0.025418151447639856 -0.026217055876152848 -0.035062418313872572 0.023928672932937139 0.0029105544036930752 0.00039391719556590026 -0.011531198191840808 0.006257533284526824 0.013245231211720686 0.011146487436222614 -0.0034175121419335445 -0.0088962679256165706 -0.019162418259311868 0.023220017110373657 -0.031821482220451225 -0.0012534365010690789 0.010491529523264782 -0.0046623530905107067 -0.0060796657991083868 0.0075221637609230747 -0.0015966489558114051 -0.022328386427835224 0.042109704550447984 0.0035503078262945306 -0.0032413207289578544 -0.00057279488123379628 0.019695291276167315 -0.054528218321027111 -0.036091407623684568
leaf_weight=12.313307508826254 458.67321713268757 55.437953382730484 25.48621279001236 23.451849028468132 19.924127012491226 978.00984138250351 550.36840765178204 186.52475854754448 7.242026984691619 154.66681686043739 36.466470405459404 1713.0700121223927 53.303044408559799 26.952989012002945 16.744671538472176 16.657177641987801 82.442732587456703 298.58645285665989 143.33670653402805 180.16120633482933 274.14308069646358 1538.4492283463478 68.121271744370461 9.4940093010663968 100.61779761314392 1266.8446771502495 142.60837100446224 87.448478385806084 4.487678959965705 35.448554664850235
leaf_count=51 1839 222 102 94 80 3919 2203 748 29 620 146 6856 214 108 67 67 330 1195 574 721 1098 6165 273 38 403 5074 572 350 18 142
internal_value=0 -0.00150557 0.000256314 -0.00451994 -0.000292849 0.000794432 0.00422455 -0.00403321 -0.000213386 -0.00145969 -0.0127097 -0.00094848 0.00755128 -0.00171715 -0.00430938 -0.00462968 -0.00177678 -2.66702e-05 -0.000221416 0.00424933 -0.00128083 -0.000214815 -0.0103912 -0.00278519 0.00700751 -0.00430946 0.00401087 0.00952763 -0.00234688 -0.028844
internal_weight=0 4126.18 2603.65 1522.54 2548.21 4441.3 1009.04 1499.08 3432.26 2454.25 106.11 2348.14 207.97 63.4195 1486.77 1470.03 2140.17 2522.72 2502.8 478.748 2024.05 1812.59 211.458 1823.18 110.112 1453.37 316.987 169.891 147.096 42.6906
internal_count=34318 16531 10430 6101 10208 17787 4042 6007 13745 9826 425 9401 834 254 5956 5889 8567 10106 10026 1916 8110 7263 847 7297 441 5822 1270 680 590 171
is_linear=0
shrinkage=0.03


Tree=20
num_leaves=31
num_cat=0
split_feature=24 2 2 0 15 1 0 1 23 23 2 2 15 30 21 30 6 21 2 2 2 13 2 2 30 28 6 21 28 30
split_gain=21.508 14.7757 14.3297 15.2526 13.4227 17.0822 13.2539 13.0361 12.3428 12.4588 11.8452 15.427 12.7459 14.0541 12.3197 11.3519 13.6767 11.2504 11.0708 18.25 17.2416 25.8354 21.2847 28.5071 26.8412 31.312 14.4488 16.9867 14.991 13.4354
threshold=0.00081525869910851459 158.43214912945572 143.8504269299535 25.603898453042039 -0.00026782311328948921 143.04965000000001 85.2671990201125 143.69772500000002 -0.39769846201024561 -0.42852701559897449 142.62497716248353 141.93950776202965 -0.00099339045558022288 0.89747970270011279 0.0068704323696757493 0.65948926264589647 0.00011210134305026535 0.0035709641064612884 145.1076687096996 144.90464349511771 147.77341381438325 -0.000270965083452479 148.26335402207215 148.37125719356914 0.96143348212138158 0.00024586815195044918 0.0001823819089131021 0.00036315092482388627 0.00013124514714179061 0.74422393187158897
decision_type=2 2 2 2 2 2 2 2 2 2 2 2 2 2 2 2 2 2 2 2 2 2 2 2 2 2 2 2 2 2
left_child=1 18 4 8 7 -6 15 10 9 -4 11 12 13 -2 -12 -5 -17 -7 19 26 21 -20 -22 -24 25 -25 27 28 -1 -28
right_child=2 -3 3 6 5 17 -8 -9 -10 -11 14 -13 -14 -15 -16 16 -18 -19 20 -21 22 -23 23 24 -26 -27 29 -29 -30 -31
leaf_value=0.047428287818019541 -0.049058223989095054 -0.028450611504372 -0.0036070074255180264 -0.01077460980606092 -0.0067705659476678384 0.0045522151234104261 -0.029118649624960267 0.051919489809782539 -0.033815908985684061 0.034590331650039052 0.0044844861361640334 0.028564996724939472 0.023456510695983569 0.0031813033700007357 0.043069628592128609 0.020060315731071001 0.0018099064852610681 0.032001995357812139 -0.012925202669478105 -0.015547366859729794 -0.0097709130426879981 0.0042650780485101849 0.026508029294405815 -0.0080658265987509012 -0.005441512052284876 0.0050061562591595162 0.01226981636140404 -0.017102969940563678 -0.015567536106628697 -0.0023513053047354254
leaf_weight=7.144286707043646 5.9916710406541851 17.892465159296989 537.79260131716728 63.214115023612976 134.8316034078598 57.926068156957626 12.239307150244711 5.9934594482183448 11.729902908205984 7.4855510443449012 303.49121795594692 51.495196908712387 16.638722762465477 17.145399510860443 7.363823100924491 37.148394837975502 3061.246222242713 17.39965595304966 85.654301166534424 108.96813197433949 273.97059325873852 923.30887717008591 33.476480767130852 212.20449128746986 779.49365106225014 734.88835370540619 60.297770470380783 98.35610331594944 5.9516802132129669 841.18038482964039
leaf_count=29 24 72 2153 254 541 232 49 24 47 30 1217 207 67 69 30 149 12259 70 343 437 1097 3697 134 851 3123 2943 242 395 24 3370
internal_value=0 -0.00146425 0.00154869 0.000846512 0.00577849 -0.000367939 0.0016508 0.00894882 -0.00372936 -0.00305841 0.00826268 0.0177643 0.00359729 -0.0106737 0.00544881 0.00177361 0.00203161 0.0110344 -0.00134556 -0.00389276 -0.00040517 0.00279936 -0.0019964 -0.000783057 -0.00131845 0.00207247 -0.0026318 -0.0128102 0.0188674 -0.00136625
internal_weight=0 4182.79 4349.13 3730.86 618.277 210.157 3173.85 408.119 557.008 545.278 402.126 91.271 39.7758 23.1371 310.855 3161.61 3098.39 75.3257 4164.9 1121.9 3043 1008.96 2034.03 1760.06 1726.59 947.093 1012.93 111.452 13.096 901.478
internal_count=34179 16757 17422 14941 2481 843 12711 1638 2230 2183 1614 367 160 93 1247 12662 12408 302 16685 4497 12188 4040 8148 7051 6917 3794 4060 448 53 3612
is_linear=0
shrinkage=0.03


Tree=21
num_leaves=31
num_cat=0
split_feature=24 3 30 0 29 29 17 14 28 28 25 28 14 30 1 3 21 28 9 0 1 3 3 30 0 1 1 25 30 30
split_gain=21.6621 16.128 22.3146 26.9341 13.7834 21.3881 13.174 23.8733 16.7795 22.6957 18.0545 18.1596 16.5889 16.5025 14.8761 18.1602 22.8177 14.491 13.6196 13.0748 13.026 12.9659 17.6399 14.9708 15.9464 14.3282 12.9883 12.8341 13.821 13.1571
threshold=0.00066957932737729997 142.44376574850895 0.82979326893202665 65.46760666719031 0.11415178571428621 0.11071964285714052 0.078520030211397737 4.7665903717630804e-05 0.00026190467117487613 0.00032564682911061948 0.00022365608638768531 0.00017748656698465855 -0.00013917884536163158 1.243931938639651 144.32035000000002 147.70265087268419 0.0007736995373335793 0.00013124514714179061 0.0045000000000072768 68.686820120428123 140.71552500000004 147.56432011638336 147.31115147980961 1.0589346794076497 71.063787451358976 147.30112500000001 149.27735000000004 0.0026181738071840068 1.1903432497562128 1.2550850663870161
decision_type=2 2 2 2 2 2 2 2 2 2 2 2 2 2 2 2 2 2 2 2 2 2 2 2 2 2 2 2 2 2
left_child=6 2 19 4 5 -4 7 13 10 12 -8 -12 -10 17 -13 16 -16 -1 -11 -2 -5 22 25 24 -23 -14 -25 29 -29 -3
right_child=1 27 3 20 -6 -7 8 -9 9 18 11 14 21 -15 15 -17 -18 -19 -20 -21 -22 23 -24 26 -26 -27 -28 28 -30 -31
leaf_value=0.029700327212483793 -0.019204490785704065 -0.0001221729438978404 0.014360484631013467 0.041409334746196451 0.033035429413798501 -0.043139587699791253 0.032056076336917171 -0.0089759541964452919 -0.014064897108079417 -0.006010487524102783 -0.02673541325370812 -0.023933945668998091 0.012736115010255037 0.020353362719338498 0.02962653407427299 -0.0099832863177620867 -0.0010447097910897245 -0.0022501215063599556 0.0003826479855627614 0.035001153112280581 -0.027840941189730389 0.00018278814810258803 0.03451860955534948 -0.038100050158062428 0.020515580678273734 -0.02487154830218909 0 0.010225843365895699 -0.0033214943526745561 0.004512536425231856
leaf_weight=12.895552292466162 32.680560097098351 3776.0709547996521 152.96872711181641 2.498955890536311 35.060999944806099 5.7426215708255759 10.374205976724623 527.00237743556499 30.445990696549416 379.33585679531097 39.198267608880997 33.862752616405487 126.97072453796864 34.344253554940224 26.726158991456032 157.28503474593163 112.60684549808502 394.7978096306324 1424.5665763765574 4.2461044788360587 18.944262862205505 98.109663456678391 32.989085167646408 12.728467285633085 53.686593323945999 9.4966005980968458 21.188759237527847 250.9006924033165 92.248608037829399 644.97884412109852
leaf_count=52 131 15121 615 10 142 23 42 2112 122 1519 158 136 509 138 107 631 451 1582 5705 17 76 393 132 51 215 38 85 1006 370 2585
internal_value=0 0.00138064 0.00877179 0.0124753 0.0160172 0.0121836 -0.00168447 -0.00466505 -0.000558855 0.000450162 -0.00637554 -0.00748727 0.00705425 0.000470277 -0.005173 -0.00299908 0.00486802 -0.00121106 -0.000960854 -0.0126591 -0.0191727 0.00888342 0.0148823 0.00337834 0.00742 0.0100483 -0.0145289 0.000988312 0.00657547 0.000553558
internal_weight=0 5016.34 252.142 215.216 193.772 158.711 3538.61 969.04 2569.57 2189.52 380.053 369.679 385.616 442.038 330.481 296.618 139.333 407.693 1803.9 36.9267 21.4432 355.17 169.456 185.713 151.796 136.467 33.9172 4764.2 343.149 4421.05
internal_count=34274 20096 1014 866 780 638 14178 3884 10294 8769 1525 1483 1545 1772 1325 1189 558 1634 7224 148 86 1423 679 744 608 547 136 19082 1376 17706
is_linear=0
shrinkage=0.03


Tree=22
num_leaves=31
num_cat=0
split_feature=3 30 0 4 2 30 29 1 3 6 29 1 2 14 4 1 0 14 30 13 30 23 1 29 29 3 4 3 3 25
split_gain=24.034 21.768 17.212 19.2154 13.6595 13.4021 12.4432 25.2857 21.8517 25.0744 19.6754 17.3248 19.5912 22.0592 21.4337 22.2673 18.2463 15.7842 14.1467 16.2729 13.8933 28.456 23.1381 41.736 28.1147 21.8493 23.5214 21.9277 18.5385 17.4478
threshold=142.44376574850895 0.82979326893202665 53.754794494334014 0.032928571428567269 142.38922512675904 0.73729057939510656 0.089635714285716428 142.85267500000006 149.59229573127453 6.0166878297608443e-05 0.10952321428571547 143.43767500000001 152.59956190171869 -0.0019640444128929397 0.22114285714285642 147.694625 66.240066087804593 0.00020008670495952344 0.87479828979094321 -0.0011024408320534638 0.92589010889930223 -0.13807463322259791 157.14765000000003 0.05790535714286079 0.038575000000003919 149.78071348990605 0.036928571428572157 155.8312638316942 149.85365751921617 0.0034931011335423176
decision_type=2 2 2 2 2 2 2 2 2 2 2 2 2 2 2 2 2 2 2 2 2 2 2 2 2 2 2 2 2 2
left_child=1 4 3 -3 5 -1 8 18 -2 -10 -9 -12 14 -14 16 -16 -13 -15 -8 -20 25 22 24 -24 -22 -11 28 -28 -27 -23
right_child=6 2 -4 -5 -6 -7 7 10 9 20 11 12 13 17 15 -17 -18 -19 19 -21 21 29 23 -25 -26 26 27 -29 -30 -31
leaf_value=0.0063007586987839153 0.00013616611329040373 -0.020480591707569031 0.0020582977032464096 0.018297072775013998 0.0059987362332266578 -0.032603517115316311 -0.0020349299501746972 0.0055134296596722528 0.026553054262767949 -0.022505065445880088 0.013399582523999682 -0.0074689707043438525 -0.027383700865464867 0.019602646415203363 0.028031766325869647 -0.020582011090002572 0.0056324483013738096 0.00050869803958993216 0.027522650288060835 -0.038996886392477344 0.019854722409284764 -0.011857201083888241 -0.0031780800389368058 0.034831818641162998 -0.0069198172514773051 0.046746501055590792 0.0070726997922666056 -0.0064371090368752371 -0.013433930912496986 0.012585935095447578
leaf_weight=11.248617589473723 4365.9184966236353 11.939933344721792 136.53301660716534 186.66810382902622 32.144956260919571 25.438444390892982 28.727068960666656 910.77322013676167 23.911024183034897 39.206409767270088 72.968873471021652 566.31385162472725 14.711807683110235 83.036828771233559 33.979806914925575 10.952872753143309 114.61009864509106 73.832457944750786 3.4835557192564037 27.723767399787903 38.631637632846832 567.46628241240978 69.123853892087936 41.212979853153229 374.45270685851574 4.4790456891059867 380.36133863031864 150.55394326150417 121.56974586844444 27.203395277261734
leaf_count=46 17486 48 548 752 129 102 115 3647 96 157 293 2269 59 333 138 44 459 296 14 111 155 2275 277 165 1499 18 1523 603 488 109
internal_value=0 0.00713172 0.0102907 0.0159234 -0.00818391 -0.0206396 -0.000362309 0.00173323 -0.00101849 -0.00376216 0.00234692 -0.000622694 -0.00177026 0.00733213 -0.00392819 0.0160573 -0.00525788 0.0106531 -0.017395 -0.031285 -0.00416768 -0.0062392 -0.00113019 0.0110482 -0.00439601 -0.000835126 0.000463214 0.00323455 -0.0111658 -0.0107282
internal_weight=0 403.973 335.141 198.608 68.832 36.6871 8145.21 1941.11 6204.09 1838.17 1881.18 970.407 897.438 171.581 725.857 44.9327 680.924 156.869 59.9344 31.2073 1814.26 1118.09 523.421 110.337 413.084 696.17 656.964 530.915 126.049 594.67
internal_count=34254 1625 1348 800 277 148 32629 7778 24851 7365 7538 3891 3598 688 2910 182 2728 629 240 125 7269 4480 2096 442 1654 2789 2632 2126 506 2384
is_linear=0
shrinkage=0.03


Tree=23
num_leaves=31
num_cat=0
split_feature=0 3 2 29 2 10 25 2 21 2 2 29 0 5 29 28 29 29 2 24 28 2 9 24 5 2 28 29 2 28
split_gain=20.2412 18.9199 17.4193 12.6305 28.0436 12.504 11.8963 11.8519 11.8436 12.8222 17.5902 15.0167 10.6184 26.4854 14.3297 14.5593 12.3769 11.3796 11.2618 10.1108 10.0485 18.2143 9.77191 9.54722 9.49436 30.5989 11.265 11.4196 23.2311 16.7805
threshold=42.606320974447662 143.84029885833732 158.43214912945572 0.20630892857142732 148.1520730431433 0.060999999999992845 0.0075481002588250199 146.60736736720844 0.0018539973565357799 142.38922512675904 142.87243520656352 0.076658928571430876 28.339412454517845 0.035000000000010807 0.11071964285714052 0.0010789050155078012 0.050789285714288833 0.030492857142857439 142.75467093478815 0.0040908889583579702 0.00056279626956370085 144.95700595377465 0.0079999999999955679 0.00014633961654376249 0.011999999999986246 147.45178559446057 0.00020925511307094048 0.048423214285715145 144.28269980412077 0.00031809721104894448
decision_type=2 2 2 2 2 2 2 2 2 2 2 2 2 2 2 2 2 2 2 2 2 2 2 2 2 2 2 2 2 2
left_child=1 12 3 5 -5 6 8 23 20 11 -11 -10 13 -1 16 -16 18 -14 -15 -6 22 -22 -2 -7 25 -3 -26 28 -28 -29
right_child=2 24 -4 4 19 7 -8 -9 9 10 -12 -13 17 14 15 -17 -18 -19 -20 -21 21 -23 -24 -25 26 -27 27 29 -30 -31
leaf_value=0.02914223320022263 -0.0034161575611860017 -0.020357105897552505 -0.02701439176646098 0.025681494793126685 -0.051538896206876093 0.031158433143200298 -0.023898966839179768 -0.015727185793375405 -0.032341220043579401 0.015889652019003855 0.00087003547841551479 -0.002524449316706194 -0.023827050212362286 0.021872962054823943 -0.041017936004753612 0.0095987792912757205 0.0045386325674900913 0.011254961239076473 -0.033544831087677765 0.0068891046027849722 -0.02129626157078391 -0.0018740762157566635 0.00022566369522514722 -0.0035195956447995609 -0.010296390460363999 0.033164689026280593 -0.03976593982490461 -0.010164585490536346 0.0070554216586997008 0.0010176652226875792
leaf_weight=25.649867668747902 1193.3082641661167 14.208231300115584 22.54368057847023 39.860580369830132 6.3933915048837644 7.7388199120759955 19.432110756635666 97.322976842522621 21.435743719339371 72.056838288903236 2371.2440706342459 51.626742914319038 8.2039756029844266 3.9168486744165447 15.954852774739267 7.194627732038497 101.91614462435246 340.80361711978912 14.957051694393156 4.1871887445449829 65.556240484118462 129.13194887340069 1488.7091016471386 63.844046592712402 78.846675857901573 28.127900138497353 9.4702726900577527 129.55338145792484 380.54911604523659 1725.5965463519096
leaf_count=104 4784 57 91 163 26 31 78 390 86 289 9496 207 33 16 64 29 409 1368 60 17 263 518 5965 256 316 113 38 519 1525 6908
internal_value=0 0.00222158 -0.000866284 -0.00075965 0.014137 -0.000895566 -0.000643875 -0.0089277 -0.000558202 0.000944109 0.00131611 -0.0114097 0.00741049 0.00122902 -0.00377455 -0.0252373 0.000366349 0.010402 -0.0217254 -0.0285883 -0.00187334 -0.00845209 -0.00139377 0.000302102 0.00108235 0.0151153 0.000823503 0.00121667 0.00588115 0.000233625
internal_weight=0 2884.95 5654.39 5631.85 50.4412 5581.41 5412.5 168.906 5393.07 2516.36 2443.3 73.0625 518.597 169.589 143.94 23.1495 120.79 349.008 18.8739 10.5806 2876.71 194.688 2682.02 71.5829 2366.35 42.3361 2324.02 2245.17 390.019 1855.15
internal_count=34219 11559 22660 22569 206 22363 21686 677 21608 10078 9785 293 2083 682 578 93 485 1401 76 43 11530 781 10749 287 9476 170 9306 8990 1563 7427
is_linear=0
shrinkage=0.03


Tree=24
num_leaves=31
num_cat=0
split_feature=0 2 1 4 2 5 12 22 5 2 2 2 30 25 30 21 4 4 3 1 4 25 30 1 1 4 21 30 4 2
split_gain=17.2425 14.0132 24.4533 13.501 11.9967 10.0714 9.98868 9.14334 8.92713 8.69608 15.9291 22.4138 20.2603 20.2006 24.4305 20.5513 19.0349 17.7752 15.5946 50.2588 22.0392 14.44 12.979 13.4741 12.6691 14.098 13.6712 17.5444 12.623 11.7329
threshold=43.183549478779277 143.93704966993354 143.73022500000005 0.16607142857142779 158.43214912945572 0.021000000000000799 -0.00013127709692367648 0.70553690529542268 0.29899999999999244 145.04836933032246 147.36531320972813 147.29913306028806 1.0030672425002589 0.00061961273282777705 1.273798684589375 0.0042391719106715372 0.17678571428571491 0.088750000000000509 147.85302661936069 147.83267500000002 0.036928571428572157 0.00082297361861693097 0.70930585285516845 142.67540000000005 144.65650000000002 0.040714285714286251 0.0072771979706746839 1.2929877292665466 0.092285714285713402 142.87243520656352
decision_type=2 2 2 2 2 2 2 2 2 2 2 2 2 2 2 2 2 2 2 2 2 2 2 2 2 2 2 2 2 2
left_child=1 3 -3 -1 5 6 -2 -6 -4 21 11 16 18 14 -14 -15 17 -11 19 -12 -20 22 23 -7 26 -26 27 -23 -27 -28
right_child=4 2 8 -5 7 9 -8 -9 -10 10 12 -13 13 15 -16 -17 -18 -19 20 -21 -22 24 -24 -25 25 28 29 -29 -30 -31
leaf_value=0.0059285497321736776 0.03849397385704139 -0.03689853449730629 0.0013230573066281266 0.039945452832035371 -0.0068352961837604117 -0.028382733099477812 -0.0077192623914369186 -0.045359047558528619 -0.019038453738649194 0.004005767012930872 0.00052694258771532093 0.023783491374523222 -0.0011941230591026558 -0.0072984438987351652 0.02210444192975862 0.0067956172966993919 0.021289602928499615 -0.0060924441581554556 -0.0092331614070508411 -0.02851418959297522 0.003983336903371131 -0.00051250622751401048 -0.0084310155659468259 0.033305482300985956 0.035849688850646447 -0.020741127219793137 0.021687583652364818 0.013324852567342444 0.0074374869252899975 -0.031856774347821082
leaf_weight=418.54874259233475 3.9712455570697776 14.976208001375197 2532.6529203057289 10.52038913965225 14.345270410180094 3.9160669296979931 240.05648119747639 9.1212846934795362 19.212393775582314 603.49471887946129 340.40856416523457 46.44872958958149 181.72793254256248 887.24077227711678 51.740821361541748 103.57097850739956 45.384252518415451 211.51126605272293 125.28591220080853 63.319869324564934 1176.327418923378 824.36022342741489 402.5884815454483 12.710347756743429 4.9880085438489905 65.09876437485218 4.2305597364902523 91.296370953321457 17.965496331453323 19.5213623046875
leaf_count=1682 16 60 10143 43 58 16 964 37 77 2417 1363 186 728 3554 208 415 184 847 503 254 4712 3303 1615 51 20 261 17 366 72 79
internal_value=0 0.00177941 0.000938821 0.00679693 -0.00104455 -0.000952474 -0.00690858 -0.022319 0.00116636 -0.000676417 7.02791e-05 0.00354484 -0.00100447 -0.00394897 0.00397816 -0.00582053 0.00244085 0.00138011 0.00110798 -0.00403817 0.00270705 -0.00265827 -0.00734922 0.0183531 -0.000739807 -0.0116015 0.000278466 0.000867797 -0.0146057 -0.0220435
internal_weight=0 2995.91 2566.84 429.069 5550.63 5527.16 244.028 23.4666 2551.87 5283.14 3836.46 906.839 2929.62 1224.28 233.469 990.812 860.39 815.006 1705.34 403.728 1301.61 1446.68 419.215 16.6264 1027.46 88.0523 939.409 915.657 83.0643 23.7519
internal_count=34251 12005 10280 1725 22246 22151 980 95 10220 21171 15371 3634 11737 4905 936 3969 3448 3264 6832 1617 5215 5800 1682 67 4118 353 3765 3669 333 96
is_linear=0
shrinkage=0.03


Tree=25
num_leaves=31
num_cat=0
split_feature=0 29 1 13 3 30 28 21 4 29 29 0 1 21 3 1 28 3 30 4 13 1 25 3 4 1 3 29 3 5
split_gain=18.5315 17.6732 27.23 13.696 12.7605 11.3467 15.739 24.976 16.7579 11.7754 11.0941 9.49362 14.9653 13.1413 12.8154 11.8631 16.7649 9.48399 16.8195 19.8171 17.339 12.3624 12.7184 10.5633 13.3367 14.1965 11.1069 26.086 21.9468 9.41963
threshold=44.633609932031071 0.20630892857142732 147.74157500000004 -0.0024370307688664767 142.29429267848812 0.89747970270011279 0.00065774023339087507 0.0043641078732775179 0.034857142857141817 0.090057142857142947 0.061017857142858199 11.96995353866833 150.347275 0.0029737992184574605 148.12329122799676 148.05197500000006 0.00039027248798621333 157.6383259389622 1.0365842347489991 0.039642857142856626 5.4575471877371669e-05 157.90830000000003 0.00042822259547298144 156.655726122435 0.057000000000001154 157.27497500000004 155.4619695263182 0.062273214285712801 153.47594127720129 0.023000000000010349
decision_type=2 2 2 2 2 2 2 2 2 2 2 2 2 2 2 2 2 2 2 2 2 2 2 2 2 2 2 2 2 2
left_child=3 29 -3 10 5 -5 8 -8 -7 -9 -1 12 14 -14 15 16 -6 23 19 20 -19 -20 -23 26 25 -25 28 -28 -13 -2
right_child=1 2 -4 4 11 6 7 9 -10 -11 -12 17 13 -15 -16 -17 -18 18 21 -21 -22 22 -24 24 -26 -27 27 -29 -30 -31
leaf_value=0.01763886393306608 -0.0065616266219578213 0.027036137157365005 -0.03753145069196747 -0.0030591088075084916 0.0097527535197186096 -0.039776085606775931 -0.018395453843864731 -0.016735191089539421 0.033238789714152499 0.046083780229626767 -0.027923559767991053 0.001436392208944737 -0.029720481635327752 0.038151017313978824 -0.044813714163616299 0.045763326714830417 -0.030184795688527263 0.041855675555974241 -0.031728661765442104 -0.031748191371961013 -0.037193882877756955 0.029450123162459652 -0.016497196668016752 0.031950470456258519 0.01942224539936217 -0.015924161646159923 0.007320700747302406 -0.019874121489760168 0.012327529396424416 -0.00098891106498312704
leaf_weight=5.7417391538620022 289.03824605047703 38.911295220255852 6.6105921715497962 33.319686755537987 15.958847388625143 2.7335549592971793 21.07278773188591 3.2251318842172614 44.988105773925781 11.499963641166685 23.199584186077118 2596.9167497307062 3.2460001558065406 8.9961325377225858 11.242919176816939 2.994387835264205 22.227035239338875 6.9877235591411573 5.4873823374509838 33.68762318789959 3.4906574636697769 18.959300875663761 7.2308013737201682 6.9914283901453045 65.668030172586441 23.209986492991447 60.148214429616928 66.392136067152023 177.76508094370365 4915.4973789304495
leaf_count=23 1161 160 27 135 64 11 85 13 182 47 93 10403 13 36 45 12 89 28 22 135 14 76 29 28 263 93 241 266 712 19696
internal_value=0 -0.00113555 0.01741 0.00173772 0.00192204 0.0116481 0.0175411 0.00237219 0.0287716 0.0320659 -0.0186935 0.00155783 -0.00978455 0.0196353 -0.0167843 -0.00879076 -0.01347 0.00179842 -0.00865046 -0.0205776 0.0149413 0.007922 0.0166082 0.00206467 0.0118524 -0.0045379 0.00173902 -0.00693726 0.00213649 -0.00129933
internal_weight=0 5250.06 45.5219 3283.38 3254.44 116.839 83.5195 35.7979 47.7217 14.7251 28.9413 3137.6 64.6653 12.2421 52.4232 41.1803 38.1859 3072.94 75.8435 44.166 10.4784 31.6775 26.1901 2997.09 95.8694 30.2014 2901.22 126.54 2774.68 5204.54
internal_count=34202 21044 187 13158 13042 473 338 145 193 60 116 12569 259 49 210 165 153 12310 304 177 42 127 105 12006 384 121 11622 507 11115 20857
is_linear=0
shrinkage=0.03


Tree=26
num_leaves=31
num_cat=0
split_feature=24 29 1 22 30 3 3 3 30 0 14 9 29 21 30 21 3 29 12 5 4 17 5 21 21 30 4 0 14 21
split_gain=17.8348 14.3377 14.7735 17.5817 18.4237 15.9978 12.5842 24.1433 17.8121 21.9819 14.8919 17.4725 14.2713 30.6395 15.0225 13.9244 14.6653 13.1776 10.8246 11.2628 11.354 10.4284 10.2847 10.2819 10.1556 11.5863 9.7409 12.9944 13.1057 10.9449
threshold=0.00081525869910851459 0.05032857142857123 143.60347500000003 -0.07758860134748817 1.3755567475448069 143.28365324137732 142.81436473903918 142.44376574850895 0.8356836963785822 64.396256918030346 0.00011148482554224072 0.079499999999995921 0.073069642857144415 0.0021991272929195922 0.85869921770933788 0.0027172448898899037 142.48279228488732 0.11415178571428621 -0.00065374167179038645 0.014499999999998183 0.030571428571423306 -0.59332238145634364 0.054999999999992617 0.001522459246937386 0.0014196719182015035 1.2864198318880422 0.056714285714285502 42.214592887358904 -0.00021388089355856008 0.0029992342442889675
decision_type=2 2 2 2 2 2 2 2 2 2 2 2 2 2 2 2 2 2 2 2 2 2 2 2 2 2 2 2 2 2
left_child=-1 18 6 4 22 -5 7 8 -3 17 24 -12 15 -14 -15 16 -9 -10 -2 -20 23 -22 -4 -21 -8 -26 29 -28 -29 -7
right_child=1 2 3 5 -6 26 10 12 9 -11 11 -13 13 14 -16 -17 -18 -19 19 20 21 -23 -24 -25 25 -27 27 28 -30 -31
leaf_value=-0.0011135243836651694 0.025307920331498202 -0.011188189191327757 -0.040081005992983497 -0.038674490933280521 -0.037200683721556688 -0.0027951185786307801 0.031390658162858388 -0.037715386249630937 0.012024619022397855 -0.016103190503417523 0.029024960582361765 -0.039938108033395529 -0.03912322867929776 0.018103148927166173 -0.01050902239289745 -0.027917731190907822 0.030382676562239749 0.034072679021977852 0.020960895534120731 -0.022006221766387286 -0.0086844029177910904 0.0064681446134289651 -0.0029908444862880882 0.028307531502400039 0.0011283706554488964 0.034046808973771207 0.0033849602408953807 -0.003802504214714095 0.0022325368209899052 -0.03248908639403892
leaf_weight=4202.1286761313677 24.907162636518478 33.405132949352264 6.9906134754419318 8.9964541941881162 19.967524200677872 381.19826102256775 12.997522234916685 2.9891237020492616 118.43987490236759 20.657048091292381 52.054732009768486 3.2377059161663047 28.199064761400223 21.853176176548004 64.289290279150009 6.2283878773450843 20.935411304235458 31.005348861217499 37.57582975924015 23.958908215165142 44.657180234789848 438.51392970979214 92.67909400165081 3.9908685535192481 120.18226906657219 10.187691748142241 1397.4962985515594 647.62168879806995 646.67968967556953 11.240076437592505
leaf_count=16845 100 134 28 36 80 1527 52 12 478 83 209 13 113 88 258 25 84 127 151 96 179 1758 371 16 482 41 5595 2595 2592 45
internal_value=0 0.00162925 0.000954008 0.000177116 -0.0110914 0.000614951 0.00551191 0.00205873 0.00871845 0.0126582 0.0115337 0.0247391 -0.00729878 -0.0121483 -0.00317816 0.010931 0.021389 0.0166781 0.00604693 0.00515379 0.00397423 0.00505694 -0.00573475 -0.0144915 0.00637889 0.00379598 0.000734278 0.00137891 -0.000785044 -0.00367741
internal_weight=0 4333.14 3759.53 3212.87 119.637 3093.23 546.662 348.002 203.507 170.102 198.66 55.2924 144.494 114.342 86.1425 30.1529 23.9245 149.445 573.604 548.697 511.121 483.171 99.6697 27.9498 143.367 130.37 3084.24 2691.8 1294.3 392.438
internal_count=34213 17368 15068 12869 479 12390 2199 1402 822 688 797 222 580 459 346 121 96 605 2300 2200 2049 1937 399 112 575 523 12354 10782 5187 1572
is_linear=0
shrinkage=0.03


end of trees

feature_importances:
bb_middle=106
bb_lower=106
atr_ratio=87
bb_upper=83
atr_ma=79
atr_normalized=56
bb_width=54
atr=50
rsi=29
price_bb_lower_dist=24
range=18
return_12=18
price_bb_upper_dist=16
return_6=14
range_pct=13
bb_position_normalized=13
rsi_normalized=12
return_3=11
bb_position=10
upper_shadow=5
lower_shadow=3
return_1=2
rsi_divergence=1

parameters:
[boosting: gbdt]
[objective: binary]
[metric: binary_logloss]
[tree_learner: serial]
[device_type: cpu]
[data: ]
[valid: ]
[num_iterations: 300]
[learning_rate: 0.03]
[num_leaves: 31]
[num_threads: 8]
[deterministic: 0]
[force_col_wise: 0]
[force_row_wise: 0]
[histogram_pool_size: -1]
[max_depth: 8]
[min_data_in_leaf: 10]
[min_sum_hessian_in_leaf: 0.001]
[bagging_fraction: 0.7]
[pos_bagging_fraction: 1]
[neg_bagging_fraction: 1]
[bagging_freq: 1]
[bagging_seed: 400]
[feature_fraction: 0.8]
[feature_fraction_bynode: 1]
[feature_fraction_seed: 30056]
[extra_trees: 0]
[extra_seed: 12879]
[early_stopping_round: 0]
[first_metric_only: 0]
[max_delta_step: 0]
[lambda_l1: 0.1]
[lambda_l2: 0.3]
[linear_lambda: 0]
[min_gain_to_split: 0]
[drop_rate: 0.1]
[max_drop: 50]
[skip_drop: 0.5]
[xgboost_dart_mode: 0]
[uniform_drop: 0]
[drop_seed: 17869]
[top_rate: 0.2]
[other_rate: 0.1]
[min_data_per_group: 100]
[max_cat_threshold: 32]
[cat_l2: 10]
[cat_smooth: 10]
[max_cat_to_onehot: 4]
[top_k: 20]
[monotone_constraints: ]
[monotone_constraints_method: basic]
[monotone_penalty: 0]
[feature_contri: ]
[forcedsplits_filename: ]
[refit_decay_rate: 0.9]
[cegb_tradeoff: 1]
[cegb_penalty_split: 0]
[cegb_penalty_feature_lazy: ]
[cegb_penalty_feature_coupled: ]
[path_smooth: 0]
[interaction_constraints: ]
[verbosity: 1]
[saved_feature_importance_type: 0]
[linear_tree: 0]
[max_bin: 255]
[max_bin_by_feature: ]
[min_data_in_bin: 3]
[bin_construct_sample_cnt: 200000]
[data_random_seed: 175]
[is_enable_sparse: 1]
[enable_bundle: 1]
[use_missing: 1]
[zero_as_missing: 0]
[feature_pre_filter: 1]
[pre_partition: 0]
[two_round: 0]
[header: 0]
[label_column: ]
[weight_column: ]
[group_column: ]
[ignore_column: ]
[categorical_feature: ]
[forcedbins_filename: ]
[precise_float_parser: 0]
[parser_config_file: ]
[objective_seed: 16083]
[num_class: 1]
[is_unbalance: 0]
[scale_pos_weight: 1]
[sigmoid: 1]
[boost_from_average: 1]
[reg_sqrt: 0]
[alpha: 0.9]
[fair_c: 1]
[poisson_max_delta_step: 0.7]
[tweedie_variance_power: 1.5]
[lambdarank_truncation_level: 30]
[lambdarank_norm: 1]
[label_gain: ]
[lambdarank_position_bias_regularization: 0]
[eval_at: ]
[multi_error_top_k: 1]
[auc_mu_weights: ]
[num_machines: 1]
[local_listen_port: 12400]
[time_out: 120]
[machine_list_filename: ]
[machines: ]
[gpu_platform_id: -1]
[gpu_device_id: -1]
[gpu_use_dp: 0]
[num_gpu: 1]

end of parameters

pandas_categorical:[]
