tree
version=v4
num_class=1
num_tree_per_iteration=1
label_index=0
max_feature_idx=44
objective=regression
feature_names=rsi ema_fast ema_slow bb_middle bb_upper bb_lower macd macd_signal atr range range_pct body body_pct upper_shadow lower_shadow is_bullish return_1 return_3 return_6 return_12 log_return rsi_normalized rsi_overbought rsi_oversold rsi_divergence ema_cross ema_cross_pct ema_cross_signal price_ema_fast_dist price_ema_slow_dist bb_width bb_position bb_position_normalized price_bb_upper_dist price_bb_lower_dist bb_breakout_upper bb_breakout_lower macd_hist macd_hist_change macd_cross_signal macd_strength atr_normalized atr_ma atr_ratio signal_convergence
feature_infos=[0:99.755467076367083] [140.01794868368825:158.46374932756453] [140.09390840731587:158.4287960737224] [0:158.45214999999999] [0:158.98423446083257] [0:158.37119522484221] [-0.57514457178655221:0.76835340664820251] [-0.5188763570912186:0.66684005555902648] [0:0.55142857142856927] [0:1.4489999999999839] [0:0.0098924731182794597] [0:1.2740000000000009] [0:0.0087871159085422691] [0:0.45400000000000773] [0:0.6290000000000191] [0:1] [-0.010440345742870893:0.0086544548876104077] [-0.010346048081897208:0.011121306408549358] [-0.012740376631571793:0.01214236927980572] [-0.015822511541399464:0.020290175029493485] [-0.010495228483220405:0.0086172197717689965] [-1:0.99510934152734165] [0:1] [0:1] [-56.904350987366826:51.361182180793548] [-0.57514457178655221:0.76835340664820251] [-0.003883435549732969:0.0051884219504909346] [0:1] [-0.0088498120556881627:0.0085436527782316064] [-0.0096167762950344661:0.012337377364785844] [0:0.031342652110744211] [-0.54651378490698344:1.552884196153675] [-2.0930275698139669:2.10576839230735] [-0.0045480417175792053:0.02223832595088774] [-0.0050724392954735378:0.027298010487932362] [0:1] [0:1] [-0.20097651515128728:0.19509250025932751] [-0.09700790187045677:0.083341641193037941] [0:1] [-0.19455333720912688:0.17538495785784011] [0:0.0037228501986805917] [0:0.42936785714285552] [0:3.4066658717779674] [0:3]
tree_sizes=3086 2468 2661 2355 2592 2340 2644 2525 1929 2570 1857

Tree=0
num_leaves=30
num_cat=0
split_feature=5 43 34 9 6 3 43 1 1 11 2 6 7 3 8 8 0 9 5 5 31 30 40 42 33 29 6 7 6
split_gain=4.90493e-06 8.67847e-06 7.55483e-06 5.91294e-06 3.38081e-06 3.01595e-06 3.41092e-06 1.72778e-06 1.30802e-06 1.26758e-06 1.21286e-06 1.03824e-06 1.18359e-06 8.29947e-07 8.09649e-07 8.41661e-07 7.78542e-07 4.34486e-07 1.47117e-06 1.43338e-06 1.14347e-06 8.14211e-07 1.48172e-06 9.49339e-07 2.02796e-07 5.56709e-07 3.2778e-07 1.19326e-07 8.85097e-08
threshold=147.18118141234348 0.98730229897540134 0.00062765336134067747 0.11800000000000922 0.10088224928138347 145.82140000000001 0.86235190665571937 148.40236323663365 157.15326839999787 0.0090000000000003428 148.24667872308058 -0.058106438986115443 -0.1149783297214237 157.27497500000004 0.15257142857142933 0.035285714285719354 20.994418171047347 0.076000000000007631 143.0395027934135 146.74243166349112 0.88306703041747292 0.0010787723669585451 0.013536843822179833 0.10952321428571547 0.00033793600779514436 -0.0010132984694052483 0.12570070684074611 -0.040836070739566167 -0.0059733225290159444
decision_type=2 2 2 2 2 2 2 2 2 2 2 2 2 2 2 2 2 2 2 2 2 2 2 2 2 2 2 2 2
left_child=3 10 11 17 7 6 -5 -4 -9 -8 24 12 -3 14 15 -12 -11 21 -19 20 -20 -1 23 -23 -2 -26 -27 -13 -29
right_child=1 2 4 5 -6 -7 9 8 -10 16 13 27 -14 -15 -16 -17 -18 18 19 -21 -22 22 -24 -25 25 26 -28 28 -30
leaf_value=-3.560517832504915e-06 -3.560517832504915e-06 -3.560517832504915e-06 -3.560517832504915e-06 -3.560517832504915e-06 -3.560517832504915e-06 -3.560517832504915e-06 -3.560517832504915e-06 -7.5350527156236879e-06 -3.560517832504915e-06 -3.560517832504915e-06 -3.560517832504915e-06 -3.560517832504915e-06 -6.0585678271141472e-06 -3.560517832504915e-06 -3.560517832504915e-06 -2.4301292029625577e-06 1.1578249360322626e-06 -3.560517832504915e-06 -5.5122824517746621e-06 -3.560517832504915e-06 -3.560517832504915e-06 -2.4758838835382246e-06 -3.560517832504915e-06 -3.560517832504915e-06 -3.560517832504915e-06 -4.709472555849215e-06 -3.560517832504915e-06 -2.8083272081228679e-06 -3.560517832504915e-06
leaf_weight=2435 814 69 1639 218 409 1013 48 4006 522 91 903 155 803 1120 117 7218 1867 1215 2695 460 422 7695 1901 372 150 2069 73 1878 1433
leaf_count=2435 814 69 1639 218 409 1013 48 4006 522 91 903 155 803 1120 117 7218 1867 1215 2695 460 422 7695 1901 372 150 2069 73 1878 1433
internal_value=-3.56052e-06 -4.09428e-06 -5.17237e-06 -3.0369e-06 -6.24081e-06 -1.05112e-06 -1.71749e-08 -6.56567e-06 -7.20108e-06 7.02149e-07 -3.5514e-06 -3.56052e-06 -5.09466e-06 -2.99244e-06 -2.7741e-06 -2.62425e-06 9.37718e-07 -3.56052e-06 -3.73545e-06 -4.59453e-06 -5.10213e-06 -3.28529e-06 -3.0142e-06 -2.65058e-06 -3.62571e-06 -4.03691e-06 -4.50527e-06 -3.16471e-06 -3.05644e-06
internal_weight=0 23378 10914 20432 6576 3237 2224 6167 4528 2006 12464 4338 872 9358 8238 8121 1958 17195 4792 3577 3117 12403 9968 8067 3106 2292 2142 3466 3311
internal_count=43810 23378 10914 20432 6576 3237 2224 6167 4528 2006 12464 4338 872 9358 8238 8121 1958 17195 4792 3577 3117 12403 9968 8067 3106 2292 2142 3466 3311
is_linear=0
shrinkage=1


Tree=1
num_leaves=29
num_cat=0
split_feature=5 10 43 34 34 13 4 38 7 1 5 4 3 8 42 9 5 5 34 40 42 42 5 1 16 25 8 8
split_gain=4.23194e-06 9.58671e-06 5.1457e-06 6.51282e-06 2.25506e-06 3.08789e-06 3.1423e-06 2.90796e-06 1.45003e-06 2.23589e-06 1.34778e-06 1.34173e-06 9.88602e-07 6.41371e-07 6.42029e-07 3.60855e-07 1.18012e-06 1.06913e-06 1.72076e-06 7.30092e-07 4.24268e-07 5.21806e-07 2.42881e-07 1.75278e-07 1.64862e-07 1.35204e-07 5.41752e-07 5.365e-07
threshold=147.18118141234348 0.00082146706561526007 0.9892285179465482 0.00063453632065449265 0.00039050585221268717 0.0030000000000001141 148.48702021240243 0.017207134694386093 0.076566636655779383 148.40236323663365 148.18427812415882 157.42717260664148 157.27497500000004 0.035285714285719354 0.19145535714285739 0.076000000000007631 142.37654001168809 146.74243166349112 0.00013346093938205401 0.013536843822179833 0.036060714285713918 0.10952321428571547 147.65723114616756 147.73978619388114 -0.00051395629721617808 -0.058106438986115443 0.041071428571432846 0.10017857142857067
decision_type=2 2 2 2 2 2 2 2 2 2 2 2 2 2 2 2 2 2 2 2 2 2 2 2 2 2 2 2
left_child=1 15 10 25 -3 -6 7 -7 9 -5 22 -11 13 -12 -15 19 -17 18 -18 20 -1 -22 -2 -24 -25 -4 -27 -28
right_child=2 4 3 8 5 6 -8 -9 -10 11 12 -13 -14 14 -16 16 17 -19 -20 -21 21 -23 23 24 -26 26 27 -29
leaf_value=0 0 0 0 0 0 5.287246984114109e-06 0 0 0 -3.461229822030037e-06 0 0 0 1.0863048820257939e-06 0 0 0 0 -1.7090069031359677e-06 0 7.2554744845879046e-07 0 0 0 -1.3361155379537722e-06 0 1.0617372298608036e-06 0
leaf_weight=894 2057 681 890 1579 308 2114 35 77 610 3810 913 463 1105 7244 38 463 366 467 3486 1909 9186 386 63 53 1097 514 2691 245
leaf_count=894 2057 681 890 1579 308 2114 35 77 610 3810 913 463 1105 7244 38 463 366 467 3486 1909 9186 386 63 53 1097 514 2691 245
internal_value=0 5.71331e-07 -4.1006e-07 -1.24688e-06 3.0859e-06 3.7824e-06 4.44453e-06 4.86361e-06 -2.26241e-06 -2.50429e-06 0 -3.14596e-06 5.55367e-07 8.0722e-07 9.76467e-07 0 -2.31739e-07 -8.6171e-07 -1.23549e-06 2.28357e-07 4.85853e-07 6.07378e-07 -3.91413e-07 -9.55785e-07 -1.15956e-06 0 3.13003e-07 7.59215e-07
internal_weight=0 20372 23372 10802 3215 2534 2226 2191 6462 5852 12570 4273 9300 8195 7282 17157 4782 4319 3852 12375 10466 9572 3270 1213 1150 4340 3450 2936
internal_count=43744 20372 23372 10802 3215 2534 2226 2191 6462 5852 12570 4273 9300 8195 7282 17157 4782 4319 3852 12375 10466 9572 3270 1213 1150 4340 3450 2936
is_linear=0
shrinkage=0.05


Tree=2
num_leaves=31
num_cat=0
split_feature=5 9 43 34 25 24 34 1 0 5 16 42 2 41 42 25 41 0 38 43 29 9 38 31 16 2 40 0 7 41
split_gain=4.42592e-06 8.4212e-06 5.03011e-06 5.8486e-06 3.24932e-06 2.58016e-06 1.54937e-06 1.486e-06 1.04008e-06 1.02417e-06 9.94085e-07 1.0567e-06 7.36376e-07 9.88457e-07 7.05651e-07 6.977e-07 5.79179e-07 4.87033e-07 4.71768e-07 4.66733e-07 3.9675e-07 3.03898e-07 2.23112e-06 1.32693e-06 1.40828e-07 6.69232e-08 4.30277e-08 3.43075e-07 2.61772e-08 1.12709e-08
threshold=147.18118141234348 0.16400000000000151 1.0054654831629164 0.00063453632065449265 0.10088224928138347 11.16818935786363 -0.00053611429497928793 148.40236323663365 22.22221050092443 142.98372559941518 0.00018506091807168892 0.04044464285714449 148.90978258475187 0.00044379989832905766 0.18166249999999898 -0.058106438986115443 0.00027840251378092093 14.183258529082027 0.0086912875588803958 0.64720555354776244 -0.001741115088537292 0.076000000000007631 0.001361462096247563 0.022110444033509504 -9.72573490124473e-05 147.31814019513899 0.013536843822179833 33.743879938904769 0.15717099553059974 0.0003422275675154254
decision_type=2 2 2 2 2 2 2 2 2 2 2 2 2 2 2 2 2 2 2 2 2 2 2 2 2 2 2 2 2 2
left_child=1 9 12 15 7 6 -3 -5 -9 10 11 -1 24 -14 19 29 -17 -13 -8 -15 -18 26 23 -23 -2 -26 27 -11 -27 -4
right_child=2 5 3 4 -6 -7 18 8 -10 21 -12 17 13 14 -16 16 20 -19 -20 -21 -22 22 -24 -25 25 28 -28 -29 -30 -31
leaf_value=0 0 0 0 0 0 0 6.6561757162243048e-06 0 -3.3899295460931446e-06 0 0 0 0 0 0 0 0 1.8661048924291854e-06 0 1.5364020956368109e-06 1.0817321710532431e-06 0 0 -1.9608377526637855e-06 0 -4.6034840354549313e-07 0 3.7695333235569334e-07 0 -1.1078807547440088e-06
leaf_weight=374 1528 55 22 1463 376 161 885 126 4005 1716 1043 28 5185 67 72 487 47 2562 243 3009 2730 449 2105 2511 103 3420 1496 6793 46 829
leaf_count=374 1528 55 22 1463 376 161 885 126 4005 1716 1043 28 5185 67 72 487 47 2562 243 3009 2730 449 2105 2511 103 3420 1496 6793 46 829
internal_value=0 5.71722e-07 -4.32067e-07 -1.29699e-06 -2.30017e-06 4.54055e-06 5.37348e-06 -2.66431e-06 -3.24218e-06 2.99959e-08 8.0203e-07 1.30692e-06 0 4.51799e-07 1.15121e-06 0 4.80874e-07 1.72471e-06 5.80652e-06 1.38917e-06 8.90606e-07 0 -3.87293e-07 -1.46321e-06 -1.65712e-07 -3.71296e-07 0 1.12435e-07 -4.36151e-07 -1.07822e-06
internal_weight=0 20421 23515 10085 5970 1344 1183 5594 4131 19077 4007 2964 13430 8333 3148 4115 3264 2590 1128 3076 2777 15070 5065 2960 5097 3569 10005 8509 3466 851
internal_count=43936 20421 23515 10085 5970 1344 1183 5594 4131 19077 4007 2964 13430 8333 3148 4115 3264 2590 1128 3076 2777 15070 5065 2960 5097 3569 10005 8509 3466 851
is_linear=0
shrinkage=0.05


Tree=3
num_leaves=27
num_cat=0
split_feature=1 10 43 0 19 43 6 11 21 30 7 7 4 30 41 24 38 10 10 2 3 3 41 41 2 13
split_gain=4.27792e-06 4.37873e-06 4.26261e-06 5.79511e-06 2.53542e-06 3.17727e-06 1.85554e-06 1.36178e-06 1.36029e-06 1.19257e-06 2.10198e-06 2.47057e-06 5.6391e-07 3.09574e-07 6.27886e-07 1.66855e-07 7.83189e-07 1.50928e-06 1.19172e-06 1.25013e-07 3.44284e-07 1.21378e-07 8.59905e-08 1.93306e-07 4.50631e-08 1.06335e-09
threshold=147.34266296582885 0.00082146706561526007 0.98730229897540134 50.414353860697268 -0.0025000522326296122 0.86235190665571937 0.10088224928138347 0.012499999999988633 -0.54312365494641057 0.0023355303909677245 -0.084721225439299608 0.00089398158089155379 147.57856033895203 0.0014022669156937473 0.0007529233144504485 5.7088384871786149 -0.0013087047725101372 0.00035283026570879405 0.00076953320000567227 148.24667872308058 157.27497500000004 147.75877500000004 0.00047354519808392445 0.0008708313410778981 147.66184021323207 0.026499999999998639
decision_type=2 2 2 2 2 2 2 2 2 2 2 2 2 2 2 2 2 2 2 2 2 2 2 2 2 2
left_child=1 15 19 9 -3 -6 12 -7 -9 13 -11 -12 -5 -4 -15 16 22 -18 -19 21 -21 -2 -1 -24 -23 -17
right_child=2 4 3 6 5 7 -8 8 -10 10 11 -13 -14 14 -16 25 17 18 -20 20 -22 24 23 -25 -26 -27
leaf_value=0 0 0 0 0 0 0 0 0 4.0067201575206079e-06 0 -3.0431396214463315e-06 0 -2.901012528112945e-06 1.2121480770430187e-06 0 -3.3239180299096044e-08 0 1.4146318809779167e-06 0 3.7437150118329325e-07 0 0 -5.3135154014303282e-07 0 -5.9993344092672259e-07 0
leaf_weight=2746 1876 398 1328 234 270 75 454 53 2312 715 1485 324 4373 2044 66 2406 4196 4561 216 8371 1120 22 2473 265 1156 485
leaf_count=2746 1876 398 1328 234 270 75 454 53 2312 715 1485 324 4373 2044 66 2406 4196 4561 216 8371 1120 22 2473 265 1156 485
internal_value=0 4.98542e-07 -4.87911e-07 -1.21479e-06 2.27109e-06 2.87301e-06 -2.4651e-06 3.5246e-06 3.77573e-06 0 -9.59066e-07 -2.04648e-06 -2.77172e-06 4.38057e-07 8.24281e-07 0 1.69863e-07 5.14483e-07 1.13448e-06 0 1.81464e-07 0 0 -2.80202e-07 -5.07516e-07 0
internal_weight=0 20456 23568 11023 3108 2710 5061 2440 2365 5962 2524 1809 4607 3438 2110 17348 14457 8973 4777 12545 9491 3054 5484 2738 1178 2891
internal_count=44024 20456 23568 11023 3108 2710 5061 2440 2365 5962 2524 1809 4607 3438 2110 17348 14457 8973 4777 12545 9491 3054 5484 2738 1178 2891
is_linear=0
shrinkage=0.05


Tree=4
num_leaves=30
num_cat=0
split_feature=5 41 43 34 30 21 17 4 7 1 4 2 30 4 41 40 41 4 41 30 42 26 30 26 41 8 30 1 30
split_gain=4.15035e-06 9.33098e-06 4.33444e-06 7.09361e-06 3.75197e-06 4.51116e-06 5.0599e-06 4.19797e-06 1.78611e-06 2.178e-06 1.35044e-06 7.09914e-07 6.40577e-07 7.12735e-07 7.73217e-07 5.20661e-07 1.41446e-06 1.78299e-06 2.40444e-06 1.41115e-06 2.77038e-06 9.76812e-07 3.7783e-07 3.50248e-07 7.61578e-07 7.10817e-07 3.30813e-07 2.36257e-07 1.3034e-07
threshold=147.18118141234348 0.0008966389409696485 1.0030672425002589 0.00063453632065449265 0.0022796565654931785 -0.38366081256158208 0.0023110447432109775 148.52206955366256 0.082810849514290949 148.40236323663365 157.42717260664148 148.24667872308058 0.0013927675556801363 157.64596993480345 0.0010180164499810308 0.0094038357832025941 0.00044379989832905766 146.93183838689475 0.00080751810977905641 0.001589024203302849 0.12345357142857231 -0.00090572317829904251 0.0036485445867296129 -0.00039427570272386546 0.00026905501619597732 0.10017857142857067 0.00097841579999355236 148.24053832784011 0.0023355303909677245
decision_type=2 2 2 2 2 2 2 2 2 2 2 2 2 2 2 2 2 2 2 2 2 2 2 2 2 2 2 2 2
left_child=1 15 11 23 -3 -6 7 -7 9 -5 -11 22 -13 14 -14 19 -17 18 -18 -1 21 -21 26 28 -25 -26 -2 -28 -4
right_child=2 4 3 8 5 6 -8 -9 -10 10 -12 12 13 -15 -16 16 17 -19 -20 20 -22 -23 -24 24 25 -27 27 -29 -30
leaf_value=0 0 0 0 0 0 6.8919087090296455e-06 0 0 0 -3.6032054519747838e-06 0 0 1.0457096437085017e-06 0 0 0 -2.4664132539385128e-06 0 0 0 0 1.364273888902799e-06 0 0 1.3232088838071051e-06 0 -1.1235922556146233e-06 0 -6.9949184580469125e-07
leaf_weight=5653 641 48 123 1478 292 1522 82 20 457 3625 452 3547 5822 540 111 1673 2340 463 236 250 367 7504 178 437 2585 246 2445 38 728
leaf_count=5653 641 48 123 1478 292 1522 82 20 457 3625 452 3547 5822 540 111 1673 2340 463 236 250 367 7504 178 437 2585 246 2445 38 728
internal_value=0 5.02676e-07 -4.71255e-07 -1.25845e-06 3.80891e-06 4.44596e-06 5.50132e-06 6.33062e-06 -2.37033e-06 -2.62383e-06 -3.27348e-06 0 3.23742e-07 6.40031e-07 8.64433e-07 0 -2.212e-07 -1.11329e-06 -1.78676e-06 2.78857e-07 7.52528e-07 1.21914e-06 -4.68437e-07 0 5.08554e-07 9.85423e-07 -7.30949e-07 -1.00263e-06 -1.88999e-07
internal_weight=0 20450 23453 10131 1964 1916 1624 1542 6012 5555 4077 13322 10020 6473 5933 18486 4712 3039 2576 13774 8121 7754 3302 4119 3268 2831 3124 2483 851
internal_count=43903 20450 23453 10131 1964 1916 1624 1542 6012 5555 4077 13322 10020 6473 5933 18486 4712 3039 2576 13774 8121 7754 3302 4119 3268 2831 3124 2483 851
is_linear=0
shrinkage=0.05


Tree=5
num_leaves=27
num_cat=0
split_feature=5 9 41 43 10 18 43 34 5 0 37 8 6 41 37 8 0 5 41 38 18 16 41 40 4 6
split_gain=3.23132e-06 6.71175e-06 4.52252e-06 4.93566e-06 5.66017e-06 4.08123e-06 1.33882e-06 9.90357e-07 1.00935e-06 5.92824e-07 4.57692e-07 1.01279e-06 7.6387e-07 5.34264e-07 6.45806e-07 8.01423e-07 5.11728e-07 3.2367e-07 9.92073e-07 3.48868e-06 2.46805e-06 4.40654e-07 4.97546e-07 4.85435e-07 3.3932e-07 1.01855e-06
threshold=147.15599353381916 0.1540000000000106 0.00058594008088438086 1.0181538588317509 0.00055758819046815115 0.0027148060528157107 0.86432413294366806 0.0062872304536085583 140.67924339346493 9.1954970925569004 -0.0043373579843915318 0.053857142857143214 -0.075990723450260575 0.00054564037646754151 0.022266467822009604 0.056714285714285502 50.599406199678107 142.98372559941518 0.00053308979765635865 0.0014867650611269363 0.0012808708855035491 0.00035252034788813008 0.00028045477887450024 0.004289302113262808 144.3654249713135 0.0027318071773976276
decision_type=2 2 2 2 2 2 2 2 2 2 2 2 2 2 2 2 2 2 2 2 2 2 2 2 2 2
left_child=1 17 10 -4 -5 6 -3 8 -8 -6 11 -2 -13 14 15 -12 -14 21 24 20 -20 22 -1 -24 -19 -26
right_child=2 5 3 4 9 -7 7 -9 -10 -11 13 12 16 -15 -16 -17 -18 18 19 -21 -22 -23 23 -25 25 -27
leaf_value=0 0 0 0 0 0 0 0 0 5.6786908430374451e-06 -4.4567458758263828e-06 0 0 1.4349575637732747e-06 0 0 -1.1623010580873951e-06 0 0 -2.4225448831201601e-06 0 0 0 1.5903604953782335e-06 0 0 1.0534229280409563e-06
leaf_weight=446 2816 103 2017 832 33 165 21 63 1215 2190 5865 416 2992 760 783 4188 716 2799 2960 2106 202 518 1727 1252 3570 3059
leaf_count=446 2816 103 2017 832 33 165 21 63 1215 2190 5865 416 2992 760 783 4188 716 2799 2960 2106 202 518 1727 1252 3570 3059
internal_value=0 4.36799e-07 -4.22946e-07 -1.74978e-06 -3.02026e-06 3.62869e-06 4.68977e-06 5.12973e-06 5.44594e-06 -4.34754e-06 0 2.51815e-07 8.48913e-07 -2.46421e-07 -4.33869e-07 -6.02912e-07 1.14739e-06 0 0 -6.86143e-07 -1.88217e-06 4.53004e-07 7.46917e-07 1.02905e-06 0 3.57723e-07
internal_weight=0 20206 23608 5072 3055 1567 1402 1299 1236 2223 18536 6940 4124 11596 10836 10053 3708 18639 14696 5268 3162 3943 3425 2979 9428 6629
internal_count=43814 20206 23608 5072 3055 1567 1402 1299 1236 2223 18536 6940 4124 11596 10836 10053 3708 18639 14696 5268 3162 3943 3425 2979 9428 6629
is_linear=0
shrinkage=0.05


Tree=6
num_leaves=31
num_cat=0
split_feature=5 41 43 21 9 1 4 38 30 6 7 26 3 42 3 42 33 40 41 30 38 24 7 1 7 7 3 7 3 7
split_gain=3.81145e-06 5.64803e-06 3.73561e-06 4.70003e-06 3.55073e-06 4.62653e-06 3.59061e-06 6.48441e-06 3.3449e-06 3.00313e-06 2.68744e-06 1.73471e-06 1.70397e-06 1.31405e-06 2.29566e-06 1.64199e-06 2.29972e-06 1.40874e-06 3.18428e-06 9.27711e-07 6.91798e-07 6.8868e-07 3.34643e-07 1.6555e-07 4.79803e-07 5.10708e-07 3.35619e-07 7.62306e-08 1.39279e-07 1.18058e-07
threshold=147.15599353381916 0.0011539695673324784 0.9892285179465482 1.0000000180025095e-35 0.10849999999999228 144.95626565648516 148.52206955366256 0.01430946960373527 0.0032558446375312231 0.10088224928138347 -0.10156076083810205 -0.00039427570272386546 148.37105000000005 0.10952321428571547 143.43767500000001 0.11284642857142968 0.00059237182129255985 0.003856627527866125 0.00039544952209710765 0.0014864820442391676 0.0091163884010404279 -12.297552720143694 0.048824579878593226 148.24053832784011 -0.0052958368560304973 -0.23996162039120286 157.98762500000001 0.15717099553059974 147.75877500000004 -0.23996162039120286
decision_type=2 2 2 2 2 2 2 2 2 2 2 2 2 2 2 2 2 2 2 2 2 2 2 2 2 2 2 2 2 2
left_child=1 13 23 8 -3 -6 7 -7 11 12 -10 -4 -5 17 -15 -16 -17 18 -1 -13 -20 -14 -12 27 25 -25 -27 28 -2 -30
right_child=2 4 3 9 5 6 -8 -9 10 -11 22 19 21 14 15 16 -18 -19 20 -21 -22 -23 -24 24 -26 26 -28 -29 29 -31
leaf_value=0 0 0 0 0 0 1.2842020106260993e-05 0 0 0 0 -4.1870619820933732e-06 0 0 0 0 0 -3.6682705138467142e-06 0 1.6171668873042072e-06 1.7470874865946301e-06 0 -3.4740202329985221e-06 0 0 0 9.8067355526939257e-07 0 0 0 -8.6775001797819264e-07
leaf_weight=4140 2011 95 593 1347 341 391 35 49 443 407 851 1484 69 650 184 203 1202 6654 6095 2507 268 3259 29 26 5554 3870 98 63 24 1117
leaf_count=4140 2011 95 593 1347 341 391 35 49 443 407 851 1484 69 650 184 203 1202 6654 6095 2507 268 3259 29 26 5554 3870 98 63 24 1117
internal_value=0 4.84846e-07 -4.47425e-07 -1.13249e-06 4.55078e-06 5.83074e-06 9.09638e-06 1.04748e-05 0 -2.25506e-06 -2.35947e-06 4.6622e-07 -2.67094e-06 3.60689e-08 -5.0996e-07 -1.99449e-06 -2.72404e-06 3.98753e-07 7.71396e-07 1.15597e-06 1.49442e-06 -3.36174e-06 -4.0004e-06 0 2.06367e-07 6.34135e-07 8.52362e-07 -4.7474e-08 -2.50517e-07 -6.9174e-07
internal_weight=0 20307 23752 10989 911 816 475 440 5907 5082 1323 4584 4675 19396 2239 1589 1405 17157 10503 3991 6363 3328 880 12763 9548 3994 3968 3215 3152 1141
internal_count=44059 20307 23752 10989 911 816 475 440 5907 5082 1323 4584 4675 19396 2239 1589 1405 17157 10503 3991 6363 3328 880 12763 9548 3994 3968 3215 3152 1141
is_linear=0
shrinkage=0.05


Tree=7
num_leaves=29
num_cat=0
split_feature=1 42 38 30 41 14 24 33 6 40 30 5 30 10 7 42 13 26 6 8 18 42 19 18 14 42 37 37
split_gain=2.59566e-06 3.23891e-06 6.47694e-06 5.67589e-06 2.88527e-06 3.63734e-06 2.21008e-06 1.95193e-06 1.63512e-06 1.5617e-06 1.62804e-06 1.34206e-06 1.38823e-06 1.30218e-06 6.57676e-07 8.39118e-07 6.0755e-07 5.07698e-07 1.1026e-06 1.97509e-06 1.72888e-06 8.60513e-07 1.02835e-06 6.53664e-07 2.00575e-07 3.06548e-07 1.94999e-08 1.28132e-08
threshold=147.34266296582885 0.17553571428571407 0.01430946960373527 0.0033180671680296944 0.0005978480406990007 0.01899999999999125 -6.6473045834514108 0.0011794305614293203 0.011313086310053679 0.01162273382710796 0.0036485445867296129 146.91998751149171 0.0031490531209134301 0.00022017543611564951 -0.031420680106293529 0.05033035714285599 0.0014999999999929516 -2.4956822991007726e-05 -0.059392971959255185 0.052142857142853376 0.00057986799808373856 0.074299999999998798 6.2034328890292492e-05 0.0008331919837356595 0.03599999999998716 0.11071964285714052 0.02503938069064467 -0.0049343101763107298
decision_type=2 2 2 2 2 2 2 2 2 2 2 2 2 2 2 2 2 2 2 2 2 2 2 2 2 2 2 2
left_child=1 8 3 -3 17 -6 -7 -5 14 10 13 -8 -13 -10 24 -16 -17 18 -2 -20 -21 22 -19 -24 25 -1 27 -11
right_child=4 2 -4 7 5 6 11 -9 9 26 -12 12 -14 -15 15 16 -18 21 19 20 -22 -23 23 -25 -26 -27 -28 -29
leaf_value=5.684757459017149e-07 0 0 0 0 0 0 0 1.1509872836439951e-05 0 0 0 0 -4.8503072391495331e-06 1.946005293054126e-06 0 0 -1.1647900472008559e-06 0 0 1.9873637888268835e-06 0 0 -1.2174577318140449e-06 0 0 0 0 -2.2059325181457396e-07
leaf_weight=3923 1432 40 58 106 2148 321 34 349 530 20 323 1042 1371 4043 2235 603 3884 2804 2548 3109 524 2328 4967 894 1005 651 940 1660
leaf_count=3923 1432 40 58 106 2148 321 34 349 530 20 323 1042 1371 4043 2235 603 3884 2804 2548 3109 524 2328 4967 894 1005 651 940 1660
internal_value=0 3.76716e-07 4.45673e-06 7.40908e-06 -3.91123e-07 -1.48297e-06 -2.68157e-06 9.53408e-06 1.05327e-08 7.36879e-07 1.2771e-06 -3.22365e-06 -3.4538e-06 1.62363e-06 -2.68045e-08 -4.95893e-07 -9.14283e-07 0 1.85972e-07 6.98967e-07 1.47996e-06 -3.02501e-07 -6.03623e-07 -9.88588e-07 0 3.31097e-07 0 -1.70341e-07
internal_weight=0 20370 553 495 23522 4916 2768 455 19817 7516 4896 2447 2413 4573 12301 6722 4487 18606 7613 6181 3633 10993 8665 5861 5579 4574 2620 1680
internal_count=43892 20370 553 495 23522 4916 2768 455 19817 7516 4896 2447 2413 4573 12301 6722 4487 18606 7613 6181 3633 10993 8665 5861 5579 4574 2620 1680
is_linear=0
shrinkage=0.05


Tree=8
num_leaves=22
num_cat=0
split_feature=7 29 43 1 42 40 2 5 10 5 30 40 42 37 6 10 42 8 8 34 34
split_gain=2.19e-06 3.18235e-06 3.98951e-06 2.5184e-06 1.80819e-06 1.78486e-06 1.56245e-06 1.25484e-06 1.2411e-06 6.76435e-07 7.20864e-07 5.82477e-07 6.42092e-07 7.40635e-07 5.14064e-07 4.06681e-07 1.92243e-06 2.66832e-06 4.73785e-07 9.78521e-07 2.46135e-08
threshold=0.05238531942246849 3.2111443243546275e-05 1.0159132459379532 142.71198701110634 0.046489285714285858 0.047417024215268229 156.00178654008795 143.80951893319641 0.00026514508405054267 140.67924339346493 0.0014864820442391676 -0.039691068462380234 0.035103571428572268 0.0045112199540658536 0.21047457861661203 0.00055758819046815115 0.15088571428571665 0.093857142857139322 0.053857142857143214 0.00081432511530935383 0.0001573127194550065
decision_type=2 2 2 2 2 2 2 2 2 2 2 2 2 2 2 2 2 2 2 2 2
left_child=1 7 -3 -4 -5 -6 8 11 -2 -10 -11 -1 -13 -14 -12 18 17 -17 20 -20 -9
right_child=6 2 3 4 5 -7 -8 15 9 10 14 12 13 -15 -16 16 -18 -19 19 -21 -22
leaf_value=0 0 0 0 0 -2.8812836280656533e-06 0 0 0 0 0 1.876123527114398e-06 0 1.6907534458702107e-06 0 0 0 0 -2.2839253398843799e-06 8.4565108923875406e-07 0 -1.2511226276497601e-07
leaf_weight=152 658 9467 338 1523 4154 100 391 1604 56 388 4541 242 2816 825 172 2600 575 2395 5077 1914 3931
leaf_count=152 658 9467 338 1523 4154 100 391 1604 56 388 4541 242 2816 825 172 2600 575 2395 5077 1914 3931
internal_value=0 -1.8411e-07 -7.69811e-07 -1.7723e-06 -2.10111e-06 -2.65664e-06 8.22322e-07 2.34513e-09 1.18043e-06 1.47405e-06 1.59003e-06 8.81751e-07 1.08762e-06 1.30476e-06 1.76599e-06 0 -4.27234e-07 -1.07968e-06 0 4.11612e-07 0
internal_weight=0 37713 15582 6115 5777 4254 6206 22131 5815 5157 5101 4035 3883 3641 4713 18096 5570 4995 12526 6991 5535
internal_count=43919 37713 15582 6115 5777 4254 6206 22131 5815 5157 5101 4035 3883 3641 4713 18096 5570 4995 12526 6991 5535
is_linear=0
shrinkage=0.05


Tree=9
num_leaves=30
num_cat=0
split_feature=5 9 34 24 13 43 34 13 6 5 37 5 5 41 6 8 33 41 9 19 30 14 33 18 19 2 41 30 37
split_gain=3.08029e-06 4.24714e-06 2.98961e-06 3.74891e-06 3.17371e-06 2.52169e-06 4.69408e-06 2.32068e-06 1.80172e-06 7.1882e-07 6.36013e-07 6.05728e-07 7.15851e-07 3.17718e-07 3.08967e-07 7.76602e-07 5.47995e-07 2.49785e-07 2.32264e-07 5.48584e-07 1.11669e-06 9.3186e-07 2.19038e-07 8.39906e-07 9.68471e-07 1.1924e-07 7.31368e-08 5.19062e-08 4.0133e-08
threshold=147.15599353381916 0.11800000000000922 0.0015827956688489206 7.9931734540684198 0.084499999999991374 0.98730229897540134 0.00062765336134067747 0.0019999999999953393 0.10088224928138347 156.94423002335617 -0.011264733538757088 148.12367959995049 156.94423002335617 0.00023714434628444934 -0.058106438986115443 0.043500000000001655 0.0031721329695117264 0.0011117989153256525 0.076000000000007631 0.0010816033817689921 0.0010787723669585451 0.03249999999999887 0.0014925675180759237 0.0011835102069825967 -0.00049883342369294581 147.31814019513899 0.000153636129100743 0.0023355303909677245 -0.0019993794013257421
decision_type=2 2 2 2 2 2 2 2 2 2 2 2 2 2 2 2 2 2 2 2 2 2 2 2 2 2 2 2 2
left_child=1 18 -3 4 7 11 14 -4 9 10 -8 25 13 -13 27 -16 -17 -15 19 20 -1 -22 23 24 -20 -2 -27 -7 -29
right_child=5 2 3 -5 -6 6 8 -9 -10 -11 -12 12 -14 17 15 16 -18 -19 22 -21 21 -23 -24 -25 -26 26 -28 28 -30
leaf_value=0 0 0 0 0 0 0 0 6.6910170356075149e-06 0 0 -2.3865646154670288e-06 0 0 7.8891650374457343e-07 0 1.2183858667874131e-06 0 0 0 0 9.6289847551935253e-07 0 0 0 -1.5651308931463995e-06 0 -5.0424712710984115e-07 -5.6139064763434117e-07 0
leaf_weight=2394 190 1577 99 321 151 138 765 1042 401 517 4947 981 1229 7124 640 2751 97 27 305 1559 7629 738 1841 497 2069 33 3027 730 24
leaf_count=2394 190 1577 99 321 151 138 765 1042 401 517 4947 981 1229 7124 640 2751 97 27 305 1559 7629 738 1841 497 2069 33 3027 730 24
internal_value=0 5.1935e-07 2.24458e-06 3.82059e-06 5.04745e-06 -3.08381e-07 -8.81255e-07 5.98341e-06 -1.74918e-06 -1.99492e-06 -2.15744e-06 0 3.61832e-07 6.08915e-07 0 4.70578e-07 9.7616e-07 7.29873e-07 0 2.17097e-07 4.25917e-07 7.52971e-07 0 -4.36723e-07 -1.05598e-06 -2.98064e-07 -4.37919e-07 0 -4.14825e-07
internal_weight=0 20222 3190 1613 1292 23621 11010 1141 6630 6229 5712 12611 9361 8132 4380 3488 2848 7151 17032 12320 10761 8367 4712 2871 2374 3250 3060 892 754
internal_count=43843 20222 3190 1613 1292 23621 11010 1141 6630 6229 5712 12611 9361 8132 4380 3488 2848 7151 17032 12320 10761 8367 4712 2871 2374 3250 3060 892 754
is_linear=0
shrinkage=0.05


Tree=10
num_leaves=21
num_cat=0
split_feature=4 38 7 42 30 11 7 31 33 19 21 0 42 14 42 32 14 18 40 1
split_gain=1.97332e-06 2.03041e-06 1.52073e-06 1.67833e-06 1.18921e-06 1.00602e-06 8.85195e-07 7.12964e-07 6.63621e-07 3.17475e-06 1.58539e-06 1.71075e-06 1.17524e-06 1.89436e-06 5.73532e-07 8.71049e-07 7.23579e-07 4.98917e-07 4.13793e-07 4.04557e-07
threshold=143.78634646719561 0.0028407269858415321 0.036280973162824436 0.13332142857142912 0.0014022669156937473 0.0030000000000001141 0.17108615808236291 1.1588737767599799 0.0010834849339036244 -0.0021260279266716027 -0.051831380546414244 21.621611395183027 0.17553571428571407 0.013999999999995795 0.047449999999998944 0.81891814663325491 0.039000000000001485 0.0033702388748331207 -0.054702536309999092 143.64192978710591
decision_type=2 2 2 2 2 2 2 2 2 2 2 2 2 2 2 2 2 2 2 2
left_child=4 8 3 5 -1 -3 17 -7 14 12 11 -11 13 -10 -2 16 -16 18 -6 -20
right_child=1 2 -4 -5 6 7 -8 -9 9 10 -12 -13 -14 -15 15 -17 -18 -19 19 -21
leaf_value=0 0 0 0 0 0 -1.7136516711209698e-06 0 0 0 0 0 1.6038446945804197e-06 0 -3.1637518129196019e-06 -7.3218141756838461e-07 0 0 0 1.791527530216144e-06 0
leaf_weight=1565 5370 253 1157 677 26 6126 51 214 442 754 2648 6754 79 791 10518 1384 978 37 3986 51
leaf_count=1565 5370 253 1157 677 26 6126 51 214 442 754 2648 6754 79 791 10518 1384 978 37 3986 51
internal_value=0 -1.27366e-07 -8.22055e-07 -1.14292e-06 8.68791e-07 -1.44111e-06 1.32498e-06 -1.59886e-06 0 3.54452e-07 9.48311e-07 1.32074e-06 -4.31563e-07 -1.60651e-06 -1.09355e-07 -3.58142e-07 -5.77174e-07 1.52222e-06 1.62641e-06 1.70836e-06
internal_weight=0 38145 8427 7270 5716 6593 4151 6340 29718 11468 10156 7508 1312 1233 18250 12880 11496 4100 4063 4037
internal_count=43861 38145 8427 7270 5716 6593 4151 6340 29718 11468 10156 7508 1312 1233 18250 12880 11496 4100 4063 4037
is_linear=0
shrinkage=0.05


end of trees

feature_importances:
bb_lower=22
atr_normalized=21
atr_ma=19
bb_width=18
macd_signal=17
ema_fast=13
macd=13
atr_ratio=13
atr=12
price_bb_lower_dist=12
bb_upper=10
macd_strength=10
bb_middle=9
range=9
macd_hist_change=9
rsi=8
ema_slow=8
range_pct=8
macd_hist=7
return_6=6
price_bb_upper_dist=6
upper_shadow=5
lower_shadow=5
return_12=5
rsi_divergence=5
return_1=4
rsi_normalized=4
ema_cross_pct=4
body=3
ema_cross=3
price_ema_slow_dist=3
bb_position=3
return_3=1
bb_position_normalized=1

parameters:
[boosting: gbdt]
[objective: regression]
[metric: l2]
[tree_learner: serial]
[device_type: cpu]
[data: ]
[valid: ]
[num_iterations: 800]
[learning_rate: 0.05]
[num_leaves: 31]
[num_threads: 8]
[deterministic: 0]
[force_col_wise: 0]
[force_row_wise: 0]
[histogram_pool_size: -1]
[max_depth: 6]
[min_data_in_leaf: 20]
[min_sum_hessian_in_leaf: 0.001]
[bagging_fraction: 0.9]
[pos_bagging_fraction: 1]
[neg_bagging_fraction: 1]
[bagging_freq: 1]
[bagging_seed: 400]
[feature_fraction: 0.9]
[feature_fraction_bynode: 1]
[feature_fraction_seed: 30056]
[extra_trees: 0]
[extra_seed: 12879]
[early_stopping_round: 0]
[first_metric_only: 0]
[max_delta_step: 0]
[lambda_l1: 0.1]
[lambda_l2: 0.1]
[linear_lambda: 0]
[min_gain_to_split: 0]
[drop_rate: 0.1]
[max_drop: 50]
[skip_drop: 0.5]
[xgboost_dart_mode: 0]
[uniform_drop: 0]
[drop_seed: 17869]
[top_rate: 0.2]
[other_rate: 0.1]
[min_data_per_group: 100]
[max_cat_threshold: 32]
[cat_l2: 10]
[cat_smooth: 10]
[max_cat_to_onehot: 4]
[top_k: 20]
[monotone_constraints: ]
[monotone_constraints_method: basic]
[monotone_penalty: 0]
[feature_contri: ]
[forcedsplits_filename: ]
[refit_decay_rate: 0.9]
[cegb_tradeoff: 1]
[cegb_penalty_split: 0]
[cegb_penalty_feature_lazy: ]
[cegb_penalty_feature_coupled: ]
[path_smooth: 0]
[interaction_constraints: ]
[verbosity: 1]
[saved_feature_importance_type: 0]
[linear_tree: 0]
[max_bin: 255]
[max_bin_by_feature: ]
[min_data_in_bin: 3]
[bin_construct_sample_cnt: 200000]
[data_random_seed: 175]
[is_enable_sparse: 1]
[enable_bundle: 1]
[use_missing: 1]
[zero_as_missing: 0]
[feature_pre_filter: 1]
[pre_partition: 0]
[two_round: 0]
[header: 0]
[label_column: ]
[weight_column: ]
[group_column: ]
[ignore_column: ]
[categorical_feature: ]
[forcedbins_filename: ]
[precise_float_parser: 0]
[parser_config_file: ]
[objective_seed: 16083]
[num_class: 1]
[is_unbalance: 0]
[scale_pos_weight: 1]
[sigmoid: 1]
[boost_from_average: 1]
[reg_sqrt: 0]
[alpha: 0.9]
[fair_c: 1]
[poisson_max_delta_step: 0.7]
[tweedie_variance_power: 1.5]
[lambdarank_truncation_level: 30]
[lambdarank_norm: 1]
[label_gain: ]
[lambdarank_position_bias_regularization: 0]
[eval_at: ]
[multi_error_top_k: 1]
[auc_mu_weights: ]
[num_machines: 1]
[local_listen_port: 12400]
[time_out: 120]
[machine_list_filename: ]
[machines: ]
[gpu_platform_id: -1]
[gpu_device_id: -1]
[gpu_use_dp: 0]
[num_gpu: 1]

end of parameters

pandas_categorical:[]
