tree
version=v4
num_class=1
num_tree_per_iteration=1
label_index=0
max_feature_idx=29
objective=regression
feature_names=ema_fast ema_slow macd macd_signal atr range range_pct body body_pct upper_shadow lower_shadow is_bullish return_1 return_3 return_6 return_12 log_return ema_cross ema_cross_pct ema_cross_signal price_ema_fast_dist price_ema_slow_dist macd_hist macd_hist_change macd_cross_signal macd_strength atr_normalized atr_ma atr_ratio signal_convergence
feature_infos=[140.01794868368825:158.46374932756453] [140.09390840731587:158.4287960737224] [-0.57514457178655221:0.76835340664820251] [-0.5188763570912186:0.66684005555902648] [0:0.55142857142856927] [0:1.4489999999999839] [0:0.0098924731182794597] [0:1.2740000000000009] [0:0.0087871159085422691] [0:0.45400000000000773] [0:0.6290000000000191] [0:1] [-0.010440345742870893:0.0086544548876104077] [-0.010346048081897208:0.011121306408549358] [-0.012740376631571793:0.01214236927980572] [-0.015822511541399464:0.020290175029493485] [-0.010495228483220405:0.0086172197717689965] [-0.57514457178655221:0.76835340664820251] [-0.003883435549732969:0.0051884219504909346] [0:1] [-0.0088498120556881627:0.0085436527782316064] [-0.0096167762950344661:0.012337377364785844] [-0.20097651515128728:0.19509250025932751] [-0.09700790187045677:0.083341641193037941] [0:1] [-0.19455333720912688:0.17538495785784011] [0:0.0037228501986805917] [0:0.42936785714285552] [0:3.4066658717779674] [0:2]
tree_sizes=1326 1169 1099 1444 1225 1347 1440 1419 1162 1353 1401 1084 1250 1067 1321 1317 1178 1053 1273 1423 1157 1080 1422 1352 1428 1066 1363 1100 1336 1351 1342 1516 1415 1079 1166 1161 1328 1347 1058 1348 977 1078 1423 1336

Tree=0
num_leaves=12
num_cat=0
split_feature=1 1 28 4 0 0 13 4 25 27 25
split_gain=2.70703e-05 1.03394e-05 2.02538e-05 2.01612e-05 1.80052e-05 8.03059e-06 7.90119e-06 7.50566e-06 8.39016e-06 6.65768e-06 2.83759e-06
threshold=143.31150678451331 147.43713568194781 1.0030672425002589 0.22114285714285642 148.37041821554755 148.24212466091254 0.0019098946164223254 0.039999999999995095 0.0047394689231909353 0.11532142857142753 -0.047490252805294765
decision_type=2 2 2 2 2 2 2 2 2 2 2
left_child=7 3 5 9 -4 -3 -5 -1 10 -2 -9
right_child=1 2 4 6 -6 -7 -8 8 -10 -11 -12
leaf_value=-7.1311122615560743e-06 -7.0323212122223858e-06 -7.6417293424094108e-06 -7.1311122615560743e-06 -1.8552126704009922e-06 -8.0685432650597688e-06 -6.9521055914394174e-06 -7.1311122615560743e-06 -7.1311122615560743e-06 -7.1311122615560743e-06 -7.7627800105922401e-06 -5.635089975373895e-06
leaf_weight=346 11368 2128 1833 102 5800 7742 35 41 1331 1390 1919
leaf_count=346 11368 2128 1833 102 5800 7742 35 41 1331 1390 1919
internal_value=-7.13111e-06 -7.22783e-06 -7.40063e-06 -7.07083e-06 -7.78829e-06 -7.13111e-06 -3.25768e-06 -6.31501e-06 -6.14924e-06 -7.13111e-06 -5.70054e-06
internal_weight=0 30398 17503 12895 7633 9870 137 3637 3291 12758 1960
internal_count=34035 30398 17503 12895 7633 9870 137 3637 3291 12758 1960
is_linear=0
shrinkage=1


Tree=1
num_leaves=12
num_cat=0
split_feature=27 17 22 25 22 5 25 10 12 18 18
split_gain=6.18663e-06 8.78442e-06 8.65406e-06 5.3237e-06 6.56e-06 7.42009e-06 2.97146e-06 1.84879e-06 4.05715e-06 2.76928e-06 3.46015e-07
threshold=0.20630892857142732 -0.25500526147772001 0.070381258225717794 0.0094038357832025941 0.03260088430976877 0.049499999999994777 -0.042886946526178173 0.035499999999998984 0.00020354929138877156 0.0001138430409189842 9.9388373372988564e-05
decision_type=2 2 2 2 2 2 2 2 2 2 2
left_child=3 -2 6 7 5 -5 -3 8 -1 -9 -6
right_child=1 2 -4 4 10 -7 -8 9 -10 -11 -12
leaf_value=1.7986688251050771e-07 0 0 0 0 0 -6.1336469475269779e-07 3.8734207119673441e-06 -3.5322258925532999e-07 -4.4930848001073891e-08 0 2.1001524908484774e-07
leaf_weight=17117 37 30 32 2225 393 5134 176 2518 4837 810 784
leaf_count=17117 37 30 32 2225 393 5134 176 2518 4837 810 784
internal_value=0 1.48447e-06 2.49574e-06 -1.84877e-08 -2.50033e-07 -4.02059e-07 3.37413e-06 2.01398e-08 8.47898e-08 -1.05854e-07 0
internal_weight=0 275 238 33818 8536 7359 206 25282 21954 3328 1177
internal_count=34093 275 238 33818 8536 7359 206 25282 21954 3328 1177
is_linear=0
shrinkage=0.01


Tree=2
num_leaves=11
num_cat=0
split_feature=1 18 4 1 25 27 15 25 0 8
split_gain=1.93395e-05 7.19514e-06 1.43233e-05 3.10737e-05 6.94216e-06 5.52428e-06 4.39302e-06 3.42896e-06 2.62284e-06 2.06085e-06
threshold=143.14255680623779 0.00046072270069920422 0.093857142857139322 145.76752961742713 1.0000000180025095e-35 0.052982142857144109 0.0001069183250219652 -0.047490252805294765 157.49141150318351 5.4168796747401006e-05
decision_type=2 2 2 2 2 2 2 2 2 2
left_child=4 2 6 -4 5 -1 -2 -7 9 -3
right_child=1 8 3 -5 -6 7 -8 -9 -10 -11
leaf_value=0 8.3478857494537394e-08 0 1.3122951095638224e-07 -1.1543943026865426e-06 0 0 -1.9040078847021672e-07 1.6680408227181779e-06 0 5.2891385913459874e-07
leaf_weight=311 13038 378 1380 3811 1697 32 9611 1219 74 2698
leaf_count=311 13038 378 1380 3811 1697 32 9611 1219 74 2698
internal_value=0 -6.48679e-08 -1.42254e-07 -6.20016e-07 7.43855e-07 1.26435e-06 0 1.56116e-06 3.01578e-07 4.22364e-07
internal_weight=0 30990 27840 5191 3259 1562 22649 1251 3150 3076
internal_count=34249 30990 27840 5191 3259 1562 22649 1251 3150 3076
is_linear=0
shrinkage=0.01


Tree=3
num_leaves=15
num_cat=0
split_feature=0 27 26 23 28 0 27 17 1 25 13 1 27 27
split_gain=3.03828e-05 4.13771e-05 3.34261e-05 1.5961e-05 1.48672e-05 1.88398e-05 1.18083e-05 7.77417e-06 7.40021e-06 5.76909e-06 5.04445e-06 2.64205e-06 2.35826e-06 5.54535e-07
threshold=147.34266296582885 0.16335714285714317 0.0011117989153256525 0.0095709710375774023 1.0012044092081782 149.68729658286745 0.049301785714286193 0.011313086310053679 148.24718348485121 0.011852300727002916 -0.00023787435490046913 147.31814019513899 0.055937500000001257 0.10952321428571547
decision_type=2 2 2 2 2 2 2 2 2 2 2 2 2 2
left_child=1 7 -3 -4 8 10 -7 13 11 -9 -6 -2 -10 -1
right_child=4 2 3 -5 5 6 -8 9 12 -11 -12 -13 -14 -15
leaf_value=2.876844049783233e-08 0 0 5.4362926128692157e-06 0 4.5804796289018199e-07 0 -1.3143159115909019e-06 6.9401197767519937e-07 0 0 -3.0964084159286112e-07 -5.7166879340252493e-07 2.7908169924549837e-07 -2.2247403264729016e-07
leaf_weight=8545 45 142 355 75 1268 1014 3284 3821 2274 1937 2485 2484 5496 977
leaf_count=8545 45 142 355 75 1268 1014 3284 3821 2274 1937 2485 2484 5496 977
internal_value=0 3.47662e-07 3.11847e-06 4.5494e-06 -2.47293e-07 -5.69236e-07 -1.02236e-06 1.78397e-07 0 4.68459e-07 0 -4.65341e-07 1.57304e-07 0
internal_weight=0 15852 572 430 18350 8051 4298 15280 10299 5758 3753 2529 7770 9522
internal_count=34202 15852 572 430 18350 8051 4298 15280 10299 5758 3753 2529 7770 9522
is_linear=0
shrinkage=0.01


Tree=4
num_leaves=13
num_cat=0
split_feature=1 28 28 1 27 2 1 27 4 3 0 7
split_gain=2.17303e-05 4.69452e-05 3.71071e-05 2.69574e-05 1.57872e-05 1.29368e-05 1.139e-05 6.3748e-06 6.0616e-06 3.72859e-06 2.32543e-06 4.12061e-07
threshold=149.68480797282641 1.0030672425002589 1.7774673540658397 144.61135554237583 0.050333928571427121 0.077228092660263328 143.31150678451331 0.089194642857143083 0.037785714285710988 0.011602481314570737 148.78715656239601 0.019999999999996024
decision_type=2 2 2 2 2 2 2 2 2 2 2 2
left_child=2 7 6 -4 -3 -6 8 -2 -1 -9 -8 -5
right_child=1 4 3 11 5 -7 10 9 -10 -11 -12 -13
leaf_value=0 0 0 0 0 -1.7861214542293289e-06 0 -4.0739336866853055e-08 1.0960109095639338e-06 7.702898800576356e-07 0 2.8842695642985664e-07 6.7232382041524604e-06
leaf_weight=299 3909 1066 90 35 2818 351 18336 863 3253 496 2429 154
leaf_count=299 3909 1066 90 35 2818 351 18336 863 3253 496 2429 154
internal_value=0 -3.90835e-07 1.71252e-07 3.89796e-06 -1.20198e-06 -1.55845e-06 8.72916e-08 7.14971e-08 6.10555e-07 6.99084e-07 0 6.05276e-06
internal_weight=0 9503 24596 279 4235 3169 24317 5268 3552 1359 20765 189
internal_count=34099 9503 24596 279 4235 3169 24317 5268 3552 1359 20765 189
is_linear=0
shrinkage=0.01


Tree=5
num_leaves=14
num_cat=0
split_feature=0 4 26 6 25 3 1 18 22 3 18 26 1
split_gain=2.1337e-05 3.11085e-05 2.00193e-05 1.73108e-05 1.24762e-05 7.78186e-06 8.44956e-06 6.53697e-06 8.39576e-06 3.6569e-06 9.47143e-06 3.17149e-06 1.79875e-06
threshold=147.34266296582885 0.16607142857142779 0.00079855228034122951 0.00078664556791415883 -0.065486094096106784 -0.10598730488353257 147.6990253951609 8.3070247752381073e-05 0.0084052655181387822 0.032030569382581607 5.3474851704623159e-05 0.0005086888330550558 144.6898939514432
decision_type=2 2 2 2 2 2 2 2 2 2 2 2 2
left_child=1 7 9 -3 -5 -4 -7 12 -9 10 -2 -11 -1
right_child=2 3 5 4 -6 6 -8 8 -10 11 -12 -13 -14
leaf_value=3.7347492348355807e-08 0 0 0 0 3.6368144239339089e-06 0 -2.2472943258886414e-06 6.8796257693831409e-07 0 0 -6.2832295852009352e-07 4.979590709574959e-07 -1.9880629475937821e-07
leaf_weight=5172 9039 87 381 32 528 188 912 3448 2285 2815 3601 1286 4368
leaf_count=5172 9039 87 381 32 528 188 912 3448 2285 2815 3601 1286 4368
internal_value=0 2.55524e-07 -2.45046e-07 2.48904e-06 3.20084e-06 -1.41952e-06 -1.84927e-06 9.53555e-08 3.718e-07 -8.13743e-08 -1.93787e-07 2.12687e-08 0
internal_weight=0 15920 18222 647 560 1481 1100 15273 5733 16741 12640 4101 9540
internal_count=34142 15920 18222 647 560 1481 1100 15273 5733 16741 12640 4101 9540
is_linear=0
shrinkage=0.01


Tree=6
num_leaves=15
num_cat=0
split_feature=0 4 27 9 27 22 22 17 17 15 26 3 17 4
split_gain=1.74012e-05 2.47021e-05 2.87771e-05 1.32781e-05 1.06583e-05 9.4286e-06 9.34961e-06 6.61736e-06 9.02675e-06 6.643e-06 4.85275e-06 9.61043e-06 5.84194e-06 1.84597e-07
threshold=147.34266296582885 0.16607142857142779 0.16335714285714317 0.010500000000007505 0.13153392857142751 0.00042291467018346426 0.0026239860633193034 -0.0036787427157349835 0.079230109834583132 -0.0002679504555616607 0.00065782930115431966 -0.091845347314530243 -0.059392971959255185 0.075000000000007935
decision_type=2 2 2 2 2 2 2 2 2 2 2 2 2 2
left_child=1 4 -3 -4 6 -6 -1 10 9 -9 12 -12 -2 -10
right_child=7 2 3 -5 5 -7 -8 8 13 -11 11 -13 -14 -15
leaf_value=4.4418526424791123e-07 -2.5509062418971226e-09 0 0 4.8635986084897938e-06 -2.104685893904756e-06 0 0 0 0 -6.3511572462696652e-07 0 -1.1143056729570707e-06 3.7326627878656777e-07 1.4333543695667562e-07
leaf_weight=8290 1255 239 72 318 331 395 6101 1620 431 7313 646 1060 5122 898
leaf_count=8290 1255 239 72 318 331 395 6101 1620 431 7313 646 1060 5122 898
internal_value=0 2.54359e-07 2.29945e-06 3.98659e-06 1.03043e-07 -8.50559e-07 2.20664e-07 -1.98293e-07 -3.67111e-07 -5.0583e-07 0 -4.56586e-07 1.42509e-07 0
internal_weight=0 15746 629 390 15117 726 14391 18345 10262 8933 8083 1706 6377 1329
internal_count=34091 15746 629 390 15117 726 14391 18345 10262 8933 8083 1706 6377 1329
is_linear=0
shrinkage=0.01


Tree=7
num_leaves=15
num_cat=0
split_feature=0 4 27 28 26 21 7 27 0 25 28 0 2 18
split_gain=1.88991e-05 3.77659e-05 2.46932e-05 2.21917e-05 1.29878e-05 1.06566e-05 1.01244e-05 8.83594e-06 7.93578e-06 6.3588e-06 5.60089e-06 3.9095e-06 2.80127e-06 1.70566e-06
threshold=147.34266296582885 0.16607142857142779 0.15870714285714377 0.98561578864188648 0.00080751810977905641 0.00017530222129555169 0.2404999999999973 0.11170892857142857 148.24212466091254 -0.00012021283896270148 0.9514539875713961 157.27954093001566 0.13304809775787876 0.00089618207336988854
decision_type=2 2 2 2 2 2 2 2 2 2 2 2 2 2
left_child=1 7 -3 8 5 -5 -4 9 12 -1 -9 -10 -2 -6
right_child=3 2 6 4 13 -7 -8 10 11 -11 -12 -13 -14 -15
leaf_value=4.3470210668379669e-07 -4.9457552390372024e-07 0 4.5283003005254935e-06 0 -2.0655312580207346e-06 -7.4631358010577481e-07 0 -9.6191656332873995e-07 3.7717801598236419e-07 0 0 0 0 0
leaf_weight=6827 2251 221 398 4502 916 3072 31 968 6443 6842 561 857 92 82
leaf_count=6827 2251 221 398 4502 916 3072 31 968 6443 6842 561 857 92 82
internal_value=0 2.5367e-07 2.68502e-06 -2.18555e-07 -6.00039e-07 -2.91964e-07 4.08267e-06 8.38031e-08 1.68771e-08 2.1878e-07 -4.68734e-07 2.6835e-07 -3.39807e-07 -1.93526e-06
internal_weight=0 15848 650 18215 8572 7574 429 15198 9643 13669 1529 7300 2343 998
internal_count=34063 15848 650 18215 8572 7574 429 15198 9643 13669 1529 7300 2343 998
is_linear=0
shrinkage=0.01


Tree=8
num_leaves=12
num_cat=0
split_feature=18 18 4 22 26 15 4 10 8 6 27
split_gain=3.70356e-06 4.36139e-06 4.96933e-06 7.84756e-06 2.73165e-06 1.4382e-06 2.04113e-06 1.42506e-06 1.32413e-06 6.4296e-07 2.66938e-08
threshold=0.0004388840634487544 -2.4811601341751402e-05 0.053071428571431267 -0.0057120607743437798 0.00051109547757721533 -0.0013466865360497458 0.051357142857143455 0.018499999999988862 3.1625453430226108e-05 0.0002699309527011327 0.037042857142856843
decision_type=2 2 2 2 2 2 2 2 2 2 2
left_child=1 5 10 -4 -2 7 -7 -1 -6 -10 -3
right_child=4 2 3 -5 8 6 -8 -9 9 -11 -12
leaf_value=0 0 0 0 -5.4117014899362463e-07 0 0 1.9522628112026956e-07 -2.9341830932976263e-07 0 5.6696597869608434e-07 2.560517066917431e-08
leaf_weight=1680 1328 1316 2508 6231 138 3813 8606 1886 31 2280 4071
leaf_count=1680 1328 1316 2508 6231 138 3813 8606 1886 31 2280 4071
internal_value=0 -5.9656e-08 -1.96111e-07 -3.45002e-07 2.63958e-07 0 9.98847e-08 -7.47183e-08 4.67939e-07 5.37888e-07 0
internal_weight=0 30111 14126 8739 3777 15985 12419 3566 2449 2311 5387
internal_count=33888 30111 14126 8739 3777 15985 12419 3566 2449 2311 5387
is_linear=0
shrinkage=0.01


Tree=9
num_leaves=14
num_cat=0
split_feature=1 4 28 28 1 27 1 27 14 22 28 26 27
split_gain=2.16845e-05 3.68618e-05 2.6974e-05 8.94995e-06 1.70846e-05 1.12847e-05 1.09571e-05 7.89463e-06 1.23681e-05 7.08004e-06 5.83772e-06 3.94251e-06 1.32253e-06
threshold=147.43713568194781 0.16607142857142779 1.126338946948078 0.98730229897540134 149.68480797282641 0.049301785714286193 148.24718348485121 0.13153392857142751 0.0011835102069825967 -0.0012962828066484207 1.3162207674924546 0.00045890174893507867 0.03554821428571401
decision_type=2 2 2 2 2 2 2 2 2 2 2 2 2
left_child=1 7 -3 6 10 -6 12 9 -9 -1 -5 -8 -2
right_child=3 2 -4 4 5 -7 11 8 -10 -11 -12 -13 -14
leaf_value=4.682065704133744e-07 0 4.7297141698072663e-06 0 -1.3832848999479768e-07 0 -1.1349826554227861e-06 0 -1.5888446307167699e-06 0 0 8.4348423607579065e-07 5.2434012752856103e-07 -7.1850373795045767e-07
leaf_weight=6942 153 337 326 3012 1022 3466 4890 587 165 8088 739 2382 1873
leaf_count=6942 153 337 326 3012 1022 3466 4890 587 165 8088 739 2382 1873
internal_value=0 2.95611e-07 2.70436e-06 -2.0452e-07 -4.44582e-07 -8.62242e-07 0 1.30976e-07 -5.72105e-07 2.32703e-07 0 1.89361e-07 -6.4188e-07
internal_weight=0 16445 663 17537 8239 4488 9298 15782 752 15030 3751 7272 2026
internal_count=33982 16445 663 17537 8239 4488 9298 15782 752 15030 3751 7272 2026
is_linear=0
shrinkage=0.01


Tree=10
num_leaves=15
num_cat=0
split_feature=1 4 28 28 1 3 14 28 4 1 3 1 21 1
split_gain=1.92905e-05 2.45867e-05 2.27693e-05 1.85593e-05 1.95967e-05 1.29772e-05 1.19976e-05 8.79309e-06 5.91365e-06 4.43812e-06 4.28164e-06 3.52569e-06 1.61536e-06 2.6826e-07
threshold=147.43713568194781 0.16607142857142779 1.126338946948078 0.98730229897540134 148.34386704529871 0.082810849514290949 0.0027148060528157107 0.96354088664304849 0.11100000000000321 148.24718348485121 -0.089350228263548603 157.27666553932281 -0.0012390044594004811 147.7976649088441
decision_type=2 2 2 2 2 2 2 2 2 2 2 2 2 2
left_child=1 7 6 9 13 -6 -3 8 -1 12 -9 -11 -2 -5
right_child=3 2 -4 4 5 -7 -8 10 -10 11 -12 -13 -14 -15
leaf_value=0 0 4.659763705116964e-06 0 0 -9.8497134426019911e-07 0 0 0 -1.0423889840595788e-06 3.2455629040986101e-07 4.5488844762985761e-07 0 -3.7791517731800652e-07 1.9269001524808538e-07
leaf_weight=7285 60 318 339 1153 6002 341 36 520 544 6440 7468 903 1959 722
leaf_count=7285 60 318 339 1153 6002 341 36 520 544 6440 7468 903 1959 722
internal_value=0 2.71672e-07 2.22687e-06 -2.0103e-07 -5.58774e-07 -8.44655e-07 4.01547e-06 1.22719e-07 -5.92473e-09 6.20337e-09 3.73974e-07 2.10649e-07 -2.42051e-07 0
internal_weight=0 16510 693 17580 8218 6343 354 15817 7829 9362 7988 7343 2019 1875
internal_count=34090 16510 693 17580 8218 6343 354 15817 7829 9362 7988 7343 2019 1875
is_linear=0
shrinkage=0.01


Tree=11
num_leaves=11
num_cat=0
split_feature=27 0 14 0 26 3 22 27 26 26
split_gain=1.45398e-05 2.3927e-05 1.30058e-05 6.28178e-06 1.27578e-05 1.15644e-05 8.40401e-06 4.20991e-06 3.93596e-06 3.82804e-09
threshold=0.20630892857142732 147.72622804576733 0.0027148060528157107 143.95471718060335 0.00061138660684981845 0.044700715402231944 0.0026239860633193034 0.089646428571428113 0.00027613757906044101 0.00073236891288437536
decision_type=2 2 2 2 2 2 2 2 2 2
left_child=3 2 -2 6 7 -6 8 -5 -1 -8
right_child=1 -3 -4 4 5 -7 9 -9 -10 -11
leaf_value=0 5.770213174273551e-06 0 0 -2.7418662975243832e-08 -7.61445779126491e-07 0 -1.3994926335568333e-08 4.8005645426101836e-07 7.2690881314383474e-07 0
leaf_weight=285 154 70 40 20013 4668 1373 1954 1761 3010 554
leaf_count=285 154 70 40 20013 4668 1373 1954 1761 3010 554
internal_value=0 2.34206e-06 4.44535e-06 -9.65893e-09 -9.93542e-08 -5.06574e-07 2.47931e-07 0 6.02715e-07 0
internal_weight=0 264 194 33618 27815 6041 5803 21774 3295 2508
internal_count=33882 264 194 33618 27815 6041 5803 21774 3295 2508
is_linear=0
shrinkage=0.01


Tree=12
num_leaves=13
num_cat=0
split_feature=1 5 28 4 21 20 6 22 1 27 10 4
split_gain=1.51409e-05 2.83136e-05 2.20784e-05 1.29147e-05 9.23232e-06 8.76875e-06 7.25897e-06 4.36098e-06 6.04716e-06 4.42176e-06 2.36693e-07 1.3358e-06
threshold=147.46504461079584 0.15649999999999412 1.0030672425002589 0.12150000000000057 -6.8841363830645433e-06 -0.0014977311288511543 0.00049543273084417291 0.0091756483249392732 146.85689988375529 0.12188392857142748 0.045000000000001712 0.068928571428574739
decision_type=2 2 2 2 2 2 2 2 2 2 2 2
left_child=1 7 10 4 -4 -3 -5 9 -9 -1 11 -2
right_child=2 5 3 6 -6 -7 -8 8 -10 -11 -12 -13
leaf_value=2.6444411976487601e-07 0 0 0 0 -6.8111400124847044e-07 2.0733786107363495e-06 -2.2632361749777965e-06 -4.6278306163413011e-07 0 0 0 2.318037583262804e-07
leaf_weight=10685 6444 139 3317 64 3218 995 897 3439 716 624 463 2926
leaf_count=10685 6444 139 3317 64 3218 995 897 3439 716 624 463 2926
internal_value=0 1.8567e-07 -2.33133e-07 -6.48196e-07 -2.95293e-07 1.73184e-06 -2.00657e-06 7.57065e-09 -1.78171e-07 1.64239e-07 0 5.02588e-08
internal_weight=0 16598 17329 7496 6535 1134 961 15464 4155 11309 9833 9370
internal_count=33927 16598 17329 7496 6535 1134 961 15464 4155 11309 9833 9370
is_linear=0
shrinkage=0.01


Tree=13
num_leaves=11
num_cat=0
split_feature=2 15 5 2 26 10 3 7 12 26
split_gain=8.95715e-06 5.0117e-06 4.39144e-06 4.391e-06 5.07732e-06 2.07623e-06 2.16139e-06 1.52574e-06 1.46949e-06 1.24041e-06
threshold=0.066630639752617085 0.00029295625699521382 0.092500000000001151 -0.0036787427157349835 0.00033503979062596002 0.046000000000006487 -0.16409875110656644 0.0054999999999978408 -0.00054943228142678702 0.00040934263266586841
decision_type=2 2 2 2 2 2 2 2 2 2
left_child=1 5 -2 -3 -5 8 -7 -4 -1 -9
right_child=2 3 7 4 -6 6 -8 9 -10 -11
leaf_value=3.5972755172068487e-07 0 0 0 0 -5.5184666624704186e-07 0 -5.153057594824526e-07 0 0 1.0425995247020484e-06
leaf_weight=1341 2176 2361 30 2209 5411 113 1495 30 17661 1298
leaf_count=1341 2176 2361 30 2209 5411 113 1495 30 17661 1298
internal_value=0 -8.08538e-08 4.43666e-07 -2.65039e-07 -3.86821e-07 0 -3.35429e-07 9.13995e-07 3.74469e-08 9.84428e-07
internal_weight=0 30591 3534 9981 7620 20610 1608 1358 19002 1328
internal_count=34125 30591 3534 9981 7620 20610 1608 1358 19002 1328
is_linear=0
shrinkage=0.01


Tree=14
num_leaves=14
num_cat=0
split_feature=1 4 27 28 15 1 27 1 27 1 22 27 17
split_gain=1.64316e-05 3.29104e-05 2.83558e-05 2.21413e-05 1.22004e-05 1.17403e-05 1.06293e-05 8.46512e-06 3.99558e-06 9.76232e-06 7.00122e-06 3.37629e-06 1.60936e-06
threshold=147.43713568194781 0.16607142857142779 0.16335714285714317 1.0030672425002589 0.0047414471835054437 148.41153575381705 0.046808928571427502 148.24718348485121 0.11170892857142857 143.31150678451331 -0.00042752519653566074 0.055700000000000985 0.16545591684067065
decision_type=2 2 2 2 2 2 2 2 2 2 2 2 2
left_child=1 8 -3 7 -4 -5 -7 12 10 -10 -1 -9 -2
right_child=3 2 4 5 -6 6 -8 11 9 -11 -12 -13 -14
leaf_value=3.8100148588344618e-07 -5.3775465708581631e-07 0 4.3276643603324346e-06 0 0 0 -1.0797184831370106e-06 0 0 -9.608022022462758e-07 0 3.6525494953546614e-07 0
leaf_weight=6893 2110 240 425 1836 30 1149 4672 2261 415 1191 7392 5507 35
leaf_count=6893 2110 240 425 1836 30 1149 4672 2261 415 1191 7392 5507 35
internal_value=0 1.97517e-07 2.37209e-06 -2.38097e-07 3.84925e-06 -6.47475e-07 -8.67819e-07 0 3.94124e-08 -2.77477e-07 1.45048e-07 2.26099e-07 -4.57659e-07
internal_weight=0 16586 695 17570 455 7657 5821 9913 15891 1606 14285 7768 2145
internal_count=34156 16586 695 17570 455 7657 5821 9913 15891 1606 14285 7768 2145
is_linear=0
shrinkage=0.01


Tree=15
num_leaves=14
num_cat=0
split_feature=1 6 1 6 1 3 27 27 1 15 26 5 23
split_gain=1.7446e-05 2.55682e-05 1.19511e-05 3.41668e-06 6.43326e-06 6.63985e-06 3.11495e-06 2.26362e-06 3.31456e-06 2.81042e-06 1.61553e-06 2.43358e-06 3.7248e-07
threshold=147.51051110458016 0.0010005837016361446 145.82391302692204 0.00082146706561526007 149.16940761437709 -0.09519859754822764 0.048700000000002068 0.13153392857142751 143.37813261774127 0.0010422671383705231 0.00043623986716869112 0.029999999999986929 0.0012817900181726213
decision_type=2 2 2 2 2 2 2 2 2 2 2 2 2
left_child=1 7 6 10 -5 -6 -3 9 -9 -1 11 -2 -12
right_child=3 2 -4 4 5 -7 -8 8 -10 -11 12 -13 -14
leaf_value=2.2338202625438803e-07 0 0 0 0 0 -1.4853012247712349e-06 2.3384300192266403e-06 0 -7.4356379352591748e-07 0 9.6613501595847534e-08 -2.5111664416441761e-07 0
leaf_weight=12580 1990 42 461 662 189 945 959 191 599 2152 3990 6844 2582
leaf_count=12580 1990 42 461 662 189 945 959 191 599 2152 3990 6844 2582
internal_value=0 2.77055e-07 1.59918e-06 -1.64165e-07 -6.58319e-07 -1.11952e-06 2.21989e-06 8.80552e-08 0 1.53409e-07 -4.16299e-08 -1.45975e-07 0
internal_weight=0 16984 1462 17202 1796 1134 1001 15522 790 14732 15406 8834 6572
internal_count=34186 16984 1462 17202 1796 1134 1001 15522 790 14732 15406 8834 6572
is_linear=0
shrinkage=0.01


Tree=16
num_leaves=12
num_cat=0
split_feature=1 25 26 1 17 26 26 25 27 27 14
split_gain=1.60489e-05 1.02503e-05 7.36511e-06 1.99178e-05 1.09904e-05 6.67259e-06 5.97407e-06 3.76147e-06 2.66211e-06 3.21403e-06 2.26888e-06
threshold=143.19781421060244 1.0000000180025095e-35 0.00060465081726736184 146.24000978702472 0.079230109834583132 0.00078284837221249287 0.00028709018846833782 -0.047490252805294765 0.089646428571428113 0.050333928571427121 0.00092153484439549971
decision_type=2 2 2 2 2 2 2 2 2 2 2
left_child=1 6 8 5 -5 -4 -1 -8 9 -2 -10
right_child=2 -3 3 4 -6 -7 7 -9 10 -11 -12
leaf_value=0 2.8395826436419163e-08 0 0 -1.0338183479924828e-06 0 7.2989140766886396e-07 0 1.5202401061897725e-06 5.1211545737147328e-07 -1.6063193089138946e-07 0
leaf_weight=166 7270 1742 1539 3915 675 1252 37 1405 1662 14441 220
leaf_count=166 7270 1742 1539 3915 675 1252 37 1405 1662 14441 220
internal_value=0 6.10732e-07 -1.0743e-07 -3.84977e-07 -8.19883e-07 0 1.1892e-06 1.41106e-06 0 -5.12776e-08 3.33298e-07
internal_weight=0 3350 30974 7381 4590 2791 1608 1442 23593 21711 1882
internal_count=34324 3350 30974 7381 4590 2791 1608 1442 23593 21711 1882
is_linear=0
shrinkage=0.01


Tree=17
num_leaves=11
num_cat=0
split_feature=27 21 25 28 10 4 25 22 15 14
split_gain=8.6143e-06 6.52726e-06 8.09273e-06 3.95754e-06 3.25702e-06 3.68993e-06 8.79116e-06 2.37761e-06 3.16846e-06 4.2141e-07
threshold=0.20630892857142732 -0.0023517154061079779 0.066295626834333266 0.67098178075226567 0.03599999999998716 0.093857142857139322 -0.016972982936971009 -0.0055495753112341116 -0.0015861895165870663 0.00038520979599787625
decision_type=2 2 2 2 2 2 2 2 2 2
left_child=4 -2 3 -3 7 -6 -7 8 -1 -9
right_child=1 2 -4 -5 5 6 -8 9 -10 -11
leaf_value=0 0 0 0 4.0781228721749876e-06 0 0 -1.004198059670793e-06 -6.1423049110106368e-08 2.6453328718683722e-07 0
leaf_weight=1942 34 30 37 163 2328 679 1554 11392 8002 7978
leaf_count=1942 34 30 37 163 2328 679 1554 11392 8002 7978
internal_value=0 1.80467e-06 2.56301e-06 3.46517e-06 0 -2.64644e-07 -5.55197e-07 1.45798e-08 1.56368e-07 -6.58743e-09
internal_weight=0 264 230 193 33875 4561 2233 29314 9944 19370
internal_count=34139 264 230 193 33875 4561 2233 29314 9944 19370
is_linear=0
shrinkage=0.01


Tree=18
num_leaves=13
num_cat=0
split_feature=1 4 4 17 25 28 21 0 27 1 25 0
split_gain=2.44082e-05 2.90615e-05 2.35861e-05 1.33682e-05 8.41804e-06 7.73651e-06 1.36536e-05 5.83179e-06 5.49874e-06 5.68901e-06 4.87234e-06 3.87039e-06
threshold=147.43713568194781 0.13353571428571651 0.14328571428571332 -0.094017372222339177 -0.047490252805294765 0.98561578864188648 0.00016730294826005821 147.75435973357835 0.11170892857142857 143.31150678451331 0.011397962390199193 152.2969176179835
decision_type=2 2 2 2 2 2 2 2 2 2 2 2
left_child=1 8 5 -3 -5 11 -7 -4 10 -10 -1 -2
right_child=2 3 7 4 -6 6 -8 -9 9 -11 -12 -13
leaf_value=3.0785609619963299e-07 -1.6361220879192176e-09 0 0 0 2.6208864408015842e-06 0 -8.5281706598322926e-07 -2.4083913603772753e-06 0 -9.4824347108498061e-07 0 3.6193673676064172e-07
leaf_weight=11368 6087 368 78 31 929 4673 3160 649 305 760 2723 2957
leaf_count=11368 6087 368 78 31 929 4673 3160 649 305 760 2723 2957
internal_value=0 2.97121e-07 -2.36608e-07 1.77935e-06 2.40228e-06 -9.737e-08 -3.45162e-07 -2.09209e-06 1.01212e-07 -3.28406e-07 2.04658e-07 6.68561e-09
internal_weight=0 16484 17604 1328 960 16877 7833 727 15156 1065 14091 9044
internal_count=34088 16484 17604 1328 960 16877 7833 727 15156 1065 14091 9044
is_linear=0
shrinkage=0.01


Tree=19
num_leaves=15
num_cat=0
split_feature=1 28 1 26 21 1 18 25 1 20 1 3 21 3
split_gain=1.42966e-05 2.62379e-05 1.66179e-05 1.40161e-05 1.97791e-05 1.11615e-05 8.12947e-06 7.0719e-06 5.773e-06 5.4097e-06 4.10459e-06 3.60803e-06 1.32428e-06 7.31307e-07
threshold=147.46504461079584 0.98730229897540134 149.68480797282641 0.0012864983768643133 -0.0023517154061079779 156.52621766921882 8.3070247752381073e-05 0.0063890046556179993 148.24718348485121 0.0012783575198882426 157.27666553932281 1.0000000180025095e-35 -0.0010132984694052483 0.032030569382581607
decision_type=2 2 2 2 2 2 2 2 2 2 2 2 2 2
left_child=3 8 13 6 -5 -4 11 -8 12 -6 -10 -1 -2 -3
right_child=1 2 5 4 9 -7 7 -9 10 -11 -12 -13 -14 -15
leaf_value=0 0 -1.6188585136545251e-07 -1.3348910243462387e-06 0 4.362255058464534e-06 0 6.8370993427852524e-07 0 3.5814163359220965e-07 0 0 -4.7998806632571484e-07 -3.9960720699917424e-07 0
leaf_weight=8425 117 2790 3608 62 225 933 3278 3055 6502 107 877 1674 1822 847
leaf_count=8425 117 2790 3608 62 225 933 3278 3055 6502 107 877 1674 1822 847
internal_value=0 -2.43014e-07 -6.6825e-07 1.55719e-07 2.11951e-06 -1.08171e-06 4.77143e-08 3.60997e-07 2.28996e-08 3.35836e-06 2.39584e-07 -4.97362e-08 -2.85961e-07 0
internal_weight=0 17496 8178 16826 394 4541 16432 6333 9318 332 7379 10099 1939 3637
internal_count=34322 17496 8178 16826 394 4541 16432 6333 9318 332 7379 10099 1939 3637
is_linear=0
shrinkage=0.01


Tree=20
num_leaves=12
num_cat=0
split_feature=1 1 28 28 1 17 26 3 26 28 26
split_gain=1.34713e-05 6.4628e-06 3.54027e-05 2.77851e-05 8.67305e-06 7.92105e-06 5.9631e-06 7.16306e-06 5.2912e-06 3.95279e-06 1.52957e-06
threshold=143.26603706533533 149.68480797282641 1.7774673540658397 1.0030672425002589 144.61135554237583 0.077228092660263328 0.00028045562293588 0.15717099553059974 0.00067165995506889356 0.78030317913413383 0.00044178565647915569
decision_type=2 2 2 2 2 2 2 2 2 2 2
left_child=6 2 8 10 -4 -5 -1 9 -2 -8 -3
right_child=1 3 4 5 -6 -7 7 -9 -10 -11 -12
leaf_value=0 4.3308958892135527e-08 0 0 -1.04790591706991e-06 5.0273266081872071e-06 0 0 0 -3.581806305794715e-07 1.0322352532452026e-06 2.9719960514538906e-07
leaf_weight=353 17017 3448 50 3881 174 353 301 58 3875 2811 1858
leaf_count=353 17017 3448 50 3881 174 353 301 58 3875 2811 1858
internal_value=0 -4.39981e-08 1.14004e-08 -2.71429e-07 3.97263e-06 -9.05266e-07 6.04553e-07 7.70881e-07 0 9.14041e-07 4.59404e-08
internal_weight=0 30656 21116 9540 224 4234 3523 3170 20892 3112 5306
internal_count=34179 30656 21116 9540 224 4234 3523 3170 20892 3112 5306
is_linear=0
shrinkage=0.01


Tree=21
num_leaves=11
num_cat=0
split_feature=1 25 4 28 18 18 27 1 18 27
split_gain=1.6967e-05 9.64055e-06 6.97405e-06 5.87386e-06 4.86068e-06 5.89716e-06 7.61037e-06 2.55455e-06 2.09012e-06 1.73988e-06
threshold=143.19781421060244 1.0000000180025095e-35 0.043500000000001655 0.77212584738130474 0.00046072270069920422 -2.4811601341751402e-05 0.051274999999998176 157.16986240761523 0.0014422482836148303 0.15088571428571665
decision_type=2 2 2 2 2 2 2 2 2 2
left_child=1 2 -1 -4 5 9 -7 8 -6 -2
right_child=4 -3 3 -5 7 6 -8 -9 -10 -11
leaf_value=0 -9.6285821096759954e-09 0 0 1.7055470344509283e-06 4.572821968720596e-07 0 -4.4288866637380506e-07 0 0 5.3186413861276531e-07
leaf_weight=190 13920 1723 92 1319 2938 4108 9146 112 105 610
leaf_count=190 13920 1723 92 1319 2938 4108 9146 112 105 610
internal_value=0 6.91446e-07 1.26271e-06 1.51761e-06 -5.88797e-08 -1.26318e-07 -2.79177e-07 2.18023e-07 3.6499e-07 0
internal_weight=0 3324 1601 1411 30939 27784 13254 3155 3043 14530
internal_count=34263 3324 1601 1411 30939 27784 13254 3155 3043 14530
is_linear=0
shrinkage=0.01


Tree=22
num_leaves=15
num_cat=0
split_feature=0 4 27 28 1 27 0 1 27 3 22 3 1 0
split_gain=1.85627e-05 2.85241e-05 1.91578e-05 1.65083e-05 2.11146e-05 1.47763e-05 1.45424e-05 5.91992e-06 5.15524e-06 7.29905e-06 3.82963e-06 3.51284e-06 2.88389e-06 1.79306e-07
threshold=147.34266296582885 0.16607142857142779 0.16335714285714317 0.98561578864188648 149.68480797282641 0.049021428571425933 146.89761337174926 148.24718348485121 0.074637500000002591 -0.012808621059634663 0.0078788622976146538 0.15717099553059974 157.27666553932281 148.78715656239601
decision_type=2 2 2 2 2 2 2 2 2 2 2 2 2 2
left_child=1 8 -3 7 13 -6 -4 11 9 -1 -10 -2 -9 -5
right_child=3 2 6 4 5 -7 -8 12 10 -11 -12 -13 -14 -15
leaf_value=0 -5.4100701113580427e-07 0 4.3528710745327492e-06 -6.1191485018595901e-08 0 -1.3193267313479242e-06 0 2.9478305550637976e-07 0 4.9790615033566878e-07 -4.1000673494888327e-07 0 0 7.8545736581990888e-08
leaf_weight=3395 2283 244 370 2909 1047 3560 32 6482 4120 5426 2285 71 874 1140
leaf_count=3395 2283 244 370 2909 1047 3560 32 6482 4120 5426 2285 71 874 1140
internal_value=0 2.3795e-07 2.37609e-06 -2.28334e-07 -5.48928e-07 -1.01212e-06 3.71861e-06 0 8.14843e-08 2.6412e-07 -1.39272e-08 -3.66968e-07 1.93316e-07 0
internal_weight=0 15872 646 18366 8656 4607 402 9710 15226 8821 6405 2354 7356 4049
internal_count=34238 15872 646 18366 8656 4607 402 9710 15226 8821 6405 2354 7356 4049
is_linear=0
shrinkage=0.01


Tree=23
num_leaves=14
num_cat=0
split_feature=0 28 0 26 17 28 3 0 22 17 0 17 3
split_gain=1.95635e-05 2.3e-05 1.74995e-05 1.41198e-05 9.18585e-06 7.21565e-06 1.03637e-05 6.20677e-06 5.64623e-06 6.13641e-06 5.42749e-06 2.84654e-06 2.50981e-06
threshold=147.34266296582885 1.0030672425002589 148.37041821554755 0.0008966389409696485 0.079230109834583132 0.9031571147326064 0.1459173778298081 148.24212466091254 0.0084052655181387822 0.010368024011896184 146.80162992857649 -0.0036787427157349835 0.15717099553059974
decision_type=2 2 2 2 2 2 2 2 2 2 2 2 2
left_child=3 7 -3 8 -4 -5 -7 12 9 -1 -10 -9 -2
right_child=1 2 4 5 -6 6 -8 11 10 -11 -12 -13 -14
leaf_value=0 -4.313317217053862e-07 0 -1.0425733053106966e-06 0 0 1.953219655745184e-06 0 4.5862570934712609e-07 -4.0237509409156143e-07 6.0482604601479962e-07 1.2016209401342652e-07 0 0
leaf_weight=6980 2504 2172 5384 256 461 1082 114 3282 3470 3453 551 4449 65
leaf_count=6980 2504 2172 5384 256 461 1082 114 3282 3470 3453 551 4449 65
internal_value=0 -2.19715e-07 -6.30203e-07 2.59612e-07 -9.18745e-07 1.27787e-06 1.60792e-06 2.71994e-09 8.80977e-08 2.49541e-07 -8.2102e-08 2.29094e-07 -2.89247e-07
internal_weight=0 18317 8017 15906 5845 1452 1196 10300 14454 10433 4021 7731 2569
internal_count=34223 18317 8017 15906 5845 1452 1196 10300 14454 10433 4021 7731 2569
is_linear=0
shrinkage=0.01


Tree=24
num_leaves=15
num_cat=0
split_feature=0 28 21 18 27 4 23 26 17 1 25 26 27 25
split_gain=1.50925e-05 1.38802e-05 1.67972e-05 1.8964e-05 1.27271e-05 1.72744e-05 1.84609e-05 9.3586e-06 6.40424e-06 6.13838e-06 5.64381e-06 5.63951e-06 4.55008e-06 2.39652e-06
threshold=147.34266296582885 1.0030672425002589 0.00014640861824068507 0.00042913245942525683 0.16913928571428441 0.1568214285714303 0.010083928441065542 0.00067165995506889356 0.008874364657330604 148.24718348485121 0.01162273382710796 0.00044384527461369274 0.11071964285714052 0.00027682520788830902
decision_type=2 2 2 2 2 2 2 2 2 2 2 2 2 2
left_child=4 9 7 -4 8 -6 -7 -3 12 13 -10 -11 -1 -2
right_child=1 2 3 -5 5 6 -8 -9 10 11 -12 -13 -14 -15
leaf_value=0 0 1.0520845410975908e-07 -1.5345818133353955e-06 0 0 3.9971893025392e-06 0 -9.067182783346092e-07 5.7999910283560571e-07 0 0 5.3401597426342197e-07 -6.8191351367648623e-07 -6.9532157141479695e-07
leaf_weight=8285 1250 3626 2430 829 106 341 68 1089 3996 5070 2096 2816 978 1270
leaf_count=8285 1250 3626 2430 829 106 341 68 1089 3996 5070 2096 2816 978 1270
internal_value=0 -2.03282e-07 -5.18946e-07 -1.0836e-06 2.17344e-07 1.91112e-06 2.96921e-06 0 9.53522e-08 0 3.57816e-07 1.7417e-07 0 -3.85514e-07
internal_weight=0 18380 7974 3259 15870 515 409 4715 15355 10406 6092 7886 9263 2520
internal_count=34250 18380 7974 3259 15870 515 409 4715 15355 10406 6092 7886 9263 2520
is_linear=0
shrinkage=0.01


Tree=25
num_leaves=11
num_cat=0
split_feature=1 15 22 27 10 25 27 25 27 28
split_gain=1.33031e-05 9.59556e-06 7.89602e-06 7.81203e-06 1.58297e-05 7.55973e-06 6.45881e-06 5.11242e-06 4.74382e-06 2.54396e-06
threshold=143.19781421060244 -0.0013466865360497458 0.0093569979964709341 0.15466607142857161 0.019499999999993637 -0.00092900752522630475 0.089646428571428113 0.02585066308473926 0.052982142857144109 0.76947184545200875
decision_type=2 2 2 2 2 2 2 2 2 2
left_child=5 3 6 4 -2 8 -3 -4 -1 -10
right_child=1 2 7 -5 -6 -7 -8 -9 9 -11
leaf_value=0 0 0 -4.2789771127687302e-07 0 -1.5141679388511616e-06 0 5.2359412341767758e-07 0 0 1.5580060276362989e-06
leaf_weight=274 1666 16454 6184 281 1532 1818 2970 1838 96 1081
leaf_count=274 1666 16454 6184 281 1532 1818 2970 1838 96 1081
internal_value=0 -7.83501e-08 0 -5.74747e-07 -7.76914e-07 5.90609e-07 9.31332e-08 -2.78248e-07 1.14304e-06 1.41896e-06
internal_weight=0 30925 27446 3479 3198 3269 19424 8022 1451 1177
internal_count=34194 30925 27446 3479 3198 3269 19424 8022 1451 1177
is_linear=0
shrinkage=0.01


Tree=26
num_leaves=14
num_cat=0
split_feature=0 26 27 25 26 0 25 2 0 2 3 12 2
split_gain=1.6001e-05 1.95691e-05 1.54724e-05 9.32753e-06 9.30123e-06 7.34181e-06 4.33082e-06 8.91747e-06 6.95748e-06 3.45874e-06 7.6375e-06 3.25315e-06 1.99663e-06
threshold=147.34266296582885 0.0011117989153256525 0.15088571428571665 -0.065486094096106784 0.00097527438927315011 147.76942445762248 0.01162273382710796 0.014298643542048241 146.80162992857649 -0.0014581946026765988 0.031419723558458394 -0.0009280951782634771 -0.038190540306317182
decision_type=2 2 2 2 2 2 2 2 2 2 2 2 2
left_child=1 6 -3 -4 9 -6 7 -1 -8 12 -11 -7 -2
right_child=4 2 3 -5 5 11 8 -9 -10 10 -12 -13 -14
leaf_value=0 -4.8276203695572746e-08 0 0 3.2222640037010697e-06 0 0 -4.763985859216592e-07 6.3931387306733911e-07 4.3259814299831513e-07 -4.7873129432223122e-07 0 -2.251306618397848e-06 2.0326692271558886e-07
leaf_weight=8352 3402 223 30 510 119 57 2705 3635 451 5240 4360 487 4640
leaf_count=8352 3402 223 30 510 119 57 2705 3635 451 5240 4360 487 4640
internal_value=0 2.54154e-07 1.92203e-06 2.8427e-06 -1.76867e-07 -1.45846e-06 1.0402e-07 2.22632e-07 -2.96462e-08 -7.19821e-08 -2.13421e-07 -1.98503e-06 0
internal_weight=0 15906 763 540 18305 663 15143 11987 3156 17642 9600 544 8042
internal_count=34211 15906 763 540 18305 663 15143 11987 3156 17642 9600 544 8042
is_linear=0
shrinkage=0.01


Tree=27
num_leaves=11
num_cat=0
split_feature=0 3 3 4 6 0 4 28 13 0
split_gain=1.8513e-05 4.56615e-06 8.70137e-06 1.52431e-05 6.4731e-06 1.86119e-05 4.10241e-06 5.56051e-06 1.3989e-06 7.84792e-09
threshold=142.51606747217323 0.05238531942246849 0.001772804369895978 0.095571428571429154 0.0010858493155486706 146.89761337174926 0.040357142857145749 0.79810782952199777 -0.00021591126749936904 156.14432548558656
decision_type=2 2 2 2 2 2 2 2 2 2
left_child=6 2 8 -4 9 -6 -1 -8 -2 -3
right_child=1 4 3 -5 5 -7 7 -9 -10 -11
leaf_value=0 1.5249206348165044e-07 1.3779020039825728e-08 -8.1024958081566102e-08 -1.4422499645411631e-06 3.4503451436199195e-06 0 0 1.6026654216473288e-06 -2.0777689994166676e-08 0
leaf_weight=172 5806 4133 9865 1271 225 157 101 1083 11273 232
leaf_count=172 5806 4133 9865 1271 225 157 101 1083 11273 232
internal_value=0 -3.23926e-08 -1.05685e-07 -3.2624e-07 1.9257e-07 1.46717e-06 1.15727e-06 1.37116e-06 0 0
internal_weight=0 32962 28215 11136 4747 382 1356 1184 17079 4365
internal_count=34318 32962 28215 11136 4747 382 1356 1184 17079 4365
is_linear=0
shrinkage=0.01


Tree=28
num_leaves=14
num_cat=0
split_feature=0 6 28 1 27 0 22 1 27 25 1 27 3
split_gain=1.47288e-05 2.31832e-05 1.10346e-05 1.59764e-05 1.39519e-05 1.0463e-05 3.96853e-06 3.62857e-06 8.57254e-06 4.93011e-06 2.30603e-06 4.31033e-06 2.05489e-06
threshold=147.36070263093231 0.0010629162945603274 1.0054654831629164 148.58275089049243 0.051485714285718083 146.89761337174926 -0.041963415725887646 143.31150678451331 0.11170892857142857 0.00012675148378756649 148.24718348485121 0.089194642857143083 0.15717099553059974
decision_type=2 2 2 2 2 2 2 2 2 2 2 2 2
left_child=1 7 10 -4 -5 6 -3 9 -9 -1 12 -12 -2
right_child=2 5 3 4 -6 -7 -8 8 -10 -11 11 -13 -14
leaf_value=7.3541784290382249e-07 -3.8543449316593124e-07 0 0 0 -1.0966326930208869e-06 0 2.1218971614932096e-06 3.7002075736802756e-08 -8.7097379973611625e-07 0 0 5.06571169031742e-07 0
leaf_weight=1619 2424 90 2289 1482 4007 113 997 10280 1111 1720 5865 1975 70
leaf_count=1619 2424 90 2289 1482 4007 113 997 10280 1111 1720 5865 1975 70
internal_value=0 2.16941e-07 -1.99813e-07 -4.8459e-07 -7.89798e-07 1.59342e-06 1.94034e-06 3.68673e-08 0 3.38602e-07 0 9.83952e-08 -2.49026e-07
internal_weight=0 15930 18112 7778 5489 1200 1087 14730 11391 3339 10334 7840 2494
internal_count=34042 15930 18112 7778 5489 1200 1087 14730 11391 3339 10334 7840 2494
is_linear=0
shrinkage=0.01


Tree=29
num_leaves=14
num_cat=0
split_feature=1 28 1 27 5 1 18 1 22 18 2 6 28
split_gain=1.45321e-05 1.50621e-05 1.75473e-05 1.29205e-05 1.07837e-05 1.03479e-05 7.26784e-06 4.8977e-06 3.38167e-06 4.16839e-06 2.02373e-06 1.92718e-06 1.58116e-06
threshold=147.43713568194781 0.98561578864188648 149.68480797282641 0.048700000000002068 0.1540000000000106 148.24718348485121 -0.00063546258189471096 157.27666553932281 0.0084052655181387822 8.3070247752381073e-05 -0.055564261450570022 0.00045768760756779048 1.3247218060831418
decision_type=2 2 2 2 2 2 2 2 2 2 2 2 2
left_child=4 5 12 -4 8 10 -6 -7 9 -1 -2 -10 -3
right_child=1 2 3 -5 6 7 -8 -9 11 -11 -12 -13 -14
leaf_value=0 0 -1.0181780290885192e-07 0 -1.2103666138224802e-06 0 3.887538278583348e-07 1.6476429528560848e-06 0 0 4.8039148054400204e-07 -6.5471451644667551e-07 -2.9460210308820467e-07 4.2410278874727533e-07
leaf_weight=7226 184 3046 996 3550 274 6450 928 878 2103 3658 1754 2220 703
leaf_count=7226 184 3046 996 3550 274 6450 928 878 2103 3658 1754 2220 703
internal_value=0 -1.92157e-07 -5.09644e-07 -9.2729e-07 2.21455e-07 0 1.22138e-06 2.57279e-07 7.66244e-08 1.98171e-07 -5.32511e-07 0 0
internal_weight=0 17561 8295 4546 16409 9266 1202 7328 15207 10884 1938 4323 3749
internal_count=33970 17561 8295 4546 16409 9266 1202 7328 15207 10884 1938 4323 3749
is_linear=0
shrinkage=0.01


Tree=30
num_leaves=14
num_cat=0
split_feature=0 4 0 6 6 12 1 1 3 25 18 21 4
split_gain=1.43034e-05 3.38993e-05 3.02363e-05 3.1864e-05 7.46723e-06 7.55191e-06 3.36989e-06 3.71843e-06 3.25883e-06 1.93601e-06 1.73477e-06 5.56625e-06 1.00863e-06
threshold=147.37717825954675 0.16607142857142779 144.95626565648516 0.00084165059586308456 0.00091055205671832981 -0.00051395629721617808 143.31150678451331 146.48987071999068 0.17108615808236291 0.025137760221105653 0.00053528166315075119 0.00017530222129555169 0.077000000000003274
decision_type=2 2 2 2 2 2 2 2 2 2 2 2 2
left_child=1 6 -3 -4 10 -6 9 -8 -7 -1 11 -2 -12
right_child=4 2 3 -5 5 8 7 -9 -10 -11 12 -13 -14
leaf_value=4.3843621408968674e-07 0 0 0 5.8151872537470145e-06 0 -1.7248065596802966e-06 -1.0097563532433699e-07 3.1262920186571725e-07 0 0 0 -3.6154697848352998e-07 3.867212718125962e-07
leaf_weight=3240 9729 290 61 308 547 773 9135 2851 31 266 424 5817 687
leaf_count=3240 9729 290 61 308 547 773 9135 2851 31 266 424 5817 687
internal_value=0 2.39275e-07 2.53028e-06 4.42834e-06 -1.67562e-07 -9.50127e-07 7.71944e-08 0 -1.56692e-06 3.49903e-07 -4.40311e-08 -1.14499e-07 4.19402e-08
internal_weight=0 16151 659 369 18008 1351 15492 11986 804 3506 16657 15546 1111
internal_count=34159 16151 659 369 18008 1351 15492 11986 804 3506 16657 15546 1111
is_linear=0
shrinkage=0.01


Tree=31
num_leaves=16
num_cat=0
split_feature=1 5 28 1 3 2 22 9 1 1 1 1 21 3 1
split_gain=8.67662e-06 1.3367e-05 1.26264e-05 1.47973e-05 1.12897e-05 9.05726e-06 8.12561e-06 6.03047e-06 5.67544e-06 4.58536e-06 4.46321e-06 2.65432e-06 1.55837e-06 9.35118e-08 8.32034e-08
threshold=147.43713568194781 0.1540000000000106 0.9892285179465482 149.68480797282641 0.046244874095839668 0.079230109834583132 0.0091756483249392732 0.0024999999999977267 148.24718348485121 144.6898939514432 146.85689988375529 157.27666553932281 -0.0009326644651101464 -0.054076380949846292 145.76752961742713
decision_type=2 2 2 2 2 2 2 2 2 2 2 2 2 2 2
left_child=1 6 8 13 14 -5 9 -6 12 -1 -8 -10 -2 -4 -3
right_child=2 4 3 5 7 -7 10 -9 11 -11 -12 -13 -14 -15 -16
leaf_value=4.2666482476459151e-07 0 1.1505828564978764e-07 -3.0123836357738892e-08 -9.7350582568585161e-07 0 0 -4.4386562152113889e-07 3.6285480220543626e-06 3.3067830234879194e-07 0 0 0 -3.8753675148762581e-07 5.3349331783371261e-08 0
leaf_weight=5801 155 628 536 4140 40 389 3475 275 6518 5466 668 885 1902 3114 257
leaf_count=5801 155 628 536 4140 40 389 3475 275 6518 5466 668 885 1902 3114 257
internal_value=0 1.87193e-07 -1.27246e-07 -4.33704e-07 1.25649e-06 -8.16309e-07 3.89962e-08 3.09608e-06 3.20201e-08 2.30296e-07 -2.39872e-07 2.45814e-07 -2.51257e-07 0 0
internal_weight=0 16610 17639 8179 1200 4529 15410 315 9460 11267 4143 7403 2057 3650 885
internal_count=34249 16610 17639 8179 1200 4529 15410 315 9460 11267 4143 7403 2057 3650 885
is_linear=0
shrinkage=0.01


Tree=32
num_leaves=15
num_cat=0
split_feature=0 5 21 18 25 0 18 22 2 3 27 1 25 0
split_gain=1.33952e-05 1.78342e-05 6.6254e-06 1.18773e-05 4.30979e-06 6.53158e-06 3.12035e-06 5.8978e-06 1.99778e-06 8.21573e-06 2.03008e-06 1.90481e-06 5.88646e-07 5.00677e-08
threshold=147.34266296582885 0.14200000000001015 0.00013940557541805828 0.00041200032946156262 -0.065486094096106784 146.85027693021974 7.9363552508388439e-05 0.0084052655181387822 -0.060655876056515005 -0.089350228263548603 0.084094642857143617 157.16986240761523 -0.0051947185300748313 157.37160406235228
decision_type=2 2 2 2 2 2 2 2 2 2 2 2 2 2
left_child=1 6 8 11 -3 -6 12 -8 9 -2 -10 -4 -1 -5
right_child=2 4 3 13 5 -7 7 -9 10 -11 -12 -13 -14 -15
leaf_value=0 0 0 -6.8224472851621401e-07 5.2213575168099525e-08 1.6972051521470943e-06 0 5.3435544992999017e-07 0 1.9739435200014096e-07 -8.7192744322798155e-07 0 0 -1.0778870104965817e-07 0
leaf_weight=3794 998 33 5336 1836 1291 144 3311 2116 6652 1269 1475 592 5066 109
leaf_count=3794 998 33 5336 1836 1291 144 3311 2116 6652 1269 1475 592 5066 109
internal_value=0 2.38519e-07 -1.55755e-07 -3.74745e-07 1.3398e-06 1.46169e-06 5.53278e-08 2.56027e-07 0 -2.51631e-07 8.31581e-08 -6.21972e-07 0 0
internal_weight=0 15755 18267 7873 1468 1435 14287 5427 10394 2267 8127 5928 8860 1945
internal_count=34022 15755 18267 7873 1468 1435 14287 5427 10394 2267 8127 5928 8860 1945
is_linear=0
shrinkage=0.01


Tree=33
num_leaves=11
num_cat=0
split_feature=0 2 18 26 26 25 25 0 13 0
split_gain=1.58196e-05 7.75281e-06 6.18965e-06 7.78968e-06 5.16061e-06 5.2075e-06 4.92005e-06 3.45391e-06 1.63826e-06 1.30581e-06
threshold=143.13564704205325 0.066630639752617085 -2.4811601341751402e-05 0.0003628089383676156 0.00028045562293588 0.00027682520788830902 -0.047490252805294765 157.49141150318351 0.0013161805116939098 146.49451479811776
decision_type=2 2 2 2 2 2 2 2 2 2
left_child=4 2 9 -4 -1 6 -6 8 -3 -2
right_child=1 7 3 -5 5 -7 -8 -9 -10 -11
leaf_value=0 -1.2086728874178006e-07 5.4371469436532692e-07 0 -4.9301339578855694e-07 0 0 1.4742492844543051e-06 0 0 7.7917151024300741e-08
leaf_weight=366 5016 2944 5456 7810 42 1419 1391 100 230 9437
leaf_count=366 5016 2944 5456 7810 42 1419 1391 100 230 9437
internal_value=0 -5.28215e-08 -1.34373e-07 -2.90488e-07 6.81654e-07 8.39754e-07 1.3291e-06 3.32149e-07 4.71805e-07 0
internal_weight=0 30993 27719 13266 3218 2852 1433 3274 3174 14453
internal_count=34211 30993 27719 13266 3218 2852 1433 3274 3174 14453
is_linear=0
shrinkage=0.01


Tree=34
num_leaves=12
num_cat=0
split_feature=3 4 9 15 21 28 14 27 4 5 22
split_gain=8.37322e-06 5.04176e-06 8.68977e-06 5.03975e-06 5.00472e-06 3.26553e-06 5.98822e-06 2.00817e-06 8.81155e-06 7.16855e-06 7.64526e-08
threshold=0.055524806888710372 0.077000000000003274 0.01299999999999102 -0.0013206017602028217 0.00014640861824068507 0.98730229897540134 7.7267742417341814e-05 0.15088571428571665 0.14082142857142901 0.088500000000010473 0.0068100371584827483
decision_type=2 2 2 2 2 2 2 2 2 2 2
left_child=4 -2 -3 -4 7 10 -7 8 -1 -9 -6
right_child=1 2 3 -5 5 6 -8 9 -10 -11 -12
leaf_value=4.2600002721393448e-08 0 0 0 1.3308119150407384e-06 -5.727586298601169e-08 0 -5.9795476533569499e-07 0 -1.2246238327943669e-06 1.2846962005504693e-06 0
leaf_weight=18224 1954 879 91 1519 2330 737 4023 93 565 562 3131
leaf_count=18224 1954 879 91 1519 2330 737 4023 93 565 562 3131
internal_value=0 4.28005e-07 7.27663e-07 1.16536e-06 -2.81204e-08 -2.24077e-07 -4.20007e-07 2.34615e-08 0 5.68053e-07 0
internal_weight=0 4443 2489 1610 29665 10221 4760 19444 18789 655 5461
internal_count=34108 4443 2489 1610 29665 10221 4760 19444 18789 655 5461
is_linear=0
shrinkage=0.01


Tree=35
num_leaves=12
num_cat=0
split_feature=1 3 26 3 27 27 1 3 26 7 27
split_gain=1.16486e-05 5.84732e-06 8.34503e-06 1.27921e-05 5.08684e-06 4.92431e-06 5.98506e-06 4.59003e-06 2.59294e-06 1.08809e-06 8.2693e-09
threshold=143.19781421060244 0.05238531942246849 0.00058002116714571666 -0.013764155123653718 0.03933392857142775 0.075985714285712658 156.11889919222259 0.15717099553059974 0.00042550887893062376 0.00099999999999056421 0.059610714285711817
decision_type=2 2 2 2 2 2 2 2 2 2 2
left_child=4 2 8 -4 -1 10 -7 9 -2 -6 -3
right_child=1 5 3 -5 7 6 -8 -9 -10 -11 -12
leaf_value=0 -1.0794945462900038e-07 0 0 -1.0294873000643666e-06 0 7.2671529612551998e-07 0 0 1.2568846319345504e-07 8.500095762201568e-07 -2.7537316574365036e-08
leaf_weight=302 13087 799 4133 2425 37 2449 140 56 6759 2998 1090
leaf_count=302 13087 799 4133 2425 37 2449 140 56 6759 2998 1090
internal_value=0 -4.9244e-08 -1.3155e-07 -4.43747e-07 5.66739e-07 2.12735e-07 5.18107e-07 7.19105e-07 0 8.23325e-07 0
internal_weight=0 30882 26404 6558 3393 4478 2589 3091 19846 3035 1889
internal_count=34275 30882 26404 6558 3393 4478 2589 3091 19846 3035 1889
is_linear=0
shrinkage=0.01


Tree=36
num_leaves=14
num_cat=0
split_feature=0 6 26 28 28 15 3 13 18 27 27 22 2
split_gain=8.89329e-06 1.72859e-05 1.34066e-05 1.31898e-05 9.52016e-06 8.8468e-06 8.49026e-06 3.1646e-06 3.01394e-06 2.39206e-06 3.9644e-06 2.01572e-06 1.39717e-06
threshold=147.4143383083989 0.00081326316997875757 0.00080751810977905641 0.97135914266369272 0.9892285179465482 -0.0035794020619424045 -0.1267058681482508 8.1227345186674085e-05 0.00040415780245608079 0.051274999999998176 0.035103571428572268 0.0084052655181387822 0.00793823556789164
decision_type=2 2 2 2 2 2 2 2 2 2 2 2 2
left_child=1 9 7 -3 -4 -5 -6 12 -9 10 -1 -11 -2
right_child=2 3 4 5 6 -7 -8 8 -10 11 -12 -13 -14
leaf_value=0 1.806265226535606e-07 0 0 0 0 1.5860418828485538e-06 -2.067492879739147e-06 -3.1174934401513444e-07 0 0 4.7249418063596413e-07 -2.5531099892213734e-07 0
leaf_weight=733 5461 624 455 116 197 1793 807 5961 1000 7163 2821 3180 3853
leaf_count=733 5461 624 455 116 197 1793 807 5961 1000 7163 2821 3180 3853
internal_value=0 1.87778e-07 -1.32208e-07 9.54446e-07 -1.06347e-06 1.37819e-06 -1.60966e-06 0 -1.99831e-07 0 2.56282e-07 -2.35668e-08 6.4266e-08
internal_weight=0 16430 17734 2533 1459 1909 1004 16275 6961 13897 3554 10343 9314
internal_count=34164 16430 17734 2533 1459 1909 1004 16275 6961 13897 3554 10343 9314
is_linear=0
shrinkage=0.01


Tree=37
num_leaves=14
num_cat=0
split_feature=1 4 4 1 5 1 22 27 4 17 18 4 1
split_gain=9.22902e-06 1.83679e-05 1.43462e-05 9.24279e-06 1.75973e-05 8.43022e-06 7.78425e-06 7.37841e-06 7.13312e-06 1.49684e-06 4.33913e-06 1.78961e-06 1.11739e-06
threshold=147.43713568194781 0.13835714285714271 0.14328571428571332 144.4270665892698 0.16400000000000151 148.44548662849766 0.0095422636118115741 0.073078571428570507 0.11100000000000321 0.081314247663598863 -2.4811601341751402e-05 0.075642857142857997 156.43944315385036
decision_type=2 2 2 2 2 2 2 2 2 2 2 2 2
left_child=1 6 9 -3 -5 -4 8 -8 -1 10 -2 -11 -7
right_child=2 3 5 4 -6 12 7 -9 -10 11 -12 -13 -14
leaf_value=3.3324019700275912e-07 0 0 0 0 3.6735634476425964e-06 -2.4730732437403823e-06 0 -7.144102079499959e-07 -2.058994073100656e-07 0 -2.6293130914444826e-07 5.2730580909153876e-07 0
leaf_weight=10686 7439 410 208 389 375 449 1921 1996 757 366 8340 698 109
leaf_count=10686 7439 410 208 389 375 449 1921 1996 757 366 8340 698 109
internal_value=0 1.83184e-07 -1.44573e-07 1.42453e-06 2.08004e-06 -1.53005e-06 2.316e-08 -2.67889e-07 2.10181e-07 -2.21498e-08 -9.50933e-08 1.19723e-07 -2.1731e-06
internal_weight=0 16534 17609 1174 764 766 15360 3917 11443 16843 15779 1064 558
internal_count=34143 16534 17609 1174 764 766 15360 3917 11443 16843 15779 1064 558
is_linear=0
shrinkage=0.01


Tree=38
num_leaves=11
num_cat=0
split_feature=27 0 20 0 5 17 5 9 0 22
split_gain=9.78801e-06 1.60853e-05 1.56823e-05 9.19569e-06 9.75367e-06 7.90853e-06 7.71895e-06 7.39367e-06 3.56088e-06 1.4673e-06
threshold=0.20630892857142732 147.83327873212519 0.0017228871124588963 143.60608135331958 0.085499999999996149 -0.10383135606537051 0.079999999999998309 0.011999999999986246 143.43816109900456 -0.0060504174869737129
decision_type=2 2 2 2 2 2 2 2 2 2
left_child=3 2 8 6 9 -6 -1 -8 -2 -5
right_child=1 -3 -4 4 5 -7 7 -9 -10 -11
leaf_value=0 0 0 0 1.2907816299999073e-07 0 -5.4393135699070807e-07 0 1.3845037120764362e-06 5.5666728739013021e-06 -4.6667083605317213e-08
leaf_weight=2672 34 62 40 6889 924 6981 612 1113 145 14667
leaf_count=2672 34 62 40 6889 924 6981 612 1113 145 14667
internal_value=0 1.86192e-06 3.43134e-06 -9.28199e-09 -1.00798e-07 -4.0155e-07 3.76438e-07 8.99159e-07 4.80983e-06 0
internal_weight=0 281 219 33858 29461 7905 4397 1725 179 21556
internal_count=34139 281 219 33858 29461 7905 4397 1725 179 21556
is_linear=0
shrinkage=0.01


Tree=39
num_leaves=14
num_cat=0
split_feature=0 26 27 0 26 27 14 22 0 18 3 18 18
split_gain=1.22105e-05 2.0829e-05 2.94958e-05 1.18618e-05 1.15951e-05 1.04988e-05 1.36437e-05 7.17372e-06 7.10154e-06 3.79196e-06 1.03527e-05 2.44643e-06 1.65499e-07
threshold=147.34266296582885 0.0011117989153256525 0.15466607142857161 146.94433373728808 0.00099518164316385847 0.13153392857142751 0.00040107304057257492 0.0026239860633193034 147.80297102385885 -2.4811601341751402e-05 0.032030569382581607 -0.00024882377918932771 0.00079988121451135227
decision_type=2 2 2 2 2 2 2 2 2 2 2 2 2
left_child=1 5 -3 -4 9 7 -7 -1 -6 11 -11 -2 -10
right_child=4 2 3 -5 8 6 -8 -9 12 10 -12 -13 -14
leaf_value=3.5876467367915459e-07 -7.3009890707277065e-08 0 3.9149711214819265e-06 0 0 -2.268518698265022e-06 0 0 -2.3246265052780018e-06 -5.2329022598145289e-07 0 2.3285985478901459e-07 0
leaf_weight=8257 3430 231 438 30 106 405 290 6135 453 5663 4343 4174 48
leaf_count=8257 3430 231 438 30 106 405 290 6135 453 5663 4343 4174 48
internal_value=0 1.81531e-07 1.92241e-06 3.4371e-06 -1.96138e-07 3.45324e-08 -1.01916e-06 1.5493e-07 -1.68458e-06 -8.80019e-08 -2.2699e-07 0 -2.2031e-06
internal_weight=0 15786 699 468 18217 15087 695 14392 607 17610 10006 7604 501
internal_count=34003 15786 699 468 18217 15087 695 14392 607 17610 10006 7604 501
is_linear=0
shrinkage=0.01


Tree=40
num_leaves=10
num_cat=0
split_feature=27 0 14 0 9 6 6 7 28
split_gain=8.50379e-06 1.78577e-05 2.0288e-05 6.5335e-06 9.78112e-06 9.61064e-06 5.28335e-06 8.62858e-06 1.94341e-06
threshold=0.20630892857142732 147.83327873212519 0.0027148060528157107 143.60608135331958 0.01299999999999102 0.00059159011469804969 0.00056084096432681225 0.070000000000007404 1.1711236057901633
decision_type=2 2 2 2 2 2 2 2 2
left_child=3 2 -2 4 -1 -6 8 -8 -5
right_child=1 -3 -4 6 5 -7 7 -9 -10
leaf_value=0 5.0697335027507513e-06 0 0 -2.7763213317857366e-08 0 1.5581910895533659e-06 -5.9220710477918959e-07 0 2.5289581854396638e-07
leaf_weight=2121 181 54 34 18267 1276 999 4439 3978 2818
leaf_count=2121 181 54 34 18267 1276 999 4439 3978 2818
internal_value=0 1.77634e-06 3.49753e-06 0 3.33016e-07 8.02567e-07 -7.49614e-08 -2.8716e-07 0
internal_weight=0 269 215 33898 4396 2275 29502 8417 21085
internal_count=34167 269 215 33898 4396 2275 29502 8417 21085
is_linear=0
shrinkage=0.01


Tree=41
num_leaves=11
num_cat=0
split_feature=18 21 6 1 15 1 6 26 1 21
split_gain=7.32748e-06 1.06692e-05 5.37398e-06 6.26555e-06 3.3562e-06 3.09365e-06 3.39935e-06 2.80701e-06 2.47245e-06 2.04342e-06
threshold=0.00042913245942525683 4.6328808648993762e-05 0.00033164353064298881 147.31814019513899 -0.0013466865360497458 157.37550876221894 0.000273905210078315 0.00031248702625135603 148.58275089049243 0.00072636261444542643
decision_type=2 2 2 2 2 2 2 2 2 2
left_child=1 4 -3 -4 8 6 -2 -6 -1 -8
right_child=5 2 3 -5 7 -7 9 -9 -10 -11
leaf_value=0 0 0 0 -7.5096863793447537e-07 0 0 0 2.6409060164131658e-07 -4.2988313595648053e-07 7.5649263118626194e-07
leaf_weight=2419 328 5038 3508 3809 3480 95 668 10515 1344 2709
leaf_count=2419 328 5038 3508 3809 3480 95 668 10515 1344 2709
internal_value=0 -3.44766e-08 -2.82268e-07 -4.56038e-07 8.16148e-08 4.28234e-07 5.21128e-07 1.79848e-07 -1.79915e-08 6.31344e-07
internal_weight=0 30113 12355 7317 17758 3800 3705 13995 3763 3377
internal_count=33913 30113 12355 7317 17758 3800 3705 13995 3763 3377
is_linear=0
shrinkage=0.01


Tree=42
num_leaves=15
num_cat=0
split_feature=0 26 6 14 3 4 25 0 17 1 26 3 1 27
split_gain=1.14564e-05 1.14378e-05 9.25595e-06 7.5615e-06 7.12604e-06 7.31013e-06 4.94552e-06 9.04866e-06 6.67499e-06 2.35296e-06 2.3055e-06 3.28852e-06 1.54265e-06 1.1894e-07
threshold=147.34266296582885 0.0008966389409696485 0.00066807242276582161 0.00063214124925947701 -0.10598730488353257 0.086571428571432879 0.012362702159447745 146.80162992857649 0.01081033044268054 146.99087888887155 0.0004290563823358323 -0.028552180916925362 149.779460451332 0.16335714285714317
decision_type=2 2 2 2 2 2 2 2 2 2 2 2 2 2
left_child=1 6 10 13 -4 -6 8 -8 -1 -5 12 -12 -2 -3
right_child=2 3 4 9 5 -7 7 -9 -10 -11 11 -13 -14 -15
leaf_value=0 0 0 0 2.1498705028217269e-06 0 -1.2772298961109523e-06 -6.7275973583987678e-07 0 5.1630398122083936e-07 0 0 2.9402769855041785e-07 -2.8518962724564479e-07 2.0930501066663234e-07
leaf_weight=7870 4584 561 377 583 1033 1801 2314 380 3877 32 1991 4032 4489 271
leaf_count=7870 4584 561 377 583 1033 1801 2314 380 3877 32 1991 4032 4489 271
internal_value=0 1.90391e-07 -1.76404e-07 1.08545e-06 -6.82332e-07 -8.82555e-07 3.14258e-08 -2.30121e-07 1.7654e-07 1.99984e-06 -2.53105e-09 5.72848e-08 -1.52451e-07 0
internal_weight=0 15888 18307 1447 3211 2834 14441 2694 11747 615 15096 6023 9073 832
internal_count=34195 15888 18307 1447 3211 2834 14441 2694 11747 615 15096 6023 9073 832
is_linear=0
shrinkage=0.01


Tree=43
num_leaves=14
num_cat=0
split_feature=1 5 26 23 27 25 18 17 26 0 17 18 15
split_gain=8.17807e-06 1.07982e-05 9.63028e-06 9.31015e-06 7.80157e-06 6.21198e-06 9.87232e-06 5.2718e-06 5.10727e-06 4.73527e-06 1.14199e-06 2.63366e-06 1.49868e-06
threshold=147.46504461079584 0.11700000000000445 0.0012864983768643133 0.017207134694386093 0.16335714285714317 0.011397962390199193 9.9388373372988564e-05 -0.10383135606537051 0.00046733132861244235 146.98584454984521 -0.0059640218022565241 0.00041200032946156262 -0.00062286711201364742
decision_type=2 2 2 2 2 2 2 2 2 2 2 2 2
left_child=2 10 5 4 -4 6 -1 -3 -9 -7 12 -12 -2
right_child=1 7 3 -5 -6 9 -8 8 -10 -11 11 -13 -14
leaf_value=0 0 0 0 0 3.4239676514556752e-06 -4.4619696121926443e-07 6.2732673352383757e-07 0 -1.2701922093535998e-06 0 -2.2474765549270749e-07 0 2.167262298127105e-07
leaf_weight=8874 2989 355 80 36 261 2981 3955 256 1534 508 7309 1620 3368
leaf_count=8874 2989 355 80 36 261 2981 3955 256 1534 508 7309 1620 3368
internal_value=0 -1.43313e-07 1.6595e-07 1.89425e-06 2.58702e-06 6.46841e-08 2.10673e-07 -8.18636e-07 -1.0476e-06 -1.85492e-07 0 -1.08875e-07 3.62433e-08
internal_weight=0 17431 16695 377 341 16318 12829 2145 1790 3489 15286 8929 6357
internal_count=34126 17431 16695 377 341 16318 12829 2145 1790 3489 15286 8929 6357
is_linear=0
shrinkage=0.01


end of trees

feature_importances:
ema_slow=77
atr_ma=59
ema_fast=51
atr_normalized=37
atr_ratio=35
atr=33
macd_signal=32
macd_strength=31
ema_cross_pct=27
macd_hist=23
ema_cross=18
range_pct=16
price_ema_slow_dist=14
macd=12
range=12
return_12=12
return_6=9
lower_shadow=6
body=5
upper_shadow=5
return_3=5
return_1=4
macd_hist_change=4
price_ema_fast_dist=3
body_pct=2

parameters:
[boosting: gbdt]
[objective: regression]
[metric: l2]
[tree_learner: serial]
[device_type: cpu]
[data: ]
[valid: ]
[num_iterations: 800]
[learning_rate: 0.01]
[num_leaves: 16]
[num_threads: 8]
[deterministic: 0]
[force_col_wise: 0]
[force_row_wise: 0]
[histogram_pool_size: -1]
[max_depth: 4]
[min_data_in_leaf: 30]
[min_sum_hessian_in_leaf: 0.001]
[bagging_fraction: 0.7]
[pos_bagging_fraction: 1]
[neg_bagging_fraction: 1]
[bagging_freq: 1]
[bagging_seed: 400]
[feature_fraction: 0.7]
[feature_fraction_bynode: 1]
[feature_fraction_seed: 30056]
[extra_trees: 0]
[extra_seed: 12879]
[early_stopping_round: 0]
[first_metric_only: 0]
[max_delta_step: 0]
[lambda_l1: 0.1]
[lambda_l2: 0.5]
[linear_lambda: 0]
[min_gain_to_split: 0]
[drop_rate: 0.1]
[max_drop: 50]
[skip_drop: 0.5]
[xgboost_dart_mode: 0]
[uniform_drop: 0]
[drop_seed: 17869]
[top_rate: 0.2]
[other_rate: 0.1]
[min_data_per_group: 100]
[max_cat_threshold: 32]
[cat_l2: 10]
[cat_smooth: 10]
[max_cat_to_onehot: 4]
[top_k: 20]
[monotone_constraints: ]
[monotone_constraints_method: basic]
[monotone_penalty: 0]
[feature_contri: ]
[forcedsplits_filename: ]
[refit_decay_rate: 0.9]
[cegb_tradeoff: 1]
[cegb_penalty_split: 0]
[cegb_penalty_feature_lazy: ]
[cegb_penalty_feature_coupled: ]
[path_smooth: 0]
[interaction_constraints: ]
[verbosity: 1]
[saved_feature_importance_type: 0]
[linear_tree: 0]
[max_bin: 255]
[max_bin_by_feature: ]
[min_data_in_bin: 3]
[bin_construct_sample_cnt: 200000]
[data_random_seed: 175]
[is_enable_sparse: 1]
[enable_bundle: 1]
[use_missing: 1]
[zero_as_missing: 0]
[feature_pre_filter: 1]
[pre_partition: 0]
[two_round: 0]
[header: 0]
[label_column: ]
[weight_column: ]
[group_column: ]
[ignore_column: ]
[categorical_feature: ]
[forcedbins_filename: ]
[precise_float_parser: 0]
[parser_config_file: ]
[objective_seed: 16083]
[num_class: 1]
[is_unbalance: 0]
[scale_pos_weight: 1]
[sigmoid: 1]
[boost_from_average: 1]
[reg_sqrt: 0]
[alpha: 0.9]
[fair_c: 1]
[poisson_max_delta_step: 0.7]
[tweedie_variance_power: 1.5]
[lambdarank_truncation_level: 30]
[lambdarank_norm: 1]
[label_gain: ]
[lambdarank_position_bias_regularization: 0]
[eval_at: ]
[multi_error_top_k: 1]
[auc_mu_weights: ]
[num_machines: 1]
[local_listen_port: 12400]
[time_out: 120]
[machine_list_filename: ]
[machines: ]
[gpu_platform_id: -1]
[gpu_device_id: -1]
[gpu_use_dp: 0]
[num_gpu: 1]

end of parameters

pandas_categorical:[]
