tree
version=v4
num_class=1
num_tree_per_iteration=1
label_index=0
max_feature_idx=44
objective=regression
feature_names=rsi ema_fast ema_slow bb_middle bb_upper bb_lower macd macd_signal atr range range_pct body body_pct upper_shadow lower_shadow is_bullish return_1 return_3 return_6 return_12 log_return rsi_normalized rsi_overbought rsi_oversold rsi_divergence ema_cross ema_cross_pct ema_cross_signal price_ema_fast_dist price_ema_slow_dist bb_width bb_position bb_position_normalized price_bb_upper_dist price_bb_lower_dist bb_breakout_upper bb_breakout_lower macd_hist macd_hist_change macd_cross_signal macd_strength atr_normalized atr_ma atr_ratio signal_convergence
feature_infos=[0:99.755467076367083] [140.01794868368825:158.46374932756453] [140.09390840731587:158.4287960737224] [0:158.45214999999999] [0:158.98423446083257] [0:158.37119522484221] [-0.57514457178655221:0.76835340664820251] [-0.5188763570912186:0.66684005555902648] [0:0.55142857142856927] [0:1.4489999999999839] [0:0.0098924731182794597] [0:1.2740000000000009] [0:0.0087871159085422691] [0:0.45400000000000773] [0:0.6290000000000191] [0:1] [-0.010440345742870893:0.0086544548876104077] [-0.010346048081897208:0.011121306408549358] [-0.012740376631571793:0.01214236927980572] [-0.015822511541399464:0.020290175029493485] [-0.010495228483220405:0.0086172197717689965] [-1:0.99510934152734165] [0:1] [0:1] [-56.904350987366826:51.361182180793548] [-0.57514457178655221:0.76835340664820251] [-0.003883435549732969:0.0051884219504909346] [0:1] [-0.0088498120556881627:0.0085436527782316064] [-0.0096167762950344661:0.012337377364785844] [0:0.031342652110744211] [-0.54651378490698344:1.552884196153675] [-2.0930275698139669:2.10576839230735] [-0.0045480417175792053:0.02223832595088774] [-0.0050724392954735378:0.027298010487932362] [0:1] [0:1] [-0.20097651515128728:0.19509250025932751] [-0.09700790187045677:0.083341641193037941] [0:1] [-0.19455333720912688:0.17538495785784011] [0:0.0037228501986805917] [0:0.42936785714285552] [0:3.4066658717779674] [0:3]
tree_sizes=1445 1112 1593 1117 1443 1198 1100 1022 1496 1096 1591 1593 1414 1707 1666

Tree=0
num_leaves=13
num_cat=0
split_feature=4 30 6 6 31 40 37 6 40 30 7 30
split_gain=3.56738e-05 1.38498e-05 9.31466e-06 1.67883e-05 7.14063e-06 5.3564e-06 7.54286e-06 1.02153e-05 7.0489e-06 3.32189e-06 1.38656e-06 3.63433e-08
threshold=147.43516385639381 0.001789059360993049 0.079230109834583132 -0.0041364127321372726 0.15448593007402092 -0.047490252805294765 0.0093569979964709341 -0.097171028652056166 0.014044750568542168 0.00063413605777061391 -0.024937129424555515 0.0027948700413494209
decision_type=2 2 2 2 2 2 2 2 2 2 2 2
left_child=1 -1 3 11 -5 -3 7 -7 -9 -6 -11 -2
right_child=2 5 -4 4 9 6 -8 8 -10 10 -12 -13
leaf_value=-1.0741309011517566e-05 -1.0741309011517566e-05 -1.0741309011517566e-05 -1.0741309011517566e-05 -1.0741309011517566e-05 -1.0741309011517566e-05 -1.0741309011517566e-05 -1.0741309011517566e-05 -9.6619566865106285e-06 -1.0741309011517566e-05 -1.0741309011517566e-05 -1.1517596133500706e-05 -1.0777342226967346e-05
leaf_weight=7414 6640 178 1576 625 377 746 3670 5392 243 96 9097 2799
leaf_count=7414 6640 178 1576 625 377 746 3670 5392 243 96 9097 2799
internal_value=-1.07413e-05 -1.04148e-05 -1.10233e-05 -1.11065e-05 -1.13905e-05 -1.01763e-05 -1.01263e-05 -9.89639e-06 -9.74649e-06 -1.14649e-05 -1.15037e-05 -1.07413e-05
internal_weight=0 17643 21210 19634 10195 10229 10051 6381 5635 9570 9193 9439
internal_count=38853 17643 21210 19634 10195 10229 10051 6381 5635 9570 9193 9439
is_linear=0
shrinkage=1


Tree=1
num_leaves=12
num_cat=0
split_feature=5 30 30 26 40 2 42 4 34 2 42
split_gain=3.77554e-05 9.59278e-06 9.57832e-06 7.39746e-06 6.93734e-06 3.58755e-06 4.44651e-06 2.70516e-06 8.87245e-07 7.75892e-07 4.26319e-07
threshold=147.18118141234348 0.0010787723669585451 0.00094453379939385591 0.00054830487376490743 -0.047490252805294765 156.52621766921882 0.045908928571430467 147.97382841961638 -0.00053611429497928793 147.29731155249263 0.030492857142857439
decision_type=2 2 2 2 2 2 2 2 2 2 2
left_child=1 -1 -2 5 -3 6 -4 8 -6 -8 -10
right_child=2 4 3 -5 7 -7 9 -9 10 -11 -12
leaf_value=0 0 0 0 0 0 0 0 0 0 -5.9893535362717688e-07 4.9274109907054024e-07
leaf_weight=2328 2479 244 2121 1252 72 1832 48 63 75 13075 15316
leaf_count=2328 2479 244 2121 1252 72 1832 48 63 75 13075 15316
internal_value=0 3.03201e-07 -3.1858e-07 -4.09244e-07 4.07836e-07 -4.72314e-07 -5.229e-07 4.62197e-07 4.81654e-07 -5.92874e-07 4.88713e-07
internal_weight=0 18098 20807 18328 15770 17076 15244 15526 15463 13123 15391
internal_count=38905 18098 20807 18328 15770 17076 15244 15526 15463 13123 15391
is_linear=0
shrinkage=0.01


Tree=2
num_leaves=18
num_cat=0
split_feature=3 5 7 26 25 5 40 40 2 40 1 2 33 33 33 25 25
split_gain=2.90193e-05 8.79387e-06 7.44621e-06 6.6548e-06 8.24276e-06 4.63275e-06 3.75314e-06 3.43758e-06 2.55824e-06 2.96403e-06 3.64042e-06 1.88563e-06 1.81839e-06 5.05152e-07 1.76407e-07 3.3054e-08 2.03517e-07
threshold=143.26497500000002 147.18118141234348 0.15717099553059974 0.00041200032946156262 -0.0041364127321372726 143.0395027934135 -0.019974215202369059 -0.054702536309999092 145.26476865219431 -0.042886946526178173 147.34266296582885 147.31814019513899 0.004274757604351297 0.0011051661966483704 -0.00047382884402287446 -0.04140085963470596 -0.10051008484042255
decision_type=2 2 2 2 2 2 2 2 2 2 2 2 2 2 2 2 2
left_child=2 8 5 4 15 7 -6 -1 13 -10 12 -8 -11 14 -2 16 -3
right_child=1 3 -4 -5 6 -7 11 -9 9 10 -12 -13 -14 -15 -16 -17 -18
leaf_value=0 0 0 0 0 0 0 0 1.0648647944533597e-06 0 4.4416778864360089e-07 0 -5.8085012853464101e-07 0 0 -1.2128744874435853e-07 0 -8.9352597196881572e-08
leaf_weight=25 43 978 56 2193 373 152 127 3821 157 5566 249 9051 204 3281 4633 5199 2963
leaf_count=25 43 978 56 2193 373 152 127 3821 157 5566 249 9051 204 3281 4633 5199 2963
internal_value=0 -5.87107e-08 8.28269e-07 -2.18832e-07 -2.98513e-07 9.39086e-07 -5.10575e-07 1.01842e-06 0 2.03523e-07 3.02896e-07 -5.58725e-07 3.98492e-07 0 -1.03937e-07 0 -2.89603e-08
internal_weight=0 35017 4054 20884 18691 3998 9551 3846 14133 6176 6019 9178 5770 7957 4676 9140 3941
internal_count=39071 35017 4054 20884 18691 3998 9551 3846 14133 6176 6019 9178 5770 7957 4676 9140 3941
is_linear=0
shrinkage=0.01


Tree=3
num_leaves=12
num_cat=0
split_feature=2 30 30 26 0 6 21 19 33 32 26
split_gain=3.37696e-05 1.48171e-05 7.26568e-06 7.7279e-06 6.08055e-06 5.6159e-06 4.13836e-06 2.65124e-06 3.01236e-06 2.63302e-06 1.77577e-06
threshold=147.46504461079584 0.0018335285881615783 0.00094453379939385591 0.0005640821644777419 81.105951538597751 -0.0059563047149282502 -0.47972002523857865 -0.0040861609787543598 0.00042500106295708116 -0.68246416498489404 0.00040415780245608079
decision_type=2 2 2 2 2 2 2 2 2 2 2
left_child=1 -1 -2 5 6 -4 -3 -8 -9 -7 -11
right_child=2 4 3 -5 -6 9 7 8 -10 10 -12
leaf_value=0 0 0 0 0 0 0 0 0 8.0066080470589781e-07 -7.6840786117879876e-07 0
leaf_weight=8248 2209 1298 8007 1190 516 505 32 1506 7439 7079 1043
leaf_count=8248 2209 1298 8007 1190 516 505 32 1506 7439 7079 1043
internal_value=0 2.9872e-07 -2.89418e-07 -3.67297e-07 5.42906e-07 -4.37055e-07 6.07228e-07 6.84207e-07 7.0672e-07 -6.58331e-07 -7.01972e-07
internal_weight=0 19039 20033 17824 10791 16634 10275 8977 8945 8627 8122
internal_count=39072 19039 20033 17824 10791 16634 10275 8977 8945 8627 8122
is_linear=0
shrinkage=0.01


Tree=4
num_leaves=16
num_cat=0
split_feature=5 30 30 4 42 26 7 21 0 40 1 2 5 2 2
split_gain=3.08019e-05 1.39682e-05 6.71708e-06 9.72891e-06 1.71731e-05 1.13017e-05 9.5148e-06 5.33457e-06 5.85109e-06 4.29541e-06 2.58932e-06 1.22664e-06 5.45398e-07 3.48886e-07 4.99562e-08
threshold=147.15599353381916 0.0018542694584753321 0.00094453379939385591 149.78888205919648 0.089219642857140083 0.0004204682035027013 -0.05522088756163409 -0.53347104704748227 81.105951538597751 -0.047490252805294765 147.83358365665347 148.24809044275733 147.91698247874501 147.29731155249263 149.6543659802189
decision_type=2 2 2 2 2 2 2 2 2 2 2 2 2 2 2
left_child=1 -1 -2 11 5 6 -5 -3 9 -9 -11 12 13 -4 -13
right_child=2 7 3 4 -6 -7 -8 8 -10 10 -12 14 -14 -15 -16
leaf_value=0 0 0 0 0 0 0 -1.0436303876253857e-06 0 0 7.6766438443405944e-07 0 6.9458540815466887e-08 0 -2.2383291328534305e-07 0
leaf_weight=7448 2443 960 141 771 2512 752 5940 109 533 8922 9.9999999999999982 4080 325 3940 43
leaf_count=7448 2443 960 141 771 2512 752 5940 109 533 8922 10 4080 325 3940 43
internal_value=0 3.37972e-07 -2.21335e-07 -3.02915e-07 -5.17441e-07 -7.66794e-07 -9.06785e-07 5.72352e-07 6.45099e-07 7.10917e-07 7.48104e-07 0 -1.56543e-07 -1.99553e-07 5.96872e-08
internal_weight=0 17982 20947 18504 9975 7463 6711 10534 9574 9041 8932 8529 4406 4081 4123
internal_count=38929 17982 20947 18504 9975 7463 6711 10534 9574 9041 8932 8529 4406 4081 4123
is_linear=0
shrinkage=0.01


Tree=5
num_leaves=13
num_cat=0
split_feature=5 30 37 7 6 31 4 37 10 2 30 6
split_gain=3.41107e-05 7.47191e-06 5.8779e-06 5.36073e-06 6.6023e-06 8.13558e-06 3.84206e-06 3.44599e-06 3.32956e-06 2.96151e-06 1.87629e-06 4.07449e-08
threshold=147.15599353381916 0.0010787723669585451 0.0084052655181387822 0.076566636655779383 -0.0064267888737248305 0.18293399744131431 147.18193883458062 -0.057914993519553148 0.00024329264586195356 147.29731155249263 0.00063413605777061391 -0.031836642296909183
decision_type=2 2 2 2 2 2 2 2 2 2 2 2
left_child=1 -1 6 4 11 -6 7 -3 -9 -7 -11 -2
right_child=3 2 -4 -5 5 9 -8 8 -10 10 -12 -13
leaf_value=0 -2.8421361339342296e-08 0 0 0 0 0 0 0 7.0123427569444587e-07 0 -6.6742640185840988e-07 0
leaf_weight=2304 5044 90 5237 1363 827 118 867 1132 8381 383 9384 3871
leaf_count=2304 5044 90 5237 1363 827 118 867 1132 8381 383 9384 3871
internal_value=0 3.09429e-07 3.96687e-07 -2.83463e-07 -3.36518e-07 -5.18772e-07 5.40565e-07 5.98833e-07 6.31044e-07 -6.11507e-07 -6.39359e-07 0
internal_weight=0 18011 15707 20990 19627 10712 10470 9603 9513 9885 9767 8915
internal_count=39001 18011 15707 20990 19627 10712 10470 9603 9513 9885 9767 8915
is_linear=0
shrinkage=0.01


Tree=6
num_leaves=12
num_cat=0
split_feature=5 30 21 4 42 30 7 7 40 3 1
split_gain=2.87792e-05 9.27413e-06 7.31428e-06 6.6544e-06 1.45883e-05 1.56548e-05 1.03355e-05 1.17262e-05 5.53351e-06 3.94049e-06 3.12198e-06
threshold=147.18118141234348 0.0017990940718694676 0.62211903077195474 149.78888205919648 0.089219642857140083 0.00094453379939385591 0.055524806888710372 -0.054081609918236885 -0.047490252805294765 147.32357500000003 141.72702002061291
decision_type=2 2 2 2 2 2 2 2 2 2 2
left_child=1 -1 8 -2 5 -5 7 -7 -3 10 -10
right_child=3 2 -4 4 -6 6 -8 -9 9 -11 -12
leaf_value=0 0 0 0 0 0 0 0 -1.0913381340378864e-06 0 0 7.0524355323787772e-07
leaf_weight=7229 9753 255 550 1202 2490 766 901 5828 322 247 9552
leaf_count=7229 9753 255 550 1202 2490 766 901 5828 322 247 9552
internal_value=0 3.17702e-07 5.02589e-07 -2.2344e-07 -3.91068e-07 -6.03703e-07 -7.94841e-07 -9.35327e-07 5.80066e-07 6.32161e-07 6.70471e-07
internal_weight=0 18155 10926 20940 11187 8697 7495 6594 10376 10121 9874
internal_count=39095 18155 10926 20940 11187 8697 7495 6594 10376 10121 9874
is_linear=0
shrinkage=0.01


Tree=7
num_leaves=11
num_cat=0
split_feature=4 30 26 34 3 10 5 1 33 10
split_gain=4.07166e-05 2.30283e-05 1.19878e-05 1.14877e-05 3.42243e-06 3.0673e-06 2.61355e-06 2.00777e-06 6.9263e-07 1.61417e-07
threshold=147.43516385639381 0.001789059360993049 0.00039531790558943863 0.00066134145187462514 156.53712500000003 0.00016912518410157711 141.45496470618366 147.32185768912998 0.0078991498037069129 7.5864947973561158e-05
decision_type=2 2 2 2 2 2 2 2 2 2
left_child=1 -1 3 -2 5 -5 -3 -7 9 -8
right_child=2 6 -4 4 -6 7 8 -9 -10 -11
leaf_value=0 0 0 0 0 0 0 0 -7.9029978650450145e-07 0 6.9810434005994251e-07
leaf_weight=7471 8810 348 2575 497 1052 233 34 8221 52 9816
leaf_count=7471 8810 348 2575 497 1052 233 34 8221 52 9816
internal_value=0 3.47041e-07 -3.00969e-07 -4.0829e-07 -6.54493e-07 -7.18985e-07 6.5794e-07 -7.63944e-07 6.88834e-07 6.95722e-07
internal_weight=0 17721 21388 18813 10003 8951 10250 8454 9902 9850
internal_count=39109 17721 21388 18813 10003 8951 10250 8454 9902 9850
is_linear=0
shrinkage=0.01


Tree=8
num_leaves=17
num_cat=0
split_feature=5 43 4 42 7 2 30 43 4 0 40 2 2 4 2 2
split_gain=1.6308e-05 1.36452e-05 2.89195e-05 1.41212e-05 1.05167e-05 2.36086e-05 7.69153e-06 8.61104e-06 6.76503e-06 4.75611e-06 1.95041e-06 5.69432e-09 1.38323e-06 2.09742e-06 2.70991e-07 1.20611e-08
threshold=147.18118141234348 0.99699008818610968 149.78888205919648 0.03933392857142775 0.078462010944340785 156.52621766921882 0.0018653012213929361 0.89406620579960105 147.46495180723034 76.663050518831639 -0.047490252805294765 148.24809044275733 157.27666553932281 152.33731791841205 152.29774353010149 147.29731155249263
decision_type=2 2 2 2 2 2 2 2 2 2 2 2 2 2 2 2
left_child=6 11 -3 -4 5 -5 -1 -8 9 10 -9 15 13 -13 -15 -2
right_child=1 2 3 4 -6 -7 7 8 -10 -11 -12 12 -14 14 -16 -17
leaf_value=0 0 0 0 -1.7247070295101702e-06 0 0 0 0 0 0 7.4792905705554272e-07 0 0 0 3.7717195918819393e-07 -2.0916571686488404e-08
leaf_weight=7574 86 4143 532 3401 364 797 2832 133 506 600 6386 4970 1048 63 2641 2788
leaf_count=7574 86 4143 532 3401 364 797 2832 133 506 600 6386 4970 1048 63 2641 2788
internal_value=0 -2.22982e-07 -5.09766e-07 -1.01927e-06 -1.21227e-06 -1.35924e-06 1.81649e-07 3.61176e-07 5.40211e-07 6.38433e-07 7.19769e-07 0 7.98222e-09 1.34525e-07 3.59058e-07 -2.18301e-09
internal_weight=0 20833 9237 5094 4562 4198 18031 10457 7625 7119 6519 11596 8722 7674 2704 2874
internal_count=38864 20833 9237 5094 4562 4198 18031 10457 7625 7119 6519 11596 8722 7674 2704 2874
is_linear=0
shrinkage=0.01


Tree=9
num_leaves=12
num_cat=0
split_feature=5 30 6 6 31 30 5 2 31 1 37
split_gain=3.47547e-05 1.62327e-05 6.8418e-06 8.63074e-06 7.07635e-06 2.4279e-06 2.20103e-06 2.08723e-06 1.24472e-06 1.1792e-06 7.20324e-07
threshold=147.18118141234348 0.001789059360993049 -0.0045917910707231604 0.062252253388805918 0.15872777358316012 0.00063413605777061391 147.10734272130625 147.29731155249263 -0.2306071421812049 141.72702002061291 -0.057914993519553148
decision_type=2 2 2 2 2 2 2 2 2 2 2
left_child=1 -1 -2 4 -4 -6 8 -7 -3 -10 -11
right_child=2 6 3 -5 5 7 -8 -9 9 10 -12
leaf_value=0 0 0 0 0 0 0 0 -6.9617383281958458e-07 0 0 6.5340379626463032e-07
leaf_weight=7163 9140 36 674 2180 400 59 274 8325 353 131 10083
leaf_count=7163 9140 36 674 2180 400 59 274 8325 353 131 10083
internal_value=0 3.44986e-07 -2.52851e-07 -4.15851e-07 -5.51402e-07 -6.38695e-07 5.88752e-07 -6.75539e-07 6.13469e-07 6.24024e-07 6.43746e-07
internal_weight=0 18040 20778 11638 9458 8784 10877 8384 10603 10567 10214
internal_count=38818 18040 20778 11638 9458 8784 10877 8384 10603 10567 10214
is_linear=0
shrinkage=0.01


Tree=10
num_leaves=18
num_cat=0
split_feature=5 9 34 26 30 4 2 9 26 42 30 30 8 24 34 5 5
split_gain=2.30952e-05 1.13259e-05 7.59562e-06 1.08055e-05 4.68954e-06 5.16137e-06 4.35065e-06 2.53833e-06 2.19969e-06 4.88636e-06 3.24038e-06 2.14215e-06 2.07526e-06 1.98922e-06 1.14215e-06 1.30302e-07 3.91379e-06
threshold=147.18118141234348 0.14200000000001015 0.00058021317124323942 0.00053528166315075119 0.0024871466830163492 147.09304556398243 156.52621766921882 0.019499999999993637 7.9363552508388439e-05 0.13332142857142912 0.0065692114076657468 0.00080881747947440785 0.088750000000000509 10.849066122200488 -0.00053611429497928793 146.70995210322914 142.44376574850895
decision_type=2 2 2 2 2 2 2 2 2 2 2 2 2 2 2 2 2
left_child=1 8 -2 6 -3 12 7 -4 15 10 13 -9 -6 -10 -14 16 -1
right_child=2 4 3 -5 5 -7 -8 11 9 -11 -12 -13 14 -15 -16 -17 -18
leaf_value=0 0 0 0 0 0 0 0 0 4.6916397255344006e-07 0 0 -6.3283754332101376e-07 0 0 1.8132067592997964e-06 0 -2.2661169649340087e-07
leaf_weight=1064 7742 342 274 1330 90 248 1251 164 5595 390 103 10046 26 209 1055 1083 7875
leaf_count=1064 7742 342 274 1330 90 248 1251 164 5595 390 103 10046 26 209 1055 1083 7875
internal_value=0 2.38617e-07 -2.48034e-07 -3.95111e-07 1.108e-06 1.36161e-06 -5.1564e-07 -5.8233e-07 0 1.869e-07 3.4635e-07 -6.10795e-07 1.63931e-06 4.21801e-07 1.76153e-06 0 -3.81793e-08
internal_weight=0 18080 20807 13065 1761 1419 11735 10484 16319 6297 5907 10210 1171 5804 1081 10022 8939
internal_count=38887 18080 20807 13065 1761 1419 11735 10484 16319 6297 5907 10210 1171 5804 1081 10022 8939
is_linear=0
shrinkage=0.01


Tree=11
num_leaves=18
num_cat=0
split_feature=4 7 6 30 5 7 30 31 5 2 3 30 5 7 7 7 7
split_gain=1.66601e-05 5.89654e-06 9.11394e-06 8.4924e-06 4.28967e-06 5.10448e-06 4.08442e-06 2.34507e-06 1.98935e-06 6.90311e-07 6.38105e-06 6.67236e-06 1.92233e-07 1.64732e-07 4.71051e-07 8.07256e-09 4.95887e-10
threshold=144.00080747701074 0.032030569382581607 -0.002793204907277413 0.00083886271573743536 143.0395027934135 0.15717099553059974 0.0010787723669585451 1.1588737767599799 143.7206101979821 150.64706743489663 144.23382500000005 0.0015317121244435093 143.84029885833732 -0.02103802343513959 -0.18072690928335775 0.024372060267649143 -0.019435637299018468
decision_type=2 2 2 2 2 2 2 2 2 2 2 2 2 2 2 2 2
left_child=4 2 13 -4 5 6 -1 8 -5 10 -3 -12 -13 14 -2 16 -15
right_child=1 9 3 7 -6 -7 -8 -9 -10 -11 11 12 -14 15 -16 -17 -18
leaf_value=0 0 0 0 0 0 0 9.1196887697287746e-07 0 -6.2190954546662392e-07 0 0 0 5.5754392951421238e-07 0 -8.0413931617359748e-08 0 1.3256072934855472e-08
leaf_weight=548 289 500 1196 70 2167 72 3342 158 7803 1882 1162 11.999999999999998 4483 355 9832 40 4876
leaf_count=548 289 500 1196 70 2167 72 3342 158 7803 1882 1162 12 4483 355 9832 40 4876
internal_value=0 -8.46992e-08 -1.82941e-07 -4.3367e-07 4.83316e-07 6.8529e-07 7.80725e-07 -5.67293e-07 -5.98385e-07 0 1.05885e-07 3.53553e-07 5.52946e-07 0 -4.03436e-08 0 1.24225e-08
internal_weight=0 32658 24619 9227 6129 3962 3890 8031 7873 8039 6157 5657 4495 15392 10121 5271 5231
internal_count=38787 32658 24619 9227 6129 3962 3890 8031 7873 8039 6157 5657 4495 15392 10121 5271 5231
is_linear=0
shrinkage=0.01


Tree=12
num_leaves=16
num_cat=0
split_feature=5 43 4 7 4 30 30 40 0 0 2 2 2 3 2
split_gain=2.04248e-05 2.15699e-05 3.46049e-05 1.22449e-05 1.94381e-05 1.57278e-05 7.26572e-06 6.58341e-06 5.5232e-06 4.31004e-06 3.31366e-06 3.85733e-08 1.77804e-06 1.24023e-06 4.37559e-08
threshold=147.15599353381916 0.99699008818610968 149.78888205919648 0.076566636655779383 157.17276103153031 0.0011073080390873076 0.0019130322023298014 -0.047490252805294765 81.105951538597751 23.313735498412075 147.43713568194781 148.91068124196138 157.27666553932281 152.30915000000002 152.29774353010149
decision_type=2 2 2 2 2 2 2 2 2 2 2 2 2 2 2
left_child=6 11 -3 4 5 -4 -1 -8 9 -9 -11 -2 13 -13 -15
right_child=1 2 3 -5 -6 -7 7 8 -10 10 -12 12 -14 14 -16
leaf_value=0 0 0 0 0 0 -1.8472467785734529e-06 0 0 0 6.3893163636142549e-07 0 0 0 0 3.4733415885681324e-07
leaf_weight=7783 4494 4194 399 385 878 3407 227 814 528 8511 59 3545 1036 9.9999999999999982 2570
leaf_count=7783 4494 4194 399 385 878 3407 227 814 528 8511 59 3545 1036 10 2570
internal_value=0 -2.46164e-07 -6.08028e-07 -1.16543e-06 -1.31579e-06 -1.62523e-06 2.07937e-07 3.84823e-07 4.66796e-07 5.37601e-07 6.05605e-07 0 2.32088e-08 1.72216e-07 3.44206e-07
internal_weight=0 20918 9263 5069 4684 3806 17922 10139 9912 9384 8570 11655 7161 6125 2580
internal_count=38840 20918 9263 5069 4684 3806 17922 10139 9912 9384 8570 11655 7161 6125 2580
is_linear=0
shrinkage=0.01


Tree=13
num_leaves=19
num_cat=0
split_feature=5 43 10 43 42 7 10 40 40 3 11 37 26 8 42 41 8 8
split_gain=2.73498e-05 2.12429e-05 2.06362e-05 1.47138e-05 1.19116e-05 1.39969e-05 4.62358e-06 3.38559e-06 2.7023e-06 4.56026e-06 1.21915e-06 2.72119e-07 8.14385e-06 2.96351e-06 8.86634e-07 4.77999e-08 7.65439e-07 2.06674e-08
threshold=147.18118141234348 0.98730489720718195 0.00081326316997875757 0.9031571147326064 0.045908928571430467 0.082810849514290949 0.00019655717521614184 0.042892448505560905 -0.065486094096106784 147.62922500000005 0.0024999999999977267 0.0091756483249392732 8.3070247752381073e-05 0.09807142857142892 0.03253035714285616 0.00037274724079894615 0.14082142857142901 0.053857142857143214
decision_type=2 2 2 2 2 2 2 2 2 2 2 2 2 2 2 2 2 2
left_child=2 -2 11 -4 -3 6 -6 -8 -5 10 -10 12 -1 14 -14 -13 17 -17
right_child=1 4 3 8 5 -7 7 -9 9 -11 -12 15 13 -15 -16 16 -18 -19
leaf_value=0 0 0 0 0 0 0 -1.0166367605442315e-06 0 0 0 1.4856440705962187e-06 0 0 0 6.1757368842314439e-07 0 0 -1.6395734008184348e-07
leaf_weight=7417 11136 2110 436 48 145 448 7026 54 10.999999999999998 12.999999999999998 2434 850 32 434 3216 15.999999999999998 140 3102
leaf_count=7417 11136 2110 436 48 145 448 7026 54 11 13 2434 850 32 434 3216 16 140 3102
internal_value=0 -2.88882e-07 2.33463e-07 1.01865e-06 -6.28956e-07 -8.12161e-07 -9.45638e-07 -9.88862e-07 1.34361e-06 1.39659e-06 1.46538e-06 0 4.95149e-08 4.78084e-07 5.91898e-07 0 -3.83029e-08 -1.61497e-07
internal_weight=0 20919 18149 2942 9783 7673 7225 7080 2506 2458 2445 15207 11099 3682 3248 4108 3258 3118
internal_count=39068 20919 18149 2942 9783 7673 7225 7080 2506 2458 2445 15207 11099 3682 3248 4108 3258 3118
is_linear=0
shrinkage=0.01


Tree=14
num_leaves=19
num_cat=0
split_feature=5 8 4 40 30 34 26 2 9 42 30 2 6 42 1 40 5 3
split_gain=1.81365e-05 6.35709e-06 1.70669e-05 8.22056e-06 9.19271e-06 6.19531e-06 1.08222e-05 5.67273e-06 4.56152e-06 3.56425e-06 3.27132e-06 2.34763e-06 2.27258e-06 2.16532e-06 2.0313e-06 8.50592e-07 1.46251e-06 6.03066e-07
threshold=147.18118141234348 0.14082142857142901 147.18193883458062 -0.065486094096106784 0.0024713543957134653 0.00058021317124323942 0.00039531790558943863 156.52621766921882 0.038499999999999097 0.07308928571428279 0.0010787723669585451 147.46504461079584 0.10424211866114776 0.076682142857143129 147.34266296582885 0.0041318995352125016 146.74243166349112 141.73725000000005
decision_type=2 2 2 2 2 2 2 2 2 2 2 2 2 2 2 2 2 2
left_child=1 9 3 -3 -5 -2 7 8 -7 10 -1 -10 14 -6 -12 -11 17 -17
right_child=5 2 -4 4 13 6 -8 -9 11 15 12 -13 -14 -15 -16 16 -18 -19
leaf_value=0 0 0 0 0 0 0 0 0 0 0 3.9240955980685139e-07 -7.3975851851175219e-07 0 2.2058988998405225e-06 0 0 0 -3.347683626278175e-07
leaf_weight=2189 7779 32 229 26 14.999999999999998 1889 2330 1186 341 4213 7234 7377 94 1035 60 134 314 2602
leaf_count=2189 7779 32 229 26 15 1889 2330 1186 341 4213 7234 7377 94 1035 60 134 314 2602
internal_value=0 2.01294e-07 1.01305e-06 1.6669e-06 1.90397e-06 -2.27006e-07 -3.59566e-07 -5.07413e-07 -5.90169e-07 0 1.92916e-07 -7.01888e-07 3.04173e-07 2.14249e-06 3.5337e-07 0 -1.66995e-07 -2.90758e-07
internal_weight=0 18177 1337 1108 1076 20902 13123 10793 9607 16840 9577 7718 7388 1050 7294 7263 3050 2736
internal_count=39079 18177 1337 1108 1076 20902 13123 10793 9607 16840 9577 7718 7388 1050 7294 7263 3050 2736
is_linear=0
shrinkage=0.01


end of trees

feature_importances:
bb_width=27
ema_slow=23
bb_lower=21
macd_signal=15
bb_upper=14
macd_strength=14
macd=10
ema_cross_pct=10
atr_ma=10
bb_middle=7
ema_fast=6
rsi=5
atr=5
range_pct=5
bb_position=5
price_bb_upper_dist=5
price_bb_lower_dist=5
macd_hist=5
atr_ratio=5
range=3
rsi_normalized=3
ema_cross=3
body=1
return_12=1
rsi_divergence=1
bb_position_normalized=1
atr_normalized=1

parameters:
[boosting: gbdt]
[objective: regression]
[metric: l2]
[tree_learner: serial]
[device_type: cpu]
[data: ]
[valid: ]
[num_iterations: 300]
[learning_rate: 0.01]
[num_leaves: 50]
[num_threads: 8]
[deterministic: 0]
[force_col_wise: 0]
[force_row_wise: 0]
[histogram_pool_size: -1]
[max_depth: 6]
[min_data_in_leaf: 10]
[min_sum_hessian_in_leaf: 0.001]
[bagging_fraction: 0.8]
[pos_bagging_fraction: 1]
[neg_bagging_fraction: 1]
[bagging_freq: 1]
[bagging_seed: 400]
[feature_fraction: 0.9]
[feature_fraction_bynode: 1]
[feature_fraction_seed: 30056]
[extra_trees: 0]
[extra_seed: 12879]
[early_stopping_round: 0]
[first_metric_only: 0]
[max_delta_step: 0]
[lambda_l1: 0.3]
[lambda_l2: 0.1]
[linear_lambda: 0]
[min_gain_to_split: 0]
[drop_rate: 0.1]
[max_drop: 50]
[skip_drop: 0.5]
[xgboost_dart_mode: 0]
[uniform_drop: 0]
[drop_seed: 17869]
[top_rate: 0.2]
[other_rate: 0.1]
[min_data_per_group: 100]
[max_cat_threshold: 32]
[cat_l2: 10]
[cat_smooth: 10]
[max_cat_to_onehot: 4]
[top_k: 20]
[monotone_constraints: ]
[monotone_constraints_method: basic]
[monotone_penalty: 0]
[feature_contri: ]
[forcedsplits_filename: ]
[refit_decay_rate: 0.9]
[cegb_tradeoff: 1]
[cegb_penalty_split: 0]
[cegb_penalty_feature_lazy: ]
[cegb_penalty_feature_coupled: ]
[path_smooth: 0]
[interaction_constraints: ]
[verbosity: 1]
[saved_feature_importance_type: 0]
[linear_tree: 0]
[max_bin: 255]
[max_bin_by_feature: ]
[min_data_in_bin: 3]
[bin_construct_sample_cnt: 200000]
[data_random_seed: 175]
[is_enable_sparse: 1]
[enable_bundle: 1]
[use_missing: 1]
[zero_as_missing: 0]
[feature_pre_filter: 1]
[pre_partition: 0]
[two_round: 0]
[header: 0]
[label_column: ]
[weight_column: ]
[group_column: ]
[ignore_column: ]
[categorical_feature: ]
[forcedbins_filename: ]
[precise_float_parser: 0]
[parser_config_file: ]
[objective_seed: 16083]
[num_class: 1]
[is_unbalance: 0]
[scale_pos_weight: 1]
[sigmoid: 1]
[boost_from_average: 1]
[reg_sqrt: 0]
[alpha: 0.9]
[fair_c: 1]
[poisson_max_delta_step: 0.7]
[tweedie_variance_power: 1.5]
[lambdarank_truncation_level: 30]
[lambdarank_norm: 1]
[label_gain: ]
[lambdarank_position_bias_regularization: 0]
[eval_at: ]
[multi_error_top_k: 1]
[auc_mu_weights: ]
[num_machines: 1]
[local_listen_port: 12400]
[time_out: 120]
[machine_list_filename: ]
[machines: ]
[gpu_platform_id: -1]
[gpu_device_id: -1]
[gpu_use_dp: 0]
[num_gpu: 1]

end of parameters

pandas_categorical:[]
