tree
version=v4
num_class=1
num_tree_per_iteration=1
label_index=0
max_feature_idx=44
objective=regression
feature_names=rsi ema_fast ema_slow bb_middle bb_upper bb_lower macd macd_signal atr range range_pct body body_pct upper_shadow lower_shadow is_bullish return_1 return_3 return_6 return_12 log_return rsi_normalized rsi_overbought rsi_oversold rsi_divergence ema_cross ema_cross_pct ema_cross_signal price_ema_fast_dist price_ema_slow_dist bb_width bb_position bb_position_normalized price_bb_upper_dist price_bb_lower_dist bb_breakout_upper bb_breakout_lower macd_hist macd_hist_change macd_cross_signal macd_strength atr_normalized atr_ma atr_ratio signal_convergence
feature_infos=[0:99.755467076367083] [140.01794868368825:158.46374932756453] [140.09390840731587:158.4287960737224] [0:158.45214999999999] [0:158.98423446083257] [0:158.37119522484221] [-0.57514457178655221:0.76835340664820251] [-0.5188763570912186:0.66684005555902648] [0:0.55142857142856927] [0:1.4489999999999839] [0:0.0098924731182794597] [0:1.2740000000000009] [0:0.0087871159085422691] [0:0.45400000000000773] [0:0.6290000000000191] [0:1] [-0.010440345742870893:0.0086544548876104077] [-0.010346048081897208:0.011121306408549358] [-0.012740376631571793:0.01214236927980572] [-0.015822511541399464:0.020290175029493485] [-0.010495228483220405:0.0086172197717689965] [-1:0.99510934152734165] [0:1] [0:1] [-56.904350987366826:51.361182180793548] [-0.57514457178655221:0.76835340664820251] [-0.003883435549732969:0.0051884219504909346] [0:1] [-0.0088498120556881627:0.0085436527782316064] [-0.0096167762950344661:0.012337377364785844] [0:0.031342652110744211] [-0.54651378490698344:1.552884196153675] [-2.0930275698139669:2.10576839230735] [-0.0045480417175792053:0.02223832595088774] [-0.0050724392954735378:0.027298010487932362] [0:1] [0:1] [-0.20097651515128728:0.19509250025932751] [-0.09700790187045677:0.083341641193037941] [0:1] [-0.19455333720912688:0.17538495785784011] [0:0.0037228501986805917] [0:0.42936785714285552] [0:3.4066658717779674] [0:3]
tree_sizes=1348 955 1339 1040 1406 1193 1105 1105 1094 939 1522 1265

Tree=0
num_leaves=12
num_cat=0
split_feature=4 30 6 6 32 40 37 6 40 30 30
split_gain=3.56734e-05 1.38494e-05 9.31455e-06 1.67877e-05 7.14043e-06 5.35628e-06 7.54219e-06 1.02148e-05 7.04855e-06 3.32178e-06 3.63407e-08
threshold=147.43516385639381 0.001789059360993049 0.079230109834583132 -0.0041364127321372726 -0.69095121589703179 -0.047490252805294765 0.0093569979964709341 -0.097171028652056166 0.014044750568542168 0.00063413605777061391 0.0027948700413494209
decision_type=2 2 2 2 2 2 2 2 2 2 2
left_child=1 -1 3 10 -5 -3 7 -7 -9 -6 -2
right_child=2 5 -4 4 9 6 -8 8 -10 -11 -12
leaf_value=-1.0741309011517566e-05 -1.0741309011517566e-05 -1.0741309011517566e-05 -1.0741309011517566e-05 -1.0741309011517566e-05 -1.0741309011517566e-05 -1.0741309011517566e-05 -1.0741309011517566e-05 -7.5033721357855547e-06 -1.0741309011517566e-05 -1.3028444349078367e-05 -1.0849400934532763e-05
leaf_weight=7414 6640 178 1576 625 377 746 3670 5392 243 9193 2799
leaf_count=7414 6640 178 1576 625 377 746 3670 5392 243 9193 2799
internal_value=-1.07413e-05 -9.7619e-06 -1.15873e-05 -1.18368e-05 -1.2689e-05 -9.04632e-06 -8.89646e-06 -8.20663e-06 -7.75694e-06 -1.29121e-05 -1.07413e-05
internal_weight=0 17643 21210 19634 10195 10229 10051 6381 5635 9570 9439
internal_count=38853 17643 21210 19634 10195 10229 10051 6381 5635 9570 9439
is_linear=0
shrinkage=1


Tree=1
num_leaves=10
num_cat=0
split_feature=5 30 30 26 40 2 4 2 19
split_gain=3.61938e-05 9.45209e-06 9.35435e-06 7.2424e-06 6.81268e-06 3.60303e-06 2.66053e-06 1.23906e-06 3.19304e-07
threshold=147.18118141234348 0.00094453379939385591 0.0010787723669585451 0.00054830487376490743 -0.047490252805294765 156.52621766921882 147.97382841961638 147.29731155249263 -0.0040861609787543598
decision_type=2 2 2 2 2 2 2 2 2
left_child=2 -2 -1 5 -4 7 8 -3 -6
right_child=1 3 4 -5 6 -7 -8 -9 -10
leaf_value=0 0 0 0 0 0 0 0 -1.5744115434261844e-06 1.4318102946437284e-06
leaf_weight=2328 2479 75 244 1252 55 1832 63 15169 15408
leaf_count=2328 2479 75 244 1252 55 1832 63 15169 15408
internal_value=0 -9.35721e-07 8.90633e-07 -1.20753e-06 1.20174e-06 -1.39526e-06 1.36447e-06 -1.54707e-06 1.42275e-06
internal_weight=0 20807 18098 18328 15770 17076 15526 15244 15463
internal_count=38905 20807 18098 18328 15770 17076 15526 15244 15463
is_linear=0
shrinkage=0.03


Tree=2
num_leaves=15
num_cat=0
split_feature=3 5 26 25 25 5 2 25 2 3 33 1 25 25
split_gain=2.79499e-05 7.62779e-06 6.29764e-06 7.86103e-06 5.46991e-06 4.42266e-06 2.23362e-06 2.1739e-06 2.0702e-06 1.33498e-06 1.13668e-06 9.01862e-07 1.5257e-08 1.75123e-07
threshold=143.26497500000002 147.18118141234348 0.00041200032946156262 -0.0041364127321372726 0.16545591684067065 143.0395027934135 145.26476865219431 -0.02546082841487873 147.31814019513899 147.30112500000001 0.0017065565485742417 145.3005066209237 -0.04140085963470596 -0.10051008484042255
decision_type=2 2 2 2 2 2 2 2 2 2 2 2 2 2
left_child=4 6 3 12 5 -1 -2 -8 -5 11 -10 -9 13 -3
right_child=1 2 -4 8 -6 -7 7 9 10 -11 -12 -13 -14 -15
leaf_value=2.938488007555622e-06 0 0 0 0 0 0 0 0 -1.6112895756345663e-06 0 0 1.2745220787168784e-06 0 -2.4046075611595766e-07
leaf_weight=3830 7957 978 2193 142 72 152 2231 50 9043 214 366 3681 5199 2963
leaf_count=3830 7957 978 2193 142 72 152 2231 50 9043 214 366 3681 5199 2963
internal_value=0 -1.67691e-07 -6.1308e-07 -8.50413e-07 2.44164e-06 2.70289e-06 0 5.70507e-07 -1.46833e-06 1.00272e-06 -1.54484e-06 1.17691e-06 0 -5.90251e-08
internal_weight=0 35017 20884 18691 4054 3982 14133 6176 9551 3945 9409 3731 9140 3941
internal_count=39071 35017 20884 18691 4054 3982 14133 6176 9551 3945 9409 3731 9140 3941
is_linear=0
shrinkage=0.03


Tree=3
num_leaves=11
num_cat=0
split_feature=2 30 30 26 21 21 21 2 19 26
split_gain=2.96822e-05 1.40225e-05 6.88137e-06 7.24368e-06 5.84771e-06 5.27885e-06 4.13575e-06 3.01116e-06 2.55201e-06 2.11527e-06
threshold=147.46504461079584 0.0018335285881615783 0.00094453379939385591 0.0005640821644777419 0.62211903077195474 -0.21114983771438983 -0.47972002523857865 156.52621766921882 -0.0040861609787543598 0.00040415780245608079
decision_type=2 2 2 2 2 2 2 2 2 2
left_child=1 -1 -2 5 6 -4 -3 9 -8 -7
right_child=2 4 3 -5 -6 7 8 -9 -10 -11
leaf_value=0 0 0 0 0 0 -1.9514984751602425e-06 0 0 2.0452710152610591e-06 0
leaf_weight=8248 2209 1298 5129 1190 516 9262 32 1280 8945 963
leaf_count=8248 2209 1298 5129 1190 516 9262 32 1280 8945 963
internal_value=0 8.42593e-07 -8.11628e-07 -1.043e-06 1.55631e-06 -1.24803e-06 1.74812e-06 -1.63245e-06 1.97797e-06 -1.80652e-06
internal_weight=0 19039 20033 17824 10791 16634 10275 11505 8977 10225
internal_count=39072 19039 20033 17824 10791 16634 10275 11505 8977 10225
is_linear=0
shrinkage=0.03


Tree=4
num_leaves=16
num_cat=0
split_feature=4 42 42 26 7 1 4 42 7 1 37 4 7 4 2
split_gain=2.61802e-05 1.19049e-05 8.18126e-06 1.08835e-05 9.02824e-06 8.35043e-06 6.40029e-06 3.51679e-06 3.04641e-06 3.67463e-06 2.80992e-06 1.66656e-06 4.49334e-06 5.0285e-06 7.84387e-07
threshold=149.78888205919648 0.089219642857140083 0.041269642857142137 0.00041200032946156262 -0.05522088756163409 157.37160406235228 144.00080747701074 0.036573214285715548 0.17108615808236291 143.60608135331958 -0.057914993519553148 145.1076687096996 -0.024937129424555515 147.43516385639381 147.29731155249263
decision_type=2 2 2 2 2 2 2 2 2 2 2 2 2 2 2
left_child=6 2 -2 4 -4 -6 7 -1 9 10 -9 -8 -13 14 -14
right_child=1 -3 3 -5 5 -7 11 8 -10 -11 -12 12 13 -15 -16
leaf_value=0 0 0 0 0 -3.3912354526180665e-06 0 0 0 0 0 2.4554281725064092e-06 0 1.5662926112270865e-06 0 0
leaf_weight=338 1238 2522 779 764 4956 935 4751 22 51 1128 4574 4874 4392 7457 148
leaf_count=338 1238 2522 779 764 4956 935 4751 22 51 1128 4574 4874 4392 7457 148
internal_value=0 -1.09761e-06 -1.6705e-06 -2.06051e-06 -2.49007e-06 -2.8982e-06 6.02731e-07 1.60948e-06 1.81386e-06 1.94894e-06 2.33454e-06 0 2.98166e-07 6.79777e-07 1.48923e-06
internal_weight=0 11194 8672 7434 6670 5891 27735 6113 5775 5724 4596 21622 16871 11997 4540
internal_count=38929 11194 8672 7434 6670 5891 27735 6113 5775 5724 4596 21622 16871 11997 4540
is_linear=0
shrinkage=0.03


Tree=5
num_leaves=13
num_cat=0
split_feature=5 30 37 30 26 4 4 4 37 19 26 4
split_gain=2.73514e-05 6.73502e-06 5.99625e-06 4.59885e-06 5.11238e-06 8.53159e-06 6.15087e-06 3.62501e-06 3.22475e-06 2.39835e-06 6.00988e-07 1.16739e-07
threshold=147.15599353381916 0.0010787723669585451 0.0084052655181387822 0.00094453379939385591 0.0004204682035027013 149.78888205919648 156.67330185768597 147.18193883458062 -0.057914993519553148 0.0018989748026436717 0.00041200032946156262 148.11142110709645
decision_type=2 2 2 2 2 2 2 2 2 2 2 2
left_child=1 -1 7 -2 5 11 10 8 -3 -10 -7 -5
right_child=3 2 -4 4 -6 6 -8 -9 9 -11 -12 -13
leaf_value=0 0 0 0 -1.7812707691000408e-07 0 -2.2383563284639911e-06 0 0 1.8450812169863194e-06 0 0 0
leaf_weight=2304 2447 90 5237 3311 2133 6927 1814 867 9454 59 33 4325
leaf_count=2304 2447 90 5237 3311 2133 6927 1814 867 9454 59 33 4325
internal_value=0 8.29869e-07 1.08425e-06 -7.6276e-07 -9.39034e-07 -1.12995e-06 -1.80638e-06 1.50965e-06 1.68063e-06 1.7766e-06 -2.21558e-06 0
internal_weight=0 18011 15707 20990 18543 16410 8774 10470 9603 9513 6960 7636
internal_count=39001 18011 15707 20990 18543 16410 8774 10470 9603 9513 6960 7636
is_linear=0
shrinkage=0.03


Tree=6
num_leaves=12
num_cat=0
split_feature=3 42 30 30 42 6 1 37 6 40 31
split_gain=1.82946e-05 1.61875e-05 1.42257e-05 8.5895e-06 6.36973e-06 8.11289e-06 5.63949e-06 7.6973e-06 3.54507e-06 2.87265e-06 1.42183e-06
threshold=149.65225000000004 0.089219642857140083 0.00094453379939385591 0.0018765878410199773 0.041269642857142137 0.063507391653601544 148.45014522759325 0.0093569979964709341 -0.091295026775739516 -0.047490252805294765 -0.2306071421812049
decision_type=2 2 2 2 2 2 2 2 2 2 2
left_child=3 2 -2 -1 -4 8 7 9 -6 -5 -11
right_child=1 -3 4 6 5 -7 -8 -9 -10 10 -12
leaf_value=0 0 0 0 0 0 0 0 0 -3.0283040045569818e-06 0 1.9489888465284019e-06
leaf_weight=13190 1206 2382 619 320 267 744 2034 4495 5821 47 7970
leaf_count=13190 1206 2382 619 320 267 744 2034 4495 5821 47 7970
internal_value=0 -9.41629e-07 -1.67734e-06 4.87836e-07 -2.23317e-06 -2.50558e-06 9.84448e-07 1.23219e-06 -2.87131e-06 1.77982e-06 1.90176e-06
internal_weight=0 11039 8657 28056 7451 6832 14866 12832 6088 8337 8017
internal_count=39095 11039 8657 28056 7451 6832 14866 12832 6088 8337 8017
is_linear=0
shrinkage=0.03


Tree=7
num_leaves=12
num_cat=0
split_feature=3 30 26 34 10 3 1 1 33 1 34
split_gain=2.89968e-05 1.87624e-05 8.09298e-06 8.32012e-06 4.76726e-06 3.63616e-06 3.56737e-06 2.78957e-06 1.70215e-06 8.60705e-07 4.53589e-07
threshold=147.45952500000001 0.001789059360993049 0.00039531790558943863 0.00058021317124323942 0.00016162650166837945 156.53712500000003 147.34266296582885 141.72702002061291 0.0078991498037069129 147.43425547310298 -0.00053611429497928793
decision_type=2 2 2 2 2 2 2 2 2 2 2
left_child=1 -1 3 -2 -5 9 7 -3 10 -6 -9
right_child=2 6 -4 4 5 -7 -8 8 -10 -11 -12
leaf_value=0 0 0 0 0 0 0 0 0 0 -2.057909655037611e-06 1.9040808284622445e-06
leaf_weight=8008 7313 352 2376 520 43 1098 379 61 66 8622 10271
leaf_count=8008 7313 352 2376 520 43 1098 379 61 66 8622 10271
internal_value=0 8.14352e-07 -8.19282e-07 -1.08434e-06 -1.65534e-06 -1.8236e-06 1.63022e-06 1.74642e-06 1.84246e-06 -2.03091e-06 1.88802e-06
internal_weight=0 19137 19972 17596 10283 9763 11129 10750 10398 8665 10332
internal_count=39109 19137 19972 17596 10283 9763 11129 10750 10398 8665 10332
is_linear=0
shrinkage=0.03


Tree=8
num_leaves=12
num_cat=0
split_feature=4 7 26 41 5 41 30 7 37 6 0
split_gain=1.14648e-05 5.34023e-06 8.64593e-06 7.01655e-06 4.57972e-06 7.27129e-06 4.24753e-06 5.95836e-06 3.35972e-06 2.91642e-06 1.61759e-06
threshold=144.00080747701074 0.05238531942246849 -2.4786684919212318e-05 0.00035964451199328203 143.0395027934135 0.00026689276756684935 0.00094453379939385591 0.032030569382581607 -0.057914993519553148 0.16545591684067065 85.2671990201125
decision_type=2 2 2 2 2 2 2 2 2 2 2
left_child=4 2 -2 -4 5 -1 -5 -8 -7 10 -10
right_child=1 -3 3 6 -6 8 7 -9 9 -11 -12
leaf_value=0 0 0 0 0 0 0 -2.5026226077439579e-06 0 2.6619969823765552e-06 0 0
leaf_weight=354 15191 4703 5369 223 2134 29 5028 2230 3483 80 40
leaf_count=354 15191 4703 5369 223 2134 29 5028 2230 3483 80 40
internal_value=0 -3.22477e-07 -5.41137e-07 -1.11559e-06 1.0628e-06 1.6638e-06 -1.72678e-06 -1.89738e-06 2.19992e-06 2.39119e-06 2.5676e-06
internal_weight=0 32744 28041 12850 6120 3986 7481 7258 3632 3603 3523
internal_count=38864 32744 28041 12850 6120 3986 7481 7258 3632 3603 3523
is_linear=0
shrinkage=0.03


Tree=9
num_leaves=10
num_cat=0
split_feature=5 6 6 19 13 3 31 1 4
split_gain=2.47929e-05 6.4298e-06 7.36063e-06 7.34904e-06 3.98934e-06 1.5134e-06 9.33399e-07 7.31767e-07 2.15606e-08
threshold=147.18118141234348 -0.0045917910707231604 0.093999050688154298 -0.00022486117350184462 0.0079999999999955679 147.32357500000003 1.1588737767599799 147.7696178578901 148.5236622068185
decision_type=2 2 2 2 2 2 2 2 2
left_child=4 -2 3 -3 -1 -5 -7 8 -6
right_child=1 2 -4 5 7 6 -8 -9 -10
leaf_value=0 0 0 0 0 1.2610677062390982e-06 -1.8758595610758212e-06 0 0 0
leaf_weight=6373 9140 2153 928 85 11624 8333 139 23 20
leaf_count=6373 9140 2153 928 85 11624 8333 139 23 20
internal_value=0 -6.24209e-07 -1.09218e-06 -1.38374e-06 8.87752e-07 -1.78028e-06 -1.83357e-06 1.23544e-06 1.25932e-06
internal_weight=0 20778 11638 10710 18040 8557 8472 11667 11644
internal_count=38818 20778 11638 10710 18040 8557 8472 11667 11644
is_linear=0
shrinkage=0.03


Tree=10
num_leaves=17
num_cat=0
split_feature=4 9 42 30 26 41 4 2 12 4 26 42 6 42 42 26
split_gain=1.41692e-05 1.32604e-05 1.09687e-05 1.1668e-05 1.07633e-05 1.01926e-05 1.09145e-05 4.23184e-06 1.39538e-06 1.43468e-06 8.43109e-07 2.94936e-06 1.20181e-06 1.32423e-06 1.24971e-07 4.11259e-07
threshold=149.78888205919648 0.14200000000001015 0.089219642857140083 0.00094453379939385591 0.0004204682035027013 0.00036780177735779365 157.42717260664148 147.43713568194781 4.1154944942471404e-05 148.00306968572559 8.3070247752381073e-05 0.13332142857142912 0.18184317425011901 0.032978571428570448 0.046812500000000673 -0.00020184947911958964
decision_type=2 2 2 2 2 2 2 2 2 2 2 2 2 2 2 2
left_child=1 10 3 -2 5 -5 -7 8 -3 -10 14 12 13 -12 -1 -16
right_child=2 7 -4 4 -6 6 -8 -9 9 -11 11 -13 -14 -15 15 -17
leaf_value=0 0 0 0 0 0 -4.109192299224992e-06 0 0 3.519082183778847e-06 0 0 0 0 7.8058831891331567e-07 0 -2.8486237739530992e-07
leaf_weight=3303 1189 24 2503 2632 748 3511 581 591 1680 29 243 475 69 9328 6000 5981
leaf_count=3303 1189 24 2503 2632 748 3511 581 591 1680 29 243 475 69 9328 6000 5981
internal_value=0 3.01414e-07 -9.5741e-07 -1.52358e-06 -2.02386e-06 -2.4479e-06 -3.47675e-06 2.49364e-06 3.24589e-06 3.37912e-06 0 2.73391e-07 5.94787e-07 6.85077e-07 -1.3425e-08 -9.80683e-08
internal_weight=0 27723 11164 8661 7472 6724 4092 2324 1733 1709 25399 10115 9640 9571 15284 11981
internal_count=38887 27723 11164 8661 7472 6724 4092 2324 1733 1709 25399 10115 9640 9571 15284 11981
is_linear=0
shrinkage=0.03


Tree=11
num_leaves=14
num_cat=0
split_feature=4 7 30 3 33 7 5 30 19 2 3 30 19
split_gain=1.12147e-05 4.85239e-06 5.834e-06 5.47931e-06 3.95473e-06 3.53258e-06 2.82242e-06 9.95679e-07 7.08428e-07 5.17933e-07 6.12007e-06 6.19644e-06 4.88763e-07
threshold=144.00080747701074 0.032030569382581607 0.00083886271573743536 156.53712500000003 0.00070553174437209968 0.17108615808236291 144.06206457524408 0.00097841579999355236 -0.0035794020619424045 150.64706743489663 144.23382500000005 0.0015317121244435093 0.0023919394201733506
decision_type=2 2 2 2 2 2 2 2 2 2 2 2 2
left_child=4 2 -2 6 -1 7 -4 -6 -9 10 -3 -12 -8
right_child=1 9 3 -5 5 -7 12 8 -10 -11 11 -13 -14
leaf_value=0 0 0 0 0 0 0 -9.8060147077240259e-07 0 2.2392412149938338e-06 0 0 1.6029884108153061e-06 0
leaf_weight=2551 2110 500 1133 1553 91 45 19608 44 3398 1882 1162 4495 215
leaf_count=2551 2110 500 1133 1553 91 45 19608 44 3398 1882 1162 4495 215
internal_value=0 -2.0148e-07 -4.80871e-07 -6.97264e-07 1.196e-06 1.85603e-06 -8.70358e-07 2.09489e-06 2.18286e-06 0 2.75146e-07 1.02763e-06 -9.63826e-07
internal_weight=0 32658 24619 22509 6129 3578 20956 3533 3442 8039 6157 5657 19823
internal_count=38787 32658 24619 22509 6129 3578 20956 3533 3442 8039 6157 5657 19823
is_linear=0
shrinkage=0.03


end of trees

feature_importances:
bb_width=17
bb_upper=16
ema_cross_pct=12
ema_slow=9
macd=9
atr_ma=9
ema_fast=8
bb_middle=8
bb_lower=7
macd_signal=7
return_12=6
macd_hist=6
ema_cross=5
macd_strength=4
rsi_normalized=3
price_bb_upper_dist=3
atr_normalized=3
bb_position=2
price_bb_lower_dist=2
rsi=1
range=1
range_pct=1
body_pct=1
upper_shadow=1
bb_position_normalized=1

parameters:
[boosting: gbdt]
[objective: regression]
[metric: l2]
[tree_learner: serial]
[device_type: cpu]
[data: ]
[valid: ]
[num_iterations: 500]
[learning_rate: 0.03]
[num_leaves: 31]
[num_threads: 8]
[deterministic: 0]
[force_col_wise: 0]
[force_row_wise: 0]
[histogram_pool_size: -1]
[max_depth: 6]
[min_data_in_leaf: 20]
[min_sum_hessian_in_leaf: 0.001]
[bagging_fraction: 0.8]
[pos_bagging_fraction: 1]
[neg_bagging_fraction: 1]
[bagging_freq: 1]
[bagging_seed: 400]
[feature_fraction: 0.7]
[feature_fraction_bynode: 1]
[feature_fraction_seed: 30056]
[extra_trees: 0]
[extra_seed: 12879]
[early_stopping_round: 0]
[first_metric_only: 0]
[max_delta_step: 0]
[lambda_l1: 0.3]
[lambda_l2: 0.3]
[linear_lambda: 0]
[min_gain_to_split: 0]
[drop_rate: 0.1]
[max_drop: 50]
[skip_drop: 0.5]
[xgboost_dart_mode: 0]
[uniform_drop: 0]
[drop_seed: 17869]
[top_rate: 0.2]
[other_rate: 0.1]
[min_data_per_group: 100]
[max_cat_threshold: 32]
[cat_l2: 10]
[cat_smooth: 10]
[max_cat_to_onehot: 4]
[top_k: 20]
[monotone_constraints: ]
[monotone_constraints_method: basic]
[monotone_penalty: 0]
[feature_contri: ]
[forcedsplits_filename: ]
[refit_decay_rate: 0.9]
[cegb_tradeoff: 1]
[cegb_penalty_split: 0]
[cegb_penalty_feature_lazy: ]
[cegb_penalty_feature_coupled: ]
[path_smooth: 0]
[interaction_constraints: ]
[verbosity: 1]
[saved_feature_importance_type: 0]
[linear_tree: 0]
[max_bin: 255]
[max_bin_by_feature: ]
[min_data_in_bin: 3]
[bin_construct_sample_cnt: 200000]
[data_random_seed: 175]
[is_enable_sparse: 1]
[enable_bundle: 1]
[use_missing: 1]
[zero_as_missing: 0]
[feature_pre_filter: 1]
[pre_partition: 0]
[two_round: 0]
[header: 0]
[label_column: ]
[weight_column: ]
[group_column: ]
[ignore_column: ]
[categorical_feature: ]
[forcedbins_filename: ]
[precise_float_parser: 0]
[parser_config_file: ]
[objective_seed: 16083]
[num_class: 1]
[is_unbalance: 0]
[scale_pos_weight: 1]
[sigmoid: 1]
[boost_from_average: 1]
[reg_sqrt: 0]
[alpha: 0.9]
[fair_c: 1]
[poisson_max_delta_step: 0.7]
[tweedie_variance_power: 1.5]
[lambdarank_truncation_level: 30]
[lambdarank_norm: 1]
[label_gain: ]
[lambdarank_position_bias_regularization: 0]
[eval_at: ]
[multi_error_top_k: 1]
[auc_mu_weights: ]
[num_machines: 1]
[local_listen_port: 12400]
[time_out: 120]
[machine_list_filename: ]
[machines: ]
[gpu_platform_id: -1]
[gpu_device_id: -1]
[gpu_use_dp: 0]
[num_gpu: 1]

end of parameters

pandas_categorical:[]
