tree
version=v4
num_class=1
num_tree_per_iteration=1
label_index=0
max_feature_idx=44
objective=regression
feature_names=rsi ema_fast ema_slow bb_middle bb_upper bb_lower macd macd_signal atr range range_pct body body_pct upper_shadow lower_shadow is_bullish return_1 return_3 return_6 return_12 log_return rsi_normalized rsi_overbought rsi_oversold rsi_divergence ema_cross ema_cross_pct ema_cross_signal price_ema_fast_dist price_ema_slow_dist bb_width bb_position bb_position_normalized price_bb_upper_dist price_bb_lower_dist bb_breakout_upper bb_breakout_lower macd_hist macd_hist_change macd_cross_signal macd_strength atr_normalized atr_ma atr_ratio signal_convergence
feature_infos=[0:99.755467076367083] [140.01794868368825:158.46374932756453] [140.09390840731587:158.4287960737224] [0:158.45214999999999] [0:158.98423446083257] [0:158.37119522484221] [-0.57514457178655221:0.76835340664820251] [-0.5188763570912186:0.66684005555902648] [0:0.55142857142856927] [0:1.4489999999999839] [0:0.0098924731182794597] [0:1.2740000000000009] [0:0.0087871159085422691] [0:0.45400000000000773] [0:0.6290000000000191] [0:1] [-0.010440345742870893:0.0086544548876104077] [-0.010346048081897208:0.011121306408549358] [-0.012740376631571793:0.01214236927980572] [-0.015822511541399464:0.020290175029493485] [-0.010495228483220405:0.0086172197717689965] [-1:0.99510934152734165] [0:1] [0:1] [-56.904350987366826:51.361182180793548] [-0.57514457178655221:0.76835340664820251] [-0.003883435549732969:0.0051884219504909346] [0:1] [-0.0088498120556881627:0.0085436527782316064] [-0.0096167762950344661:0.012337377364785844] [0:0.031342652110744211] [-0.54651378490698344:1.552884196153675] [-2.0930275698139669:2.10576839230735] [-0.0045480417175792053:0.02223832595088774] [-0.0050724392954735378:0.027298010487932362] [0:1] [0:1] [-0.20097651515128728:0.19509250025932751] [-0.09700790187045677:0.083341641193037941] [0:1] [-0.19455333720912688:0.17538495785784011] [0:0.0037228501986805917] [0:0.42936785714285552] [0:3.4066658717779674] [0:3]
tree_sizes=2686 2151 1676 1987 1661 2272 1598 1672 1514 1771 1603 1435 1982 1761 2231 2235 1915 1672 1832 1679

Tree=0
num_leaves=26
num_cat=0
split_feature=1 42 24 38 8 8 6 30 6 42 40 30 38 5 32 5 6 42 34 26 0 18 8 5 8
split_gain=5.4979e-06 3.9564e-06 7.40571e-06 4.05295e-06 3.38067e-06 3.06571e-06 2.18084e-06 2.26361e-06 5.84836e-06 1.33952e-06 2.85038e-06 3.63145e-06 1.06129e-06 8.3371e-07 4.37046e-06 1.89293e-06 6.60948e-07 1.22227e-06 1.1185e-06 8.18101e-07 5.94959e-07 4.86371e-07 5.62844e-07 7.11407e-08 1.0068e-06
threshold=147.34266296582885 0.17553571428571407 4.5865497974828893 0.010780074221206885 0.087071428571427148 0.1568214285714303 0.079230109834583132 0.0031767048578327096 -0.10051008484042255 0.11170892857142857 0.003856627527866125 0.0010787723669585451 0.0091163884010404279 142.98372559941518 0.6068805389041203 146.83952471629127 -0.011776694511638651 0.074299999999998798 0.0001573127194550065 -0.00040183428994459335 76.663050518831639 0.00049897758288630645 0.051857142857141783 146.45562581031146 0.10542857142856833
decision_type=2 2 2 2 2 2 2 2 2 2 2 2 2 2 2 2 2 2 2 2 2 2 2 2 2
left_child=1 9 3 5 16 -3 7 -6 -9 10 11 -1 -13 -11 15 -15 19 18 -18 -2 -20 22 -21 24 -12
right_child=4 2 -4 -5 6 -7 -8 8 -10 13 23 12 -14 14 -16 -17 17 -19 20 21 -22 -23 -24 -25 -26
leaf_value=-3.560517832504915e-06 -3.560517832504915e-06 -3.560517832504915e-06 -3.560517832504915e-06 -3.560517832504915e-06 -3.560517832504915e-06 5.1479923129123465e-06 -3.560517832504915e-06 -3.560517832504915e-06 -7.2304823046256167e-06 -3.560517832504915e-06 -4.0495078994568031e-06 -2.4507448091890882e-06 -3.560517832504915e-06 -6.1435967113702156e-06 -3.560517832504915e-06 -3.560517832504915e-06 -3.560517832504915e-06 -3.560517832504915e-06 -4.2687589992976979e-06 -3.560517832504915e-06 -3.560517832504915e-06 -3.560517832504915e-06 -2.5828875607736808e-06 -3.560517832504915e-06 -3.560517832504915e-06
leaf_weight=1488 920 49 101 30 2056 254 621 622 1060 471 4057 6751 216 957 230 61 648 1765 6194 1276 709 420 1894 782 406
leaf_count=1488 920 49 101 30 2056 254 621 622 1060 471 4057 6751 216 957 230 61 648 1765 6194 1276 709 420 1894 782 406
internal_value=-3.56052e-06 -3.12744e-06 2.21996e-07 2.65562e-06 -3.89004e-06 3.82115e-06 -4.63333e-06 -4.92696e-06 -5.8757e-06 -3.41635e-06 -3.22677e-06 -2.8649e-06 -2.53274e-06 -3.56052e-06 -4.33582e-06 -5.70518e-06 -3.56052e-06 -3.78391e-06 -4.01576e-06 -3.3908e-06 -4.17086e-06 -3.06933e-06 -2.91919e-06 -3.56052e-06 -3.68029e-06
internal_weight=0 15853 434 333 18185 303 4359 3738 1682 15419 13700 8455 6967 1719 1248 1018 13826 9316 7551 4510 6903 3590 3170 5245 4463
internal_count=34038 15853 434 333 18185 303 4359 3738 1682 15419 13700 8455 6967 1719 1248 1018 13826 9316 7551 4510 6903 3590 3170 5245 4463
is_linear=0
shrinkage=1


Tree=1
num_leaves=25
num_cat=0
split_feature=5 8 4 4 8 25 5 9 4 40 30 8 40 0 21 26 31 19 31 4 41 25 25 21
split_gain=4.05899e-06 7.55754e-06 3.86755e-06 3.134e-06 2.4589e-06 2.50769e-06 2.36861e-06 2.33925e-06 1.39129e-06 7.03861e-07 1.25491e-06 1.95092e-06 1.02268e-06 6.84182e-07 5.86074e-07 7.67537e-07 7.95642e-07 5.63369e-07 4.74541e-07 7.93645e-07 9.37956e-07 4.13204e-07 3.96878e-07 3.54851e-07
threshold=147.18118141234348 0.16607142857142779 148.48702021240243 144.75447105594711 0.094928571428573014 0.079230109834583132 156.26753470617851 0.096499999999991828 149.7371463018209 0.014310321597175222 0.0015419279133737976 0.11100000000000321 0.011397962390199193 17.034379955513682 0.012116119443213337 -0.00037752903281396014 0.38200382005058497 0.0015994635810143711 0.89591664313499886 147.13483258741107 0.00079052207589235164 -0.027339496606145982 0.097543713747484176 -0.59332238145634364
decision_type=2 2 2 2 2 2 2 2 2 2 2 2 2 2 2 2 2 2 2 2 2 2 2 2
left_child=1 9 3 -3 14 6 8 -5 -6 10 -1 12 -12 -10 15 -2 23 21 19 20 -11 -16 -23 -17
right_child=4 2 -4 7 5 -7 -8 -9 13 18 11 -13 -14 -15 17 16 -18 -19 -20 -21 -22 22 -24 -25
leaf_value=0 0 0 0 0 0 0 0 6.7022700783060612e-06 0 -1.2662660269648146e-06 8.4262737893391744e-07 0 0 -2.7378600227121278e-06 0 0 0 0 0 0 0 -5.1943975027787132e-07 0 6.550783747515142e-07
leaf_weight=4568 1217 239 38 30 1116 432 231 393 67 1238 6304 1169 502 1284 374 212 1903 632 804 272 329 6371 241 4126
leaf_count=4568 1217 239 38 30 1116 432 231 393 67 1238 6304 1169 502 1284 374 212 1903 632 804 272 329 6371 241 4126
internal_value=0 3.96359e-07 3.63643e-06 4.38611e-06 -2.52128e-07 -1.03764e-06 -1.44412e-06 6.06327e-06 -1.77334e-06 4.93922e-08 2.31207e-07 4.75068e-07 7.22789e-07 -2.58235e-06 0 7.72284e-08 3.4323e-07 -2.51789e-07 0 -4.81872e-07 -8.53368e-07 -3.76441e-07 -4.53833e-07 5.78396e-07
internal_weight=0 15886 700 662 18206 3130 2698 423 2467 15186 12543 7975 6806 1351 15076 7458 6241 7618 2643 1839 1567 6986 6612 4338
internal_count=34092 15886 700 662 18206 3130 2698 423 2467 15186 12543 7975 6806 1351 15076 7458 6241 7618 2643 1839 1567 6986 6612 4338
is_linear=0
shrinkage=0.03


Tree=2
num_leaves=19
num_cat=0
split_feature=1 0 26 24 34 38 29 0 34 25 33 33 37 37 0 0 29 19
split_gain=3.19678e-06 1.8485e-06 1.10401e-06 1.09488e-06 1.11944e-06 1.22868e-06 7.72192e-07 6.47722e-07 7.33688e-07 3.71583e-07 4.08437e-07 4.63058e-07 4.25204e-07 3.53682e-07 3.36e-07 4.83362e-07 2.17139e-07 1.46801e-07
threshold=147.34266296582885 45.553919523405916 0.0005100288918461071 5.0387176712671691 0.00038451739552000842 0.0091163884010404279 -0.0009326644651101464 83.978582930062274 0.00059991072860247029 -0.058106438986115443 0.0031721329695117264 0.0010727800113399606 0.0022968252627712624 0.0053905728754451475 11.96995353866833 53.034700624623056 -0.00036884072664758173 -0.00023645840947134064
decision_type=2 2 2 2 2 2 2 2 2 2 2 2 2 2 2 2 2 2
left_child=3 9 6 4 -1 14 -3 8 -8 13 11 -11 -13 16 -6 -16 17 -2
right_child=1 2 -4 -5 5 -7 7 -9 -10 10 -12 12 -14 -15 15 -17 -18 -19
leaf_value=0 -6.4429904954496857e-07 0 0 0 0 0 0 0 -8.86685558607262e-07 0 0 6.9731841466422372e-07 0 0 1.1579928958134565e-06 0 0 0
leaf_weight=3448 1692 86 1374 3331 40 238 1954 203 7501 1941 117 2971 131 304 4035 4819 37 30
leaf_count=3448 1692 86 1374 3331 40 238 1954 203 7501 1941 117 2971 131 304 4035 4819 37 30
internal_value=0 -2.66445e-07 -5.16474e-07 3.14621e-07 4.51136e-07 6.25051e-07 -6.37437e-07 -6.9419e-07 -7.44244e-07 0 2.32011e-07 3.57723e-07 5.8512e-07 -1.65698e-07 7.24894e-07 7.49665e-07 -4.61663e-07 -5.75481e-07
internal_weight=0 18341 11118 15911 12580 9132 9744 9658 9455 7223 5160 5043 3102 2063 8894 8854 1759 1722
internal_count=34252 18341 11118 15911 12580 9132 9744 9658 9455 7223 5160 5043 3102 2063 8894 8854 1759 1722
is_linear=0
shrinkage=0.03


Tree=3
num_leaves=23
num_cat=0
split_feature=1 10 34 43 21 7 19 43 21 38 34 10 30 19 38 6 4 4 29 19 34 43
split_gain=3.81489e-06 3.97472e-06 3.23677e-06 5.86176e-06 2.72032e-06 1.91316e-06 1.5478e-06 9.76447e-07 1.13115e-06 5.25993e-07 4.54029e-07 3.17075e-07 7.71953e-07 1.53372e-06 7.86703e-07 9.90454e-08 2.98142e-07 4.46285e-07 7.16539e-07 2.52241e-08 1.48211e-07 1.20871e-07
threshold=147.34266296582885 0.00082146706561526007 0.00058016856680538317 1.0096022598354153 -0.47957688721422564 0.082810849514290949 -0.002622066422731439 0.86775119241592369 -0.49593519840464434 0.01430946960373527 0.0052033370583406645 0.00055758819046815115 0.0010787723669585451 0.0011221658058360175 0.0080046496593053351 -0.077644460819797687 156.46286056008435 148.11066017573083 1.2627950277010636e-05 0.002278962279641306 0.00013346093938205401 1.6057678742814805
decision_type=2 2 2 2 2 2 2 2 2 2 2 2 2 2 2 2 2 2 2 2 2 2
left_child=1 11 15 -4 -5 10 -3 -8 -9 -10 -6 12 -1 14 -14 -2 17 -17 -19 20 -13 -22
right_child=2 6 3 4 5 -7 7 8 9 -11 -12 19 13 -15 -16 16 -18 18 -20 -21 21 -23
leaf_value=0 0 0 0 0 -1.8002652012690751e-06 0 0 0 2.356660686751608e-06 0 0 0 6.5986039412731671e-07 0 0 0 0 6.531325805203431e-07 0 0 -3.1946758031733406e-07 0
leaf_weight=1986 618 279 6709 219 4288 368 227 71 1736 113 53 321 7047 1155 91 1402 870 3291 534 186 2595 47
leaf_count=1986 618 279 6709 219 4288 368 227 71 1736 113 53 321 7047 1155 91 1402 870 3291 534 186 2595 47
internal_value=0 3.81101e-07 -2.48222e-07 -5.89483e-07 -1.37514e-06 -1.58077e-06 1.55673e-06 1.84038e-06 2.06035e-06 2.22677e-06 -1.76274e-06 0 1.66617e-07 3.43777e-07 5.75045e-07 0 1.20912e-07 2.61505e-07 4.45475e-07 0 -8.75269e-08 -2.43052e-07
internal_weight=0 15854 18352 11637 4928 4709 2426 2147 1920 1849 4341 13428 10279 8293 7138 6715 6097 5227 3825 3149 2963 2642
internal_count=34206 15854 18352 11637 4928 4709 2426 2147 1920 1849 4341 13428 10279 8293 7138 6715 6097 5227 3825 3149 2963 2642
is_linear=0
shrinkage=0.03


Tree=4
num_leaves=19
num_cat=0
split_feature=2 43 42 9 43 34 11 2 7 9 4 33 12 0 33 33 12 43
split_gain=3.40249e-06 7.76236e-06 3.51731e-06 2.88583e-06 1.24938e-06 1.52886e-06 1.5111e-06 1.23721e-06 2.98101e-06 8.43527e-07 1.18119e-06 8.66631e-07 8.31208e-07 6.4982e-07 6.13906e-07 5.92119e-07 4.20584e-07 3.14733e-07
threshold=149.68429442271727 1.0054654831629164 0.05033035714285599 0.11800000000000922 0.70293857843049012 -0.00028556494624458923 0.18300000000000696 156.43632686784306 0.078462010944340785 0.076000000000007631 143.52543171404025 0.00066209324459494086 3.4806822273734737e-05 78.896701684464702 0.0026576019616617805 0.00024626518996986841 2.0330437376506828e-05 0.68807802728221523
decision_type=2 2 2 2 2 2 2 2 2 2 2 2 2 2 2 2 2 2
left_child=3 -2 -3 9 -5 -6 12 8 13 11 -11 -1 -7 -4 17 -12 -17 -13
right_child=1 2 7 4 5 6 -8 -9 -10 10 15 14 -14 -15 -16 16 -18 -19
leaf_value=0 0 0 -2.6783479546816946e-06 0 0 0 0 0 0 0 0 0 1.678560637412653e-06 0 0 0 -7.6803007273052317e-07 5.4107082645603327e-07
leaf_weight=7537 5302 1059 2308 47 209 46 235 564 233 947 616 320 2925 39 635 97 3821 7157
leaf_count=7537 5302 1059 2308 47 209 46 235 564 233 947 616 320 2925 39 635 97 3821 7157
internal_value=0 -4.61648e-07 -1.46424e-06 2.05297e-07 1.02446e-06 1.18034e-06 1.38317e-06 -1.96796e-06 -2.26957e-06 0 -2.25839e-07 1.75064e-07 1.58814e-06 -2.60868e-06 3.9404e-07 -5.44157e-07 -6.91855e-07 4.92287e-07
internal_weight=0 9505 4203 24592 3462 3415 3206 3144 2580 21130 5481 15649 2971 2347 8112 4534 3918 7477
internal_count=34097 9505 4203 24592 3462 3415 3206 3144 2580 21130 5481 15649 2971 2347 8112 4534 3918 7477
is_linear=0
shrinkage=0.03


Tree=5
num_leaves=26
num_cat=0
split_feature=5 43 30 9 9 34 41 38 41 4 6 31 6 6 5 5 16 19 10 40 9 40 40 40 16
split_gain=3.23913e-06 5.09735e-06 6.12523e-06 3.9519e-06 2.49241e-06 3.02059e-06 2.35366e-06 1.86461e-06 3.47543e-06 2.16977e-06 1.40324e-06 8.87462e-07 5.10722e-07 3.55698e-07 3.34561e-07 6.72838e-07 8.36757e-07 1.58713e-07 1.02581e-07 4.12161e-07 2.02576e-07 4.94385e-07 1.03076e-07 2.95634e-07 2.38218e-08
threshold=147.65723114616756 1.0075218826192158 0.0022642932794167928 0.074500000000000469 0.11800000000000922 0.0015827956688489206 0.00060107597116599253 0.01430946960373527 0.00070230478862209347 148.44727724644466 0.10088224928138347 0.48419295062946516 1.0000000180025095e-35 0.060949740706632845 148.05283189446064 156.94423002335617 2.7734731220085965e-05 0.00018369163342868425 0.00055391248606942878 0.014044750568542168 0.038499999999999097 -0.017661392583688425 -0.0059691490988317197 0.032290941542491208 -0.00051395629721617808
decision_type=2 2 2 2 2 2 2 2 2 2 2 2 2 2 2 2 2 2 2 2 2 2 2 2 2
left_child=4 14 11 -4 18 -6 -5 8 -7 -10 -8 17 -13 -14 24 16 -16 -3 19 20 -1 -22 -20 -24 -2
right_child=1 2 3 6 5 7 10 -9 9 -11 -12 12 13 -15 15 -17 -18 -19 22 -21 21 -23 23 -25 -26
leaf_value=0 0 3.6648833704426022e-07 0 0 0 0 -3.9185641554396844e-06 0 3.778585063590912e-06 0 0 0 -1.0922028086883448e-06 0 6.4362139799265758e-07 0 0 0 0 0 0 4.1472903554774926e-07 -4.1304648631957788e-07 0 -3.7469686200407887e-07
leaf_weight=3481 40 1782 935 550 1399 268 1243 167 881 30 118 470 1242 96 3776 1015 3082 90 1338 1750 909 6340 2103 212 832
leaf_count=3481 40 1782 935 550 1399 268 1243 167 881 30 118 470 1242 96 3776 1015 3082 90 1338 1750 909 6340 2103 212 832
internal_value=0 -3.66637e-07 -1.00871e-06 -2.06635e-06 2.13735e-07 1.0636e-06 -2.86696e-06 2.07991e-06 2.52223e-06 3.41538e-06 -3.6189e-06 0 -6.23141e-07 -9.31736e-07 0 1.61633e-07 3.43928e-07 2.2708e-07 0 8.60087e-08 2.07783e-07 2.98421e-07 0 -2.00168e-07 -3.30729e-07
internal_weight=0 15271 6526 2846 18878 2745 1911 1346 1179 911 1361 3680 1808 1338 8745 7873 6858 1872 16133 12480 10730 7249 3653 2315 872
internal_count=34149 15271 6526 2846 18878 2745 1911 1346 1179 911 1361 3680 1808 1338 8745 7873 6858 1872 16133 12480 10730 7249 3653 2315 872
is_linear=0
shrinkage=0.03


Tree=6
num_leaves=18
num_cat=0
split_feature=3 21 13 21 33 33 6 21 6 12 41 42 16 42 42 42 21
split_gain=2.70955e-06 1.81403e-06 1.36861e-06 1.33379e-06 1.37371e-06 1.41987e-06 1.30381e-06 1.0578e-06 9.97396e-07 5.25662e-07 2.4081e-07 5.07997e-08 5.94934e-07 1.02159e-06 1.37767e-06 2.38391e-07 1.71264e-07
threshold=149.65160000000006 0.022062684482780245 0.033000000000001257 -0.49593519840464434 0.0011926860778047883 0.0047068101832815337 0.079230109834583132 0.6574953966795104 -0.0023593879325005669 6.8371393459490505e-06 0.00016816032094163364 0.064696428571428613 -0.0005282162975723258 0.11071964285714052 0.20630892857142732 0.036573214285715548 -0.43274522373697177
decision_type=2 2 2 2 2 2 2 2 2 2 2 2 2 2 2 2 2
left_child=2 -2 11 -4 -5 9 7 8 -3 -6 -10 15 -13 -14 -15 -1 -17
right_child=1 6 3 4 5 -7 -8 -9 10 -11 -12 12 13 14 -16 16 -18
leaf_value=0 0 0 0 0 0 0 0 0 0 1.9466993886444513e-06 -1.5641261522243983e-06 0 0 -1.3181038505168734e-06 0 0 2.3143813337874238e-07
leaf_weight=1603 5063 877 342 1919 38 98 694 142 58 1537 2822 974 7661 1551 80 906 7728
leaf_count=1603 5063 877 342 1919 38 98 694 142 58 1537 2822 974 7661 1551 80 906 7728
internal_value=0 -4.58759e-07 1.28947e-07 6.45257e-07 8.88909e-07 1.56051e-06 -8.9324e-07 -1.11392e-06 -1.24141e-06 1.84334e-06 -1.5238e-06 0 -6.6477e-09 -2.40147e-07 -9.44525e-07 6.64957e-08 1.73469e-07
internal_weight=0 9656 24437 3934 3592 1673 4593 3899 3757 1575 2880 20503 10266 9292 1631 10237 8634
internal_count=34093 9656 24437 3934 3592 1673 4593 3899 3757 1575 2880 20503 10266 9292 1631 10237 8634
is_linear=0
shrinkage=0.03


Tree=7
num_leaves=19
num_cat=0
split_feature=1 30 26 21 24 30 24 38 0 26 32 26 0 17 37 0 37 26
split_gain=1.57643e-06 2.34668e-06 6.22838e-06 1.39374e-06 1.2844e-06 1.36232e-06 9.69706e-07 1.11289e-06 9.54111e-07 8.8733e-07 8.07791e-07 7.72421e-07 6.84867e-07 6.27481e-07 4.8873e-07 3.77818e-07 3.29833e-07 2.19485e-07
threshold=147.34266296582885 0.0031490531209134301 0.0005100288918461071 0.0084527215748327247 4.3183791667270777 0.0010787723669585451 -13.739102420634323 0.010780074221206885 9.1954970925569004 -0.00040183428994459335 -1.1575346397804429 -2.4956822991007726e-05 83.978582930062274 0.00065651919555642657 0.021755968069899306 82.87476983397552 0.015349437802431259 -0.00078377571383527096
decision_type=2 2 2 2 2 2 2 2 2 2 2 2 2 2 2 2 2 2
left_child=4 3 8 9 5 -1 -7 10 -3 -2 -8 -5 17 16 15 -13 -11 -10
right_child=1 2 -4 11 -6 6 7 -9 12 13 -12 14 -14 -15 -16 -17 -18 -19
leaf_value=0 0 0 0 0 0 0 0 0 0 5.720015059922335e-07 7.5234044385017358e-07 -6.5089247807502617e-07 0 0 0 0 0 -2.5192198241865703e-06
leaf_weight=1573 891 64 937 1446 3772 302 294 123 545 6255 9789 5530 38 195 463 164 70 1615
leaf_count=1573 891 64 937 1446 3772 302 294 123 545 6255 9789 5530 38 195 463 164 70 1615
internal_value=0 -2.1746e-07 -9.64032e-07 0 1.87527e-07 3.766e-07 5.28901e-07 6.11165e-07 -1.94733e-06 2.28354e-07 6.9095e-07 -3.37858e-07 -2.07198e-06 4.26321e-07 -5.03843e-07 -5.9308e-07 5.2596e-07 -2.1573e-06
internal_weight=0 18213 3199 15014 15853 12081 10508 10206 2262 7411 10083 7603 2198 6520 6157 5694 6325 2160
internal_count=34066 18213 3199 15014 15853 12081 10508 10206 2262 7411 10083 7603 2198 6520 6157 5694 6325 2160
is_linear=0
shrinkage=0.03


Tree=8
num_leaves=17
num_cat=0
split_feature=4 8 7 9 32 7 13 13 8 9 20 37 2 9 2 2
split_gain=1.92299e-06 2.62999e-06 1.42641e-06 1.35981e-06 1.12521e-06 1.79366e-06 7.96592e-07 5.58555e-07 4.61783e-07 4.49649e-07 4.41767e-07 6.47812e-07 2.69547e-07 1.08163e-07 2.17524e-09 1.37094e-07
threshold=143.78634646719561 0.096821428571429044 0.17108615808236291 0.064500000000009564 -0.6910876614764061 0.047947902441003179 0.041000000000011035 0.0035000000000025015 0.10078571428571743 0.076000000000007631 5.087974299228556e-05 -0.0055495753112341116 143.75580004977047 0.20100000000000764 156.00178654008795 144.34877255302169
decision_type=2 2 2 2 2 2 2 2 2 2 2 2 2 2 2 2
left_child=1 -1 3 -3 8 6 7 -6 10 -9 11 12 -2 -5 15 -7
right_child=4 2 -4 13 5 14 -8 9 -10 -11 -12 -13 -14 -15 -16 -17
leaf_value=0 0 0 0 2.7325591212199856e-06 0 0 0 -5.1861077810466282e-08 0 -1.1497391099159707e-06 0 0 7.6733571473759905e-07 0 0 1.8113430833889965e-07
leaf_weight=3342 60 90 41 841 4646 516 1731 9848 984 3514 599 612 2783 108 347 3820
leaf_count=3342 60 90 41 841 4646 516 1731 9848 984 3514 599 612 2783 108 347 3820
internal_value=0 5.44256e-07 1.84489e-06 2.18475e-06 -1.19506e-07 -2.42268e-07 -3.92936e-07 -4.57221e-07 0 -5.65118e-07 3.20171e-07 4.85126e-07 7.00756e-07 2.55242e-06 0 2.12479e-08
internal_weight=0 4422 1080 1039 29460 24422 19739 18008 5038 13362 4054 3455 2843 949 4683 4336
internal_count=33882 4422 1080 1039 29460 24422 19739 18008 5038 13362 4054 3455 2843 949 4683 4336
is_linear=0
shrinkage=0.03


Tree=9
num_leaves=20
num_cat=0
split_feature=5 9 31 21 13 13 6 1 21 9 10 41 12 41 12 41 12 28 6
split_gain=4.29223e-06 7.09489e-06 1.87894e-06 1.85866e-06 3.33959e-06 1.22064e-06 1.09634e-06 6.29191e-07 3.69656e-07 4.1071e-07 1.49594e-07 3.56618e-07 1.35682e-07 9.13865e-08 3.2516e-08 1.24217e-07 2.80771e-07 2.87669e-08 8.4519e-09
threshold=147.15599353381916 0.11800000000000922 0.15871866129219134 -0.38366081256158208 0.084499999999991374 0.0024999999999977267 0.081314247663598863 157.37160406235228 0.6574953966795104 0.019499999999993637 0.00047895310576399956 0.00057157600546620319 0.0003210399698630472 0.00017748656698465855 7.6025304917622718e-05 0.00031245993124328833 0.00052869546356456426 -0.0012104280308143126 -0.058106438986115443
decision_type=2 2 2 2 2 2 2 2 2 2 2 2 2 2 2 2 2 2 2
left_child=1 10 17 -3 5 -5 7 8 9 -4 11 12 13 -1 -12 -16 -17 -2 -19
right_child=2 3 6 4 -6 -7 -8 -9 -10 -11 14 -13 -14 -15 15 16 -18 18 -20
leaf_value=0 0 0 0 0 0 2.9779284806519861e-06 0 0 0 -6.6211580013239857e-07 0 0 0 3.1251424116883269e-07 0 -3.3597379014051974e-07 0 0 1.2698513979164006e-07
leaf_weight=172 398 416 603 244 182 1655 1148 1115 240 12072 484 1141 399 6757 137 3488 582 679 2077
leaf_count=172 398 416 603 244 182 1655 1148 1115 240 12072 484 1141 399 6757 137 3488 582 679 2077
internal_value=0 4.00935e-07 -2.70977e-07 1.88806e-06 2.25411e-06 2.67402e-06 -4.47324e-07 -5.35535e-07 -5.96157e-07 -6.23201e-07 0 1.26083e-07 2.49337e-07 2.88741e-07 0 -8.34004e-08 -1.86161e-07 0 9.6918e-08
internal_weight=0 15657 18332 2497 2081 1899 15178 14030 12915 12675 13160 8469 7328 6929 4691 4207 4070 3154 2756
internal_count=33989 15657 18332 2497 2081 1899 15178 14030 12915 12675 13160 8469 7328 6929 4691 4207 4070 3154 2756
is_linear=0
shrinkage=0.03


Tree=10
num_leaves=18
num_cat=0
split_feature=2 34 26 9 4 16 30 40 14 34 32 6 28 18 19 40 30
split_gain=1.4017e-06 1.66522e-06 1.68697e-06 1.96719e-06 1.43845e-06 1.36909e-06 8.12455e-07 1.41854e-06 2.34729e-06 1.48205e-06 1.3085e-06 3.99222e-08 8.44627e-08 3.01352e-08 2.88346e-08 2.98403e-09 5.31505e-08
threshold=147.51051110458016 0.00059991072860247029 0.00054830487376490743 0.055499999999995005 156.55930799007953 -0.00054943228142678702 0.0017457281738156715 0.0094038357832025941 0.030999999999991704 0.002568727098972122 -1.1575346397804429 -0.077644460819797687 -0.00028626462698965377 -5.309652287882604e-05 -0.0021260279266716027 0.027257356137503484 0.001954487134922675
decision_type=2 2 2 2 2 2 2 2 2 2 2 2 2 2 2 2 2
left_child=6 11 3 -3 5 -5 -1 8 9 10 -8 -2 13 14 -13 16 -9
right_child=1 2 -4 4 -6 -7 7 15 -10 -11 -12 12 -14 -15 -16 -17 -18
leaf_value=0 0 0 0 0 0 -1.299509645655037e-06 0 0 0 0 1.2704198178437727e-06 0 0 0 2.5608610707836206e-07 0 -1.5250224385051648e-07
leaf_weight=6787 637 4005 1087 242 591 4684 141 319 1643 259 4521 157 3186 63 2516 1086 2172
leaf_count=6787 637 4005 1087 242 591 4684 141 319 1643 259 4521 157 3186 63 2516 1086 2172
internal_value=0 -1.8636e-07 -4.44369e-07 -6.15995e-07 -9.87819e-07 -1.16432e-06 1.98241e-07 3.71083e-07 6.38145e-07 9.8613e-07 1.14567e-06 0 7.78903e-08 2.02266e-07 2.28081e-07 0 -3.2833e-08
internal_weight=0 17168 10609 9522 5517 4926 16928 10141 6564 4921 4662 6559 5922 2736 2673 3577 2491
internal_count=34096 17168 10609 9522 5517 4926 16928 10141 6564 4921 4662 6559 5922 2736 2673 3577 2491
is_linear=0
shrinkage=0.03


Tree=11
num_leaves=16
num_cat=0
split_feature=33 21 43 30 4 7 43 19 11 4 7 34 34 30 30
split_gain=3.1178e-06 2.87466e-06 1.98854e-06 2.69707e-06 1.25828e-06 9.47607e-07 1.14467e-06 1.38833e-06 4.94828e-07 4.18094e-07 4.69622e-07 7.55116e-10 2.4191e-08 1.06083e-08 1.47983e-08
threshold=0.001093933757246441 -0.3392075087209846 1.2864198318880422 0.0014950212828054373 142.34402411122855 0.059217994419803341 0.87670003835236787 0.00012570800392985862 0.0050000000000096642 141.93950776202965 0.056585818242121173 0.00069890887497689924 -0.00022791087683160036 0.0023493870921177874 0.009154222750355984
decision_type=2 2 2 2 2 2 2 2 2 2 2 2 2 2 2
left_child=5 11 3 -3 -5 6 -1 -8 -6 -9 -11 12 -2 -13 -15
right_child=1 2 -4 4 8 -7 7 9 -10 10 -12 13 -14 14 -16
leaf_value=0 0 0 0 0 0 0 0 0 1.3348154619418555e-06 -8.1233327757899313e-07 0 0 7.8309714305115058e-08 -1.497262651993175e-07 0
leaf_weight=6242 434 521 1157 169 535 2548 4294 93 5797 7259 116 33 3550 1050 85
leaf_count=6242 434 521 1157 169 535 2548 4294 93 5797 7259 116 33 3550 1050 85
internal_value=0 3.82181e-07 7.44563e-07 9.48984e-07 1.16022e-06 -2.04419e-07 -3.08334e-07 -4.82811e-07 1.24935e-06 -7.31054e-07 -7.69545e-07 0 0 -2.41185e-08 -9.49119e-08
internal_weight=0 13331 8179 7022 6501 20552 18004 11762 6332 7468 7375 5152 3984 1168 1135
internal_count=33883 13331 8179 7022 6501 20552 18004 11762 6332 7468 7375 5152 3984 1168 1135
is_linear=0
shrinkage=0.03


Tree=12
num_leaves=23
num_cat=0
split_feature=2 43 3 12 24 10 34 18 5 5 24 43 10 12 10 40 24 24 40 37 18 37
split_gain=1.64106e-06 4.98462e-06 4.93398e-06 2.70958e-06 1.57765e-06 1.47686e-06 3.31529e-06 3.09504e-06 7.86276e-07 1.22536e-06 7.09574e-07 7.09468e-07 6.07262e-07 5.87318e-07 4.43531e-07 6.27255e-08 6.82183e-07 3.36977e-07 1.23103e-07 1.15867e-08 1.92128e-07 3.67741e-08
threshold=147.46504461079584 1.0054654831629164 148.37105000000005 0.00023527946411492991 -4.0554081924208942 0.00082146706561526007 0.0015827956688489206 0.0033702388748331207 148.12367959995049 156.94423002335617 16.288741606549568 0.7547464500899822 0.00033806623767864785 8.1418583114047498e-05 0.00015787084866081177 0.003856627527866125 5.6037138952314658 -15.031181313893944 -0.047490252805294765 0.0052108217467567207 0.0012424085887745575 0.025711770768189833
decision_type=2 2 2 2 2 2 2 2 2 2 2 2 2 2 2 2 2 2 2 2 2 2
left_child=5 8 -3 -4 -5 15 -7 10 -2 11 13 -10 -6 -8 -13 16 17 -1 -19 -17 21 -21
right_child=1 2 3 4 12 6 7 -9 9 -11 -12 14 -14 -15 -16 19 -18 18 -20 20 -22 -23
leaf_value=0 0 0 0 0 0 0 0 0 0 0 0 0 -2.7595292453804509e-06 2.9490542385109731e-06 7.31668912738992e-07 0 0 0 3.9413462013095418e-07 -2.5405761515281297e-07 0 0
leaf_weight=116 2097 1717 2904 911 54 1251 32 75 1102 998 38 376 1852 1031 5320 1089 1486 74 6981 3353 564 509
leaf_count=116 2097 1717 2904 911 54 1251 32 75 1102 998 38 376 1852 1031 5320 1089 1486 74 6981 3353 564 509
internal_value=0 -2.11258e-07 -8.40895e-07 -1.3021e-06 -2.07574e-06 2.05861e-07 9.15099e-07 2.06508e-06 0 3.01276e-07 2.66163e-06 5.16054e-07 -2.66694e-06 2.81746e-06 6.55688e-07 0 8.07518e-08 3.05755e-07 3.71496e-07 0 -4.85379e-08 -2.17876e-07
internal_weight=0 17331 7438 5721 2817 16599 2427 1176 9893 7796 1101 6798 1906 1063 5696 14172 8657 7171 7055 5515 4426 3862
internal_count=33930 17331 7438 5721 2817 16599 2427 1176 9893 7796 1101 6798 1906 1063 5696 14172 8657 7171 7055 5515 4426 3862
is_linear=0
shrinkage=0.03


Tree=13
num_leaves=20
num_cat=0
split_feature=1 10 43 34 6 6 24 3 24 11 10 6 26 26 26 7 1 7 1
split_gain=2.91357e-06 7.51897e-06 4.14838e-06 5.1652e-06 2.8457e-06 1.71771e-06 1.47633e-06 1.42078e-06 1.00829e-06 9.52702e-07 3.46408e-08 5.79127e-07 6.17485e-08 2.77559e-08 3.29167e-08 2.00337e-08 1.37836e-07 3.99832e-07 2.98368e-07
threshold=147.34266296582885 0.00082146706561526007 0.98730229897540134 0.00062765336134067747 -0.091295026775739516 0.10088224928138347 16.288741606549568 148.91215000000003 -12.297552720143694 0.0074999999999931797 0.00053271239631914847 0.066630639752617085 -0.00029080542373763042 -0.00081729886313545031 0.00070745163710380038 0.016759885113028245 148.24053832784011 -0.065735557487373822 157.79485060944884
decision_type=2 2 2 2 2 2 2 2 2 2 2 2 2 2 2 2 2 2 2
left_child=1 10 15 -4 -3 7 9 -5 -9 -6 13 12 -12 -1 -15 16 -2 -18 -19
right_child=2 4 3 5 6 -7 -8 8 -10 -11 11 -13 -14 14 -16 -17 17 18 -20
leaf_value=0 0 0 0 0 0 0 0 0 -2.1123582939402833e-06 2.5950681121652581e-06 0 0 -5.4550655850088179e-07 7.8105348361020452e-08 0 0 0 4.5835573893293816e-07 0
leaf_weight=164 1438 468 3384 1754 30 359 54 52 3048 1878 1032 513 2032 9475 221 3637 695 3667 223
leaf_count=164 1438 468 3384 1754 30 359 54 52 3048 1878 1032 513 2032 9475 221 3637 695 3667 223
internal_value=0 2.67434e-07 -2.85424e-07 -7.79277e-07 1.80317e-06 -1.37592e-06 2.30912e-06 -1.5335e-06 -2.02349e-06 2.4858e-06 0 -8.84372e-08 -4.23347e-07 1.80098e-08 5.39084e-08 0 5.47122e-08 1.7603e-07 3.59195e-07
internal_weight=0 15867 18257 8597 2430 5213 1962 4854 3100 1908 13437 3577 3064 9860 9696 9660 6023 4585 3890
internal_count=34124 15867 18257 8597 2430 5213 1962 4854 3100 1908 13437 3577 3064 9860 9696 9660 6023 4585 3890
is_linear=0
shrinkage=0.03


Tree=14
num_leaves=26
num_cat=0
split_feature=5 10 41 7 6 3 34 43 29 12 12 37 42 29 21 41 32 6 9 37 40 37 40 37 6
split_gain=1.42687e-06 4.63654e-06 3.3714e-06 2.65943e-06 3.51882e-06 1.90109e-06 1.8912e-06 2.54125e-06 3.30142e-06 9.87457e-07 7.65427e-07 6.17122e-08 4.65566e-07 9.41941e-07 4.57019e-07 7.68679e-07 4.02224e-07 3.30364e-07 2.6465e-08 5.08541e-07 3.0823e-07 3.07852e-07 2.20642e-07 2.29535e-07 1.20927e-07
threshold=146.95627034782373 0.00082146706561526007 0.0005978480406990007 -0.1267058681482508 0.079230109834583132 147.279325 0.00039050585221268717 0.88609975739121716 0.002657016580115397 6.7702973542849704e-06 7.0113197765570817e-05 -0.010162040219793117 0.074635714285714694 0.00011224138737932745 -0.54312365494641057 0.00030243614394473808 1.3197053452899108 -0.060655876056515005 0.076000000000007631 0.02503938069064467 0.01162273382710796 -0.034973308764861925 -0.0226536585419508 0.010743560283958556 -0.16138951239818763
decision_type=2 2 2 2 2 2 2 2 2 2 2 2 2 2 2 2 2 2 2 2 2 2 2 2 2
left_child=1 18 11 -4 5 -5 -3 -8 10 -7 -9 14 13 -13 -2 -16 -15 -17 20 21 22 -20 -1 -24 -23
right_child=2 6 3 4 -6 9 7 8 -10 -11 -12 12 -14 16 15 17 -18 -19 19 -21 -22 24 23 -25 -26
leaf_value=0 0 0 0 0 0 0 0 0 0 -2.0308815550282342e-06 2.8924332860941878e-06 0 0 -5.7425032447408768e-07 0 0 0 8.2544834591597667e-07 0 0 0 0 3.2542487917446536e-07 0 -5.4706596757371492e-07
leaf_weight=448 541 513 366 63 534 51 240 50 144 2897 1476 4245 2535 4969 478 216 118 2122 195 422 1639 41 6445 514 2898
leaf_count=448 541 513 366 63 534 51 240 50 144 2897 1476 4245 2535 4969 478 216 118 2122 195 422 1639 41 6445 514 2898
internal_value=0 1.87586e-07 -1.98697e-07 -9.84337e-07 -1.32063e-06 -1.76211e-06 1.3929e-06 1.8309e-06 2.28104e-06 -1.93693e-06 2.76419e-06 0 -2.89349e-08 -2.14391e-07 1.1655e-07 4.02793e-07 -5.00956e-07 7.00905e-07 0 -8.18386e-08 0 -3.9195e-07 1.93521e-07 2.61525e-07 -5.08015e-07
internal_weight=0 15025 19135 3911 3545 3011 2423 1910 1670 2948 1526 15224 11867 9332 3357 2816 5087 2338 12602 3556 9046 3134 7407 6959 2939
internal_count=34160 15025 19135 3911 3545 3011 2423 1910 1670 2948 1526 15224 11867 9332 3357 2816 5087 2338 12602 3556 9046 3134 7407 6959 2939
is_linear=0
shrinkage=0.03


Tree=15
num_leaves=26
num_cat=0
split_feature=4 43 42 7 3 9 28 17 24 24 19 40 41 14 19 33 28 19 42 43 5 13 7 42 5
split_gain=1.92209e-06 7.04735e-06 3.31738e-06 3.21842e-06 3.21672e-06 2.75652e-06 3.87151e-06 4.12805e-06 2.26816e-06 1.58098e-06 7.77301e-07 5.70896e-07 1.5877e-06 3.31653e-06 1.49289e-06 6.52491e-07 1.37371e-06 1.25364e-06 1.09588e-07 1.93171e-07 2.06353e-07 1.73501e-07 2.4704e-08 2.52618e-07 1.64583e-08
threshold=149.85483215793187 1.0012044092081782 0.051267857142857719 0.076566636655779383 157.14765000000003 0.16400000000000151 0.002143935064747146 -0.0024370307688664767 16.288741606549568 -11.484162754560463 0.0034498076604390087 0.003856627527866125 0.0003793522773952286 0.028000000000005801 0.00029295625699521382 0.00051917217082364097 -0.0003684389488490389 0.0012553754699528021 0.080407142857142441 0.64720555354776244 157.20864764781624 0.00099999999999056421 -0.015183869279642147 0.08659999999999754 142.98372559941518
decision_type=2 2 2 2 2 2 2 2 2 2 2 2 2 2 2 2 2 2 2 2 2 2 2 2 2
left_child=5 18 -3 4 9 11 7 -7 10 -4 -9 12 -1 14 -14 22 -17 -18 -2 -20 21 -21 -13 -24 -15
right_child=1 2 3 -5 -6 6 -8 8 -10 -11 -12 15 13 24 -16 16 17 -19 19 20 -22 -23 23 -25 -26
leaf_value=0 0 0 0 0 0 0 0 3.5348427506673445e-06 0 -2.6880309627976732e-06 0 0 1.0672974700716919e-06 0 0 0 -1.0171248853904643e-06 0 0 0 0 6.4928311880837069e-07 2.8948684405509951e-07 0 -8.9017388107255415e-08
leaf_weight=5439 3293 1170 88 310 392 56 87 1078 53 2383 64 1147 5505 346 1128 582 2853 1055 97 116 218 1457 2978 426 1869
leaf_count=5439 3293 1170 88 310 392 56 87 1078 53 2383 64 1147 5505 346 1128 582 2853 1055 97 116 218 1457 2978 426 1869
internal_value=0 -2.66767e-07 -1.27137e-06 -1.77573e-06 -2.12278e-06 2.06526e-07 1.62477e-06 2.36813e-06 2.99649e-06 -2.52833e-06 3.34404e-06 0 1.89638e-07 4.68573e-07 8.61894e-07 0 -3.61635e-07 -6.83076e-07 0 2.28543e-07 3.90019e-07 5.39663e-07 0 8.08148e-08 0
internal_weight=0 9524 4343 3173 2863 24666 1338 1251 1195 2471 1142 23328 14287 8848 6633 9041 4490 3908 5181 1888 1791 1573 4551 3404 2215
internal_count=34190 9524 4343 3173 2863 24666 1338 1251 1195 2471 1142 23328 14287 8848 6633 9041 4490 3908 5181 1888 1791 1573 4551 3404 2215
is_linear=0
shrinkage=0.03


Tree=16
num_leaves=22
num_cat=0
split_feature=5 8 30 5 12 43 34 31 6 2 10 5 3 1 40 24 40 37 37 24 37
split_gain=1.63559e-06 3.049e-06 2.80956e-06 2.84161e-06 2.42831e-06 2.42619e-06 2.17483e-06 1.8935e-06 1.07258e-06 7.50241e-07 7.4329e-07 1.16699e-07 2.73176e-07 8.91045e-08 7.20312e-08 5.09711e-07 2.68613e-07 1.32326e-07 2.09873e-07 1.06914e-07 7.75063e-08
threshold=147.65723114616756 0.1283571428571447 0.0022796565654931785 147.04477260200335 4.8872954754747195e-05 1.0030672425002589 2.6509232563088788e-05 0.15871866129219134 0.12570070684074611 148.05251165368952 0.00016162650166837945 148.12367959995049 157.27497500000004 147.73978619388114 0.0055320013706297074 5.7088384871786149 -0.025656825283034656 0.03260088430976877 0.00099116442033974944 -17.600923951296895 0.011618139333894722
decision_type=2 2 2 2 2 2 2 2 2 2 2 2 2 2 2 2 2 2 2 2 2
left_child=1 14 -3 4 -4 11 -6 -7 9 -9 -11 13 -13 -2 15 16 -1 18 -16 -20 -18
right_child=5 2 3 -5 6 7 -8 8 -10 10 -12 12 -14 -15 17 -17 20 -19 19 -21 -22
leaf_value=0 0 0 0 0 0 0 3.0393679418277601e-06 0 0 0 -1.2745367513844173e-06 2.1128833325425573e-07 0 -3.7633115780286552e-07 0 0 3.0771925138918717e-07 0 0 -2.9677196184294003e-07 0
leaf_weight=653 56 57 73 184 74 1543 1329 334 151 141 4532 6895 915 870 341 2085 8442 471 36 4994 152
leaf_count=653 56 57 73 184 74 1543 1329 334 151 141 4532 6895 915 870 341 2085 8442 471 36 4994 152
internal_value=0 1.27432e-07 1.33287e-06 1.83317e-06 2.3477e-06 -2.74742e-07 2.71216e-06 -7.06914e-07 -9.89738e-07 -1.09631e-06 -1.19678e-06 0 8.90733e-08 -2.15612e-07 0 5.07297e-08 2.29699e-07 -7.81313e-08 -1.69741e-07 -2.61371e-07 2.91376e-07
internal_weight=0 18891 1717 1660 1476 15437 1403 6701 5158 5007 4673 8736 7810 926 17174 11332 9247 5842 5371 5030 8594
internal_count=34328 18891 1717 1660 1476 15437 1403 6701 5158 5007 4673 8736 7810 926 17174 11332 9247 5842 5371 5030 8594
is_linear=0
shrinkage=0.03


Tree=17
num_leaves=19
num_cat=0
split_feature=5 14 42 32 33 26 8 30 43 16 9 25 33 4 1 29 34 0
split_gain=1.71758e-06 2.46939e-06 3.38798e-06 1.8227e-06 1.75883e-06 1.88809e-06 2.82626e-06 1.17805e-06 1.43369e-06 1.18273e-06 1.3989e-06 6.7752e-07 6.27399e-07 3.84427e-07 3.18171e-07 6.29549e-07 2.95287e-07 2.42424e-07
threshold=143.0395027934135 0.028000000000005801 0.20630892857142732 -0.70700532277306027 0.00051917217082364097 -0.0010997986260052014 0.093857142857139322 0.0013761179271228588 0.79810782952199777 0.00024693951847021284 0.054999999999992617 0.16545591684067065 0.0066001933478205448 143.71422282543696 147.36070263093231 0.00081864000996184139 0.00053094742080279477 47.576676412999397
decision_type=2 2 2 2 2 2 2 2 2 2 2 2 2 2 2 2 2 2
left_child=7 3 4 12 -3 -6 -7 -1 -9 10 -10 -12 13 -2 -5 16 -16 -15
right_child=1 2 -4 14 5 6 -8 8 9 -11 11 -13 -14 17 15 -17 -18 -19
leaf_value=0 0 0 0 0 0 0 -2.4748602605409886e-06 0 0 0 2.2257401217495059e-06 0 0 8.190760064425904e-07 0 0 -4.4010844701429778e-07 0
leaf_weight=739 90 1280 127 8316 197 2550 1949 334 457 650 1210 42 65 3525 2942 1759 7862 43
leaf_count=739 90 1280 127 8316 197 2550 1949 334 457 650 1210 42 65 3525 2942 1759 7862 43
internal_value=0 -1.6558e-07 -7.0857e-07 0 -1.01141e-06 -1.28017e-06 -1.44508e-06 4.55435e-07 8.11168e-07 1.13932e-06 1.55384e-06 2.07385e-06 5.76221e-07 7.01627e-07 -1.39134e-07 -2.34446e-07 -3.41108e-07 7.75665e-07
internal_weight=0 30705 6103 24602 5976 4696 4499 3432 2693 2359 1709 1252 3723 3658 20879 12563 10804 3568
internal_count=34137 30705 6103 24602 5976 4696 4499 3432 2693 2359 1709 1252 3723 3658 20879 12563 10804 3568
is_linear=0
shrinkage=0.03


Tree=18
num_leaves=21
num_cat=0
split_feature=5 42 7 14 6 30 1 7 0 19 37 42 7 42 5 5 10 42 6 40
split_gain=1.73475e-06 8.76074e-07 9.77043e-07 8.00226e-07 5.39991e-07 2.02932e-06 3.31415e-06 3.04942e-06 1.61572e-06 3.88591e-07 6.96244e-07 8.23645e-07 4.72965e-07 5.37853e-07 2.23e-07 4.6779e-07 6.48059e-07 2.37764e-07 2.13249e-07 9.20328e-08
threshold=142.98372559941518 0.035103571428572268 0.15717099553059974 0.066499999999990692 0.088673645003069637 0.0031490531209134301 146.11553169880759 -0.080479980540725166 77.13559509863255 1.0000000180025095e-35 -0.0055495753112341116 0.12520535714285622 -0.02728391416541023 0.088742857142858969 156.94423002335617 143.84029885833732 0.000293431257607647 0.068296428571425663 -0.10383135606537051 0.027257356137503484
decision_type=2 2 2 2 2 2 2 2 2 2 2 2 2 2 2 2 2 2 2 2
left_child=1 -1 3 18 5 9 -7 -8 -9 10 11 -2 -11 -14 15 -6 -17 -18 -3 -20
right_child=4 2 -4 -5 14 6 7 8 -10 12 -12 -13 13 -15 -16 16 17 -19 19 -21
leaf_value=0 4.606131525932823e-07 0 0 0 0 0 0 -2.312462555627458e-06 0 0 0 0 -3.5493131936763886e-07 0 0 0 0 1.0796549648124521e-06 1.2983085499338554e-06 0
leaf_weight=227 6949 243 61 124 258 1522 1065 1780 201 1874 5100 137 9152 1063 69 121 203 1217 2490 237
leaf_count=227 6949 243 61 124 258 1522 1065 1780 201 1874 5100 137 9152 1063 69 121 203 1217 2490 237
internal_value=0 6.7365e-07 8.58101e-07 1.01737e-06 -2.93058e-08 -1.33281e-07 -7.15509e-07 -1.32169e-06 -2.01768e-06 0 9.34821e-08 3.21645e-07 -1.41845e-07 -2.55892e-07 0 3.33981e-07 6.35112e-07 9.21079e-07 1.14922e-06 1.22831e-06
internal_weight=0 3382 3155 3094 30711 28843 4568 3046 1981 24275 12186 7086 12089 10215 1868 1799 1541 1420 2970 2727
internal_count=34093 3382 3155 3094 30711 28843 4568 3046 1981 24275 12186 7086 12089 10215 1868 1799 1541 1420 2970 2727
is_linear=0
shrinkage=0.03


Tree=19
num_leaves=19
num_cat=0
split_feature=5 7 41 37 10 7 30 7 4 37 37 30 14 13 5 2 21 30
split_gain=3.034e-06 2.74804e-06 3.38328e-06 2.10967e-06 2.87783e-06 2.37499e-06 1.19794e-06 1.0829e-06 1.03074e-06 5.57236e-07 7.96312e-07 5.51081e-07 3.95168e-07 4.86086e-07 1.63979e-07 4.46326e-07 4.72142e-07 3.86062e-07
threshold=143.0395027934135 0.05238531942246849 0.0005824525944661676 0.045060885754479772 0.00056080840160222737 -0.16409875110656644 0.0010787723669585451 0.17108615808236291 143.81892818405061 -0.0053876910406104187 0.021286188731994043 0.00079255886613891944 0.0019999999999953393 0.084499999999991374 143.62247569682916 156.00178654008795 -0.30508994929432925 0.0010350828231140421
decision_type=2 2 2 2 2 2 2 2 2 2 2 2 2 2 2 2 2 2
left_child=6 2 9 4 -4 -6 -1 8 12 -2 11 -11 -8 -14 -3 16 -16 -18
right_child=1 14 3 -5 5 -7 7 -9 -10 10 -12 -13 13 -15 15 -17 17 -19
leaf_value=0 0 0 0 0 0 -1.9160078478509803e-06 0 0 0 0 0 -4.008313556301857e-07 1.3797154591520888e-06 0 0 0 0 6.0532268825388424e-07
leaf_weight=474 6506 280 1974 283 252 3838 416 46 64 1473 1090 10962 2503 45 107 309 92 3607
leaf_count=474 6506 280 1974 283 252 3838 416 46 64 1473 1090 10962 2503 45 107 309 92 3607
internal_value=0 -2.54521e-07 -4.11497e-07 -1.08444e-06 -1.24257e-06 -1.70948e-06 5.28682e-07 8.20545e-07 1.00267e-06 -4.84906e-08 -2.014e-07 -3.18983e-07 1.15759e-06 1.3032e-06 5.04139e-09 1.89443e-07 3.79916e-07 5.13204e-07
internal_weight=0 30773 26378 6347 6064 4090 3548 3074 3028 20031 13525 12435 2964 2548 4395 4115 3806 3699
internal_count=34321 30773 26378 6347 6064 4090 3548 3074 3028 20031 13525 12435 2964 2548 4395 4115 3806 3699
is_linear=0
shrinkage=0.03


end of trees

feature_importances:
bb_lower=23
macd=21
bb_width=18
macd_hist=18
macd_signal=17
price_bb_lower_dist=17
macd_strength=17
atr_ma=17
atr_ratio=17
bb_upper=15
range=15
rsi_normalized=14
rsi_divergence=14
range_pct=13
rsi=12
return_12=12
ema_cross_pct=12
ema_fast=11
atr=11
body_pct=11
price_bb_upper_dist=11
atr_normalized=11
ema_slow=9
upper_shadow=7
macd_hist_change=7
bb_middle=6
price_ema_slow_dist=6
bb_position_normalized=6
lower_shadow=5
return_1=5
ema_cross=5
bb_position=5
return_6=4
price_ema_fast_dist=4
body=3
return_3=2
log_return=1

parameters:
[boosting: gbdt]
[objective: regression]
[metric: l2]
[tree_learner: serial]
[device_type: cpu]
[data: ]
[valid: ]
[num_iterations: 800]
[learning_rate: 0.03]
[num_leaves: 31]
[num_threads: 8]
[deterministic: 0]
[force_col_wise: 0]
[force_row_wise: 0]
[histogram_pool_size: -1]
[max_depth: 6]
[min_data_in_leaf: 30]
[min_sum_hessian_in_leaf: 0.001]
[bagging_fraction: 0.7]
[pos_bagging_fraction: 1]
[neg_bagging_fraction: 1]
[bagging_freq: 1]
[bagging_seed: 400]
[feature_fraction: 0.7]
[feature_fraction_bynode: 1]
[feature_fraction_seed: 30056]
[extra_trees: 0]
[extra_seed: 12879]
[early_stopping_round: 0]
[first_metric_only: 0]
[max_delta_step: 0]
[lambda_l1: 0.1]
[lambda_l2: 0.3]
[linear_lambda: 0]
[min_gain_to_split: 0]
[drop_rate: 0.1]
[max_drop: 50]
[skip_drop: 0.5]
[xgboost_dart_mode: 0]
[uniform_drop: 0]
[drop_seed: 17869]
[top_rate: 0.2]
[other_rate: 0.1]
[min_data_per_group: 100]
[max_cat_threshold: 32]
[cat_l2: 10]
[cat_smooth: 10]
[max_cat_to_onehot: 4]
[top_k: 20]
[monotone_constraints: ]
[monotone_constraints_method: basic]
[monotone_penalty: 0]
[feature_contri: ]
[forcedsplits_filename: ]
[refit_decay_rate: 0.9]
[cegb_tradeoff: 1]
[cegb_penalty_split: 0]
[cegb_penalty_feature_lazy: ]
[cegb_penalty_feature_coupled: ]
[path_smooth: 0]
[interaction_constraints: ]
[verbosity: 1]
[saved_feature_importance_type: 0]
[linear_tree: 0]
[max_bin: 255]
[max_bin_by_feature: ]
[min_data_in_bin: 3]
[bin_construct_sample_cnt: 200000]
[data_random_seed: 175]
[is_enable_sparse: 1]
[enable_bundle: 1]
[use_missing: 1]
[zero_as_missing: 0]
[feature_pre_filter: 1]
[pre_partition: 0]
[two_round: 0]
[header: 0]
[label_column: ]
[weight_column: ]
[group_column: ]
[ignore_column: ]
[categorical_feature: ]
[forcedbins_filename: ]
[precise_float_parser: 0]
[parser_config_file: ]
[objective_seed: 16083]
[num_class: 1]
[is_unbalance: 0]
[scale_pos_weight: 1]
[sigmoid: 1]
[boost_from_average: 1]
[reg_sqrt: 0]
[alpha: 0.9]
[fair_c: 1]
[poisson_max_delta_step: 0.7]
[tweedie_variance_power: 1.5]
[lambdarank_truncation_level: 30]
[lambdarank_norm: 1]
[label_gain: ]
[lambdarank_position_bias_regularization: 0]
[eval_at: ]
[multi_error_top_k: 1]
[auc_mu_weights: ]
[num_machines: 1]
[local_listen_port: 12400]
[time_out: 120]
[machine_list_filename: ]
[machines: ]
[gpu_platform_id: -1]
[gpu_device_id: -1]
[gpu_use_dp: 0]
[num_gpu: 1]

end of parameters

pandas_categorical:[]
