tree
version=v4
num_class=1
num_tree_per_iteration=1
label_index=0
max_feature_idx=44
objective=regression
feature_names=rsi ema_fast ema_slow bb_middle bb_upper bb_lower macd macd_signal atr range range_pct body body_pct upper_shadow lower_shadow is_bullish return_1 return_3 return_6 return_12 log_return rsi_normalized rsi_overbought rsi_oversold rsi_divergence ema_cross ema_cross_pct ema_cross_signal price_ema_fast_dist price_ema_slow_dist bb_width bb_position bb_position_normalized price_bb_upper_dist price_bb_lower_dist bb_breakout_upper bb_breakout_lower macd_hist macd_hist_change macd_cross_signal macd_strength atr_normalized atr_ma atr_ratio signal_convergence
feature_infos=[0:99.755467076367083] [140.01794868368825:158.46374932756453] [140.09390840731587:158.4287960737224] [0:158.45214999999999] [0:158.98423446083257] [0:158.37119522484221] [-0.57514457178655221:0.76835340664820251] [-0.5188763570912186:0.66684005555902648] [0:0.55142857142856927] [0:1.4489999999999839] [0:0.0098924731182794597] [0:1.2740000000000009] [0:0.0087871159085422691] [0:0.45400000000000773] [0:0.6290000000000191] [0:1] [-0.010440345742870893:0.0086544548876104077] [-0.010346048081897208:0.011121306408549358] [-0.012740376631571793:0.01214236927980572] [-0.015822511541399464:0.020290175029493485] [-0.010495228483220405:0.0086172197717689965] [-1:0.99510934152734165] [0:1] [0:1] [-56.904350987366826:51.361182180793548] [-0.57514457178655221:0.76835340664820251] [-0.003883435549732969:0.0051884219504909346] [0:1] [-0.0088498120556881627:0.0085436527782316064] [-0.0096167762950344661:0.012337377364785844] [0:0.031342652110744211] [-0.54651378490698344:1.552884196153675] [-2.0930275698139669:2.10576839230735] [-0.0045480417175792053:0.02223832595088774] [-0.0050724392954735378:0.027298010487932362] [0:1] [0:1] [-0.20097651515128728:0.19509250025932751] [-0.09700790187045677:0.083341641193037941] [0:1] [-0.19455333720912688:0.17538495785784011] [0:0.0037228501986805917] [0:0.42936785714285552] [0:3.4066658717779674] [0:3]
tree_sizes=3202 2600 2607 2557 2598 2618 2608 1919 2604 1593 2601 2596 2377 2619

Tree=0
num_leaves=31
num_cat=0
split_feature=5 4 43 42 7 26 4 6 2 42 40 4 40 42 30 5 43 0 5 0 30 7 1 5 37 4 34 0 3 5
split_gain=8.71528e-05 3.61236e-05 7.84795e-05 3.56441e-05 3.30167e-05 3.98854e-05 4.37299e-05 2.37358e-05 2.3112e-05 2.15468e-05 2.22257e-05 7.71733e-06 7.18678e-06 1.36042e-05 2.36754e-05 3.35503e-05 1.60042e-05 1.60248e-05 1.02366e-05 7.76029e-06 1.132e-05 7.40161e-06 1.59443e-05 7.95986e-06 7.68199e-06 5.69376e-06 5.40321e-06 3.21797e-06 1.53199e-06 1.05629e-05
threshold=143.0395027934135 149.82412323710506 0.94739757500653321 0.038923214285715609 -0.050796642553099049 0.00042913245942525683 157.17276103153031 0.16545591684067065 149.78055214355075 0.038923214285715609 -0.054702536309999092 143.8504269299535 -0.012500571991911602 0.057923214285715029 0.0043641078732775179 147.85520247053782 1.1466690466302316 36.44064914299836 143.34376882594779 22.820172366113521 0.001789059360993049 -0.014249032791029086 147.72622804576733 143.68619359771765 0.021286188731994043 144.03349271315651 -0.00028556494624458923 14.199291031073573 152.30915000000002 156.94423002335617
decision_type=2 2 2 2 2 2 2 2 2 2 2 2 2 2 2 2 2 2 2 2 2 2 2 2 2 2 2 2 2 2
left_child=7 12 28 -4 -5 6 8 9 -6 -1 -11 27 18 21 15 16 17 -15 -2 -20 -21 -14 23 -23 -25 -22 -27 -12 -3 -30
right_child=1 2 3 4 5 -7 -8 -9 -10 10 11 -13 13 14 -16 -17 -18 -19 19 20 25 22 -24 24 -26 26 -28 -29 29 -31
leaf_value=-1.4344699791774568e-05 -1.4344699791774568e-05 -1.4344699791774568e-05 -1.4344699791774568e-05 -1.4344699791774568e-05 -1.4344699791774568e-05 -1.4344699791774568e-05 -1.4344699791774568e-05 -1.4344699791774568e-05 -1.7381193956337606e-05 -1.4344699791774568e-05 -1.4344699791774568e-05 -1.4344699791774568e-05 -1.4344699791774568e-05 -1.4344699791774568e-05 -1.4344699791774568e-05 -1.4344699791774568e-05 -1.4344699791774568e-05 -1.5571636967848889e-05 -1.4344699791774568e-05 -1.4344699791774568e-05 -1.4344699791774568e-05 -1.4344699791774568e-05 -1.4344699791774568e-05 -1.3291523121517662e-05 -1.4344699791774568e-05 -1.4344699791774568e-05 -1.3026997178578339e-05 -1.2340732177606254e-05 -1.3621308487062977e-05 -1.4344699791774568e-05
leaf_weight=372 223 2059 666 1163 349 812 750 108 3229 39 32 36 2374 848 1322 2761 1488 6758 971 956 170 345 2146 3616 135 61 2741 3930 2311 1031
leaf_count=372 223 2059 666 1163 349 812 750 108 3229 39 32 36 2374 848 1322 2761 1488 6758 971 956 170 345 2146 3616 135 61 2741 3930 2311 1031
internal_value=-1.43447e-05 -1.44852e-05 -1.49403e-05 -1.56697e-05 -1.5928e-05 -1.62724e-05 -1.66544e-05 -1.3019e-05 -1.71151e-05 -1.28154e-05 -1.25874e-05 -1.24279e-05 -1.43447e-05 -1.4348e-05 -1.46525e-05 -1.4897e-05 -1.52202e-05 -1.54062e-05 -1.39702e-05 -1.37484e-05 -1.35441e-05 -1.42305e-05 -1.39751e-05 -1.35718e-05 -1.34149e-05 -1.32365e-05 -1.31176e-05 -1.23693e-05 -1.43447e-05 -1.41306e-05
internal_weight=0 39285 12370 6969 6303 5140 4328 4517 3578 4409 4037 3998 26915 21793 13177 11855 9094 7606 5122 4899 3928 8616 6242 4096 3751 2972 2802 3962 5401 3342
internal_count=43802 39285 12370 6969 6303 5140 4328 4517 3578 4409 4037 3998 26915 21793 13177 11855 9094 7606 5122 4899 3928 8616 6242 4096 3751 2972 2802 3962 5401 3342
is_linear=0
shrinkage=1


Tree=1
num_leaves=31
num_cat=0
split_feature=5 41 4 5 34 43 25 2 40 42 40 8 40 7 42 5 41 7 41 4 7 0 43 43 10 25 2 2 42 42
split_gain=9.35607e-05 3.76905e-05 8.43163e-05 2.54778e-05 2.49894e-05 3.94951e-05 3.52284e-05 4.90088e-05 2.23166e-05 3.42783e-05 1.25308e-05 1.28378e-05 1.32854e-05 1.58444e-05 9.96222e-06 1.57436e-05 1.95816e-05 1.37792e-05 1.82015e-05 1.51542e-05 1.47367e-05 9.62672e-06 8.64683e-06 8.55729e-06 7.81989e-06 3.08334e-06 1.07613e-06 2.16297e-07 2.28082e-08 3.98498e-06
threshold=147.18118141234348 0.0011896770715812976 147.13483258741107 143.0395027934135 0.00063480840743041769 1.0030712824212207 0.068253126453569748 148.9825851493168 -0.065486094096106784 0.15870714285714377 0.028019200275550538 0.038500000000004177 -0.047490252805294765 -0.10156076083810205 0.13153392857142751 145.68033481085735 0.00070248152099167181 -0.1528675007770057 0.00071966467116021374 147.57856033895203 0.11926898809451664 81.105951538597751 0.82090581093837633 1.4999377651101498 0.00015349341443846501 0.15300544401512187 153.60528701508292 147.29731155249263 0.041667857142859491 0.090075000000000988
decision_type=2 2 2 2 2 2 2 2 2 2 2 2 2 2 2 2 2 2 2 2 2 2 2 2 2 2 2 2 2 2
left_child=1 3 8 10 -2 26 7 -7 -3 -10 11 -1 -13 -14 15 28 22 -16 -19 20 -20 24 -17 -24 -9 -15 27 -6 -5 -30
right_child=4 2 -4 14 5 6 -8 21 9 -11 -12 12 13 25 17 16 -18 18 19 -21 -22 -23 23 -25 -26 -27 -28 -29 29 -31
leaf_value=0 0 0 0 0 0 0 0 0 0 7.2583054617430502e-06 0 0 0 1.7071850601006037e-06 0 0 0 0 -3.5187382686753751e-06 0 0 0 1.3217599132807912e-06 0 -2.5961650137769383e-06 0 0 -1.5162957238066034e-07 -2.3840623382811195e-07 0
leaf_weight=413 9523 30 166 953 31 1890 931 57 177 417 279 36 252 3285 72 793 568 49 563 36 101 75 3126 111 3053 35 2182 5621 7051 1862
leaf_count=413 9523 30 166 953 31 1890 931 57 177 417 279 36 252 3285 72 793 568 49 563 36 101 75 3126 111 3053 35 2182 5621 7051 1862
internal_value=0 5.14494e-07 3.16038e-06 2.54545e-07 -4.11837e-07 -6.83276e-07 -1.31657e-06 -1.65694e-06 5.11366e-06 5.5879e-06 9.42104e-07 1.12283e-06 1.32697e-06 1.46645e-06 0 1.20168e-07 6.22737e-07 -9.79115e-07 -1.69992e-06 -2.38559e-06 -2.87761e-06 -2.43167e-06 9.63491e-07 1.19282e-06 -2.52292e-06 1.6706e-06 0 -1.37981e-07 0 -1.59966e-08
internal_weight=0 20375 790 19585 23363 13840 6006 5075 624 594 4300 4021 3608 3572 15285 14464 4598 821 749 700 664 3185 4030 3237 3110 3320 7834 5652 9866 8913
internal_count=43738 20375 790 19585 23363 13840 6006 5075 624 594 4300 4021 3608 3572 15285 14464 4598 821 749 700 664 3185 4030 3237 3110 3320 7834 5652 9866 8913
is_linear=0
shrinkage=0.01


Tree=2
num_leaves=31
num_cat=0
split_feature=3 2 43 2 7 34 7 8 8 3 40 42 40 5 5 41 41 41 43 41 40 2 2 0 3 42 41 42 0 1
split_gain=8.31505e-05 2.94113e-05 3.54181e-05 4.40483e-05 3.5421e-05 2.87566e-05 1.71697e-05 1.99904e-05 1.51934e-05 4.73678e-05 5.35422e-05 1.57076e-05 1.33771e-05 1.25045e-05 1.13292e-05 9.26389e-06 1.17341e-05 8.28296e-06 1.16937e-05 1.5334e-05 4.6696e-06 4.56686e-06 9.02648e-06 4.55079e-06 3.52183e-06 6.33398e-07 7.72072e-06 3.17306e-06 5.10458e-07 4.46715e-08
threshold=143.26497500000002 147.46504461079584 1.0030712824212207 148.53899948111453 0.076566636655779383 0.00064106514717537737 0.15717099553059974 0.038500000000004177 0.17678571428571491 145.03115 -0.035028035973676049 0.13153392857142751 0.037088172394011173 143.0395027934135 145.68033481085735 0.0011896770715812976 0.00071966467116021374 0.00026190467117487613 0.81223320949847133 0.00070248152099167181 -0.047490252805294765 152.29895373221777 157.27666553932281 82.87476983397552 147.22627500000002 0.042058928571428726 0.0006453317125106288 0.090075000000000988 86.903610875358495 147.43425547310298
decision_type=2 2 2 2 2 2 2 2 2 2 2 2 2 2 2 2 2 2 2 2 2 2 2 2 2 2 2 2 2 2
left_child=6 8 21 -4 5 -5 7 -1 11 -10 -11 14 23 20 25 16 -13 -16 -19 -20 -9 29 -23 -7 -18 -2 27 -27 -22 -3
right_child=1 2 3 4 -6 12 -8 13 9 10 -12 15 -14 -15 17 -17 24 18 19 -21 28 22 -24 -25 -26 26 -28 -29 -30 -31
leaf_value=0 0 0 0 0 0 -2.316776609837025e-06 0 0 0 0 5.8845955640752961e-06 0 0 0 0 0 -2.3041412389144546e-06 0 1.1359799206323766e-06 0 1.8553061575137838e-06 6.0047799096179226e-07 0 0 0 -4.2859220494538369e-07 0 0 0 -1.8090905902822922e-07
leaf_weight=412 975 33 2525 2890 504 3680 69 43 139 63 336 56 82 160 720 46 745 741 3665 573 3808 3016 1199 96 37 6275 1691 869 39 8439
leaf_count=412 975 33 2525 2890 504 3680 69 43 139 63 336 56 82 160 720 46 745 741 3665 573 3808 3016 1199 96 37 6275 1691 869 39 8439
internal_value=0 -1.32415e-07 -4.00132e-07 -8.54462e-07 -1.26162e-06 -1.49514e-06 1.29715e-06 1.44685e-06 4.56052e-08 1.69938e-06 3.96937e-06 0 -2.15759e-06 1.67328e-06 6.51842e-08 -1.30451e-06 -1.703e-06 4.58633e-07 6.3805e-07 8.68441e-07 1.79901e-06 0 2.09466e-07 -2.26064e-06 -2.14657e-06 0 -8.46696e-08 -3.41956e-07 1.84228e-06 -1.7909e-07
internal_weight=0 39395 22464 9777 7252 6748 4531 4462 16931 538 399 16393 3858 4050 15509 884 838 5699 4979 4238 3890 12687 4215 3776 782 9810 8835 7144 3847 8472
internal_count=43926 39395 22464 9777 7252 6748 4531 4462 16931 538 399 16393 3858 4050 15509 884 838 5699 4979 4238 3890 12687 4215 3776 782 9810 8835 7144 3847 8472
is_linear=0
shrinkage=0.01


Tree=3
num_leaves=30
num_cat=0
split_feature=4 41 42 43 34 26 3 37 41 37 37 4 42 10 3 42 42 7 3 26 1 1 3 6 42 7 6 4 43
split_gain=8.19848e-05 5.77342e-05 2.97961e-05 2.77786e-05 2.65938e-05 4.05433e-05 2.4974e-05 1.45167e-05 1.1409e-05 7.59789e-06 6.96008e-06 6.009e-06 4.11003e-05 7.73231e-06 7.44405e-06 1.36312e-05 5.88459e-06 1.90957e-05 9.66998e-06 9.61971e-06 7.61346e-06 5.3245e-06 4.75128e-06 5.24812e-06 4.84162e-06 4.14806e-06 3.43824e-06 3.21416e-06 1.81412e-06
threshold=147.36531320972813 0.0011896770715812976 0.16335714285714317 0.78545358439598445 0.00062002051413066999 0.00041200032946156262 143.26497500000002 -0.034991017350582167 0.00026689276756684935 -0.050005564211748725 0.0095422636118115741 149.73854084026033 0.12724285714285616 0.00014452557759309621 148.12117500000002 0.054946428571431442 0.057923214285715029 -0.013768655306173543 146.54172500000001 0.00021730731625020004 144.68743151600043 157.37160406235228 143.60347500000003 0.10424211866114776 0.028699999999998133 -0.10598730488353257 -0.17667533183866621 147.39054512083194 0.69615644876536475
decision_type=2 2 2 2 2 2 2 2 2 2 2 2 2 2 2 2 2 2 2 2 2 2 2 2 2 2 2 2 2
left_child=1 6 -3 -2 -5 11 8 -4 -1 -10 25 14 13 -13 15 -6 17 -8 19 20 -18 -15 -19 24 -24 -11 -22 -17 -27
right_child=3 2 7 4 5 -7 16 -9 9 10 -12 12 -14 21 -16 27 18 22 -20 -21 26 -23 23 -25 -26 28 -28 -29 -30
leaf_value=0 0 0 0 0 0 0 0 6.1132025601802784e-06 0 0 0 0 0 -2.1483242127389901e-06 0 0 0 0 0 0 0 0 0 0 1.1584952218515571e-06 0 -1.1017485325973258e-06 -1.2217060074228793e-06 1.5819228834679312e-06
leaf_weight=403 3387 219 61 8179 1083 2389 1831 367 31 132 1210 134 423 4223 2427 42 3022 154 1332 2428 36 678 86 31 2797 40 2687 1633 2547
leaf_count=403 3387 219 61 8179 1083 2389 1831 367 31 132 1210 134 423 4223 2427 42 3022 154 1332 2428 36 678 86 31 2797 40 2687 1633 2547
internal_value=0 4.65451e-07 3.78945e-06 -4.02873e-07 -5.64965e-07 -8.50626e-07 1.90943e-07 5.35344e-06 8.53923e-07 1.04473e-06 1.1373e-06 -1.12557e-06 -1.60588e-06 -1.90045e-06 -4.1349e-08 -5.22583e-07 0 2.71304e-07 -1.54822e-07 -3.82345e-07 -6.12702e-07 -1.96678e-06 8.60165e-07 9.70575e-07 1.06497e-06 1.45772e-06 -1.03516e-06 -1.12396e-06 1.54715e-06
internal_weight=0 19414 647 24598 21211 13032 18767 428 4363 3960 3929 10643 5458 5035 5185 2758 14404 4899 9505 8173 5745 4901 3068 2914 2883 2719 2723 1675 2587
internal_count=44012 19414 647 24598 21211 13032 18767 428 4363 3960 3929 10643 5458 5035 5185 2758 14404 4899 9505 8173 5745 4901 3068 2914 2883 2719 2723 1675 2587
is_linear=0
shrinkage=0.01


Tree=4
num_leaves=31
num_cat=0
split_feature=5 41 4 5 34 43 2 26 42 42 7 41 5 41 42 40 7 4 37 7 43 2 34 9 0 21 2 2 41 42
split_gain=8.42819e-05 4.77239e-05 6.22085e-05 2.70161e-05 2.54406e-05 4.73024e-05 3.66579e-05 4.39159e-05 1.96739e-05 1.47319e-05 1.60665e-05 2.1782e-05 1.16602e-05 1.46444e-05 1.15373e-05 1.23435e-05 1.40891e-05 1.13539e-05 1.12608e-05 1.07602e-05 7.64091e-06 8.48644e-06 6.89115e-06 6.57956e-06 6.47144e-06 2.37973e-06 8.8587e-07 3.27009e-07 1.27878e-09 6.64175e-06
threshold=147.18118141234348 0.0011896770715812976 147.13483258741107 143.0395027934135 0.00062002051413066999 1.0030712824212207 149.37789840317399 0.00044994292477433713 0.15088571428571665 0.13153392857142751 -0.1528675007770057 0.00071966467116021374 145.68033481085735 0.00069730362964094651 0.039666071428573049 0.017830006826937649 -0.10156076083810205 147.55105350820824 -0.04526876222300584 0.1459173778298081 0.82090581093837633 147.31814019513899 0.00064106514717537737 0.023000000000010349 82.029982818162921 -0.65868751950735749 148.91150704171602 147.29731155249263 0.0006453317125106288 0.041667857142859491
decision_type=2 2 2 2 2 2 2 2 2 2 2 2 2 2 2 2 2 2 2 2 2 2 2 2 2 2 2 2 2 2
left_child=1 3 8 14 -2 26 -7 22 -3 12 -11 -12 28 20 -1 16 -16 19 -18 -13 -14 -22 -8 -24 -25 -20 27 -6 29 -5
right_child=4 2 -4 9 5 6 7 -9 -10 10 11 17 13 -15 15 -17 18 -19 25 -21 21 -23 23 24 -26 -27 -28 -29 -30 -31
leaf_value=0 0 0 0 0 0 0 0 0 6.0137729662795805e-06 0 0 -3.5337253560453635e-06 0 0 0 0 0 0 0 0 1.2105352351462425e-06 0 0 -2.700072837067236e-06 0 1.7644617338419264e-06 0 -2.0657310647175499e-07 0 -3.0085394562995287e-07
leaf_weight=404 9351 157 161 943 31 2475 62 633 471 70 49 583 800 608 230 706 40 43 40 83 3022 196 54 2821 56 2879 5127 2842 1624 7339
leaf_count=404 9351 157 161 943 31 2475 62 633 471 70 49 583 800 608 230 706 40 43 40 83 3022 196 54 2821 56 2879 5127 2842 1624 7339
internal_value=0 5.03588e-07 3.34974e-06 2.3671e-07 -3.71832e-07 -6.4059e-07 -1.3129e-06 -1.97763e-06 4.89869e-06 0 -1.24676e-06 -1.95363e-06 1.13033e-07 5.40533e-07 9.40531e-07 1.12807e-06 1.39329e-06 -2.67418e-06 1.60257e-06 -3.05234e-06 8.37154e-07 1.05473e-06 -2.49103e-06 -2.56351e-06 -2.63127e-06 1.72892e-06 0 -1.75588e-07 0 -3.92937e-09
internal_weight=0 20448 789 19659 23452 14101 6101 3626 628 15360 828 758 14532 4626 4299 3895 3189 709 2959 666 4018 3218 2993 2931 2877 2919 8000 2873 9906 8282
internal_count=43900 20448 789 19659 23452 14101 6101 3626 628 15360 828 758 14532 4626 4299 3895 3189 709 2959 666 4018 3218 2993 2931 2877 2919 8000 2873 9906 8282
is_linear=0
shrinkage=0.01


Tree=5
num_leaves=31
num_cat=0
split_feature=5 4 43 7 7 34 7 0 43 7 30 40 2 3 0 41 41 43 4 0 43 10 33 5 0 3 5 41 11 30
split_gain=7.99803e-05 3.67025e-05 6.76222e-05 2.57441e-05 2.82341e-05 2.77362e-05 2.16036e-05 1.31166e-05 1.25714e-05 1.19509e-05 1.75241e-05 1.66258e-05 1.33065e-05 1.68002e-05 1.01836e-05 1.31045e-05 2.20153e-05 1.48638e-05 1.5792e-05 6.58933e-06 6.41419e-06 5.52852e-06 4.51589e-06 3.38953e-06 1.95586e-06 1.54536e-06 8.5827e-06 4.35248e-06 5.45247e-07 4.71839e-07
threshold=142.44376574850895 149.82412323710506 0.92968485142658153 -0.049857416109677255 0.076566636655779383 0.00066903288484195368 0.15717099553059974 81.105951538597751 0.82760684037998811 0.032667751549748193 0.0015419279133737976 -0.042886946526178173 147.59968400539739 144.23382500000005 39.224229304815061 0.00049739156549883105 0.0012321540110976782 1.1711419218476222 148.96045697053208 81.105951538597751 0.92192893375997131 0.00013851182971403168 0.0011921415246454493 143.28365324137732 14.199291031073573 152.30915000000002 156.94423002335617 0.00030256187659256749 0.0014999999999929516 0.0060655860955499677
decision_type=2 2 2 2 2 2 2 2 2 2 2 2 2 2 2 2 2 2 2 2 2 2 2 2 2 2 2 2 2 2
left_child=6 9 25 -4 5 -5 8 21 -1 14 -11 -12 13 -13 20 -16 17 18 -17 -15 -2 -7 -22 -24 -25 -3 27 -27 -10 -29
right_child=1 2 3 4 -6 7 -8 -9 28 10 11 12 -14 19 15 16 -18 -19 -20 -21 22 -23 23 24 -26 26 -28 29 -30 -31
leaf_value=0 0 0 0 0 0 0 0 0 0 0 0 0 0 1.8851453974539256e-06 0 -1.5256091892160866e-06 0 0 0 0 0 -2.7157213459647006e-06 0 0 6.8488275611655334e-07 0 0 9.5915425038694087e-07 2.5810429254551744e-06 0
leaf_weight=339 2594 1911 1281 2505 550 49 50 152 55 1389 121 1389 1577 2328 9364 3252 254 1519 410 315 614 2845 470 193 3537 501 944 1625 1644 30
leaf_count=339 2594 1911 1281 2505 550 49 50 152 55 1389 121 1389 1577 2328 9364 3252 254 1519 410 315 614 2845 470 193 3537 501 944 1625 1644 30
internal_value=0 -1.11222e-07 -5.81197e-07 -1.21782e-06 -1.48876e-06 -1.71598e-06 1.89283e-06 -2.50529e-06 2.17499e-06 0 4.08782e-07 7.16534e-07 9.06032e-07 1.21323e-06 -1.5643e-08 -2.58917e-07 -6.5087e-07 -9.32362e-07 -1.27895e-06 1.69735e-06 6.53871e-08 -2.65693e-06 3.73913e-07 5.17458e-07 6.2639e-07 0 2.23261e-07 6.85344e-07 2.5326e-06 9.35307e-07
internal_weight=0 41719 12393 7382 6101 5551 2088 3046 2038 29326 7119 5730 5609 4032 22207 14799 5435 5181 3662 2643 7408 2894 4814 4200 3730 5011 3100 2156 1699 1655
internal_count=43807 41719 12393 7382 6101 5551 2088 3046 2038 29326 7119 5730 5609 4032 22207 14799 5435 5181 3662 2643 7408 2894 4814 4200 3730 5011 3100 2156 1699 1655
is_linear=0
shrinkage=0.01


Tree=6
num_leaves=31
num_cat=0
split_feature=5 41 4 34 43 2 26 5 37 42 8 40 7 37 42 41 5 41 4 41 21 34 26 2 41 43 2 2 42 42
split_gain=7.90929e-05 2.98665e-05 5.21597e-05 2.7149e-05 3.96432e-05 3.49089e-05 3.24549e-05 2.62508e-05 2.23184e-05 4.87096e-05 1.26577e-05 1.60111e-05 1.65189e-05 1.6668e-05 1.12412e-05 1.08328e-05 1.06912e-05 1.47946e-05 1.04732e-05 7.31821e-06 6.78469e-06 6.4047e-06 4.11703e-06 4.00302e-06 3.4529e-06 1.4612e-06 1.09357e-06 2.55396e-07 2.49645e-07 4.7827e-06
threshold=147.18118141234348 0.0011896770715812976 147.13483258741107 0.00062002051413066999 1.0030712824212207 149.23040629407271 0.00044994292477433713 143.0395027934135 -0.057914993519553148 0.15870714285714377 0.039285714285716124 0.014310321597175222 -0.10156076083810205 -0.050005564211748725 0.13153392857142751 0.00071966467116021374 145.68033481085735 0.00071966467116021374 147.57856033895203 0.0011117989153256525 0.62211903077195474 0.00064106514717537737 -0.00058623055354961433 147.43713568194781 0.0001952892556115485 0.76633034419942814 153.60528701508292 147.29731155249263 0.041667857142859491 0.090075000000000988
decision_type=2 2 2 2 2 2 2 2 2 2 2 2 2 2 2 2 2 2 2 2 2 2 2 2 2 2 2 2 2 2
left_child=1 7 8 -2 26 -6 20 10 -3 -10 -1 12 -12 -14 16 -16 28 23 19 -17 21 -7 -23 24 -18 -15 27 -5 -9 -30
right_child=3 2 -4 4 5 6 -8 14 9 -11 11 -13 13 25 15 18 17 -19 -20 -21 -22 22 -24 -25 -26 -27 -28 -29 29 -31
leaf_value=0 0 0 0 0 0 0 0 0 0 6.6978793579073724e-06 0 0 0 0 0 -2.5068180549586312e-06 0 0 0 0 0 0 -2.6419245764366805e-06 0 9.138665771758535e-07 1.9577558871895243e-06 0 -1.5329676666562289e-07 -2.6690127091680484e-07 0
leaf_weight=440 9414 42 172 33 2312 62 642 930 181 416 224 883 30 205 59 622 57 506 40 101 72 336 2705 50 4035 2546 2256 5740 7064 1874
leaf_count=440 9414 42 172 33 2312 62 642 930 181 416 224 883 30 205 59 622 57 506 40 101 72 336 2705 50 4035 2546 2256 5740 7064 1874
internal_value=0 4.51436e-07 2.79923e-06 -3.98116e-07 -6.75008e-07 -1.30356e-06 -1.90865e-06 2.0203e-07 4.25473e-06 4.80752e-06 8.89914e-07 1.09868e-06 1.44725e-06 1.69031e-06 0 -1.12904e-06 7.23168e-08 4.96322e-07 -1.67106e-06 -2.09639e-06 -2.32414e-06 -2.39699e-06 -2.4644e-06 7.9598e-07 8.59735e-07 1.86926e-06 0 -1.37629e-07 0 -5.28487e-08
internal_weight=0 20477 811 23572 14158 6129 3817 19666 639 597 4328 3888 3005 2781 15338 822 14516 4648 763 723 3175 3103 3041 4142 4092 2751 8029 5773 9868 8938
internal_count=44049 20477 811 23572 14158 6129 3817 19666 639 597 4328 3888 3005 2781 15338 822 14516 4648 763 723 3175 3103 3041 4142 4092 2751 8029 5773 9868 8938
is_linear=0
shrinkage=0.01


Tree=7
num_leaves=22
num_cat=0
split_feature=5 30 40 8 5 0 34 26 8 9 5 34 1 10 0 38 42 3 3 30 42
split_gain=8.7046e-05 3.41337e-05 2.23523e-05 2.98302e-05 4.41887e-05 3.37161e-05 2.06044e-05 2.54792e-05 1.73006e-05 1.16827e-05 1.06314e-05 1.08326e-05 4.49484e-06 4.02226e-06 1.81472e-06 1.05503e-06 4.37608e-07 1.32781e-05 8.29146e-06 1.82596e-07 1.77067e-07
threshold=147.18118141234348 0.0018542694584753321 -0.042886946526178173 0.17678571428571491 146.5822953695268 78.242647269260274 0.00062002051413066999 0.00040415780245608079 0.11757142857143067 0.10249999999999206 141.45496470618366 0.0039126317269140417 147.36070263093231 0.00016912518410157711 82.029982818162921 -0.0060999264686280386 0.057923214285715029 143.60347500000003 146.80400000000006 0.00069948803318085754 0.030492857142857439
decision_type=2 2 2 2 2 2 2 2 2 2 2 2 2 2 2 2 2 2 2 2 2
left_child=1 16 -3 8 5 9 -2 13 10 -5 -4 12 -12 -8 15 -15 20 -18 -19 -17 -1
right_child=6 2 3 4 -6 -7 7 -9 -10 -11 11 -13 -14 14 -16 19 17 18 -20 -21 -22
leaf_value=0 0 0 0 0 0 0 0 0 0 6.4058843803156956e-06 8.9908796831299464e-07 0 0 0 0 0 0 -9.4229445148626155e-07 0 -9.7322235562963235e-07 7.5725842989850652e-08
leaf_weight=409 9376 370 324 31 55 38 685 2522 1737 473 8452 316 122 423 229 38 1042 2471 341 10222 4205
leaf_count=409 9376 370 324 31 55 38 685 2522 1737 473 8452 316 122 423 229 38 1042 2471 341 10222 4205
internal_value=0 4.61304e-07 8.06471e-07 9.2994e-07 4.18541e-06 5.23858e-06 -4.31091e-07 -6.74669e-07 4.78416e-07 6.01633e-06 6.78076e-07 7.72093e-07 8.62807e-07 -8.79694e-07 -9.26984e-07 -9.45889e-07 0 -9.84437e-08 -6.96726e-07 -9.70502e-07 3.72661e-08
internal_weight=0 20386 11918 11548 597 542 23495 14119 10951 504 9214 8890 8574 11597 10912 10683 8468 3854 2812 10260 4614
internal_count=43881 20386 11918 11548 597 542 23495 14119 10951 504 9214 8890 8574 11597 10912 10683 8468 3854 2812 10260 4614
is_linear=0
shrinkage=0.01


Tree=8
num_leaves=31
num_cat=0
split_feature=5 41 4 43 4 42 7 7 2 5 42 37 9 41 40 7 37 42 3 5 43 4 43 42 41 5 42 10 42 2
split_gain=6.40623e-05 2.91921e-05 4.6458e-05 2.03265e-05 5.07331e-05 2.71608e-05 3.49147e-05 3.49767e-05 2.56384e-05 1.89829e-05 1.79203e-05 1.81562e-05 1.14652e-05 9.17265e-06 1.18916e-05 1.60299e-05 1.50126e-05 5.93941e-06 1.39593e-05 9.55209e-06 9.23825e-06 5.78372e-06 4.26754e-06 3.60229e-06 4.35068e-06 3.29471e-06 3.324e-06 3e-06 2.83511e-06 3.28291e-06
threshold=147.18118141234348 0.0011896770715812976 147.13483258741107 0.98561578864188648 150.09422712898331 0.038923214285715609 -0.049857416109677255 0.078462010944340785 156.93419226833126 143.0395027934135 0.15870714285714377 -0.039150729278331742 0.028000000000005801 0.00026689276756684935 0.014310321597175222 -0.10156076083810205 -0.050005564211748725 0.057923214285715029 146.54172500000001 144.53977225313113 1.5704415591472742 143.71422282543696 0.76633034419942814 0.030492857142857439 0.00046511920081842401 148.05742050889339 0.060330357142856082 0.001595046057665519 0.19145535714285739 157.27666553932281
decision_type=2 2 2 2 2 2 2 2 2 2 2 2 2 2 2 2 2 2 2 2 2 2 2 2 2 2 2 2 2 2
left_child=1 9 10 25 -5 -6 -7 8 12 13 -3 -12 -8 -1 15 -15 -17 21 19 -19 27 -11 -18 -23 -25 -2 -27 -21 29 -28
right_child=3 2 -4 4 5 6 7 -9 -10 17 11 -13 -14 14 -16 16 22 18 -20 20 -22 23 -24 24 -26 26 28 -29 -30 -31
leaf_value=0 -3.2758038549885899e-07 0 0 0 0 0 0 0 0 0 0 6.0306318519340503e-06 -2.9311271082716751e-06 0 0 0 0 0 0 -1.0283792629867605e-06 0 0 1.7557721546114299e-06 6.4264681474785437e-07 0 0 4.2163076987956498e-07 0 0 0
leaf_weight=402 3070 193 162 5597 530 977 59 375 695 355 49 378 2790 235 880 31 215 4443 2072 3646 37 223 2564 4083 405 3461 5311 51 48 579
leaf_count=402 3070 193 162 5597 530 977 59 375 695 355 49 378 2790 235 880 31 215 4443 2072 3646 37 223 2564 4083 405 3461 5311 51 48 579
internal_value=0 3.80362e-07 2.65267e-06 -3.83293e-07 -7.0533e-07 -1.39484e-06 -1.64648e-06 -2.06821e-06 -2.39101e-06 1.37125e-07 4.04524e-06 5.28668e-06 -2.83041e-06 7.23898e-07 9.00764e-07 1.19847e-06 1.45837e-06 0 -1.65647e-07 -4.52879e-07 -8.39593e-07 2.48443e-07 1.64034e-06 4.349e-07 5.2801e-07 0 0 -9.80732e-07 2.36592e-07 3.23363e-07
internal_weight=0 20424 782 23492 11023 5426 4896 3919 3544 19642 620 427 2849 4327 3925 3045 2810 15315 10249 8177 3734 5066 2779 4711 4488 12469 9399 3697 5938 5890
internal_count=43916 20424 782 23492 11023 5426 4896 3919 3544 19642 620 427 2849 4327 3925 3045 2810 15315 10249 8177 3734 5066 2779 4711 4488 12469 9399 3697 5938 5890
is_linear=0
shrinkage=0.01


Tree=9
num_leaves=18
num_cat=0
split_feature=5 30 43 34 43 6 4 42 2 5 10 40 0 30 31 42 42
split_gain=8.51832e-05 2.87651e-05 2.43879e-05 2.36743e-05 2.20212e-05 1.70205e-05 1.69506e-05 8.46429e-06 2.65501e-05 1.07925e-05 8.37585e-06 7.4159e-06 3.63654e-06 5.77224e-06 3.05804e-06 5.85743e-07 2.63206e-07
threshold=147.15599353381916 0.0018335285881615783 0.78545358439598445 0.00062002051413066999 0.89406620579960105 0.063507391653601544 147.41725771431854 0.14441964285714595 149.65457187759804 157.28125324688367 0.00014901010309332309 -0.065486094096106784 77.13559509863255 0.0019658197331421184 -0.2306071421812049 0.057923214285715029 0.028699999999998133
decision_type=2 2 2 2 2 2 2 2 2 2 2 2 2 2 2 2 2
left_child=1 15 -2 -4 -3 7 11 8 -5 10 -10 -6 13 -13 -15 16 -1
right_child=2 4 3 5 6 -7 -8 -9 9 -11 -12 12 -14 14 -16 -17 -18
leaf_value=0 0 0 0 0 0 0 0 0 0 0 -1.8917383149745693e-06 0 0 0 1.43140126601443e-06 -2.8309426683175862e-08 1.3858469966304081e-07
leaf_weight=294 3296 3274 8002 4781 38 2072 628 391 119 649 4298 559 620 39 6747 3762 4263
leaf_count=294 3296 3274 8002 4781 38 2072 628 391 119 649 4298 559 620 39 6747 3762 4263
internal_value=0 5.00325e-07 -3.82591e-07 -5.38695e-07 8.16614e-07 -8.19229e-07 1.08395e-06 -9.8651e-07 -1.04776e-06 -1.63029e-06 -1.81457e-06 1.21611e-06 1.25662e-06 1.32736e-06 1.41141e-06 0 1.10414e-07
internal_weight=0 20224 23608 20312 11905 12310 8631 10238 9847 5066 4417 8003 7965 7345 6786 8319 4557
internal_count=43832 20224 23608 20312 11905 12310 8631 10238 9847 5066 4417 8003 7965 7345 6786 8319 4557
is_linear=0
shrinkage=0.01


Tree=10
num_leaves=31
num_cat=0
split_feature=5 43 4 42 41 4 7 4 40 42 42 7 2 6 41 4 31 30 0 9 1 30 3 41 40 30 40 8 30 4
split_gain=7.40473e-05 2.91632e-05 5.53415e-05 3.13546e-05 2.86687e-05 6.05114e-05 2.14431e-05 3.71557e-05 2.11279e-05 2.77474e-05 1.87519e-05 2.46611e-05 1.46684e-05 2.22353e-05 2.18885e-05 2.4235e-05 1.33211e-05 8.3818e-06 8.27954e-06 4.55908e-06 4.24164e-06 4.2895e-06 4.06073e-06 6.47864e-06 3.57544e-06 3.00085e-06 2.99957e-06 2.14771e-06 1.98358e-06 2.35085e-06
threshold=147.18118141234348 0.99699008818610968 150.16897511683433 0.038923214285715609 0.0011896770715812976 147.13483258741107 0.078462010944340785 156.67330185768597 -0.065486094096106784 0.15870714285714377 0.13153392857142751 -0.012384968493924122 143.37813261774127 -0.16138951239818763 0.00072615616579398275 147.57856033895203 0.97469960895472096 0.0063035213402766839 82.87476983397552 0.024999999999991477 148.24452878743992 0.00141970847307243 153.62615000000002 0.00029166441222936958 -0.042886946526178173 0.00071931369480656131 0.022794027154524901 0.028285714285714348 0.0068704323696757493 158.19789291016454
decision_type=2 2 2 2 2 2 2 2 2 2 2 2 2 2 2 2 2 2 2 2 2 2 2 2 2 2 2 2 2 2
left_child=4 20 -3 -4 10 8 7 18 -6 -10 11 -1 -12 -14 -15 16 -16 24 19 -5 25 -22 -23 -24 -13 -2 27 -26 29 -25
right_child=1 2 3 6 5 -7 -8 -9 9 -11 12 17 13 14 15 -17 -18 -19 -20 -21 21 22 23 28 26 -27 -28 -29 -30 -31
leaf_value=0 0 0 0 0 0 0 0 0 0 6.4064460203821294e-06 0 0 0 0 -3.9128525908634192e-06 0 0 0 0 -2.6042490701691744e-06 0 0 0 1.0166553614403552e-06 0 -4.827175826180776e-07 0 8.6258560650087429e-07 0 0
leaf_weight=7981 246 5363 497 34 32 173 332 918 181 420 245 55 77 45 629 32 47 167 40 3217 3675 3928 193 1881 235 2987 798 9302 33 92
leaf_count=7981 246 5363 497 34 32 173 332 918 181 420 245 55 77 45 629 32 47 167 40 3217 3675 3928 193 1881 235 2987 798 9302 33 92
internal_value=0 -3.63132e-07 -7.59933e-07 -1.51348e-06 4.59658e-07 2.79781e-06 -1.79771e-06 -1.99902e-06 4.41826e-06 4.90648e-06 2.10573e-07 3.8479e-07 -3.09903e-09 -1.32915e-06 -2.21336e-06 -2.88106e-06 -3.50381e-06 7.02558e-07 -2.49791e-06 -2.56339e-06 0 5.3598e-08 2.73134e-07 6.26483e-07 7.63014e-07 -3.49967e-07 7.87327e-07 8.38571e-07 8.67843e-07 9.30735e-07
internal_weight=0 23436 10401 5038 20419 806 4541 4209 633 601 19613 18538 1075 830 753 708 676 10557 3291 3251 13035 9802 6127 2199 10390 3233 10335 9537 2006 1973
internal_count=43855 23436 10401 5038 20419 806 4541 4209 633 601 19613 18538 1075 830 753 708 676 10557 3291 3251 13035 9802 6127 2199 10390 3233 10335 9537 2006 1973
is_linear=0
shrinkage=0.01


Tree=11
num_leaves=31
num_cat=0
split_feature=5 4 43 42 6 4 6 41 40 7 4 9 42 41 4 4 5 43 40 2 7 1 5 43 37 42 0 6 1 42
split_gain=6.89059e-05 2.92459e-05 6.63028e-05 3.34717e-05 3.05454e-05 5.24222e-05 1.88916e-05 2.18852e-05 1.9302e-05 1.27308e-05 7.78069e-06 7.54781e-06 6.01167e-06 1.50906e-05 3.47158e-05 6.87727e-05 2.63772e-05 3.10936e-05 2.1258e-05 1.07978e-05 1.036e-05 1.46727e-05 8.22727e-06 9.37775e-06 7.65286e-06 4.0436e-06 2.95103e-06 2.82867e-06 3.40528e-06 4.29883e-06
threshold=143.0395027934135 149.82412323710506 0.94739757500653321 0.039335714285713773 0.065014168682651544 156.67330185768597 0.16545591684067065 0.00027145891121699354 -0.054702536309999092 -0.05409500621584825 143.8504269299535 0.028000000000005801 0.057419642857143481 0.0011896770715812976 147.13483258741107 145.4163808932295 147.85520247053782 1.1294311744584065 -0.012928051097407262 144.6898939514432 -0.014249032791029086 148.33862152078592 143.68619359771765 0.82532741265325049 0.019558640022564147 0.15088571428571665 14.199291031073573 -0.067568051322481879 149.60654757061704 0.092860714285714727
decision_type=2 2 2 2 2 2 2 2 2 2 2 2 2 2 2 2 2 2 2 2 2 2 2 2 2 2 2 2 2 2
left_child=6 12 -3 -4 5 9 7 -1 -9 -5 26 -11 20 16 15 -15 17 18 -14 -20 -2 22 -22 -24 -25 -17 -10 -18 29 -29
right_child=1 2 3 4 -6 -7 -8 8 10 11 -12 -13 13 14 -16 25 27 -19 19 -21 21 -23 23 24 -26 -27 -28 28 -30 -31
leaf_value=0 0 0 0 0 0 0 0 0 0 0 0 -2.6210773296594829e-06 0 0 0 0 0 0 0 -1.3730878751262062e-06 0 0 0 1.1800708299049612e-06 0 6.5328107333313383e-06 1.8469644514148409e-06 6.7331590207574471e-07 0 0
leaf_weight=420 2900 5425 677 851 806 1058 106 39 33 90 37 3491 2068 112 256 55 507 2701 2769 5390 359 1383 785 4002 182 260 3873 2323 158 699
leaf_count=420 2900 5425 677 851 806 1058 106 39 33 90 37 3491 2068 112 256 55 507 2701 2769 5390 359 1383 785 4002 182 260 3873 2323 158 699
internal_value=0 -1.38934e-07 -5.45053e-07 -1.21615e-06 -1.47297e-06 -1.74485e-06 1.16624e-06 1.34982e-06 1.60116e-06 -2.22575e-06 1.75459e-06 -2.54689e-06 0 -5.72802e-08 7.21569e-07 2.99283e-06 -2.69866e-07 -5.45549e-07 -8.24773e-07 -1.05508e-06 2.37998e-07 4.85268e-07 7.56294e-07 8.82533e-07 1.07196e-06 5.82671e-06 1.81849e-06 0 2.98234e-07 4.54164e-07
internal_weight=0 39307 12398 6973 6296 5490 4508 4402 3982 4432 3943 3581 26909 17298 683 427 16615 12928 10227 8159 9611 6711 5328 4969 4184 315 3906 3687 3180 3022
internal_count=43815 39307 12398 6973 6296 5490 4508 4402 3982 4432 3943 3581 26909 17298 683 427 16615 12928 10227 8159 9611 6711 5328 4969 4184 315 3906 3687 3180 3022
is_linear=0
shrinkage=0.01


Tree=12
num_leaves=28
num_cat=0
split_feature=5 30 43 4 8 7 4 43 4 26 9 11 0 31 7 5 2 3 5 5 5 2 7 2 5 7 7
split_gain=7.24371e-05 3.61658e-05 2.84043e-05 4.69278e-05 2.48914e-05 2.97853e-05 3.08358e-05 2.29558e-05 2.33947e-05 1.37285e-05 7.45334e-06 7.20051e-06 6.17623e-06 4.1065e-06 3.15124e-06 2.98219e-06 1.73142e-06 7.60849e-06 7.7632e-07 5.18601e-07 8.73177e-06 2.20781e-06 4.5671e-07 7.81028e-08 2.50405e-08 7.42457e-09 1.03143e-06
threshold=147.15599353381916 0.0019658197331421184 0.98561578864188648 149.73854084026033 0.053571428571433655 0.082810849514290949 156.67330185768597 0.89950688112799504 147.39054512083194 0.0012354378071374754 0.028000000000005801 0.0050000000000096642 81.105951538597751 -0.11536650074045664 0.15717099553059974 148.12580684722036 157.27666553932281 152.30915000000002 147.18118141234348 142.44376574850895 145.17990180452071 143.14255680623779 -0.055237238678347074 147.29731155249263 149.5963089572364 -0.018444328884732082 0.039991679119541067
decision_type=2 2 2 2 2 2 2 2 2 2 2 2 2 2 2 2 2 2 2 2 2 2 2 2 2 2 2
left_child=1 19 15 -4 -5 6 10 -3 9 11 -6 -9 -12 -13 -15 18 17 24 -2 22 21 -21 -1 -20 -17 -22 -27
right_child=2 7 3 4 5 -7 -8 8 -10 -11 12 13 -14 14 -16 16 -18 -19 23 20 25 -23 -24 -25 -26 26 -28
leaf_value=0 0 0 0 0 0 0 0 0 0 0 -2.3802704037987612e-06 0 0 1.4938683427824619e-06 0 0 0 5.7970050681602081e-07 0 0 0 -4.9936545690489502e-07 2.5923989771351857e-07 -3.5465219965116192e-07 -3.2689475482462481e-08 2.6131823077876093e-07 0
leaf_weight=32 92 3104 4896 1071 38 372 832 543 712 147 3780 137 53 6427 41 3052 1119 2779 92 1042 897 4585 715 3050 2343 1521 373
leaf_count=32 92 3104 4896 1071 38 372 832 543 712 147 3780 137 53 6427 41 3052 1119 2779 92 1042 897 4585 715 3050 2343 1521 373
internal_value=0 4.01779e-07 -4.10444e-07 -7.85373e-07 -1.36809e-06 -1.66044e-06 -1.89958e-06 7.87441e-07 1.07103e-06 1.25688e-06 -2.27606e-06 1.34324e-06 -2.32943e-06 1.43584e-06 1.47268e-06 0 0 1.45538e-07 -3.03653e-07 0 -7.66498e-08 -4.04916e-07 5.66819e-08 -3.45847e-07 0 0 1.97975e-08
internal_weight=0 20276 23569 11042 6146 5075 4703 11111 8007 7295 3871 7148 3833 6605 6468 12527 9293 8174 3234 9165 8418 5627 747 3142 5395 2791 1894
internal_count=43845 20276 23569 11042 6146 5075 4703 11111 8007 7295 3871 7148 3833 6605 6468 12527 9293 8174 3234 9165 8418 5627 747 3142 5395 2791 1894
is_linear=0
shrinkage=0.01


Tree=13
num_leaves=31
num_cat=0
split_feature=5 10 43 3 7 3 42 5 0 8 40 5 8 7 40 3 5 10 8 5 42 42 0 37 26 41 3 41 3 42
split_gain=8.73286e-05 3.91626e-05 3.47998e-05 4.17249e-05 2.78775e-05 2.98756e-05 2.86475e-05 1.32389e-05 1.29435e-05 2.51e-05 1.17224e-05 1.40008e-05 7.49604e-06 8.71005e-06 1.28541e-05 3.98307e-06 1.0548e-05 3.78148e-06 3.77248e-06 1.67866e-05 1.00299e-05 1.69275e-05 3.58404e-06 2.7641e-06 3.65081e-06 2.30713e-06 2.41863e-06 2.09758e-06 2.01072e-06 1.43662e-06
threshold=147.15599353381916 0.0010005837016361446 0.98561578864188648 148.58742500000002 0.082810849514290949 156.53712500000003 0.046814285714285885 143.0395027934135 78.242647269260274 0.16607142857142779 -0.065486094096106784 146.74243166349112 0.038500000000004177 -0.053054042606604242 0.014310321597175222 152.30915000000002 156.94423002335617 0.00017574811246982765 0.10628571428571122 145.60856276282206 0.11532142857142753 0.20630892857142732 82.029982818162921 -0.041963415725887646 -0.00040183428994459335 0.0001952892556115485 147.32357500000003 0.00069730362964094651 147.34337500000004 0.040848214285715105
decision_type=2 2 2 2 2 2 2 2 2 2 2 2 2 2 2 2 2 2 2 2 2 2 2 2 2 2 2 2 2 2
left_child=1 7 15 -4 5 6 -5 12 9 -3 -11 -12 -1 -14 23 -2 -17 -8 19 29 -20 28 -19 -15 -25 -21 27 -27 -22 -9
right_child=2 8 3 4 -6 -7 17 18 -10 10 11 -13 13 14 -16 16 -18 22 20 25 21 -23 -24 24 -26 26 -28 -29 -30 -31
leaf_value=0 -1.821417365832781e-07 0 0 0 0 0 0 0 0 0 5.3442763048190362e-06 0 0 0 0 6.5490218266415223e-07 0 -2.0836255871058745e-06 0 0 -1.9346475568644604e-06 0 0 0 1.5453391457369056e-06 8.0218476909857308e-07 0 0 0 -1.356326952404053e-07
leaf_weight=402 8632 1153 3323 1112 434 1169 43 864 141 42 497 43 704 35 640 2720 1209 4960 682 52 867 43 65 58 2172 3712 136 112 30 7809
leaf_count=402 8632 1153 3323 1112 434 1169 43 864 141 42 497 43 704 35 640 2720 1209 4960 682 52 867 43 65 58 2172 3712 136 112 30 7809
internal_value=0 4.57501e-07 -4.36338e-07 -8.4797e-07 -1.24985e-06 -1.42608e-06 -1.70346e-06 1.31384e-07 2.04241e-06 2.29266e-06 4.4693e-06 4.86795e-06 6.39429e-07 8.13693e-07 1.0594e-06 0 1.68774e-07 -2.02575e-06 0 4.6877e-08 -4.64065e-07 -1.19926e-06 -2.05281e-06 1.41663e-06 1.47047e-06 6.5217e-07 6.99404e-07 7.54855e-07 -1.84218e-06 0
internal_weight=0 20194 23667 11106 7783 7349 6180 18318 1876 1735 582 540 4011 3609 2905 12561 3929 5068 14307 12685 1622 940 5025 2265 2230 4012 3960 3824 897 8673
internal_count=43861 20194 23667 11106 7783 7349 6180 18318 1876 1735 582 540 4011 3609 2905 12561 3929 5068 14307 12685 1622 940 5025 2265 2230 4012 3960 3824 897 8673
is_linear=0
shrinkage=0.01


end of trees

feature_importances:
atr_ma=45
bb_lower=43
bb_upper=32
atr_normalized=32
macd_signal=31
atr_ratio=29
ema_slow=25
macd_strength=21
bb_middle=20
rsi=19
bb_width=13
price_bb_lower_dist=12
atr=11
macd_hist=11
ema_cross_pct=9
ema_fast=8
macd=8
range_pct=8
range=6
bb_position=3
body=2
rsi_normalized=2
ema_cross=2
price_bb_upper_dist=1
macd_hist_change=1

parameters:
[boosting: gbdt]
[objective: regression]
[metric: l2]
[tree_learner: serial]
[device_type: cpu]
[data: ]
[valid: ]
[num_iterations: 300]
[learning_rate: 0.01]
[num_leaves: 31]
[num_threads: 8]
[deterministic: 0]
[force_col_wise: 0]
[force_row_wise: 0]
[histogram_pool_size: -1]
[max_depth: 8]
[min_data_in_leaf: 30]
[min_sum_hessian_in_leaf: 0.001]
[bagging_fraction: 0.9]
[pos_bagging_fraction: 1]
[neg_bagging_fraction: 1]
[bagging_freq: 1]
[bagging_seed: 400]
[feature_fraction: 0.9]
[feature_fraction_bynode: 1]
[feature_fraction_seed: 30056]
[extra_trees: 0]
[extra_seed: 12879]
[early_stopping_round: 0]
[first_metric_only: 0]
[max_delta_step: 0]
[lambda_l1: 0.3]
[lambda_l2: 0.3]
[linear_lambda: 0]
[min_gain_to_split: 0]
[drop_rate: 0.1]
[max_drop: 50]
[skip_drop: 0.5]
[xgboost_dart_mode: 0]
[uniform_drop: 0]
[drop_seed: 17869]
[top_rate: 0.2]
[other_rate: 0.1]
[min_data_per_group: 100]
[max_cat_threshold: 32]
[cat_l2: 10]
[cat_smooth: 10]
[max_cat_to_onehot: 4]
[top_k: 20]
[monotone_constraints: ]
[monotone_constraints_method: basic]
[monotone_penalty: 0]
[feature_contri: ]
[forcedsplits_filename: ]
[refit_decay_rate: 0.9]
[cegb_tradeoff: 1]
[cegb_penalty_split: 0]
[cegb_penalty_feature_lazy: ]
[cegb_penalty_feature_coupled: ]
[path_smooth: 0]
[interaction_constraints: ]
[verbosity: 1]
[saved_feature_importance_type: 0]
[linear_tree: 0]
[max_bin: 255]
[max_bin_by_feature: ]
[min_data_in_bin: 3]
[bin_construct_sample_cnt: 200000]
[data_random_seed: 175]
[is_enable_sparse: 1]
[enable_bundle: 1]
[use_missing: 1]
[zero_as_missing: 0]
[feature_pre_filter: 1]
[pre_partition: 0]
[two_round: 0]
[header: 0]
[label_column: ]
[weight_column: ]
[group_column: ]
[ignore_column: ]
[categorical_feature: ]
[forcedbins_filename: ]
[precise_float_parser: 0]
[parser_config_file: ]
[objective_seed: 16083]
[num_class: 1]
[is_unbalance: 0]
[scale_pos_weight: 1]
[sigmoid: 1]
[boost_from_average: 1]
[reg_sqrt: 0]
[alpha: 0.9]
[fair_c: 1]
[poisson_max_delta_step: 0.7]
[tweedie_variance_power: 1.5]
[lambdarank_truncation_level: 30]
[lambdarank_norm: 1]
[label_gain: ]
[lambdarank_position_bias_regularization: 0]
[eval_at: ]
[multi_error_top_k: 1]
[auc_mu_weights: ]
[num_machines: 1]
[local_listen_port: 12400]
[time_out: 120]
[machine_list_filename: ]
[machines: ]
[gpu_platform_id: -1]
[gpu_device_id: -1]
[gpu_use_dp: 0]
[num_gpu: 1]

end of parameters

pandas_categorical:[]
