tree
version=v4
num_class=1
num_tree_per_iteration=1
label_index=0
max_feature_idx=38
objective=regression
feature_names=rsi ema_fast ema_slow bb_middle bb_upper bb_lower atr range range_pct body body_pct upper_shadow lower_shadow is_bullish return_1 return_3 return_6 return_12 log_return rsi_normalized rsi_overbought rsi_oversold rsi_divergence ema_cross ema_cross_pct ema_cross_signal price_ema_fast_dist price_ema_slow_dist bb_width bb_position bb_position_normalized price_bb_upper_dist price_bb_lower_dist bb_breakout_upper bb_breakout_lower atr_normalized atr_ma atr_ratio signal_convergence
feature_infos=[0:99.755467076367083] [140.01794868368825:158.46374932756453] [140.09390840731587:158.4287960737224] [0:158.45214999999999] [0:158.98423446083257] [0:158.37119522484221] [0:0.55142857142856927] [0:1.4489999999999839] [0:0.0098924731182794597] [0:1.2740000000000009] [0:0.0087871159085422691] [0:0.45400000000000773] [0:0.6290000000000191] [0:1] [-0.010440345742870893:0.0086544548876104077] [-0.010346048081897208:0.011121306408549358] [-0.012740376631571793:0.01214236927980572] [-0.015822511541399464:0.020290175029493485] [-0.010495228483220405:0.0086172197717689965] [-1:0.99510934152734165] [0:1] [0:1] [-56.904350987366826:51.361182180793548] [-0.57514457178655221:0.76835340664820251] [-0.003883435549732969:0.0051884219504909346] [0:1] [-0.0088498120556881627:0.0085436527782316064] [-0.0096167762950344661:0.012337377364785844] [0:0.031342652110744211] [-0.54651378490698344:1.552884196153675] [-2.0930275698139669:2.10576839230735] [-0.0045480417175792053:0.02223832595088774] [-0.0050724392954735378:0.027298010487932362] [0:1] [0:1] [0:0.0037228501986805917] [0:0.42936785714285552] [0:3.4066658717779674] [0:2]
tree_sizes=2231 1590 1762 1100 2059 1803

Tree=0
num_leaves=21
num_cat=0
split_feature=5 5 24 32 24 24 28 19 36 3 19 8 36 24 1 19 5 2 19 19
split_gain=7.59824e-05 3.16333e-05 2.12782e-05 2.12137e-05 2.06361e-05 1.99254e-05 1.59583e-05 1.46116e-05 1.26419e-05 9.97676e-06 3.37496e-06 3.81196e-06 3.1837e-06 1.14935e-05 7.37495e-06 2.32595e-06 1.6331e-06 1.34925e-06 1.1747e-06 9.8378e-07
threshold=147.18118141234348 142.44376574850895 0.0012354378071374754 0.00062002051413066999 0.00053528166315075119 0.00021730731625020004 0.0016699625788615556 0.62211903077195474 0.038575000000003919 144.23382500000005 0.73807221750716956 0.00016912518410157711 0.073092857142860027 -0.00037752903281396014 143.60608135331958 -0.65868751950735749 143.68619359771765 147.46504461079584 0.67957165860124535 -0.47972002523857865
decision_type=2 2 2 2 2 2 2 2 2 2 2 2 2 2 2 2 2 2 2 2
left_child=1 2 8 -2 10 12 -7 9 -1 -8 11 -5 16 -14 -15 -10 -3 -13 -17 -18
right_child=3 5 -4 4 -6 6 7 -9 15 -11 -12 17 13 14 -16 18 19 -19 -20 -21
leaf_value=-1.4344699791774568e-05 -1.4344699791774568e-05 -1.4344699791774568e-05 -1.4344699791774568e-05 -1.4344699791774568e-05 -1.4344699791774568e-05 -1.4344699791774568e-05 -1.4344699791774568e-05 -1.4344699791774568e-05 -1.4344699791774568e-05 -1.25808130005107e-05 -1.4344699791774568e-05 -1.4344699791774568e-05 -1.4344699791774568e-05 -1.4344699791774568e-05 -1.5312761220789604e-05 -1.1756741422703169e-05 -1.4344699791774568e-05 -1.5280123485086291e-05 -1.4344699791774568e-05 -1.4108075070933025e-05
leaf_weight=183 8201 1671 54 610 1327 642 1224 442 32 2009 157 440 1941 785 2353 1582 512 9991 21 4674
leaf_count=183 8201 1671 54 610 1327 642 1224 442 32 2009 157 440 1941 785 2353 1582 512 9991 21 4674
internal_value=-1.43447e-05 -1.38812e-05 -1.24313e-05 -1.47674e-05 -1.50267e-05 -1.42328e-05 -1.36314e-05 -1.33289e-05 -1.2122e-05 -1.307e-05 -1.5184e-05 -1.52079e-05 -1.43447e-05 -1.45951e-05 -1.50286e-05 -1.18414e-05 -1.4343e-05 -1.52531e-05 -1.1788e-05 -1.41672e-05
internal_weight=0 18125 1872 20726 12525 16253 4317 3675 1818 3233 11198 11041 11936 5079 3138 1635 6857 10431 1603 5186
internal_count=38851 18125 1872 20726 12525 16253 4317 3675 1818 3233 11198 11041 11936 5079 3138 1635 6857 10431 1603 5186
is_linear=0
shrinkage=1


Tree=1
num_leaves=18
num_cat=0
split_feature=5 32 27 37 5 23 4 24 4 3 37 0 28 28 24 0 37
split_gain=8.65433e-05 2.22562e-05 2.15551e-05 2.20786e-05 1.5703e-05 1.95109e-05 1.87445e-05 1.94993e-05 8.37381e-06 7.08111e-06 1.03617e-05 4.23428e-06 4.02687e-06 2.47771e-06 9.80427e-07 2.08458e-06 3.45835e-06
threshold=147.18118141234348 0.00063480840743041769 0.0011039988842439544 0.79810782952199777 143.0395027934135 0.16545591684067065 145.201674806493 0.00011015420553357051 143.96863700744623 146.24385000000004 0.71476467659831611 82.029982818162921 0.0011268113398288889 0.00083886271573743536 -0.00021949902419353041 63.465426779888077 1.3247218060831418
decision_type=2 2 2 2 2 2 2 2 2 2 2 2 2 2 2 2 2
left_child=4 -2 3 -3 5 8 14 -8 12 10 -9 13 -1 -5 -6 16 -16
right_child=1 2 -4 11 6 -7 7 9 -10 -11 -12 -13 -14 -15 15 -17 -18
leaf_value=0 0 0 0 0 0 0 0 0 0 0 2.1661420380294756e-06 0 1.6632567996441672e-06 -1.1354521048194558e-06 -4.2362068273267012e-07 0 0
leaf_weight=576 8487 1690 1418 154 1777 94 4267 59 28 1386 1206 207 3318 8847 3635 1482 272
leaf_count=576 8487 1690 1418 154 1777 94 4267 59 28 1386 1206 207 3318 8847 3635 1482 272
internal_value=0 -4.46424e-07 -7.19261e-07 -8.84555e-07 4.9908e-07 1.22108e-06 8.01915e-08 5.32954e-07 1.42275e-06 1.21521e-06 1.91162e-06 -1.07973e-06 1.50127e-06 -1.1134e-06 0 -1.34881e-07 -2.80084e-07
internal_weight=0 20803 12316 10898 18100 4016 14084 6918 3922 2651 1265 9208 3894 9001 7166 5389 3907
internal_count=38903 20803 12316 10898 18100 4016 14084 6918 3922 2651 1265 9208 3894 9001 7166 5389 3907
is_linear=0
shrinkage=0.01


Tree=2
num_leaves=20
num_cat=0
split_feature=3 4 36 28 23 36 8 23 36 36 28 2 4 28 4 2 3 0 28
split_gain=6.94906e-05 2.50093e-05 3.32306e-05 2.10317e-05 2.32336e-05 1.55251e-05 1.36047e-05 1.33499e-05 5.92493e-06 9.12486e-06 8.62581e-06 3.61761e-05 8.01763e-06 4.55976e-06 1.57981e-06 8.40417e-07 1.13111e-05 4.44057e-07 2.97155e-07
threshold=143.26497500000002 149.82412323710506 0.089230357142855515 0.00094453379939385591 0.063507391653601544 0.039666071428573049 0.00016912518410157711 0.16545591684067065 0.057419642857143481 0.035103571428572268 0.0019873492981751727 147.96143262062546 143.71422282543696 0.0047675747318846736 143.41806634822285 147.43713568194781 143.79505000000003 14.199291031073573 0.0065692114076657468
decision_type=2 2 2 2 2 2 2 2 2 2 2 2 2 2 2 2 2 2 2
left_child=5 8 3 -3 6 -1 -5 17 9 -2 11 14 -11 -14 -10 16 -12 -7 -4
right_child=1 2 18 4 -6 7 -8 -9 10 12 15 -13 13 -15 -16 -17 -18 -19 -20
leaf_value=0 0 0 1.1558834404965763e-07 0 0 0 -1.3976895610187481e-06 0 0 0 0 0 6.2683379518187614e-07 0 -1.0626284537429072e-06 0 4.6636050438579299e-07 1.6105546013961787e-06 0
leaf_weight=353 1279 1169 2224 443 757 22 6212 72 66 230 950 1522 6952 57 4135 3196 5587 3607 234
leaf_count=353 1279 1169 2224 443 757 22 6212 72 66 230 950 1522 6952 57 4135 3196 5587 3607 234
internal_value=0 -1.22401e-07 -5.23518e-07 -8.60134e-07 -1.06783e-06 1.25885e-06 -1.27243e-06 1.4681e-06 0 2.56723e-07 -4.48533e-08 -3.95161e-07 4.51221e-07 5.69799e-07 -1.03626e-06 0 1.13385e-07 1.60185e-06 0
internal_weight=0 35013 11039 8581 7412 4054 6655 3701 23974 8518 15456 5723 7239 7009 4201 9733 6537 3629 2458
internal_count=39067 35013 11039 8581 7412 4054 6655 3701 23974 8518 15456 5723 7239 7009 4201 9733 6537 3629 2458
is_linear=0
shrinkage=0.01


Tree=3
num_leaves=12
num_cat=0
split_feature=5 28 32 24 30 2 2 7 19 19 2
split_gain=8.31787e-05 2.83764e-05 2.2185e-05 2.5993e-05 7.50263e-06 6.31615e-06 5.30779e-06 8.0963e-06 4.48265e-06 4.78015e-06 4.14895e-06
threshold=147.18118141234348 0.0018765878410199773 0.00062002051413066999 0.00041200032946156262 -1.1575346397804429 147.43713568194781 156.52621766921882 0.038499999999999097 -0.76048177028482467 0.62211903077195474 147.48691200114339
decision_type=2 2 2 2 2 2 2 2 2 2 2
left_child=1 -1 -2 6 -3 8 7 -4 -6 -10 -9
right_child=2 4 3 -5 5 -7 -8 10 9 -11 -12
leaf_value=0 0 0 0 0 0 0 0 0 9.963435210516706e-07 0 -1.2212815205591234e-06
leaf_weight=7723 8381 225 1734 2138 124 120 1117 412 9432 507 7156
leaf_count=7723 8381 225 1734 2138 124 120 1117 412 9432 507 7156
internal_value=0 4.82295e-07 -4.42533e-07 -7.09377e-07 8.23314e-07 8.755e-07 -9.25175e-07 -1.00787e-06 9.15645e-07 9.45499e-07 -1.16426e-06
internal_weight=0 18131 20938 12557 10408 10183 10419 9302 10063 9939 7568
internal_count=39069 18131 20938 12557 10408 10183 10419 9302 10063 9939 7568
is_linear=0
shrinkage=0.01


Tree=4
num_leaves=24
num_cat=0
split_feature=5 6 4 32 37 3 0 32 28 5 0 6 32 23 23 6 3 3 7 6 2 2 5
split_gain=7.18392e-05 2.94637e-05 4.69934e-05 2.2694e-05 3.64273e-05 4.41525e-05 1.78697e-05 1.7226e-05 1.4144e-05 1.30267e-05 1.03693e-05 9.7887e-06 6.28844e-06 4.89588e-06 2.8935e-06 1.57002e-06 1.77581e-05 7.46367e-06 2.69376e-06 3.67097e-07 3.98543e-10 4.72927e-08 8.4833e-08
threshold=147.15599353381916 0.13835714285714271 147.18193883458062 0.00062002051413066999 1.0030712824212207 149.61120000000003 77.13559509863255 0.001021484660360994 0.0024876267756850693 143.0395027934135 80.272601607462661 0.034428571428574431 0.00064106514717537737 -0.10051008484042255 0.16545591684067065 0.10628571428571122 145.76657500000002 145.17955000000003 0.01299999999999102 0.043214285714281944 153.60528701508292 147.31814019513899 148.12580684722036
decision_type=2 2 2 2 2 2 2 2 2 2 2 2 2 2 2 2 2 2 2 2 2 2 2
left_child=1 9 7 -2 20 -6 12 -3 -9 11 -10 -1 -7 -13 -15 16 19 -17 -18 -11 21 -5 -23
right_child=3 2 -4 4 5 6 -8 8 10 15 -12 13 -14 14 -16 17 18 -19 -20 -21 -22 22 -24
leaf_value=0 0 0 0 0 0 0 0 0 4.3352186976895559e-06 0 0 0 -2.3558807764133172e-06 1.0875491147831697e-06 0 0 0 -1.1309278415212481e-06 7.6040085405748768e-07 -7.3387595180374655e-08 0 -9.0751994423740126e-08 0
leaf_weight=259 8333 248 222 76 2473 56 246 22 849 1195 38 257 2742 3069 45 607 56 661 3637 6816 2002 1609 3409
leaf_count=259 8333 248 222 76 2473 56 246 22 849 1195 38 257 2742 3069 45 607 56 661 3637 6816 2002 1609 3409
internal_value=0 5.11693e-07 2.26656e-06 -3.4381e-07 -6.1337e-07 -1.23304e-06 -2.05084e-06 3.19127e-06 3.85452e-06 1.85217e-07 4.10124e-06 7.18155e-07 -2.2835e-06 9.19642e-07 1.03574e-06 0 7.02879e-08 -2.79661e-07 7.04629e-07 0 0 -2.79707e-09 -3.08283e-08
internal_weight=0 17981 1379 20946 12613 5517 3044 1157 909 16602 887 3630 2798 3371 3114 12972 11704 1268 3693 8011 7096 5094 5018
internal_count=38927 17981 1379 20946 12613 5517 3044 1157 909 16602 887 3630 2798 3371 3114 12972 11704 1268 3693 8011 7096 5094 5018
is_linear=0
shrinkage=0.01


Tree=5
num_leaves=21
num_cat=0
split_feature=5 32 37 3 24 35 0 8 36 2 36 28 28 8 0 32 6 23 2 2
split_gain=6.6726e-05 2.51181e-05 4.77999e-05 4.10368e-05 2.87695e-05 2.08222e-05 2.91893e-05 2.04869e-05 1.55026e-05 1.47202e-05 2.29426e-05 7.16813e-06 1.12543e-05 6.04015e-06 5.4965e-06 3.90606e-06 6.47438e-06 1.11728e-05 8.74525e-07 3.97106e-07
threshold=147.15599353381916 0.00062002051413066999 1.0461085189543153 148.91577500000002 0.00044994292477433713 0.0011117989153256525 78.242647269260274 0.00067318077039202069 0.13153392857142751 147.43713568194781 0.15466607142857161 0.001789059360993049 0.0063035213402766839 0.00015349341443846501 21.005529654339131 0.0030376075588422753 0.10899999999999772 -0.16138951239818763 153.60528701508292 147.29731155249263
decision_type=2 2 2 2 2 2 2 2 2 2 2 2 2 2 2 2 2 2 2 2
left_child=5 -2 18 -4 13 8 7 -7 11 10 -9 -1 14 -5 -13 16 -10 -18 19 -3
right_child=1 2 3 4 -6 6 -8 9 15 -11 -12 12 -14 -15 -16 -17 17 -19 -20 -21
leaf_value=0 0 0 0 0 0 0 0 0 0 0 5.2082830997420089e-06 0 0 -2.7267800105221454e-06 7.2225548806329957e-07 0 0 -2.1435020704070709e-06 0 -1.4767444441540348e-07
leaf_weight=7097 8351 59 1547 55 487 68 50 215 67 35 508 575 253 2441 8385 259 29 469 2217 5831
leaf_count=7097 8351 59 1547 55 487 68 50 215 67 35 508 575 253 2441 8385 259 29 469 2217 5831
internal_value=0 -3.94956e-07 -6.76637e-07 -1.5272e-06 -2.21755e-06 4.34406e-07 2.40061e-06 3.10566e-06 1.58778e-07 3.63493e-06 3.98597e-06 3.48616e-07 5.41254e-07 -2.65132e-06 6.53324e-07 0 -8.31394e-07 -1.44361e-06 0 -1.2185e-07
internal_weight=0 20988 12637 4530 2983 18010 876 826 17134 758 723 16310 9213 2496 8960 824 565 498 8107 5890
internal_count=38998 20988 12637 4530 2983 18010 876 826 17134 758 723 16310 9213 2496 8960 824 565 498 8107 5890
is_linear=0
shrinkage=0.01


end of trees

feature_importances:
ema_slow=11
bb_width=11
bb_lower=10
bb_middle=8
ema_cross_pct=8
price_bb_lower_dist=8
atr_ma=8
rsi=7
rsi_normalized=7
bb_upper=6
ema_cross=6
atr=5
atr_ratio=5
range_pct=4
range=2
ema_fast=1
price_ema_slow_dist=1
bb_position_normalized=1
atr_normalized=1

parameters:
[boosting: gbdt]
[objective: regression]
[metric: l2]
[tree_learner: serial]
[device_type: cpu]
[data: ]
[valid: ]
[num_iterations: 300]
[learning_rate: 0.01]
[num_leaves: 64]
[num_threads: 8]
[deterministic: 0]
[force_col_wise: 0]
[force_row_wise: 0]
[histogram_pool_size: -1]
[max_depth: 6]
[min_data_in_leaf: 20]
[min_sum_hessian_in_leaf: 0.001]
[bagging_fraction: 0.8]
[pos_bagging_fraction: 1]
[neg_bagging_fraction: 1]
[bagging_freq: 1]
[bagging_seed: 400]
[feature_fraction: 0.8]
[feature_fraction_bynode: 1]
[feature_fraction_seed: 30056]
[extra_trees: 0]
[extra_seed: 12879]
[early_stopping_round: 0]
[first_metric_only: 0]
[max_delta_step: 0]
[lambda_l1: 0.3]
[lambda_l2: 0.1]
[linear_lambda: 0]
[min_gain_to_split: 0]
[drop_rate: 0.1]
[max_drop: 50]
[skip_drop: 0.5]
[xgboost_dart_mode: 0]
[uniform_drop: 0]
[drop_seed: 17869]
[top_rate: 0.2]
[other_rate: 0.1]
[min_data_per_group: 100]
[max_cat_threshold: 32]
[cat_l2: 10]
[cat_smooth: 10]
[max_cat_to_onehot: 4]
[top_k: 20]
[monotone_constraints: ]
[monotone_constraints_method: basic]
[monotone_penalty: 0]
[feature_contri: ]
[forcedsplits_filename: ]
[refit_decay_rate: 0.9]
[cegb_tradeoff: 1]
[cegb_penalty_split: 0]
[cegb_penalty_feature_lazy: ]
[cegb_penalty_feature_coupled: ]
[path_smooth: 0]
[interaction_constraints: ]
[verbosity: 1]
[saved_feature_importance_type: 0]
[linear_tree: 0]
[max_bin: 255]
[max_bin_by_feature: ]
[min_data_in_bin: 3]
[bin_construct_sample_cnt: 200000]
[data_random_seed: 175]
[is_enable_sparse: 1]
[enable_bundle: 1]
[use_missing: 1]
[zero_as_missing: 0]
[feature_pre_filter: 1]
[pre_partition: 0]
[two_round: 0]
[header: 0]
[label_column: ]
[weight_column: ]
[group_column: ]
[ignore_column: ]
[categorical_feature: ]
[forcedbins_filename: ]
[precise_float_parser: 0]
[parser_config_file: ]
[objective_seed: 16083]
[num_class: 1]
[is_unbalance: 0]
[scale_pos_weight: 1]
[sigmoid: 1]
[boost_from_average: 1]
[reg_sqrt: 0]
[alpha: 0.9]
[fair_c: 1]
[poisson_max_delta_step: 0.7]
[tweedie_variance_power: 1.5]
[lambdarank_truncation_level: 30]
[lambdarank_norm: 1]
[label_gain: ]
[lambdarank_position_bias_regularization: 0]
[eval_at: ]
[multi_error_top_k: 1]
[auc_mu_weights: ]
[num_machines: 1]
[local_listen_port: 12400]
[time_out: 120]
[machine_list_filename: ]
[machines: ]
[gpu_platform_id: -1]
[gpu_device_id: -1]
[gpu_use_dp: 0]
[num_gpu: 1]

end of parameters

pandas_categorical:[]
