tree
version=v4
num_class=1
num_tree_per_iteration=1
label_index=0
max_feature_idx=31
objective=binary sigmoid:1
feature_names=rsi bb_middle bb_upper bb_lower atr range range_pct body body_pct upper_shadow lower_shadow is_bullish return_1 return_3 return_6 return_12 log_return rsi_normalized rsi_overbought rsi_oversold rsi_divergence bb_width bb_position bb_position_normalized price_bb_upper_dist price_bb_lower_dist bb_breakout_upper bb_breakout_lower atr_normalized atr_ma atr_ratio signal_convergence
feature_infos=[0:99.755467076367083] [0:158.45214999999999] [0:158.98423446083257] [0:158.37119522484221] [0:0.55142857142856927] [0:1.4489999999999839] [0:0.0098924731182794597] [0:1.2740000000000009] [0:0.0087871159085422691] [0:0.45400000000000773] [0:0.6290000000000191] [0:1] [-0.010440345742870893:0.0086544548876104077] [-0.010346048081897208:0.011121306408549358] [-0.012740376631571793:0.01214236927980572] [-0.015822511541399464:0.020290175029493485] [-0.010495228483220405:0.0086172197717689965] [-1:0.99510934152734165] [0:1] [0:1] [-56.904350987366826:51.361182180793548] [0:0.031342652110744211] [-0.54651378490698344:1.552884196153675] [-2.0930275698139669:2.10576839230735] [-0.0045480417175792053:0.02223832595088774] [-0.0050724392954735378:0.027298010487932362] [0:1] [0:1] [0:0.0037228501986805917] [0:0.42936785714285552] [0:3.4066658717779674] [0:1]
tree_sizes=4152 3914 3473

Tree=0
num_leaves=38
num_cat=0
split_feature=24 2 4 1 4 25 0 21 30 13 14 2 1 4 6 17 30 2 21 2 30 0 30 2 21 4 2 0 25 0 25 4 5 15 17 30 24
split_gain=21.9215 18.1765 17.735 15.8971 30.7262 21.3689 24.8588 16.7609 18.6578 16.3239 13.6083 12.8006 12.7578 13.5715 11.8899 11.7149 11.3793 10.8974 13.626 10.7663 11.1026 9.66645 10.9363 10.3926 8.54173 10.0435 8.75564 8.41942 8.12039 7.91441 7.66776 7.48735 7.00121 6.67351 6.32168 5.64312 3.49098
threshold=0.0012521279588898597 140.87113248888707 0.072678571428573355 145.41507500000003 0.095571428571429154 0.00098145768408284986 64.396256918030346 0.0024385025177270166 1.4638050260113642 0.00049495410395528083 -0.00011101244373867834 145.80090848220379 154.11535000000003 0.10078571428571743 0.00030780746688530478 -0.29577505289933292 0.99500724599536583 145.60549988919473 0.0044441205286411007 141.04318987564031 1.0941828164979126 23.311840279797945 0.56085388399127944 158.12940870618817 0.010996306553754697 0.16135714285714089 142.87243520656352 36.431328963813492 0.00029222273348725479 40.267164814115922 0.0024399895971168634 0.029785714285719477 0.019499999999993637 0.0005364078329371803 -0.57972400876562113 0.86432413294366806 0.00044388630791988295
decision_type=2 2 2 2 2 2 2 2 2 2 2 2 2 2 2 2 2 2 2 2 2 2 2 2 2 2 2 2 2 2 2 2 2 2 2 2 2
left_child=1 2 -1 17 5 11 10 12 14 -10 -7 27 13 -6 -9 -13 -4 24 -19 20 35 28 31 -24 25 32 -27 -5 34 -14 -8 -23 -2 -20 -21 -3 -18
right_child=3 19 16 4 7 6 30 8 9 -11 -12 15 29 -15 -16 -17 36 18 33 21 -22 22 23 -25 -26 26 -28 -29 -30 -31 -32 -33 -34 -35 -36 -37 -38
leaf_value=0.06117272766128979 0.036301711080485133 0.0094244953721843265 -0.017861168581275851 0.010667180511195924 0.015054532942910481 0.01548535990755873 0.010191660327351394 -0.014768036655308538 -0.0035963377557491835 0.026153560883268905 -0.0015886272591518549 0.018307387620451681 0.0482407669462072 -0.016351497384513768 0.015054532942910481 0.024975448353013421 0.015054532942910481 0.0021398706797061563 0.067959177365473883 0.0062204905173153871 0.028281008353920046 0.018772180072054275 0.014186159630345566 0.0049399265652685896 -0.016663811349144152 0.066818770159106963 0.026984358273638195 -0.029810439190886003 0.054102457105015385 0.0066225217489015529 0.046154665555897485 -0.016219605480720163 0.01852731398876506 0.025349992838260248 0.03831213547030321 -0.032820535933459349 0.048240766946207214
leaf_weight=13.999206423759462 20.248852148652077 5.2497024089098003 5.499688237905505 18.498951345682148 17.499008029699326 67.74615965783596 6.2496457248926189 11.749333962798117 96.7445158213377 18.998923003673553 103.24414737522602 691.96077466011047 5.7496740669012096 46.497364193201065 644.963438808918 369.72904108464718 4.9997165799140912 5.499688237905505 10.749390646815302 11.999319791793825 4.9997165799140921 6.7496173828840282 6226.14705696702 111.24369390308857 5.2497024089097968 5.2497024089097968 70.995975434780121 6.2496457248926154 8.9994898438453657 10.749390646815298 18.998923003673553 17.499008029699326 1012.4426074326038 6.49963155388832 8.9994898438453692 10.249418988823889 5.749674066901207
leaf_count=56 81 21 22 74 70 271 25 47 387 76 413 2768 23 186 2580 1479 20 22 43 48 20 27 24906 445 21 21 284 25 36 43 76 70 4050 26 36 41 23
internal_value=0.0150545 0.0140628 0.0370505 0.0170777 0.0155439 0.018484 0.00941949 0.0111407 0.0125267 0.00144279 0.00524507 0.020137 -0.00187674 -0.00795303 0.0145119 0.0206472 0.0150545 0.019944 0.0404205 0.0139503 -0.00753045 0.0140233 0.0139404 0.0140207 0.0195013 0.0197003 0.0302419 -0.000834578 0.0308407 0.020793 0.0367488 -0.0059952 0.0189005 0.053491 0.0194974 -0.0200724 0.0332906
internal_weight=0 6442.38 30.2483 3272.56 2135.63 1282.68 196.239 852.952 772.456 115.743 170.99 1086.44 80.4954 63.9964 656.713 1061.69 16.2491 1136.94 22.7487 6412.14 20.4988 6391.64 6361.64 6337.39 1114.19 1108.94 76.2457 24.7486 29.9983 16.4991 25.2486 24.2486 1032.69 17.249 20.9988 15.4991 10.7494
internal_count=38862 25771 121 13091 8543 5131 785 3412 3090 463 684 4346 322 256 2627 4247 65 4548 91 25650 82 25568 25448 25351 4457 4436 305 99 120 66 101 97 4131 69 84 62 43
is_linear=0
shrinkage=1


Tree=1
num_leaves=35
num_cat=0
split_feature=1 4 30 17 30 21 4 17 3 8 1 21 28 30 21 17 17 6 1 4 28 4 13 3 21 12 3 3 13 13 4 4 21 21
split_gain=15.3072 21.3729 13.5315 10.9537 15.1893 16.762 15.3719 23.9074 13.2263 12.6437 12.1985 11.7976 10.3765 12.9466 11.2041 11.8354 10.1542 9.94767 9.7466 9.67742 9.49853 9.35195 9.25906 9.14852 12.5056 7.29471 7.22071 7.12546 7.32018 5.54157 5.08574 4.11549 3.6306 0.0755123
threshold=140.71552500000004 0.075357142857140305 1.0246614838136721 -0.076992514157185901 0.86945927549362068 0.00067979986868979363 0.050857142857139041 -0.50453788496344742 142.37654001168809 1.2868066930115451e-05 142.02020000000005 0.0037694912294632204 0.00058240329399137671 1.6471246609540009 0.0013112146016738917 0.44794936162216392 -0.30508994929432925 0.0001197474407445469 148.25285000000005 0.034428571428574431 0.00057994722878802697 0.087428571428571702 -1.0000000180025095e-35 156.94423002335617 0.0049692735396918075 8.8163387151452013e-05 147.54473790891726 155.06081405886025 -0.0019819848487796494 7.2352007354781214e-05 0.035285714285719354 0.1568214285714303 0.0035709641064612884 0.0013319930258496628
decision_type=2 2 2 2 2 2 2 2 2 2 2 2 2 2 2 2 2 2 2 2 2 2 2 2 2 2 2 2 2 2 2 2 2 2
left_child=1 33 22 4 5 25 7 -7 10 30 16 12 13 21 26 -16 -6 -11 -15 -12 -8 -5 -3 27 -25 29 -14 28 -13 -2 -10 -29 -4 -1
right_child=3 2 32 11 8 6 20 -9 9 17 19 23 14 18 15 -17 -18 -19 -20 -21 -22 -23 -24 24 -26 -27 -28 31 -30 -31 -32 -33 -34 -35
leaf_value=0.027323426766890532 0.019891054540551796 0.0014915029273361031 0.037249923514803607 -0.0011731159649687446 0.012209113037270564 0.0078883815109745872 0.0021443988081481747 -0.011400775229601401 -0.0034560884284447484 0.014124060377495064 -0.010152430699261942 0.031334326682501967 -0.0072587456202217755 -0.0060242627082984388 -0.0032145603003118466 -0.019804102490764555 -0.018625912886320914 0.0010004216606879337 0.033011356032151058 0.021636956890593875 -0.0061814955793555943 0.016192913213458983 -0.044471915027503528 0.009603734886880393 -0.040749490616836762 -0.016526061037911367 -0.050723088284286462 0.010812872632982622 0.0022610640400987625 -0.0060155858678174372 0.01484998765471246 0.042100012661889216 0.0017754488382767828 0.051758709341053415
leaf_weight=5.7450515925884238 49.747589647769928 7.999031797051428 6.9983420819044095 4046.7902527153492 19.498326301574707 69.738776385784149 447.96452544629574 309.98140242695808 14.498779460787771 52.74478343129158 8.7494806796312314 7.4989158213138571 8.2495849728584272 7.4996227025985744 875.44912528991699 40.497879922389984 17.746962800621986 2676.0400441288948 16.99905352294445 75.243059545755386 169.48614053428173 27.498504504561424 6.2491407096385991 6.9993914961814907 9.4994660019874555 5.9997202754020682 7.2496352791786185 18.248970672488216 594.94928871095181 7.4996337592601767 86.493234157562256 5.4997057765722266 5.4985197633504868 9.9938896596431714
leaf_count=23 199 32 28 16188 78 279 1792 1240 58 211 35 30 33 30 3502 162 71 10705 68 301 678 110 25 28 38 24 29 73 2380 30 346 22 22 40
internal_value=0 0.0177107 0.00064202 -0.000228645 0.000969147 -0.00210271 -0.00306688 -0.007813 0.00207824 0.00165521 0.0117814 -0.00107828 -0.00156923 -0.000914815 -0.00443085 -0.00397483 -0.00213813 0.00126213 0.0205801 0.0181075 -0.000119883 -0.00105025 -0.0184749 0.00273922 -0.0188513 0.0127683 -0.0294762 0.00334661 0.00267351 0.0162147 0.01207 0.0193956 0.0234643 0.0448789
internal_weight=0 42.484 26.745 9684.36 4011.43 1060.42 997.171 379.72 2951.01 2829.78 121.238 5672.93 5030.23 4098.79 931.446 915.947 37.2453 2728.78 24.4987 83.9925 617.451 4074.29 14.2482 642.696 16.4989 63.2469 15.4992 626.197 602.448 57.2472 100.992 23.7487 12.4969 15.7389
internal_count=38910 170 107 38740 16047 4242 3989 1519 11805 11320 485 22693 20122 16396 3726 3664 149 10916 98 336 2470 16298 57 2571 66 253 62 2505 2410 229 404 95 50 63
is_linear=0
shrinkage=0.03


Tree=2
num_leaves=31
num_cat=0
split_feature=2 24 30 3 28 21 2 30 17 21 28 4 9 30 29 2 25 14 2 17 2 15 24 21 29 29 28 7 5 21
split_gain=22.5983 17.4486 17.1298 14.9623 31.3474 32.0969 27.5213 17.7911 16.1437 18.7053 14.4249 13.2273 11.8912 11.8079 11.3358 10.8082 10.691 10.481 10.3228 9.88109 8.97235 8.89732 7.41894 7.33901 10.7211 6.1819 5.79011 2.92145 2.89595 2.1718
threshold=140.87113248888707 0.0010834849339036244 0.56085388399127944 145.22590670061095 0.00065774023339087507 0.0024540421305175122 154.32171190292391 1.7100580014805662 0.4865355004541207 0.0029737992184574605 0.00023714434628444934 0.075357142857140305 0.026499999999998639 1.7100580014805662 0.048135714285718632 142.45374564217329 0.00018806178225905959 -0.0022405317124762898 158.12940870618817 -0.59332238145634364 144.58155782419553 0.00046536130775654 0.00035000332624778854 0.0023493085151327017 0.11170892857142857 0.10767142857142918 0.00054563190094555317 0.037499999999994323 0.022500000000007962 0.0012847235073185101
decision_type=2 2 2 2 2 2 2 2 2 2 2 2 2 2 2 2 2 2 2 2 2 2 2 2 2 2 2 2 2 2
left_child=11 2 14 10 8 6 -6 -7 9 -5 28 29 17 15 -2 16 -4 -12 -17 -14 22 -22 -15 27 -25 -16 -10 -13 -3 -1
right_child=1 3 13 4 5 7 -8 -9 26 -11 12 23 19 20 25 18 -18 -19 -20 -21 21 -23 -24 24 -26 -27 -28 -29 -30 -31
leaf_value=0.023465433939424449 0.0053699429676093676 0.051996255765371834 0.0099698826687321922 0.0039639525184680278 -0.028879179240030028 -0.0011546806375809116 0.016940719098879443 -0.020375343177811027 0.0016843438712388613 -0.0038445799572939801 0.020146254804877667 0.0026468259842308715 -0.0083795092232959636 0.0093305556509011029 -0.046457943340454833 -0.00052993792262746398 -0.012747846279410132 0.0014406518540626345 -0.010207030281305485 0.0095807549494157304 0.047321676134045476 0.011972205306253737 -0.032911576617885144 0.04084258630078258 -0.010213216690227012 -0.0064383011401836403 0.041633979721357031 -0.026251341913591991 0.017713964346957892 0.053129417843393388
leaf_weight=7.7388589680194881 7.4994796514511135 5.7483530640602094 20.99745312333107 1336.1049609333277 73.744996607303619 684.70693227648735 13.247916042804716 45.998319745063782 5.4981684982776668 345.71947902441025 27.494462892413139 4.9985626637935656 28.496286511421204 8.7495183050632459 14.248192116618158 5558.4760280847549 117.73875860869884 886.64673019945621 100.74855415523052 372.69602419435978 8.4966705739498121 31.995929017663002 5.4996554851531974 8.7438601553440076 5.2478148490190497 5.9995022267103186 12.4949554502964 5.2465747743844986 7.7493446469306946 9.7272646278142911
leaf_count=31 30 23 84 5345 295 2739 53 184 22 1383 110 20 114 35 57 22235 471 3547 403 1491 34 128 22 35 21 24 50 21 31 39
internal_value=0 0.00013275 -0.000893181 0.00170505 0.00033894 -0.00447917 -0.021673 -0.00239825 0.00266615 0.00234923 0.0042808 0.0221367 0.00394395 -0.000777983 -0.0242169 -0.000911849 -0.00917838 0.00203036 -0.000705752 0.00825887 0.0130088 0.0202423 -0.00651935 0.00677282 0.0209665 -0.0357638 0.0306133 -0.011289 0.0347214 0.0418397
internal_weight=0 9726.8 5880.45 3846.35 2517.52 817.698 86.9929 730.705 1699.82 1681.82 1328.83 41.7029 1315.33 5852.7 27.7472 5797.96 138.736 914.141 5659.22 401.192 54.7418 40.4926 14.2492 24.2368 13.9917 20.2477 17.9931 10.2451 13.4977 17.4661
internal_count=39077 38910 23523 15387 10071 3271 348 2923 6800 6728 5316 167 5262 23412 111 23193 555 3657 22638 1605 219 162 57 97 56 81 72 41 54 70
is_linear=0
shrinkage=0.03


end of trees

feature_importances:
bb_width=13
atr=12
bb_upper=11
atr_ratio=11
rsi_normalized=8
bb_middle=5
bb_lower=5
atr_normalized=5
rsi=4
return_3=4
price_bb_upper_dist=4
price_bb_lower_dist=4
atr_ma=3
range=2
range_pct=2
return_6=2
return_12=2
body=1
body_pct=1
upper_shadow=1
return_1=1

parameters:
[boosting: gbdt]
[objective: binary]
[metric: binary_logloss]
[tree_learner: serial]
[device_type: cpu]
[data: ]
[valid: ]
[num_iterations: 800]
[learning_rate: 0.03]
[num_leaves: 64]
[num_threads: 8]
[deterministic: 0]
[force_col_wise: 0]
[force_row_wise: 0]
[histogram_pool_size: -1]
[max_depth: 6]
[min_data_in_leaf: 20]
[min_sum_hessian_in_leaf: 0.001]
[bagging_fraction: 0.8]
[pos_bagging_fraction: 1]
[neg_bagging_fraction: 1]
[bagging_freq: 1]
[bagging_seed: 400]
[feature_fraction: 0.8]
[feature_fraction_bynode: 1]
[feature_fraction_seed: 30056]
[extra_trees: 0]
[extra_seed: 12879]
[early_stopping_round: 0]
[first_metric_only: 0]
[max_delta_step: 0]
[lambda_l1: 0.5]
[lambda_l2: 0.5]
[linear_lambda: 0]
[min_gain_to_split: 0]
[drop_rate: 0.1]
[max_drop: 50]
[skip_drop: 0.5]
[xgboost_dart_mode: 0]
[uniform_drop: 0]
[drop_seed: 17869]
[top_rate: 0.2]
[other_rate: 0.1]
[min_data_per_group: 100]
[max_cat_threshold: 32]
[cat_l2: 10]
[cat_smooth: 10]
[max_cat_to_onehot: 4]
[top_k: 20]
[monotone_constraints: ]
[monotone_constraints_method: basic]
[monotone_penalty: 0]
[feature_contri: ]
[forcedsplits_filename: ]
[refit_decay_rate: 0.9]
[cegb_tradeoff: 1]
[cegb_penalty_split: 0]
[cegb_penalty_feature_lazy: ]
[cegb_penalty_feature_coupled: ]
[path_smooth: 0]
[interaction_constraints: ]
[verbosity: 1]
[saved_feature_importance_type: 0]
[linear_tree: 0]
[max_bin: 255]
[max_bin_by_feature: ]
[min_data_in_bin: 3]
[bin_construct_sample_cnt: 200000]
[data_random_seed: 175]
[is_enable_sparse: 1]
[enable_bundle: 1]
[use_missing: 1]
[zero_as_missing: 0]
[feature_pre_filter: 1]
[pre_partition: 0]
[two_round: 0]
[header: 0]
[label_column: ]
[weight_column: ]
[group_column: ]
[ignore_column: ]
[categorical_feature: ]
[forcedbins_filename: ]
[precise_float_parser: 0]
[parser_config_file: ]
[objective_seed: 16083]
[num_class: 1]
[is_unbalance: 0]
[scale_pos_weight: 1]
[sigmoid: 1]
[boost_from_average: 1]
[reg_sqrt: 0]
[alpha: 0.9]
[fair_c: 1]
[poisson_max_delta_step: 0.7]
[tweedie_variance_power: 1.5]
[lambdarank_truncation_level: 30]
[lambdarank_norm: 1]
[label_gain: ]
[lambdarank_position_bias_regularization: 0]
[eval_at: ]
[multi_error_top_k: 1]
[auc_mu_weights: ]
[num_machines: 1]
[local_listen_port: 12400]
[time_out: 120]
[machine_list_filename: ]
[machines: ]
[gpu_platform_id: -1]
[gpu_device_id: -1]
[gpu_use_dp: 0]
[num_gpu: 1]

end of parameters

pandas_categorical:[]
