tree
version=v4
num_class=1
num_tree_per_iteration=1
label_index=0
max_feature_idx=30
objective=regression
feature_names=rsi ema_fast ema_slow macd macd_signal range range_pct body body_pct upper_shadow lower_shadow is_bullish return_1 return_3 return_6 return_12 log_return rsi_normalized rsi_overbought rsi_oversold rsi_divergence ema_cross ema_cross_pct ema_cross_signal price_ema_fast_dist price_ema_slow_dist macd_hist macd_hist_change macd_cross_signal macd_strength signal_convergence
feature_infos=[0:99.755467076367083] [140.01794868368825:158.46374932756453] [140.09390840731587:158.4287960737224] [-0.57514457178655221:0.76835340664820251] [-0.5188763570912186:0.66684005555902648] [0:1.4489999999999839] [0:0.0098924731182794597] [0:1.2740000000000009] [0:0.0087871159085422691] [0:0.45400000000000773] [0:0.6290000000000191] [0:1] [-0.010440345742870893:0.0086544548876104077] [-0.010346048081897208:0.011121306408549358] [-0.012740376631571793:0.01214236927980572] [-0.015822511541399464:0.020290175029493485] [-0.010495228483220405:0.0086172197717689965] [-1:0.99510934152734165] [0:1] [0:1] [-56.904350987366826:51.361182180793548] [-0.57514457178655221:0.76835340664820251] [-0.003883435549732969:0.0051884219504909346] [0:1] [-0.0088498120556881627:0.0085436527782316064] [-0.0096167762950344661:0.012337377364785844] [-0.20097651515128728:0.19509250025932751] [-0.09700790187045677:0.083341641193037941] [0:1] [-0.19455333720912688:0.17538495785784011] [0:3]
tree_sizes=1643 1329 1333 1307 1331 1334 1330 1319 1062 1317 1157 1070 1066 1324 1325 1050 1062 1078 1067 1065 1061 1148 1161 1048 1149 960 1131 1085 1068 1045 1063 1090 1050 1326 1341 1044 1043 1045 1045 949 1130 1150 1056 1055 1145 957 799 1135 1327 1053 1067 1059 1051 1045 1044 1041 1048 1133 1151

Tree=0
num_leaves=15
num_cat=0
split_feature=1 5 2 0 6 25 26 22 14 27 5 2 15 22
split_gain=4.87789e-06 5.25178e-06 3.28743e-06 2.95152e-06 1.80025e-06 1.99644e-06 1.39672e-06 1.38606e-06 1.72399e-06 1.00861e-06 4.04761e-07 9.0892e-07 7.97209e-07 4.93253e-08
threshold=147.34266296582885 0.11800000000000922 145.82391302692204 45.360802919200445 0.00042566955214811509 -0.0009326644651101464 -0.057867885966471314 -0.00038567104086896351 0.00043717377659291406 0.0028926485261043023 0.076000000000007631 143.26603706533533 0.0011005359825946306 -5.2623617462385428e-05
decision_type=2 2 2 2 2 2 2 2 2 2 2 2 2 2
left_child=1 10 6 7 13 -6 -3 8 -2 -9 12 -12 -1 -5
right_child=3 2 -4 4 5 -7 -8 9 -10 -11 11 -13 -14 -15
leaf_value=-3.0438087629745383e-06 -5.1150387820421344e-06 -3.560517832504915e-06 -3.560517832504915e-06 -3.560517832504915e-06 -3.560517832504915e-06 -5.5557336360245992e-06 1.9179279337994554e-07 -2.6446505449090354e-06 -3.560517832504915e-06 -3.560517832504915e-06 -3.560517832504915e-06 -4.3687217621168763e-06 -3.560517832504915e-06 -3.6942670168262105e-06
leaf_weight=11082 2367 54 919 1445 107 5900 2160 5455 241 1000 1193 3549 1445 6893
leaf_count=11082 2367 54 919 1445 107 5900 2160 5455 241 1000 1193 3549 1445 6893
internal_value=-3.56052e-06 -3.03769e-06 -1.11713e-06 -4.09223e-06 -4.54829e-06 -5.31527e-06 -7.34643e-08 -3.56052e-06 -4.29594e-06 -2.99637e-06 -3.56052e-06 -3.65909e-06 -3.28285e-06 -3.56052e-06
internal_weight=0 20402 3133 23408 14345 6007 2214 9063 2608 6455 17269 4742 12527 8338
internal_count=43810 20402 3133 23408 14345 6007 2214 9063 2608 6455 17269 4742 12527 8338
is_linear=0
shrinkage=1


Tree=1
num_leaves=14
num_cat=0
split_feature=1 6 17 9 6 13 1 5 15 8 3 25 3
split_gain=4.04962e-06 8.65747e-06 2.578e-06 2.59859e-06 2.01778e-06 1.94379e-06 1.36451e-06 3.42945e-07 7.81649e-07 4.23424e-07 1.66507e-07 9.67011e-07 1.05528e-07
threshold=147.34266296582885 0.00082146706561526007 -0.36692138751321107 0.0030000000000001141 0.00056080840160222737 -0.00022143491426740433 147.48792422000841 0.076000000000007631 0.0011005359825946306 0.00017336215780102589 0.0031740679610692273 0.00096052828718795375 -0.074220091400974283
decision_type=2 2 2 2 2 2 2 2 2 2 2 2 2
left_child=1 7 -3 -4 10 -6 -7 8 -1 -9 12 -12 -2
right_child=4 2 3 -5 5 6 -8 9 -10 -11 11 -13 -14
leaf_value=4.8927984228277428e-07 0 0 0 4.331810774094357e-06 0 0 -2.2732171007554376e-06 0 0 -5.7748463209525979e-07 -6.0695453340296533e-07 0 1.8962104694951838e-07
leaf_weight=11082 917 577 348 2185 2764 148 3293 1076 1458 3649 7692 1218 7337
leaf_count=11082 917 577 348 2185 2764 148 3293 1076 1458 3649 7692 1218 7337
internal_value=0 5.61374e-07 3.00386e-06 3.69086e-06 -3.98063e-07 -1.18729e-06 -1.98847e-06 0 2.36081e-07 -1.83113e-07 0 -2.16143e-07 0
internal_weight=0 20375 3110 2533 23369 6205 3441 17265 12540 4725 17164 8910 8254
internal_count=43744 20375 3110 2533 23369 6205 3441 17265 12540 4725 17164 8910 8254
is_linear=0
shrinkage=0.05


Tree=2
num_leaves=14
num_cat=0
split_feature=1 6 1 17 17 22 22 22 14 5 15 2 15
split_gain=4.07391e-06 5.40427e-06 2.48913e-06 2.65136e-06 1.85179e-06 1.50935e-06 1.68497e-06 4.75024e-07 1.10125e-06 3.15771e-07 6.38738e-07 4.81425e-07 3.09295e-07
threshold=147.34266296582885 0.00082146706561526007 146.89761337174926 -0.38366081256158208 -0.088802352418598629 0.0005100288918461071 7.575308238952007e-05 -0.00038567104086896351 0.00043717377659291406 0.076000000000007631 0.0011005359825946306 143.19781421060244 -0.0016676785080162457
decision_type=2 2 2 2 2 2 2 2 2 2 2 2 2
left_child=1 9 3 -3 7 6 -6 8 -2 10 -1 -11 -9
right_child=4 2 -4 -5 5 -7 -8 12 -10 11 -12 -13 -14
leaf_value=4.6331876699091808e-07 -1.1329555607704545e-06 0 0 3.7170199086940659e-06 0 0 -1.5256667695388918e-06 0 0 0 0 -5.7547139800587517e-07 5.2093830792986462e-07
leaf_weight=11116 2382 452 295 2368 5472 1784 7063 481 236 1113 1438 3634 6102
leaf_count=11116 2382 452 295 2368 5472 1784 7063 481 236 1113 1438 3634 6102
internal_value=0 5.58096e-07 2.52549e-06 3.04166e-06 -4.03305e-07 -7.68422e-07 -9.87688e-07 0 -3.41178e-07 0 2.50761e-07 0 3.66189e-07
internal_weight=0 20416 3115 2820 23520 14319 12535 9201 2618 17301 12554 4747 6583
internal_count=43936 20416 3115 2820 23520 14319 12535 9201 2618 17301 12554 4747 6583
is_linear=0
shrinkage=0.05


Tree=3
num_leaves=14
num_cat=0
split_feature=1 5 13 2 21 21 6 6 29 9 2 2 21
split_gain=4.01141e-06 4.44436e-06 1.7564e-06 1.56018e-06 2.21483e-06 1.06681e-06 1.60138e-06 1.73411e-07 5.11657e-07 8.02732e-08 6.14043e-08 6.83129e-07 1.65056e-07
threshold=147.34266296582885 0.11800000000000922 0.00015410901548806868 146.90291525673555 -0.091295026775739516 -0.091295026775739516 0.00033372549630233044 0.00055758819046815115 0.013293074761093563 0.026499999999998639 149.68429442271727 148.17385982310557 0.077228092660263328
decision_type=2 2 2 2 2 2 2 2 2 2 2 2 2
left_child=1 7 10 4 -3 -4 -7 8 -1 -9 11 -2 -12
right_child=2 3 5 -5 -6 6 -8 9 -10 -11 12 -13 -14
leaf_value=3.9037916293438784e-07 0 0 0 0 3.3418046835310313e-06 0 -1.7339464975396236e-06 -2.8035247685702426e-07 0 0 -2.7635073713830511e-07 7.0161764553101145e-07 0
leaf_weight=11238 3509 548 435 307 2277 2920 5390 2553 2052 1481 7413 3469 432
leaf_count=11238 3509 548 435 307 2277 2920 5390 2553 2052 1481 7413 3469 432
internal_value=0 4.88608e-07 -4.6722e-07 2.25972e-06 2.65363e-06 -1.04422e-06 -1.21178e-06 0 1.8061e-07 0 0 0 -1.39883e-07
internal_weight=0 20456 23568 3132 2825 8745 8310 17324 13290 4034 14823 6978 7845
internal_count=44024 20456 23568 3132 2825 8745 8310 17324 13290 4034 14823 6978 7845
is_linear=0
shrinkage=0.05


Tree=4
num_leaves=14
num_cat=0
split_feature=2 5 20 17 0 3 4 3 27 27 5 26 26
split_gain=3.50435e-06 6.56836e-06 2.78198e-06 2.73181e-06 1.47351e-06 1.45707e-06 1.98814e-06 1.23343e-07 6.1915e-07 5.78271e-07 1.10379e-07 4.71456e-07 3.24685e-07
threshold=147.39270281662547 0.11800000000000922 10.849066122200488 -0.38366081256158208 45.360802919200445 0.081314247663598863 -0.010048953044876189 -0.059392971959255185 0.0095709710375774023 -0.00036876213682732537 0.076000000000007631 0.011847343778448592 0.035399300220940948
decision_type=2 2 2 2 2 2 2 2 2 2 2 2 2
left_child=1 10 3 -3 7 6 -6 8 -2 -9 11 -1 -12
right_child=4 2 -4 -5 5 -7 -8 9 -10 -11 12 -13 -14
leaf_value=3.6846380845464658e-07 -8.2892798805467683e-07 0 0 3.8147104865687939e-06 0 0 -1.361765680285191e-06 7.1778200746768859e-07 0 0 -4.2516872113442551e-07 0 0
leaf_weight=10526 2422 498 293 2375 3397 1507 9004 3178 212 3228 4631 2396 236
leaf_count=10526 2422 498 293 2375 3397 1507 9004 3178 212 3228 4631 2396 236
internal_value=0 4.5614e-07 2.56187e-06 3.10692e-06 -4.37918e-07 -7.62417e-07 -9.72445e-07 0 -2.10331e-07 1.73038e-07 0 1.39222e-07 -7.23519e-08
internal_weight=0 20955 3166 2873 22948 13908 12401 9040 2634 6406 17789 12922 4867
internal_count=43903 20955 3166 2873 22948 13908 12401 9040 2634 6406 17789 12922 4867
is_linear=0
shrinkage=0.05


Tree=5
num_leaves=14
num_cat=0
split_feature=1 5 20 17 17 22 0 22 4 13 5 9 29
split_gain=2.88407e-06 4.70489e-06 4.05484e-06 2.19548e-06 1.98065e-06 1.24186e-06 6.0347e-07 4.18948e-07 9.03814e-07 8.43402e-07 2.49264e-07 6.76176e-07 5.37146e-07
threshold=147.34266296582885 0.11800000000000922 10.586497155134653 0.012116119443213337 -0.38366081256158208 0.0005640821644777419 82.87476983397552 -0.00024306288459463536 -0.09519859754822764 0.00033882162209619709 0.076000000000007631 0.023000000000010349 0.013536843822179833
decision_type=2 2 2 2 2 2 2 2 2 2 2 2 2
left_child=1 10 4 7 -3 6 -5 8 -2 -9 12 -12 -1
right_child=3 2 -4 5 -6 -7 -8 9 -10 -11 11 -13 -14
leaf_value=4.1469689005402484e-07 0 0 0 -1.174077023351699e-06 3.6429230542206299e-06 0 0 6.5817264381767508e-07 -8.6482383045156449e-07 0 -8.0648006635825992e-07 0 0
leaf_weight=10682 1032 498 323 9892 2300 1384 373 6568 3436 771 2797 1911 1847
leaf_count=10682 1032 498 323 9892 2300 1384 373 6568 3436 771 2797 1911 1847
internal_value=0 4.24933e-07 2.22399e-06 -3.88159e-07 3.02318e-06 -8.80077e-07 -1.08692e-06 0 -2.63627e-07 3.16851e-07 0 -1.65494e-07 1.98606e-07
internal_weight=0 20358 3121 23456 2798 11649 10265 11807 4468 7339 17237 4708 12529
internal_count=43814 20358 3121 23456 2798 11649 10265 11807 4468 7339 17237 4708 12529
is_linear=0
shrinkage=0.05


Tree=6
num_leaves=14
num_cat=0
split_feature=1 0 6 20 22 0 25 29 0 1 22 4 27
split_gain=3.17763e-06 2.67499e-06 2.00794e-06 3.08961e-06 1.94748e-06 1.36068e-06 1.19126e-06 7.61985e-07 1.20835e-06 8.05363e-07 6.81733e-07 1.69181e-06 5.70161e-07
threshold=147.34266296582885 45.553919523405916 0.0010629162945603274 5.7088384871786149 0.0005100288918461071 34.501585398028361 0.00013940557541805828 0.003856627527866125 30.512374868289196 146.80162992857649 -0.00039427570272386546 -0.089350228263548603 0.0028926485261043023
decision_type=2 2 2 2 2 2 2 2 2 2 2 2 2
left_child=2 10 7 5 6 -4 -3 8 -1 -9 11 -2 -12
right_child=1 4 3 -5 -6 -7 -8 9 -10 -11 12 -13 -14
leaf_value=0 0 0 0 0 0 5.0070435330963093e-06 -1.5155840033976697e-06 -5.610498462028522e-07 7.4037006179733304e-07 0 7.3424457441877776e-07 -1.6733912586382412e-06 0
leaf_weight=2523 1053 4565 322 409 1771 808 7988 6396 9005 1008 5629 1544 1038
leaf_count=2523 1053 4565 322 409 1771 808 7988 6396 9005 1008 5629 1544 1038
internal_value=0 -4.02148e-07 4.49124e-07 2.43659e-06 -8.56257e-07 3.86249e-06 -1.10655e-06 2.34259e-08 4.07607e-07 0 0 -1.91143e-07 4.91318e-07
internal_weight=0 23588 20471 1539 14324 1130 12553 18932 11528 7404 9264 2597 6667
internal_count=44059 23588 20471 1539 14324 1130 12553 18932 11528 7404 9264 2597 6667
is_linear=0
shrinkage=0.05


Tree=7
num_leaves=14
num_cat=0
split_feature=2 10 6 6 2 20 25 14 26 26 6 2 29
split_gain=2.01656e-06 2.67441e-06 3.69821e-06 2.35417e-06 1.61534e-06 1.274e-06 1.62111e-06 2.27735e-07 1.8681e-07 1.5183e-07 1.08513e-07 4.12827e-07 3.44975e-07
threshold=147.39270281662547 0.01899999999999125 0.00056080840160222737 0.00082146706561526007 156.52609061637904 16.288741606549568 -0.0018295019763643384 -0.00051524040523431836 -0.049981031580679909 0.0053905728754451475 0.00053271239631914847 143.26603706533533 0.013536843822179833
decision_type=2 2 2 2 2 2 2 2 2 2 2 2 2
left_child=3 7 -3 10 -4 6 -5 8 -2 -9 12 -12 -1
right_child=1 2 4 5 -6 -7 -8 9 -10 -11 11 -13 -14
leaf_value=3.1909610605330288e-07 0 0 -2.7614949669851022e-06 0 0 0 2.4378969417370303e-06 -2.3872925137281647e-07 5.8961776677563961e-07 0 0 -5.4284671866376273e-07 0
leaf_weight=11134 87 4416 2966 437 302 83 2610 7183 2895 5152 1199 3502 1926
leaf_count=11134 87 4416 2966 437 302 83 2610 7183 2895 5152 1199 3502 1926
internal_value=0 -3.39471e-07 -1.10229e-06 3.38284e-07 -2.38445e-06 1.626e-06 1.93935e-06 0 4.25333e-07 -4.91628e-08 0 0 1.44123e-07
internal_weight=0 23001 7684 20891 3268 3130 3047 15317 2982 12335 17761 4701 13060
internal_count=43892 23001 7684 20891 3268 3130 3047 15317 2982 12335 17761 4701 13060
is_linear=0
shrinkage=0.05


Tree=8
num_leaves=11
num_cat=0
split_feature=2 6 1 14 22 3 1 10 25 25
split_gain=2.05832e-06 1.4256e-06 2.82221e-06 1.51968e-06 6.51352e-07 1.12938e-06 9.226e-07 2.81954e-07 1.0382e-06 7.23777e-07
threshold=149.68429442271727 0.0010629162945603274 147.72622804576733 0.0033702388748331207 0.00049720251469413841 -0.0010016093529969792 157.15326839999787 0.028000000000005801 0.00094129477533738475 7.8179421609829065e-05
decision_type=2 2 2 2 2 2 2 2 2 2
left_child=1 7 3 -3 5 -2 -7 9 -9 -1
right_child=4 2 -4 -5 -6 6 -8 8 -10 -11
leaf_value=4.3098278832070908e-07 0 3.1588730397986433e-06 0 0 0 -1.60332097177104e-06 0 -7.5843359687508723e-07 0 0
leaf_weight=12873 5962 1561 425 90 970 4179 1139 4726 708 11286
leaf_count=12873 5962 1561 425 90 970 4179 1139 4726 708 11286
internal_value=0 1.91442e-07 1.50848e-06 2.67094e-06 -5.70358e-07 -7.05435e-07 -1.25953e-06 0 -1.50545e-07 1.55173e-07
internal_weight=0 31669 2076 1651 12250 11280 5318 29593 5434 24159
internal_count=43919 31669 2076 1651 12250 11280 5318 29593 5434 24159
is_linear=0
shrinkage=0.05


Tree=9
num_leaves=14
num_cat=0
split_feature=1 6 26 17 22 21 4 26 20 4 6 4 24
split_gain=2.5179e-06 2.07286e-06 1.95391e-06 1.44468e-06 1.45907e-06 1.06935e-06 1.00769e-06 3.60354e-07 5.38349e-07 1.92059e-07 6.61872e-07 4.4738e-07 1.50393e-08
threshold=147.34266296582885 0.00082146706561526007 -0.049981031580679909 0.012116119443213337 0.0005100288918461071 -0.091295026775739516 -0.0061242360604477908 0.0032992103233252597 6.2274759787404337 -0.026095613190264308 0.0013485644871177921 -0.089350228263548603 0.0011927844321161119
decision_type=2 2 2 2 2 2 2 2 2 2 2 2 2
left_child=1 7 -3 9 6 -4 -5 8 -1 11 -11 -2 -9
right_child=3 2 5 4 -6 -7 -8 12 -10 10 -12 -13 -14
leaf_value=5.0262805592249319e-07 0 0 0 0 0 2.7011073689442066e-06 -1.2468565574720465e-06 -7.4138895677941046e-08 0 5.5357982966797354e-07 0 -5.6088048305126914e-07 0
leaf_weight=8893 1142 134 537 2718 1725 2410 7222 6840 1338 6966 137 3555 226
leaf_count=8893 1142 134 537 2718 1725 2410 7222 6840 1338 6966 137 3555 226
internal_value=0 4.87609e-07 1.80396e-06 -2.48545e-07 -6.58689e-07 2.24935e-06 -9.36015e-07 0 2.96736e-07 0 2.5999e-07 0 0
internal_weight=0 20378 3081 23465 11665 2947 9940 17297 10231 11800 7103 4697 7066
internal_count=43843 20378 3081 23465 11665 2947 9940 17297 10231 11800 7103 4697 7066
is_linear=0
shrinkage=0.05


Tree=10
num_leaves=12
num_cat=0
split_feature=4 6 16 1 1 6 25 16 15 10 26
split_gain=1.58108e-06 2.42825e-06 4.86717e-06 5.72964e-06 1.24902e-06 1.08625e-06 9.67995e-07 8.32195e-07 4.04887e-07 1.92046e-07 9.22239e-09
threshold=0.05238531942246849 0.00056080840160222737 -0.00048473190834112965 142.71198701110634 156.14292743831027 0.00027159298472486038 2.611635250251174e-05 -0.001151747517816235 -0.0016676785080162457 0.039000000000001485 -0.049981031580679909
decision_type=2 2 2 2 2 2 2 2 2 2 2
left_child=1 6 10 -4 5 -2 8 -7 -1 -8 -3
right_child=4 2 3 -5 -6 7 9 -9 -10 -11 -12
leaf_value=0 0 0 0 -2.0840361200540941e-06 0 0 -2.2688000429539606e-07 1.5127977996316523e-06 4.8931362367203572e-07 0 9.5989110647489563e-08
leaf_weight=1126 725 136 645 7574 354 56 11349 5041 13900 453 2502
leaf_count=1126 725 136 645 7574 354 56 11349 5041 13900 453 2502
internal_value=0 -9.4153e-08 -7.68049e-07 -1.50321e-06 7.65434e-07 1.07602e-06 0 1.36208e-06 3.92585e-07 -9.39101e-08 0
internal_weight=0 37685 10857 8219 6176 5822 26828 5097 15026 11802 2638
internal_count=43861 37685 10857 8219 6176 5822 26828 5097 15026 11802 2638
is_linear=0
shrinkage=0.05


Tree=11
num_leaves=11
num_cat=0
split_feature=27 1 15 25 6 15 5 9 22 1
split_gain=1.36424e-06 2.15253e-06 1.42762e-06 1.57833e-06 1.81868e-06 1.53023e-06 1.37954e-06 9.99288e-07 9.17033e-07 8.72125e-08
threshold=0.0035144278277196698 142.67575938371718 0.00011630788626271206 0.00058138453676680017 0.00041333607385142106 -0.0021260279266716027 0.057500000000004554 0.041000000000011035 0.00068187830636658869 150.40753681905173
decision_type=2 2 2 2 2 2 2 2 2 2
left_child=2 -2 5 4 -4 -1 -7 8 -3 -5
right_child=1 7 3 9 -6 6 -8 -9 -10 -11
leaf_value=0 0 -1.493005591441917e-06 0 2.087940153255648e-07 -1.5895471646208878e-06 0 1.1041331254956652e-06 0 0 0
leaf_weight=1552 472 6068 6199 5001 3444 9649 8768 1034 221 1415
leaf_count=1552 472 6068 6199 5001 3444 9649 8768 1034 221 1415
internal_value=0 -6.55991e-07 3.9455e-08 -1.14367e-07 -6.56476e-07 4.13542e-07 6.27013e-07 -1.09219e-06 -1.33649e-06 0
internal_weight=0 7795 36028 16059 9643 19969 18417 7323 6289 6416
internal_count=43823 7795 36028 16059 9643 19969 18417 7323 6289 6416
is_linear=0
shrinkage=0.05


Tree=12
num_leaves=11
num_cat=0
split_feature=2 22 10 15 4 6 10 4 20 27
split_gain=1.46125e-06 1.44507e-06 1.84044e-06 1.07245e-06 1.96602e-06 1.55513e-06 9.56934e-07 1.2598e-06 9.3573e-07 8.13293e-07
threshold=149.68429442271727 9.9388373372988564e-05 0.0035000000000025015 0.00030470475687705006 0.064341544726544977 0.00021701849430742605 0.028500000000008189 -0.18072690928335775 10.849066122200488 0.00026320133793025438
decision_type=2 2 2 2 2 2 2 2 2 2
left_child=1 6 -3 -2 5 -5 9 -8 -4 -1
right_child=3 2 8 4 -6 -7 7 -9 -10 -11
leaf_value=5.4299823495137764e-07 0 0 1.1453211013274215e-06 0 0 -2.0968241137865858e-06 0 -1.1815156977479281e-06 0 0
leaf_weight=7206 7648 2902 8794 467 866 3219 145 3904 337 8365
leaf_count=7206 7648 2902 8794 467 866 3219 145 3904 337 8365
internal_value=0 1.76218e-07 6.17986e-07 -4.67828e-07 -1.08421e-06 -1.66883e-06 0 -7.5379e-07 1.00357e-06 7.66663e-08
internal_weight=0 31653 12033 12200 4552 3686 19620 4049 9131 15571
internal_count=43853 31653 12033 12200 4552 3686 19620 4049 9131 15571
is_linear=0
shrinkage=0.05


Tree=13
num_leaves=14
num_cat=0
split_feature=1 6 20 6 20 25 10 29 2 10 3 3 3
split_gain=3.06793e-06 3.67847e-06 5.02759e-06 2.37573e-06 1.49546e-06 1.17001e-06 9.95687e-07 4.88674e-07 7.15212e-07 6.88586e-07 1.95327e-08 4.92593e-07 2.04185e-08
threshold=147.34266296582885 0.0010629162945603274 3.8183017377377522 0.00056080840160222737 -7.1509298867244864 -0.0023517154061079779 0.017000000000010122 0.0094038357832025941 146.80225637806691 0.029000000000010576 -0.0014581946026765988 0.088673645003069637 -0.059392971959255185
decision_type=2 2 2 2 2 2 2 2 2 2 2 2 2
left_child=1 7 5 10 -5 -3 -6 9 -9 -1 12 -12 -2
right_child=3 2 -4 4 6 -7 -8 8 -10 -11 11 -13 -14
leaf_value=5.0380234716327417e-07 0 0 0 0 0 5.7236005223821098e-06 -2.4022111633910582e-06 -6.5662814252628127e-07 0 0 -3.7543629084310798e-07 0 9.1837892636187412e-08
leaf_weight=11588 1471 159 497 1126 2226 860 2832 4151 636 2474 9083 716 6052
leaf_count=11588 1471 159 497 1126 2226 860 2832 4151 636 2474 9083 716 6052
internal_value=0 4.14141e-07 2.89283e-06 -4.21537e-07 -1.27898e-06 4.97793e-06 -1.65501e-06 0 -1.96356e-08 2.94526e-07 0 -7.05917e-08 0
internal_weight=0 20365 1516 23506 6184 1019 5058 18849 4787 14062 17322 9799 7523
internal_count=43871 20365 1516 23506 6184 1019 5058 18849 4787 14062 17322 9799 7523
is_linear=0
shrinkage=0.05


Tree=14
num_leaves=14
num_cat=0
split_feature=2 6 13 13 4 20 4 3 3 6 29 26 4
split_gain=1.23422e-06 2.88224e-06 3.24931e-06 1.46506e-06 9.59289e-07 9.03419e-07 8.93462e-07 6.44394e-08 1.22131e-06 4.83594e-08 4.25789e-07 4.05903e-07 1.43544e-08
threshold=147.40926282329264 0.00082146706561526007 -0.00012744450295115725 8.1227345186674085e-05 0.078462010944340785 9.8512224876730006 -0.1267058681482508 -0.04577345376033292 -0.0014581946026765988 0.00056080840160222737 0.014310321597175222 0.02503938069064467 -0.16409875110656644
decision_type=2 2 2 2 2 2 2 2 2 2 2 2 2
left_child=1 9 -3 7 6 -4 -5 12 -9 10 -1 -11 -2
right_child=3 2 5 4 -6 -7 -8 8 -10 11 -12 -13 -14
leaf_value=3.1173968135730319e-07 0 0 3.7395002136772005e-06 0 0 0 -1.0402817653100018e-06 8.8486106784935075e-07 0 -5.3914338357812665e-07 0 0 -1.2030896641989438e-07
leaf_weight=11987 172 1443 1390 246 715 337 8802 4105 6302 3561 1911 465 2479
leaf_count=11987 172 1443 1390 246 715 337 8802 4105 6302 3561 1911 465 2479
internal_value=0 2.96491e-07 1.69049e-06 -2.32271e-07 -7.0799e-07 3.15405e-06 -8.97722e-07 0 1.24416e-07 0 8.50243e-08 -7.1226e-08 0
internal_weight=0 21094 3170 22821 9763 1727 9048 13058 10407 17924 13898 4026 2651
internal_count=43915 21094 3170 22821 9763 1727 9048 13058 10407 17924 13898 4026 2651
is_linear=0
shrinkage=0.05


Tree=15
num_leaves=11
num_cat=0
split_feature=2 10 3 1 10 10 3 20 15 0
split_gain=1.35435e-06 1.78209e-06 2.29716e-06 1.16292e-06 8.52161e-07 5.19893e-07 4.69959e-07 4.35949e-07 1.27556e-06 1.36838e-07
threshold=143.19781421060244 0.02449999999998909 0.063507391653601544 156.54434028049056 0.0019999999999953393 0.064000000000007176 0.16545591684067065 5.6037138952314658 0.00011630788626271206 82.87476983397552
decision_type=2 2 2 2 2 2 2 2 2 2
left_child=4 7 3 -3 -1 6 -6 8 -2 -9
right_child=1 2 -4 -5 5 -7 -8 9 -10 -11
leaf_value=0 5.3910776229253548e-07 -1.3125212807955457e-06 0 0 1.4905392450709095e-06 0 0 -3.5086834018769014e-07 0 0
leaf_weight=666 13558 7845 1432 486 3412 179 68 5526 10545 209
leaf_count=666 13558 7845 1432 486 3412 179 68 5526 10545 209
internal_value=0 -1.01722e-07 -7.05899e-07 -1.12839e-06 8.29499e-07 1.18131e-06 1.35673e-06 0 1.7659e-07 -2.42847e-07
internal_weight=0 39601 9763 8331 4325 3659 3480 29838 24103 5735
internal_count=43926 39601 9763 8331 4325 3659 3480 29838 24103 5735
is_linear=0
shrinkage=0.05


Tree=16
num_leaves=11
num_cat=0
split_feature=2 27 12 22 10 0 10 26 24 6
split_gain=1.75678e-06 1.53468e-06 1.23342e-06 7.9178e-07 5.82392e-07 4.85098e-07 4.65814e-07 1.61144e-06 7.93023e-07 4.54647e-07
threshold=143.19781421060244 0.0028407269858415321 0.00018506091807168892 0.00070745163710380038 0.10700000000001354 14.183258529082027 0.02449999999998909 -0.0055495753112341116 0.00032569800114832869 0.00029781039602335622
decision_type=2 2 2 2 2 2 2 2 2 2
left_child=2 6 5 4 -3 -1 7 -2 -8 -7
right_child=1 3 -4 -5 -6 9 8 -9 -10 -11
leaf_value=0 8.0118089548392749e-07 -9.3216760648548928e-07 0 0 0 0 -5.7538014827931802e-07 0 0 2.0981099559308584e-06
leaf_weight=30 8052 8402 1189 283 73 885 6062 15424 1364 2225
leaf_count=30 8052 8402 1189 283 73 885 6062 15424 1364 2225
internal_value=0 -2.70081e-08 1.00389e-06 -6.64355e-07 -8.30458e-07 1.5399e-06 0 2.20372e-07 -5.73681e-08 1.66855e-06
internal_weight=0 39660 4329 8758 8475 3140 30902 23476 7426 3110
internal_count=43989 39660 4329 8758 8475 3140 30902 23476 7426 3110
is_linear=0
shrinkage=0.05


Tree=17
num_leaves=11
num_cat=0
split_feature=1 6 12 3 12 6 17 26 13 26
split_gain=1.52326e-06 1.71509e-06 2.86247e-06 2.97988e-06 9.35944e-07 1.27372e-06 1.03684e-06 2.22819e-07 1.76422e-07 1.46513e-07
threshold=143.60608135331958 0.00055758819046815115 -0.00080253818845193992 0.063507391653601544 0.00018506091807168892 0.00035096888371516415 -0.38366081256158208 -0.0075369786175016234 0.00035234990960775209 0.021286188731994043
decision_type=2 2 2 2 2 2 2 2 2 2
left_child=4 7 -3 -4 5 -1 -7 8 -2 -9
right_child=1 2 3 -5 -6 6 -8 9 -10 -11
leaf_value=0 3.2816633686407472e-07 0 -1.5707176495871715e-06 0 0 0 2.1555220515594119e-06 -1.8870808811480507e-07 0 0
leaf_weight=1544 6812 820 8592 1759 1560 470 2080 17712 626 1870
leaf_count=1544 6812 820 8592 1759 1560 470 2080 17712 626 1870
internal_value=0 -2.45667e-07 -7.68206e-07 -1.15248e-06 5.23467e-07 9.74636e-07 1.66542e-06 0 1.9833e-07 -1.16212e-07
internal_weight=0 38191 11171 10351 5654 4094 2550 27020 7438 19582
internal_count=43845 38191 11171 10351 5654 4094 2550 27020 7438 19582
is_linear=0
shrinkage=0.05


Tree=18
num_leaves=11
num_cat=0
split_feature=1 20 17 22 8 29 22 22 13 26
split_gain=1.46986e-06 1.39102e-06 1.10375e-06 1.4727e-06 9.52399e-07 1.42345e-06 6.78069e-07 1.47886e-07 6.23978e-07 1.5799e-07
threshold=147.34266296582885 5.7088384871786149 0.012116119443213337 0.0005100288918461071 4.0605152128675734e-05 0.0094038357832025941 2.9310684692548418e-06 -0.00024887692563913243 0.00020193230660936481 0.0053905728754451475
decision_type=2 2 2 2 2 2 2 2 2 2
left_child=1 4 7 6 -1 -6 -4 9 -9 -2
right_child=2 -3 3 -5 5 -7 -8 8 -10 -11
leaf_value=0 -3.3200399582641383e-07 0 0 0 1.0901755968428443e-06 0 -1.0783520721023448e-06 5.636741376688478e-07 0 0
leaf_weight=2179 3583 3670 2410 1742 10466 4026 7558 6073 1355 773
leaf_count=2179 3583 3670 2410 1742 10466 4026 7558 6073 1355 773
internal_value=0 3.8543e-07 -1.66692e-07 -5.398e-07 6.24384e-07 7.82794e-07 -8.43594e-07 0 2.23095e-07 0
internal_weight=0 20341 23494 11710 16671 14492 9968 11784 7428 4356
internal_count=43835 20341 23494 11710 16671 14492 9968 11784 7428 4356
is_linear=0
shrinkage=0.05


Tree=19
num_leaves=11
num_cat=0
split_feature=1 6 16 22 29 3 5 26 20 26
split_gain=1.68676e-06 1.58724e-06 2.31267e-06 2.89165e-06 5.34347e-07 4.08961e-07 4.79863e-07 1.88071e-07 3.06929e-07 1.0592e-07
threshold=143.60608135331958 0.00055758819046815115 -0.00071685822683546319 0.0005100288918461071 -0.054702536309999092 0.16545591684067065 0.087500000000005698 -0.0055495753112341116 6.1243736416327161 0.021286188731994043
decision_type=2 2 2 2 2 2 2 2 2 2
left_child=4 7 -3 -4 -1 6 -6 8 -2 -9
right_child=1 2 3 -5 5 -7 -8 9 -10 -11
leaf_value=0 3.9349550108256052e-07 0 -1.4402900056733771e-06 0 0 0 1.9469564316447134e-06 -1.3108132981850912e-07 0 0
leaf_weight=53 7899 1110 8619 1418 3801 92 1813 16248 997 1866
leaf_count=53 7899 1110 8619 1418 3801 92 1813 16248 997 1866
internal_value=0 -1.53687e-07 -6.60924e-07 -1.03012e-06 7.5875e-07 9.02858e-07 1.00529e-06 0 2.2635e-07 -2.81794e-08
internal_weight=0 38157 11147 10037 5759 5706 5614 27010 8896 18114
internal_count=43916 38157 11147 10037 5759 5706 5614 27010 8896 18114
is_linear=0
shrinkage=0.05


Tree=20
num_leaves=11
num_cat=0
split_feature=2 29 22 29 15 4 5 12 1 1
split_gain=1.05595e-06 9.54972e-07 1.50716e-06 9.19949e-07 6.5651e-07 1.41991e-06 1.32995e-06 2.67004e-08 3.25056e-07 5.00642e-08
threshold=149.68429442271727 -0.009567856715797414 -0.00039427570272386546 -0.042886946526178173 0.00030470475687705006 0.059217994419803341 0.033500000000003645 6.8553252217773433e-05 142.51606747217323 142.1993549781472
decision_type=2 2 2 2 2 2 2 2 2 2
left_child=1 2 -1 -4 -2 6 -6 9 -9 -3
right_child=4 7 3 -5 5 -7 -8 8 -10 -11
leaf_value=0 0 0 0 1.3173267013183974e-06 0 0 -1.8274872885603626e-06 0 -3.1066766573350508e-07 1.0270486801777138e-07
leaf_weight=2468 7700 355 172 5309 479 957 3113 534 8891 13880
leaf_count=2468 7700 355 172 5309 479 957 3113 534 8891 13880
internal_value=0 1.54885e-07 6.29065e-07 1.12308e-06 -3.91928e-07 -8.79985e-07 -1.40315e-06 0 -6.94783e-08 3.8639e-08
internal_weight=0 31609 7949 5481 12249 4549 3592 23660 9425 14235
internal_count=43858 31609 7949 5481 12249 4549 3592 23660 9425 14235
is_linear=0
shrinkage=0.05


Tree=21
num_leaves=12
num_cat=0
split_feature=2 6 12 3 29 0 10 27 29 5 9
split_gain=9.85429e-07 1.12563e-06 2.59935e-06 1.95662e-06 3.38085e-07 2.54173e-07 2.6158e-07 1.89416e-07 6.07169e-07 5.02515e-08 1.37238e-08
threshold=143.37813261774127 0.00055758819046815115 -0.00068303723968815555 0.063507391653601544 -0.054702536309999092 14.183258529082027 0.15599999999999173 0.0028407269858415321 0.014310321597175222 0.27349999999999858 0.023499999999998526
decision_type=2 2 2 2 2 2 2 2 2 2 2
left_child=4 7 9 -4 -1 -6 -7 8 -2 -3 -9
right_child=1 2 3 -5 5 6 -8 10 -10 -11 -12
leaf_value=0 3.1855820272091573e-07 3.283413997619121e-07 -1.299731875122241e-06 0 0 9.8065356936072593e-07 0 -9.7135284554550526e-08 0 0 0
leaf_weight=36 19624 1165 8433 1760 44 4737 9.9999999999999982 3636 3449 146 934
leaf_count=36 19624 1165 8433 1760 44 4737 10 3636 3449 146 934
internal_value=0 -3.29076e-08 -4.98294e-07 -9.5799e-07 7.08209e-07 8.25672e-07 9.06589e-07 0 1.43259e-07 0 0
internal_weight=0 39147 11504 10193 4827 4791 4747 27643 23073 1311 4570
internal_count=43974 39147 11504 10193 4827 4791 4747 27643 23073 1311 4570
is_linear=0
shrinkage=0.05


Tree=22
num_leaves=12
num_cat=0
split_feature=20 15 15 15 7 22 20 6 22 24 21
split_gain=5.24569e-07 8.73312e-07 5.12573e-07 1.22767e-06 1.37763e-06 4.97299e-07 6.50757e-07 4.81147e-07 3.32487e-07 2.53454e-07 1.45712e-07
threshold=5.6037138952314658 0.0016857312389556569 0.00030470475687705006 -0.0021260279266716027 0.016000000000005347 0.00065944146670546256 0.82417013982678722 0.0003015456728617789 0.0010376320179182987 -0.00048765655001061539 0.21047457861661203
decision_type=2 2 2 2 2 2 2 2 2 2 2
left_child=2 7 3 9 -5 6 -4 -2 -9 -1 -7
right_child=1 -3 5 4 -6 10 -8 8 -10 -11 -12
leaf_value=-5.932628564205951e-07 0 0 -6.4738012995424864e-07 0 7.7711194292623133e-07 4.712621216976199e-07 0 -9.9018681535913688e-07 0 0 0
leaf_weight=1800 1816 686 6848 8152 13093 1640 4045 5524 17 125 140
leaf_count=1800 1816 686 6848 8152 13093 1640 4045 5524 17 125 140
internal_value=0 -3.861e-07 5.59937e-08 2.45265e-07 4.58334e-07 0 -3.37829e-07 -6.78029e-07 -9.09647e-07 0 2.36124e-09
internal_weight=0 8043 35843 23170 21245 12673 10893 7357 5541 1925 1780
internal_count=43886 8043 35843 23170 21245 12673 10893 7357 5541 1925 1780
is_linear=0
shrinkage=0.05


Tree=23
num_leaves=11
num_cat=0
split_feature=2 26 0 10 5 4 0 4 2 29
split_gain=7.20991e-07 1.00256e-06 1.46061e-06 1.39055e-06 9.17141e-07 2.85667e-06 7.76693e-07 1.11053e-07 8.16786e-07 2.29184e-07
threshold=149.68429442271727 -0.0090011079133311672 19.580413418748595 0.033500000000003645 0.12749999999999775 -0.1267058681482508 17.034379955513682 -0.013764155123653718 144.10886326810328 -0.0025338618400381082
decision_type=2 2 2 2 2 2 2 2 2 2
left_child=1 2 -1 -4 -2 -6 -7 8 -3 -9
right_child=4 7 3 -5 5 6 -8 9 -10 -11
leaf_value=0 0 0 1.2695482845083245e-06 0 0 0 -3.6027447374015188e-06 0 -6.0706129982419999e-07 2.2331348172709216e-07
leaf_weight=919 11045 2510 6058 1524 131 42 1005 2779 6294 11489
leaf_count=919 11045 2510 6058 1524 131 42 1005 2779 6294 11489
internal_value=0 6.42128e-08 5.56901e-07 9.10667e-07 -3.69881e-07 -1.83443e-06 -3.25656e-06 0 -1.77577e-07 0
internal_weight=0 31573 8501 7582 12223 1178 1047 23072 8804 14268
internal_count=43796 31573 8501 7582 12223 1178 1047 23072 8804 14268
is_linear=0
shrinkage=0.05


Tree=24
num_leaves=12
num_cat=0
split_feature=20 1 4 1 6 2 6 27 0 3 3
split_gain=9.13729e-07 1.24377e-06 1.20465e-06 8.73878e-07 4.39757e-06 1.33843e-06 8.60209e-07 6.75798e-07 2.13761e-07 4.59865e-07 4.01449e-07
threshold=5.6037138952314658 142.62943578860134 0.050622325827096713 147.34266296582885 0.001212702420607284 142.82024775466087 0.00030971344399996899 -0.0011180437664694077 47.941865219391111 -0.056875282281993116 0.10088224928138347
decision_type=2 2 2 2 2 2 2 2 2 2 2
left_child=3 -2 6 4 7 -6 -3 -1 9 -5 -10
right_child=1 2 -4 8 5 -7 -8 -9 10 -11 -12
leaf_value=-6.5884973018874639e-08 0 0 0 0 0 5.1823265280852496e-06 -1.4041422792714783e-06 4.2260364776244414e-07 -4.0672728448423231e-07 4.1549982303831832e-07 0
leaf_weight=6693 406 1783 727 2360 99 632 5122 9297 9297 6659 873
leaf_count=6693 406 1783 727 2360 99 632 5122 9297 9297 6659 873
internal_value=0 -4.76829e-07 -8.04279e-07 1.12772e-07 3.97448e-07 4.31802e-06 -1.07289e-06 0 0 0 -2.29228e-07
internal_weight=0 8038 7632 35910 16721 731 6905 15990 19189 9019 10170
internal_count=43948 8038 7632 35910 16721 731 6905 15990 19189 9019 10170
is_linear=0
shrinkage=0.05


Tree=25
num_leaves=10
num_cat=0
split_feature=2 29 6 7 9 3 9 20 5
split_gain=5.71263e-07 1.28906e-06 1.15124e-06 2.77761e-06 2.01575e-06 5.69953e-07 2.88437e-07 1.75377e-07 4.72323e-07
threshold=143.19781421060244 -0.00078822409304748792 0.00056080840160222737 0.073499999999995694 0.057000000000002167 0.10088224928138347 0.076000000000007631 5.6037138952314658 0.045000000000001712
decision_type=2 2 2 2 2 2 2 2 2
left_child=1 5 7 4 -4 6 -1 8 -2
right_child=2 -3 3 -5 -6 -7 -8 -9 -10
leaf_value=1.9031999237610259e-06 0 0 -1.6845884733026584e-06 0 0 0 0 0 3.4722739511588982e-07
leaf_weight=1868 9918 2365 5247 5098 1141 31 39 4705 13430
leaf_count=1868 9918 2365 5247 5098 1141 31 39 4705 13430
internal_value=0 5.70108e-07 -2.73072e-08 -5.03126e-07 -1.24183e-06 1.54409e-06 1.78046e-06 0 1.37034e-07
internal_weight=0 4303 39539 11486 6388 1938 1907 28053 23348
internal_count=43842 4303 39539 11486 6388 1938 1907 28053 23348
is_linear=0
shrinkage=0.05


Tree=26
num_leaves=12
num_cat=0
split_feature=20 2 5 0 2 6 10 6 10 3 6
split_gain=7.52544e-07 1.15079e-06 2.77885e-06 3.06735e-06 9.38229e-07 5.36376e-07 7.27703e-07 5.26089e-07 1.89539e-06 2.76285e-07 1.10478e-07
threshold=5.7088384871786149 147.43713568194781 0.16400000000000151 34.501585398028361 142.6323598749768 0.00030971344399996899 0.098500000000001378 0.00055758819046815115 0.027000000000001027 0.0069942477075954921 0.00029916404051352736
decision_type=2 2 2 2 2 2 2 2 2 2 2
left_child=1 2 9 -4 -2 -6 -7 10 -9 -1 -3
right_child=4 7 3 -5 5 6 -8 8 -10 -11 -12
leaf_value=0 0 0 0 5.1626472278675725e-06 0 -1.0912378916817814e-06 0 0 -1.7170530991942715e-06 3.1080386558919389e-07 1.884123652141091e-07
leaf_weight=9306 387 5952 261 683 1861 5599 53 2736 2053 7150 7780
leaf_count=9306 387 5952 261 683 1861 5599 53 2736 2053 7150 7780
internal_value=0 1.41525e-07 4.54631e-07 3.34148e-06 -3.83494e-07 -6.83251e-07 -9.2616e-07 0 -5.24039e-07 0 0
internal_weight=0 35921 17400 944 7900 7513 5652 18521 4789 16456 13732
internal_count=43821 35921 17400 944 7900 7513 5652 18521 4789 16456 13732
is_linear=0
shrinkage=0.05


Tree=27
num_leaves=11
num_cat=0
split_feature=1 4 10 4 1 10 4 4 10 29
split_gain=7.13545e-07 1.18774e-06 3.03168e-06 2.81306e-06 8.55799e-07 5.40968e-07 3.10413e-07 1.94168e-07 1.58403e-07 6.73324e-08
threshold=142.71198701110634 0.05238531942246849 0.028000000000005801 -0.1528675007770057 156.14292743831027 0.0035000000000025015 0.015714344066278928 0.17108615808236291 0.00099999999999056421 -0.054702536309999092
decision_type=2 2 2 2 2 2 2 2 2 2
left_child=7 2 6 -4 5 -3 -2 8 -1 -10
right_child=1 4 3 -5 -6 -7 -8 -9 9 -11
leaf_value=0 7.5927551854376222e-08 0 0 -1.5984256121932418e-06 0 9.8921460215467946e-07 -2.9150926193673968e-07 0 0 1.1352433245815275e-06
leaf_weight=231 20885 1216 312 6590 351 4398 7715 22 15.999999999999998 2145
leaf_count=231 20885 1216 312 6590 351 4398 7715 22 16 2145
internal_value=0 -4.07348e-08 -2.50408e-07 -1.19188e-06 3.6895e-07 7.25061e-07 0 8.42837e-07 9.5907e-07 1.09606e-06
internal_weight=0 41467 35502 6902 5965 5614 28600 2414 2392 2161
internal_count=43881 41467 35502 6902 5965 5614 28600 2414 2392 2161
is_linear=0
shrinkage=0.05


Tree=28
num_leaves=11
num_cat=0
split_feature=2 12 4 4 15 4 29 2 2 2
split_gain=6.49833e-07 1.3226e-06 5.99043e-07 1.51031e-06 8.79548e-07 3.49462e-07 4.05917e-07 1.20561e-07 1.06345e-07 1.90119e-07
threshold=143.19781421060244 0.00018101547722593206 0.05238531942246849 0.015714344066278928 0.0015994635810143711 0.17108615808236291 0.066295626834333266 152.2933898148986 156.00178654008795 144.24407623025726
decision_type=2 2 2 2 2 2 2 2 2 2
left_child=1 5 3 7 -5 6 -1 -2 9 -4
right_child=2 -3 8 4 -6 -7 -8 -9 -10 -11
leaf_value=1.466224363668374e-06 -7.9123218560851441e-08 0 0 -9.7660775208595781e-07 0 0 0 1.9002971459272061e-07 0 4.0363022409052483e-07
leaf_weight=3073 20316 1222 747 8057 671 39 15.999999999999998 4824 391 4549
leaf_count=3073 20316 1222 747 8057 671 39 16 4824 391 4549
internal_value=0 5.69729e-07 -7.32976e-08 -2.24707e-07 -7.9279e-07 1.22815e-06 1.34543e-06 0 0 2.24048e-07
internal_weight=0 4350 39555 33868 8728 3128 3089 25140 5687 5296
internal_count=43905 4350 39555 33868 8728 3128 3089 25140 5687 5296
is_linear=0
shrinkage=0.05


Tree=29
num_leaves=11
num_cat=0
split_feature=2 6 2 24 9 13 2 6 2 3
split_gain=5.1216e-07 1.76437e-06 1.71636e-06 1.10261e-06 9.74499e-07 1.03798e-06 8.51423e-07 5.85317e-08 5.49114e-07 7.7597e-09
threshold=147.43713568194781 0.00081326316997875757 145.82391302692204 0.002143935064747146 0.013499999999993408 -0.00021591126749936904 156.29180129120837 0.00053271239631914847 142.29558188514218 0.0069942477075954921
decision_type=2 2 2 2 2 2 2 2 2 2
left_child=1 7 3 -3 -2 -6 -7 9 -9 -1
right_child=4 2 -4 -5 5 6 -8 8 -10 -11
leaf_value=0 0 2.3106513189033144e-06 0 0 0 -1.1814284435817934e-06 0 0 -5.913371256708565e-07 5.8698476313548628e-08
leaf_weight=7717 12440 2192 974 88 3359 5870 874 285 4344 5630
leaf_count=7717 12440 2192 974 88 3359 5870 874 285 4344 5630
internal_value=0 1.07766e-07 1.19632e-06 1.98096e-06 -2.1415e-07 -5.86056e-07 -9.48307e-07 0 -1.7779e-07 0
internal_weight=0 21230 3254 2280 22543 10103 6744 17976 4629 13347
internal_count=43773 21230 3254 2280 22543 10103 6744 17976 4629 13347
is_linear=0
shrinkage=0.05


Tree=30
num_leaves=11
num_cat=0
split_feature=2 21 10 15 4 0 9 21 1 10
split_gain=1.02236e-06 1.05879e-06 1.75827e-06 7.30077e-07 1.59172e-06 9.12438e-07 7.04172e-07 6.95673e-07 1.75586e-06 1.4264e-06
threshold=149.68429442271727 0.014792798032601697 0.0035000000000025015 0.00030470475687705006 0.064341544726544977 82.87476983397552 0.0035000000000025015 -0.026713420753310398 145.22251966716917 0.016000000000005347
decision_type=2 2 2 2 2 2 2 2 2 2
left_child=1 7 -3 -2 5 -5 -4 8 -1 -9
right_child=3 2 6 4 -6 -7 -8 9 -10 -11
leaf_value=1.0655729825229741e-06 0 0 0 -1.7047656870161619e-06 0 0 1.1439087125609232e-06 0 0 -1.2034965110566525e-06
leaf_weight=4161 7692 2904 1899 3475 856 199 7141 6883 5211 3431
leaf_count=4161 7692 2904 1899 3475 856 199 7141 6883 5211 3431
internal_value=0 1.30842e-07 5.16667e-07 -4.05973e-07 -9.20618e-07 -1.45877e-06 9.1593e-07 0 1.89137e-07 -3.68935e-07
internal_weight=0 31630 11944 12222 4530 3674 9040 19686 9372 10314
internal_count=43852 31630 11944 12222 4530 3674 9040 19686 9372 10314
is_linear=0
shrinkage=0.05


Tree=31
num_leaves=11
num_cat=0
split_feature=1 27 3 15 15 6 25 10 0 6
split_gain=2.94552e-07 1.2492e-06 1.12125e-06 5.96871e-07 1.16212e-06 7.4563e-07 5.47205e-07 5.45536e-07 1.0986e-07 3.57889e-08
threshold=142.57584734173585 0.0028407269858415321 0.00793823556789164 8.7369833691175472e-05 -0.0021260279266716027 0.00042566955214811509 -0.00097197051295297551 0.10700000000001354 19.580413418748595 3.9945428529012898e-05
decision_type=2 2 2 2 2 2 2 2 2 2
left_child=6 3 7 4 -2 -5 -1 -3 -8 -10
right_child=1 2 -4 5 -6 -7 8 -9 9 -11
leaf_value=0 0 -1.0696853882539564e-06 0 0 5.1895557508947317e-07 -5.5875667575929306e-07 0 0 0 1.2534035587284824e-06
leaf_weight=301 1387 6379 2836 9050 16296 5998 15.999999999999998 57 11.999999999999998 1565
leaf_count=301 1387 6379 2836 9050 16296 5998 16 57 12 1565
internal_value=0 -1.49549e-08 -5.81226e-07 0 2.89645e-07 -2.39722e-08 6.19496e-07 -9.6031e-07 1.14668e-06 1.2257e-06
internal_weight=0 42003 9272 32731 17683 15048 1894 6436 1593 1577
internal_count=43897 42003 9272 32731 17683 15048 1894 6436 1593 1577
is_linear=0
shrinkage=0.05


Tree=32
num_leaves=11
num_cat=0
split_feature=12 13 2 22 4 13 25 1 2 17
split_gain=7.48643e-07 1.55596e-06 1.18687e-06 1.63108e-06 2.77146e-07 1.45249e-06 1.10023e-06 7.15933e-07 6.85717e-07 2.3595e-08
threshold=-0.00068303723968815555 -0.0024370307688664767 149.16790384159597 0.0012354378071374754 0.031419723558458394 0.00024897815217894698 5.3275909283572421e-05 147.60115424054359 142.6323598749768 -0.3392075087209846
decision_type=2 2 2 2 2 2 2 2 2 2
left_child=1 -1 3 -3 6 -6 9 -7 -8 -2
right_child=4 2 -4 -5 5 7 8 -9 -10 -11
leaf_value=0 0 3.5960865751875702e-06 0 0 0 1.6886527837253873e-06 0 0 -6.8365688934525085e-07 6.4734486600710027e-08
leaf_weight=99 6403 990 413 34 6750 1928 547 1814 10869 14076
leaf_count=99 6403 990 413 34 6750 1928 547 1814 10869 14076
internal_value=0 1.10375e-06 2.00214e-06 2.91918e-06 0 8.59856e-08 -1.38892e-07 9.95515e-07 -5.42983e-07 0
internal_weight=0 1536 1437 1024 42387 10492 31895 3742 11416 20479
internal_count=43923 1536 1437 1024 42387 10492 31895 3742 11416 20479
is_linear=0
shrinkage=0.05


Tree=33
num_leaves=14
num_cat=0
split_feature=2 26 17 2 1 4 15 10 12 7 4 4 4
split_gain=2.43811e-07 1.20033e-06 1.16697e-06 1.17684e-06 5.33037e-07 1.58793e-06 2.8587e-07 5.95224e-07 4.46521e-07 2.81325e-07 1.36424e-07 3.15743e-07 1.56309e-07
threshold=149.68429442271727 -0.0091749977023226886 -0.54312365494641057 144.24407623025726 151.07193382905024 0.025517617309516436 0.0016857312389556569 1.0000000180025095e-35 -0.00068303723968815555 0.0014999999999929516 0.011138072687498481 0.066040221095872584 -0.23996162039120286
decision_type=2 2 2 2 2 2 2 2 2 2 2 2 2
left_child=1 2 -1 -4 5 9 8 -8 -3 -2 12 -12 -6
right_child=4 6 3 -5 10 -7 7 -9 -10 -11 11 -13 -14
leaf_value=0 0 0 0 1.3568778680116067e-06 0 0 0 9.5497765869534334e-07 -2.6058331830927702e-07 -1.7419314192639202e-06 -5.4137794081520625e-07 0 3.588767252733681e-07
leaf_weight=1420 76 487 1934 5102 30 1014 227 2119 20415 2004 2743 794 5568
leaf_count=1420 76 487 1934 5102 30 1014 227 2119 20415 2004 2743 794 5568
internal_value=0 1.29729e-07 6.46498e-07 9.57567e-07 -7.88115e-08 -6.74691e-07 0 4.35355e-07 -1.13648e-07 -1.60791e-06 0 -6.44136e-08 2.41455e-07
internal_weight=0 31704 8456 7036 12229 3094 23248 2346 20902 2080 9135 3537 5598
internal_count=43933 31704 8456 7036 12229 3094 23248 2346 20902 2080 9135 3537 5598
is_linear=0
shrinkage=0.05


Tree=34
num_leaves=14
num_cat=0
split_feature=1 21 10 20 22 21 26 21 4 4 21 26 26
split_gain=1.05201e-06 1.41344e-06 6.03578e-07 1.31157e-06 5.43679e-07 1.15168e-06 6.75148e-07 3.38766e-07 1.04322e-07 6.35204e-08 3.40847e-08 1.93828e-07 7.10806e-08
threshold=147.34266296582885 0.011313086310053679 0.0024999999999977267 -12.66671407626116 -2.4956822991007726e-05 0.081314247663598863 -0.025653032833656799 -0.026713420753310398 0.0087934621473151221 0.014842224251448608 -0.04577345376033292 0.035399300220940948 0.0053905728754451475
decision_type=2 2 2 2 2 2 2 2 2 2 2 2 2
left_child=1 7 -3 -4 10 6 -6 9 -9 -1 12 -12 -2
right_child=4 2 3 -5 5 -7 -8 8 -10 -11 11 -13 -14
leaf_value=2.785482999001798e-07 -2.4069517894318194e-07 0 0 1.2989474674450988e-06 0 0 -7.6423644707248082e-07 -3.8812524746217372e-07 0 0 3.0207317286652304e-07 0 0
leaf_weight=6547 3067 1503 227 6108 305 1613 11251 5035 963 9.9999999999999982 6244 59 1036
leaf_count=6547 3067 1503 227 6108 305 1613 11251 5035 963 10 6244 59 1036
internal_value=0 3.11977e-07 8.3907e-07 1.05321e-06 -1.65425e-07 -3.90126e-07 -6.50066e-07 0 -2.88056e-07 2.30767e-07 0 1.16269e-07 0
internal_weight=0 20393 7838 6335 23575 13169 11556 12555 5998 6557 10406 6303 4103
internal_count=43968 20393 7838 6335 23575 13169 11556 12555 5998 6557 10406 6303 4103
is_linear=0
shrinkage=0.05


Tree=35
num_leaves=11
num_cat=0
split_feature=21 25 17 0 9 0 12 20 0 6
split_gain=3.07825e-07 1.10965e-06 1.00759e-06 8.73292e-07 8.156e-07 6.22878e-07 7.12368e-07 4.81848e-07 3.91024e-07 1.61315e-07
threshold=0.091226584463413488 4.6328808648993762e-05 -0.3392075087209846 54.442969291298475 0.019999999999996024 82.87476983397552 -0.00085798915956203359 -10.378646718983537 79.600958875851646 0.00028045653272685671
decision_type=2 2 2 2 2 2 2 2 2 2
left_child=1 2 9 -4 -2 6 -3 -6 -9 -1
right_child=4 5 3 -5 7 -7 -8 8 -10 -11
leaf_value=0 0 0 6.0225537220723269e-07 0 0 0 -5.7141716049120831e-07 2.3466408949144297e-06 0 -2.6835026514639678e-07
leaf_weight=1628 1341 46 13955 1878 40 647 17618 906 283 5600
leaf_count=1628 1341 46 13955 1878 40 647 17618 906 283 5600
internal_value=0 0 1.24864e-07 4.26382e-07 5.47179e-07 -3.63128e-07 -4.7418e-07 1.51152e-06 1.83696e-06 0
internal_weight=0 41372 23061 15833 2570 18311 17664 1229 1189 7228
internal_count=43942 41372 23061 15833 2570 18311 17664 1229 1189 7228
is_linear=0
shrinkage=0.05


Tree=36
num_leaves=11
num_cat=0
split_feature=4 10 1 1 2 9 17 20 15 1
split_gain=5.52697e-07 9.39259e-07 1.2114e-06 1.04385e-06 9.23619e-07 5.38013e-07 5.15096e-07 3.91786e-07 6.43423e-07 3.36419e-08
threshold=0.05238531942246849 0.013999999999995795 142.71198701110634 156.54434028049056 156.00178654008795 0.0024999999999977267 -0.30508994929432925 5.9113366666351306 0.00011630788626271206 142.62943578860134
decision_type=2 2 2 2 2 2 2 2 2 2
left_child=1 7 -3 -4 5 -2 -7 8 -1 -9
right_child=4 2 3 -5 -6 6 -8 9 -10 -11
leaf_value=5.0159631619070383e-07 0 0 -7.4395936879614023e-07 0 0 0 1.1400244987288431e-06 0 0 -1.4364051596268089e-07
leaf_weight=10286 849 1035 14533 876 388 136 4821 203 6633 4076
leaf_count=10286 849 1035 14533 876 388 136 4821 203 6633 4076
internal_value=0 -3.90947e-08 -3.82482e-07 -5.93849e-07 4.62362e-07 7.9104e-07 1.00211e-06 0 2.40604e-07 0
internal_weight=0 37642 16444 15409 6194 5806 4957 21198 16919 4279
internal_count=43836 37642 16444 15409 6194 5806 4957 21198 16919 4279
is_linear=0
shrinkage=0.05


Tree=37
num_leaves=11
num_cat=0
split_feature=4 1 7 9 10 1 4 20 3 1
split_gain=6.8881e-07 1.02961e-06 7.80656e-07 7.18497e-07 6.71183e-07 1.84758e-06 1.86803e-06 5.19164e-07 1.00164e-06 5.66888e-07
threshold=0.05238531942246849 156.14292743831027 0.0095000000000027302 0.0024999999999977267 0.028000000000005801 142.71198701110634 -0.1528675007770057 5.7088384871786149 0.020464539065997659 142.57584734173585
decision_type=2 2 2 2 2 2 2 2 2 2
left_child=4 2 -2 -4 7 -6 -7 8 -1 -9
right_child=1 -3 3 -5 5 6 -8 9 -10 -11
leaf_value=4.3296411835188935e-07 0 0 0 1.4035238699986369e-06 0 0 -1.2912983525888874e-06 0 0 -5.5288699781062534e-07
leaf_weight=18478 937 356 785 4083 476 312 6577 270 5836 5742
leaf_count=18478 937 356 785 4083 476 312 6577 270 5836 5742
internal_value=0 5.28619e-07 8.60213e-07 1.13282e-06 -2.93882e-09 -4.77351e-07 -9.56066e-07 0 1.98683e-07 -2.37142e-07
internal_weight=0 6161 5805 4868 37691 7365 6889 30326 24314 6012
internal_count=43852 6161 5805 4868 37691 7365 6889 30326 24314 6012
is_linear=0
shrinkage=0.05


Tree=38
num_leaves=11
num_cat=0
split_feature=2 29 27 27 15 2 29 21 26 24
split_gain=7.12327e-07 1.11914e-06 7.04482e-07 8.94906e-07 7.176e-07 5.53284e-07 9.39019e-07 4.67323e-07 3.71432e-07 1.46721e-07
threshold=143.19781421060244 -0.00012021283896270148 0.0028407269858415321 0.0014867650611269363 -0.0013763970983479699 147.51051110458016 0.00093760544160308233 0.10088224928138347 0.0091756483249392732 -0.00046686158440025768
decision_type=2 2 2 2 2 2 2 2 2 2
left_child=1 7 3 9 -5 -4 -7 8 -1 -2
right_child=2 -3 5 4 -6 6 -8 -9 -10 -11
leaf_value=1.8369506628610017e-06 0 0 0 0 9.8307093792283275e-07 -1.3085610281473453e-06 0 0 0 -1.3266115573727291e-07
leaf_weight=1978 5553 2273 3924 381 4171 3207 1598 31 42 20842
leaf_count=1978 5553 2273 3924 381 4171 3207 1598 31 42 20842
internal_value=0 6.41729e-07 0 0 7.01041e-07 -4.49175e-07 -8.08928e-07 1.49401e-06 1.6866e-06 0
internal_weight=0 4324 39676 30947 4552 8729 4805 2051 2020 26395
internal_count=44000 4324 39676 30947 4552 8729 4805 2051 2020 26395
is_linear=0
shrinkage=0.05


Tree=39
num_leaves=10
num_cat=0
split_feature=20 1 2 4 12 20 5 2 1
split_gain=4.00264e-07 6.42072e-07 6.0534e-07 5.22817e-07 7.6372e-07 4.4358e-07 3.11415e-07 5.92424e-08 3.78594e-08
threshold=5.7088384871786149 142.62943578860134 149.68429442271727 0.048824579878593226 3.8140897876459696e-05 -9.6754690887166941 0.045000000000001712 151.41805166862645 151.39809867086561
decision_type=2 2 2 2 2 2 2 2 2
left_child=2 -2 5 4 -3 -1 -7 8 -4
right_child=1 3 7 -5 -6 6 -8 -9 -10
leaf_value=0 0 0 -3.0089223693164111e-07 0 -9.7967519854130143e-07 0 4.8241829514836641e-07 0 0
leaf_weight=2213 391 984 2681 759 5667 7314 16258 7334 20
leaf_count=2213 391 984 2681 759 5667 7314 16258 7334 20
internal_value=0 -2.81398e-07 1.03392e-07 -5.47702e-07 -7.28504e-07 2.71184e-07 3.57056e-07 0 -2.34153e-07
internal_weight=0 7801 35820 7410 6651 25785 23572 10035 2701
internal_count=43621 7801 35820 7410 6651 25785 23572 10035 2701
is_linear=0
shrinkage=0.05


Tree=40
num_leaves=12
num_cat=0
split_feature=25 4 6 0 15 10 0 2 4 25 1
split_gain=1.27726e-07 1.18202e-06 9.83945e-07 9.4076e-07 7.51374e-07 4.31645e-07 6.97848e-07 3.44308e-07 6.55683e-07 1.89544e-07 6.10756e-07
threshold=4.6328808648993762e-05 0.032030569382581607 0.00033576017729073168 83.978582930062274 -0.0016676785080162457 0.028000000000005801 54.442969291298475 145.76752961742713 -0.1149783297214237 0.00037041709933538128 157.49141150318351
decision_type=2 2 2 2 2 2 2 2 2 2 2
left_child=4 2 -2 -4 7 6 -6 -1 -9 -3 -11
right_child=1 9 3 -5 5 -7 -8 8 -10 10 -12
leaf_value=0 0 0 -1.0864500933188567e-06 0 5.8289600240825417e-07 0 0 0 -1.2072522919077751e-06 5.3139486854004356e-07 0
leaf_weight=1268 4811 1796 6708 150 14333 3793 1523 484 1715 7085 265
leaf_count=1268 4811 1796 6708 150 14333 3793 1523 484 1715 7085 265
internal_value=0 -8.53099e-08 -5.1596e-07 -9.00905e-07 8.5206e-08 3.22706e-07 4.43966e-07 0 -6.25606e-07 0 2.53906e-07
internal_weight=0 20815 11669 6858 23116 19649 15856 3467 2199 9146 7350
internal_count=43931 20815 11669 6858 23116 19649 15856 3467 2199 9146 7350
is_linear=0
shrinkage=0.05


Tree=41
num_leaves=12
num_cat=0
split_feature=10 4 2 4 26 26 15 13 26 29 2
split_gain=6.84769e-07 2.77413e-06 2.22203e-06 1.83523e-06 4.11433e-07 7.60412e-07 1.26181e-06 4.16358e-08 1.81715e-07 1.10305e-07 2.08499e-08
threshold=0.028000000000005801 0.039145760815576768 142.72047676303251 -0.16409875110656644 -0.0055495753112341116 -0.049981031580679909 -0.0001773793758740316 0.00024897815217894698 0.026370025700050204 -0.00012021283896270148 150.15602400761114
decision_type=2 2 2 2 2 2 2 2 2 2 2
left_child=4 2 -2 -4 5 -1 -7 8 -6 -9 -3
right_child=1 10 3 -5 7 6 -8 9 -10 -11 -12
leaf_value=0 0 1.8236680506497422e-07 0 -1.7342437986083269e-06 -2.0047536257929718e-07 8.0924989772322698e-07 0 0 0 2.1363194417766339e-07 0
leaf_weight=260 441 1567 251 6243 13893 9310 2140 2662 649 6042 435
leaf_count=260 441 1567 251 6243 13893 9310 2140 2662 649 6042 435
internal_value=0 -4.35993e-07 -1.11578e-06 -1.47813e-06 1.93088e-08 2.98243e-07 5.06945e-07 0 -8.46033e-08 0 0
internal_weight=0 8937 6935 6494 34956 11710 11450 23246 14542 8704 2002
internal_count=43893 8937 6935 6494 34956 11710 11450 23246 14542 8704 2002
is_linear=0
shrinkage=0.05


Tree=42
num_leaves=11
num_cat=0
split_feature=2 22 10 5 20 5 4 24 2 12
split_gain=4.81044e-07 6.4467e-07 1.25081e-06 6.04798e-07 5.03202e-07 6.26353e-07 6.90152e-07 3.29164e-07 7.21892e-07 2.16702e-07
threshold=149.68429442271727 9.9388373372988564e-05 0.0024999999999977267 0.026499999999998639 -6.4109659765847047 0.024999999999991477 -0.10598730488353257 -0.00065976268704540585 142.6323598749768 6.1448547108988741e-05
decision_type=2 2 2 2 2 2 2 2 2 2
left_child=1 7 -3 -4 -2 -6 -7 9 -9 -1
right_child=4 2 3 -5 5 6 -8 8 -10 -11
leaf_value=4.5883488073541577e-07 0 0 0 8.290215134031568e-07 0 0 -7.9526081205909322e-07 0 -4.1332008326148403e-07 0
leaf_weight=2573 1912 2395 483 9095 759 512 9094 1174 15381 513
leaf_count=2573 1912 2395 483 9095 759 512 9094 1174 15381 513
internal_value=0 2.98254e-09 3.66919e-07 7.03394e-07 -3.12939e-07 -4.87199e-07 -6.47397e-07 0 -2.2295e-07 0
internal_weight=0 31614 11973 9578 12277 10365 9606 19641 16555 3086
internal_count=43891 31614 11973 9578 12277 10365 9606 19641 16555 3086
is_linear=0
shrinkage=0.05


Tree=43
num_leaves=11
num_cat=0
split_feature=4 2 5 29 10 4 6 21 29 8
split_gain=2.03756e-07 9.98353e-07 1.24716e-06 1.25223e-06 9.41088e-07 1.869e-06 2.49168e-06 2.23363e-07 4.27529e-07 8.00212e-08
threshold=0.031419723558458394 150.6444835758135 0.045000000000001712 0.009981483644277098 0.028000000000005801 -0.1528675007770057 0.00055758819046815115 -0.011776694511638651 -0.047490252805294765 0.00017648068122078745
decision_type=2 2 2 2 2 2 2 2 2 2
left_child=4 2 -2 -4 7 -6 -7 8 -1 -9
right_child=1 -3 3 -5 5 6 -8 9 -10 -11
leaf_value=0 0 0 1.4640244397449021e-06 0 0 0 -1.9409611522571624e-06 0 3.5070325879462283e-07 -1.8404112995039978e-07
leaf_weight=194 1928 2179 4317 2411 329 2723 3518 7082 13230 5906
leaf_count=194 1928 2179 4317 2411 329 2723 3518 7082 13230 5906
internal_value=0 2.16783e-07 5.892e-07 9.53957e-07 -2.36003e-09 -5.98425e-07 -1.06096e-06 0 2.03953e-07 0
internal_weight=0 10835 8656 6728 32982 6570 6241 26412 13424 12988
internal_count=43817 10835 8656 6728 32982 6570 6241 26412 13424 12988
is_linear=0
shrinkage=0.05


Tree=44
num_leaves=12
num_cat=0
split_feature=20 1 10 6 1 5 27 5 4 27 1
split_gain=4.00549e-07 9.60287e-07 8.68167e-07 8.57913e-07 3.92592e-07 3.39583e-06 2.10641e-06 5.17616e-07 1.08751e-06 4.17606e-07 6.69969e-08
threshold=5.7088384871786149 142.57584734173585 0.098500000000001378 0.00033576017729073168 147.34266296582885 0.18300000000000696 0.0055297961178512513 0.084999999999993761 -0.10598730488353257 0.0014867650611269363 147.91576431292933
decision_type=2 2 2 2 2 2 2 2 2 2 2
left_child=4 -2 3 -3 5 9 -7 10 -9 -1 -6
right_child=1 2 -4 -5 7 6 -8 8 -10 -11 -12
leaf_value=-4.6334733755708841e-08 0 0 0 -1.2163290649674167e-06 0 5.4004601379030362e-06 0 0 -9.602073223874024e-07 4.7600842682755515e-07 1.2113587088861079e-07
leaf_weight=11644 369 2208 52 5216 3024 505 132 477 4352 4497 11414
leaf_count=11644 369 2208 52 5216 3024 505 132 477 4352 4497 11414
internal_value=0 -3.57267e-07 -6.74574e-07 -8.66358e-07 0 2.41861e-07 3.85502e-06 0 -5.17645e-07 0 0
internal_weight=0 7845 7476 7424 36045 16778 637 19267 4829 16141 14438
internal_count=43890 7845 7476 7424 36045 16778 637 19267 4829 16141 14438
is_linear=0
shrinkage=0.05


Tree=45
num_leaves=10
num_cat=0
split_feature=7 2 3 5 9 9 29 26 10
split_gain=5.34417e-07 1.42004e-06 9.05124e-07 1.36184e-06 4.09458e-07 8.66734e-07 8.45891e-07 1.3439e-06 4.73067e-07
threshold=0.070000000000007404 149.27383428608621 -0.091295026775739516 0.16400000000000151 0.026499999999998639 0.011000000000009892 0.01162273382710796 -0.039137461208829064 0.01500000000000057
decision_type=2 2 2 2 2 2 2 2 2
left_child=4 2 -2 -4 5 -1 7 -6 -7
right_child=1 -3 3 -5 6 8 -8 -9 -10
leaf_value=0 0 0 0 3.1299021498737191e-06 0 0 0 9.7532065286727509e-07 -9.5517992426407798e-07
leaf_weight=17680 660 2006 2757 1077 358 6754 2136 5910 4631
leaf_count=17680 660 2006 2757 1077 358 6754 2136 5910 4631
internal_value=0 4.5336e-07 1.04268e-06 1.36546e-06 0 -1.73601e-07 1.32567e-07 6.00775e-07 -5.16968e-07
internal_weight=0 6500 4494 3834 37469 29065 8404 6268 11385
internal_count=43969 6500 4494 3834 37469 29065 8404 6268 11385
is_linear=0
shrinkage=0.05


Tree=46
num_leaves=8
num_cat=0
split_feature=1 10 1 10 10 1 12
split_gain=4.88252e-08 2.30335e-07 4.71837e-07 1.29898e-07 2.26515e-07 1.62144e-07 4.32356e-08
threshold=147.72622804576733 0.01500000000000057 156.54434028049056 0.0024999999999977267 0.03249999999999887 147.34266296582885 -0.00051395629721617808
decision_type=2 2 2 2 2 2 2
left_child=3 -2 6 -1 5 -5 -3
right_child=1 2 -4 4 -6 -7 -8
leaf_value=0 0 0 0 3.2456846812121079e-07 0 0 -5.2968374375018287e-07
leaf_weight=4723 12143 470 963 12830 4017 1994 6880
leaf_count=4723 12143 470 963 12830 4017 1994 6880
internal_value=0 -5.71672e-08 -2.78044e-07 4.84041e-08 1.42007e-07 2.52647e-07 -4.97915e-07
internal_weight=0 20456 8313 23564 18841 14824 7350
internal_count=44020 20456 8313 23564 18841 14824 7350
is_linear=0
shrinkage=0.05


Tree=47
num_leaves=12
num_cat=0
split_feature=1 5 9 17 6 4 4 4 12 4 5
split_gain=2.46086e-07 7.56773e-07 4.28056e-07 4.16323e-07 2.7979e-07 1.27944e-06 1.45115e-06 5.13618e-07 6.87445e-07 6.94693e-08 1.71176e-08
threshold=142.71198701110634 0.072499999999990919 0.087500000000005698 -0.48730982684418206 0.00056080840160222737 0.05238531942246849 -0.16409875110656644 -0.00091741771433945316 8.5357287847531729e-05 0.033383058245695464 0.10849999999999228
decision_type=2 2 2 2 2 2 2 2 2 2 2
left_child=1 -1 3 -3 7 6 -6 8 -2 -9 -7
right_child=4 2 -4 -5 5 10 -8 9 -10 -11 -12
leaf_value=0 5.7603785557721734e-07 0 0 2.1883933667664216e-06 0 0 -8.8390689921521821e-07 -1.4055296491867338e-07 0 0 1.8289666931552196e-07
leaf_weight=1335 9111 99 28 964 410 996 9606 8791 4629 6654 1279
leaf_count=1335 9111 99 28 964 410 996 9606 8791 4629 6654 1279
internal_value=0 5.03548e-07 1.51572e-06 1.83421e-06 0 -2.35006e-07 -6.22183e-07 2.66005e-08 3.08146e-07 0 0
internal_weight=0 2426 1091 1063 41476 12291 10016 29185 13740 15445 2275
internal_count=43902 2426 1091 1063 41476 12291 10016 29185 13740 15445 2275
is_linear=0
shrinkage=0.05


Tree=48
num_leaves=14
num_cat=0
split_feature=2 2 22 0 2 3 22 25 25 2 22 22 3
split_gain=1.6056e-07 9.81405e-07 1.17715e-06 5.48508e-07 3.65911e-07 1.45174e-06 4.36384e-07 1.91476e-07 1.45384e-06 2.53543e-07 3.94204e-08 1.11115e-07 5.53147e-09
threshold=149.68429442271727 151.05253921475347 0.00070745163710380038 91.152924921513105 148.79176989465466 -0.055564261450570022 0.0002599603692018902 0.00053055588412583856 4.6328808648993762e-05 147.62167759161755 7.2690345531559972e-05 -0.0013177925804078046 0.079230109834583132
decision_type=2 2 2 2 2 2 2 2 2 2 2 2 2
left_child=4 2 3 -2 7 -6 -7 8 -1 -9 11 -3 -12
right_child=1 10 -4 -5 5 6 -8 9 -10 -11 12 -13 -14
leaf_value=0 -1.546176003057184e-06 0 0 0 0 1.8243013222093213e-06 0 4.3516662798862392e-07 -7.3418351113175376e-07 0 -6.8474813166407093e-08 2.6164612861555584e-07 0
leaf_weight=15015 2951 62 154 14.999999999999998 587 1727 834 5347 6928 1220 2949 5497 637
leaf_count=15015 2951 62 154 15 587 1727 834 5347 6928 1220 2949 5497 637
internal_value=0 -1.53207e-07 -9.37322e-07 -1.3843e-06 5.98773e-08 5.71502e-07 1.3485e-06 0 -6.74832e-08 2.40153e-07 0 1.33144e-07 0
internal_weight=0 12265 3120 2966 31658 3148 2561 28510 21943 6567 9145 5559 3586
internal_count=43923 12265 3120 2966 31658 3148 2561 28510 21943 6567 9145 5559 3586
is_linear=0
shrinkage=0.05


Tree=49
num_leaves=11
num_cat=0
split_feature=1 27 3 27 13 26 25 5 0 9
split_gain=1.8793e-07 7.96837e-07 8.33486e-07 7.7621e-07 6.57736e-07 6.39918e-07 5.98477e-07 3.14924e-07 3.68658e-07 3.35669e-07
threshold=142.71198701110634 0.0028407269858415321 0.0074435991685390954 0.00152976726818415 -0.00021591126749936904 -0.02877775689065655 -0.00031917517012375812 0.072999999999993306 25.603898453042039 0.087500000000005698
decision_type=2 2 2 2 2 2 2 2 2 2
left_child=7 3 4 6 -3 -5 -2 -1 -9 -10
right_child=1 2 -4 5 -6 -7 -8 8 9 -11
leaf_value=0 0 0 0 0 -9.9303720333751195e-07 8.8930004680897931e-07 -2.8936074423887816e-07 0 1.728938776539291e-06 0
leaf_weight=1340 9392 354 2828 157 5968 4419 18410 93 954 27
leaf_count=1340 9392 354 2828 157 5968 4419 18410 93 954 27
internal_value=0 -6.30962e-08 -4.85568e-07 0 -8.19037e-07 6.43537e-07 -4.03638e-08 3.55136e-07 1.00811e-06 1.43242e-06
internal_weight=0 41528 9150 32378 6322 4576 27802 2414 1074 981
internal_count=43942 41528 9150 32378 6322 4576 27802 2414 1074 981
is_linear=0
shrinkage=0.05


Tree=50
num_leaves=11
num_cat=0
split_feature=17 15 20 26 4 3 10 24 4 27
split_gain=2.05725e-07 9.63569e-07 9.47151e-07 5.63915e-07 3.3008e-07 1.28745e-06 2.83155e-07 1.08144e-07 9.53826e-07 4.01736e-08
threshold=-0.36692138751321107 8.7369833691175472e-05 5.7088384871786149 -0.016397599222588721 -0.091845347314530243 -0.053454720411323813 0.0045000000000072768 0.00031986711266448521 0.0036301181459610847 0.012694894043871101
decision_type=2 2 2 2 2 2 2 2 2 2
left_child=4 2 3 -2 -1 6 -6 8 -3 -9
right_child=1 7 -4 -5 5 -7 -8 9 -10 -11
leaf_value=0 0 0 0 7.4972473679471674e-07 0 0 -1.6571080678437491e-06 1.0172687384685695e-07 -6.6253597441735172e-07 0
leaf_weight=1145 2515 4309 2778 11824 437 3051 1750 9705 6048 268
leaf_count=1145 2515 4309 2778 11824 437 3051 1750 9705 6048 268
internal_value=0 1.10797e-07 4.09373e-07 6.04306e-07 -9.24963e-08 -4.09827e-07 -1.36885e-06 0 -1.61565e-07 0
internal_weight=0 37447 17117 14339 6383 5238 2187 20330 10357 9973
internal_count=43830 37447 17117 14339 6383 5238 2187 20330 10357 9973
is_linear=0
shrinkage=0.05


Tree=51
num_leaves=11
num_cat=0
split_feature=8 13 17 10 8 4 12 4 4 4
split_gain=2.29837e-07 7.67504e-07 6.4035e-07 7.60959e-07 4.32022e-07 1.48237e-06 7.28294e-07 3.84363e-10 3.31152e-07 2.70299e-08
threshold=0.0004981535107175494 0.0016814795966277887 -0.38366081256158208 0.0014999999999929516 0.0003240286948472942 0.061523218466876244 0.00041794766451097592 0.00048939333871787327 -0.016630607360213875 0.082810849514290949
decision_type=2 2 2 2 2 2 2 2 2 2
left_child=4 2 -2 -4 7 6 -6 8 -1 -9
right_child=1 -3 3 -5 5 -7 -8 9 -10 -11
leaf_value=0 0 0 0 1.2717255473974555e-06 -1.243047029743915e-06 0 0 -6.8724779282411327e-08 4.0042381041650107e-07 0
leaf_weight=10741 1001 348 966 3664 4321 804 984 14307 5169 1653
leaf_count=10741 1001 348 966 3664 4321 804 984 14307 5169 1653
internal_value=0 2.90384e-07 6.55946e-07 9.32212e-07 -4.30549e-08 -4.3395e-07 -9.56757e-07 0 7.77144e-09 0
internal_weight=0 5979 5631 4630 37979 6109 5305 31870 15910 15960
internal_count=43958 5979 5631 4630 37979 6109 5305 31870 15910 15960
is_linear=0
shrinkage=0.05


Tree=52
num_leaves=11
num_cat=0
split_feature=1 29 10 7 9 6 16 29 13 27
split_gain=5.85018e-07 4.56762e-07 3.59684e-07 3.70914e-07 1.02199e-07 8.53568e-07 1.24948e-06 3.53831e-07 1.21916e-06 4.90888e-09
threshold=143.60608135331958 -0.042886946526178173 0.0019999999999953393 0.0050000000000096642 0.04000000000000626 0.00047895310576399956 -0.00068327061589963103 0.011852300727002916 -0.0017437871232409139 0.0028407269858415321
decision_type=2 2 2 2 2 2 2 2 2 2
left_child=1 -1 -3 -4 5 9 -7 8 -6 -2
right_child=4 2 3 -5 7 6 -8 -9 -10 -11
leaf_value=0 2.5211598631323476e-08 0 0 1.0380204733031547e-06 0 0 -7.2130884931417024e-07 0 1.2128567416596207e-06 0
leaf_weight=111 19307 885 583 4112 116 1074 10596 1088 2673 3403
leaf_count=111 19307 885 583 4112 116 1074 10596 1088 2673 3403
internal_value=0 5.06931e-07 6.83171e-07 8.63832e-07 0 -8.62062e-08 -4.52486e-07 0 5.63145e-07 0
internal_weight=0 5691 5580 4695 38257 34380 11670 3877 2789 22710
internal_count=43948 5691 5580 4695 38257 34380 11670 3877 2789 22710
is_linear=0
shrinkage=0.05


Tree=53
num_leaves=11
num_cat=0
split_feature=3 1 3 10 25 15 22 1 0 1
split_gain=2.34005e-07 7.58379e-07 4.46748e-07 3.16496e-07 1.49637e-07 3.13868e-07 4.5566e-07 2.67718e-07 3.68216e-07 2.64365e-07
threshold=0.091226584463413488 157.37160406235228 0.21047457861661203 0.0035000000000025015 2.611635250251174e-05 -0.0013206017602028217 -0.00020194648416359666 142.62943578860134 82.87476983397552 142.90327124637398
decision_type=2 2 2 2 2 2 2 2 2 2
left_child=4 2 3 -2 5 9 -7 -6 -9 -1
right_child=1 -3 -4 -5 7 6 -8 8 -10 -11
leaf_value=0 0 0 0 1.5233720168310755e-06 0 5.1504320486061445e-07 0 -3.3623767125888886e-07 0 -3.8579767954990498e-07
leaf_weight=463 435 92 176 1891 759 7141 10324 17371 632 4638
leaf_count=463 435 92 176 1891 759 7141 10324 17371 632 4638
internal_value=0 4.74867e-07 9.95726e-07 1.24362e-06 0 0 2.07945e-07 -1.41204e-07 -2.40739e-07 -7.59825e-08
internal_weight=0 2594 2502 2326 41328 22566 17465 18762 18003 5101
internal_count=43922 2594 2502 2326 41328 22566 17465 18762 18003 5101
is_linear=0
shrinkage=0.05


Tree=54
num_leaves=11
num_cat=0
split_feature=21 1 21 5 25 15 27 15 29 2
split_gain=1.56343e-07 7.58991e-07 8.76221e-07 7.2966e-07 1.57713e-07 2.85329e-07 3.67482e-07 1.67119e-07 3.73627e-07 2.9873e-09
threshold=0.091226584463413488 157.37160406235228 0.21047457861661203 0.04349999999999455 4.6328808648993762e-05 0.0016857312389556569 -0.001154010824987719 -0.0021260279266716027 -0.0037412976062537427 148.41135636983691
decision_type=2 2 2 2 2 2 2 2 2 2
left_child=4 2 3 -2 7 6 -6 9 -9 -1
right_child=1 -3 -4 -5 5 -7 -8 8 -10 -11
leaf_value=0 0 0 0 1.718088193666808e-06 -6.5989160505126229e-07 0 0 3.4924637820780945e-07 0 -9.9635486026601779e-08
leaf_weight=1310 167 94 173 2135 4653 1660 11993 11083 9823 752
leaf_count=1310 167 94 173 2135 4653 1660 11993 11083 9823 752
internal_value=0 3.90033e-07 9.61492e-07 1.39477e-06 0 -1.46759e-07 -2.57949e-07 0 1.41366e-07 0
internal_weight=0 2569 2475 2302 41274 18306 16646 22968 20906 2062
internal_count=43843 2569 2475 2302 41274 18306 16646 22968 20906 2062
is_linear=0
shrinkage=0.05


Tree=55
num_leaves=11
num_cat=0
split_feature=4 2 4 1 0 16 0 27 1 16
split_gain=6.20417e-07 9.80359e-07 8.18767e-07 1.04931e-06 6.63139e-07 4.44578e-07 3.9753e-07 3.45457e-07 5.9989e-07 5.61743e-07
threshold=0.05238531942246849 156.00178654008795 0.015714344066278928 142.71198701110634 82.87476983397552 -0.001151747517816235 34.73021234242308 0.0031258185033789803 142.62943578860134 0.00027242551973386887
decision_type=2 2 2 2 2 2 2 2 2 2
left_child=2 5 7 -4 -5 -2 -7 9 -9 -1
right_child=1 -3 3 4 -6 6 -8 8 -10 -11
leaf_value=3.3067282918045907e-07 0 0 0 -8.4636165512014568e-07 0 0 1.0449478886312083e-06 0 -4.9730911248517815e-07 0
leaf_weight=19775 55 389 443 8902 324 160 5548 381 6491 1304
leaf_count=19775 55 389 443 8902 324 160 5548 381 6491 1304
internal_value=0 4.9412e-07 -3.60645e-08 -4.65567e-07 -7.15182e-07 8.28187e-07 9.41918e-07 0 -1.24007e-07 1.89625e-07
internal_weight=0 6152 37620 9669 9226 5763 5708 27951 6872 21079
internal_count=43772 6152 37620 9669 9226 5763 5708 27951 6872 21079
is_linear=0
shrinkage=0.05


Tree=56
num_leaves=11
num_cat=0
split_feature=12 6 1 3 7 6 27 9 20 9
split_gain=2.51992e-07 9.53496e-07 2.04357e-06 2.01161e-06 4.30275e-07 1.64359e-06 5.74147e-07 1.62405e-08 9.63388e-08 9.09986e-08
threshold=-0.0002500885736276825 0.00056080840160222737 142.62943578860134 0.075257489893246557 0.16949999999999935 0.0010005837016361446 0.0037197713509748869 0.033000000000001257 7.9931734540684198 0.0064999999999884048
decision_type=2 2 2 2 2 2 2 2 2 2
left_child=4 7 -3 -4 5 -1 -7 9 -9 -2
right_child=1 2 3 -5 -6 6 -8 8 -10 -11
leaf_value=0 0 0 -1.4211016811332788e-06 0 0 2.5116327496622886e-06 0 3.4178560917587416e-07 0 -1.2166747676258851e-07
leaf_weight=6902 9530 518 6353 1176 332 1100 60 2409 151 15368
leaf_count=6902 9530 518 6353 1176 332 1100 60 2409 151 15368
internal_value=0 -9.32865e-08 -5.78456e-07 -1.01793e-06 1.95551e-07 4.16217e-07 2.17831e-06 0 1.25928e-07 0
internal_weight=0 35505 8047 7529 8394 8062 1160 27458 2560 24898
internal_count=43899 35505 8047 7529 8394 8062 1160 27458 2560 24898
is_linear=0
shrinkage=0.05


Tree=57
num_leaves=12
num_cat=0
split_feature=9 29 17 10 26 16 7 29 9 5 5
split_gain=4.3757e-07 1.4361e-06 1.99298e-06 1.61501e-06 3.099e-07 6.31872e-07 5.14069e-07 4.14864e-08 1.05008e-07 4.21543e-09 2.18632e-08
threshold=0.026499999999998639 0.0090324538851377211 -0.49593519840464434 0.083000000000012633 0.0015905424116018372 -0.00054958327465273011 0.0084999999999979554 0.0092018179087665665 0.013499999999993408 0.16400000000000151 0.050499999999999552
decision_type=2 2 2 2 2 2 2 2 2 2 2
left_child=4 2 -2 -4 5 -1 -7 8 -6 10 -3
right_child=1 9 3 -5 7 6 -8 -9 -10 -11 -12
leaf_value=0 0 0 1.5295556515237545e-06 0 2.6833615650646192e-07 0 -5.0858140575059336e-07 0 0 0 -1.6365361306959693e-07
leaf_weight=1338 851 247 5856 128 5086 3316 14083 7991 2014 437 2434
leaf_count=1338 851 247 5856 128 5086 3316 14083 7991 2014 437 2434
internal_value=0 3.31048e-07 8.27549e-07 1.27075e-06 -9.59348e-09 -2.0375e-07 -3.68098e-07 0 1.20861e-07 0 -6.26929e-08
internal_weight=0 9953 6835 5984 33828 18737 17399 15091 7100 3118 2681
internal_count=43781 9953 6835 5984 33828 18737 17399 15091 7100 3118 2681
is_linear=0
shrinkage=0.05


Tree=58
num_leaves=12
num_cat=0
split_feature=4 22 1 29 12 26 21 1 15 25 26
split_gain=1.84846e-07 9.01437e-07 8.76521e-07 1.29995e-06 6.25738e-07 1.48842e-06 5.39945e-07 4.76852e-07 5.30967e-07 9.62552e-08 3.74804e-08
threshold=0.031419723558458394 -2.4956822991007726e-05 150.64873949035788 0.009981483644277098 -0.00013418946225263181 -0.049981031580679909 0.008874364657330604 157.15326839999787 0.0016857312389556569 -0.00059258122064336221 0.036951839259889221
decision_type=2 2 2 2 2 2 2 2 2 2 2
left_child=1 4 3 6 5 -1 -2 8 -3 -6 -5
right_child=2 7 -4 10 9 -7 -8 -9 -10 -11 -12
leaf_value=0 0 -6.6668742561639967e-07 0 -1.9724985511174037e-07 -2.3551702075583968e-07 9.005713481812436e-07 1.1255487142863805e-06 0 0 0 0
leaf_weight=219 116 10705 2204 2408 4338 6535 5725 775 877 9555 397
leaf_count=219 116 10705 2204 2408 4338 6535 5725 775 877 9555 397
internal_value=0 0 2.06373e-07 5.53972e-07 2.68926e-08 4.83548e-07 1.00529e-06 -4.2563e-07 -5.44251e-07 0 0
internal_weight=0 33004 10850 8646 20647 6754 5841 12357 11582 13893 2805
internal_count=43854 33004 10850 8646 20647 6754 5841 12357 11582 13893 2805
is_linear=0
shrinkage=0.05


end of trees

feature_importances:
ema_fast=59
macd_signal=56
ema_slow=55
range_pct=45
lower_shadow=40
macd=30
ema_cross_pct=30
macd_hist=30
range=29
macd_strength=28
return_12=27
rsi_divergence=27
rsi=25
upper_shadow=21
macd_hist_change=21
price_ema_slow_dist=20
rsi_normalized=17
ema_cross=17
return_1=16
return_3=14
body=8
log_return=7
price_ema_fast_dist=7
body_pct=5
return_6=4

parameters:
[boosting: gbdt]
[objective: regression]
[metric: l2]
[tree_learner: serial]
[device_type: cpu]
[data: ]
[valid: ]
[num_iterations: 800]
[learning_rate: 0.05]
[num_leaves: 16]
[num_threads: 8]
[deterministic: 0]
[force_col_wise: 0]
[force_row_wise: 0]
[histogram_pool_size: -1]
[max_depth: 4]
[min_data_in_leaf: 10]
[min_sum_hessian_in_leaf: 0.001]
[bagging_fraction: 0.9]
[pos_bagging_fraction: 1]
[neg_bagging_fraction: 1]
[bagging_freq: 1]
[bagging_seed: 400]
[feature_fraction: 0.7]
[feature_fraction_bynode: 1]
[feature_fraction_seed: 30056]
[extra_trees: 0]
[extra_seed: 12879]
[early_stopping_round: 0]
[first_metric_only: 0]
[max_delta_step: 0]
[lambda_l1: 0.1]
[lambda_l2: 0.3]
[linear_lambda: 0]
[min_gain_to_split: 0]
[drop_rate: 0.1]
[max_drop: 50]
[skip_drop: 0.5]
[xgboost_dart_mode: 0]
[uniform_drop: 0]
[drop_seed: 17869]
[top_rate: 0.2]
[other_rate: 0.1]
[min_data_per_group: 100]
[max_cat_threshold: 32]
[cat_l2: 10]
[cat_smooth: 10]
[max_cat_to_onehot: 4]
[top_k: 20]
[monotone_constraints: ]
[monotone_constraints_method: basic]
[monotone_penalty: 0]
[feature_contri: ]
[forcedsplits_filename: ]
[refit_decay_rate: 0.9]
[cegb_tradeoff: 1]
[cegb_penalty_split: 0]
[cegb_penalty_feature_lazy: ]
[cegb_penalty_feature_coupled: ]
[path_smooth: 0]
[interaction_constraints: ]
[verbosity: 1]
[saved_feature_importance_type: 0]
[linear_tree: 0]
[max_bin: 255]
[max_bin_by_feature: ]
[min_data_in_bin: 3]
[bin_construct_sample_cnt: 200000]
[data_random_seed: 175]
[is_enable_sparse: 1]
[enable_bundle: 1]
[use_missing: 1]
[zero_as_missing: 0]
[feature_pre_filter: 1]
[pre_partition: 0]
[two_round: 0]
[header: 0]
[label_column: ]
[weight_column: ]
[group_column: ]
[ignore_column: ]
[categorical_feature: ]
[forcedbins_filename: ]
[precise_float_parser: 0]
[parser_config_file: ]
[objective_seed: 16083]
[num_class: 1]
[is_unbalance: 0]
[scale_pos_weight: 1]
[sigmoid: 1]
[boost_from_average: 1]
[reg_sqrt: 0]
[alpha: 0.9]
[fair_c: 1]
[poisson_max_delta_step: 0.7]
[tweedie_variance_power: 1.5]
[lambdarank_truncation_level: 30]
[lambdarank_norm: 1]
[label_gain: ]
[lambdarank_position_bias_regularization: 0]
[eval_at: ]
[multi_error_top_k: 1]
[auc_mu_weights: ]
[num_machines: 1]
[local_listen_port: 12400]
[time_out: 120]
[machine_list_filename: ]
[machines: ]
[gpu_platform_id: -1]
[gpu_device_id: -1]
[gpu_use_dp: 0]
[num_gpu: 1]

end of parameters

pandas_categorical:[]
