tree
version=v4
num_class=1
num_tree_per_iteration=1
label_index=0
max_feature_idx=38
objective=binary sigmoid:1
feature_names=rsi ema_fast ema_slow bb_middle bb_upper bb_lower atr range range_pct body body_pct upper_shadow lower_shadow is_bullish return_1 return_3 return_6 return_12 log_return rsi_normalized rsi_overbought rsi_oversold rsi_divergence ema_cross ema_cross_pct ema_cross_signal price_ema_fast_dist price_ema_slow_dist bb_width bb_position bb_position_normalized price_bb_upper_dist price_bb_lower_dist bb_breakout_upper bb_breakout_lower atr_normalized atr_ma atr_ratio signal_convergence
feature_infos=[0:99.755467076367083] [140.01794868368825:158.46374932756453] [140.09390840731587:158.4287960737224] [0:158.45214999999999] [0:158.98423446083257] [0:158.37119522484221] [0:0.55142857142856927] [0:1.4489999999999839] [0:0.0098924731182794597] [0:1.2740000000000009] [0:0.0087871159085422691] [0:0.45400000000000773] [0:0.6290000000000191] [0:1] [-0.010440345742870893:0.0086544548876104077] [-0.010346048081897208:0.011121306408549358] [-0.012740376631571793:0.01214236927980572] [-0.015822511541399464:0.020290175029493485] [-0.010495228483220405:0.0086172197717689965] [-1:0.99510934152734165] [0:1] [0:1] [-56.904350987366826:51.361182180793548] [-0.57514457178655221:0.76835340664820251] [-0.003883435549732969:0.0051884219504909346] [0:1] [-0.0088498120556881627:0.0085436527782316064] [-0.0096167762950344661:0.012337377364785844] [0:0.031342652110744211] [-0.54651378490698344:1.552884196153675] [-2.0930275698139669:2.10576839230735] [-0.0045480417175792053:0.02223832595088774] [-0.0050724392954735378:0.027298010487932362] [0:1] [0:1] [0:0.0037228501986805917] [0:0.42936785714285552] [0:3.4066658717779674] [0:2]
tree_sizes=5530 5533 5553 5421 5503 5536 5596 5518 5534 5578 5552 5496

Tree=0
num_leaves=50
num_cat=0
split_feature=19 4 24 36 6 11 37 36 37 37 2 24 17 26 26 12 6 28 19 35 1 36 8 37 35 19 14 16 7 8 36 24 36 4 4 19 7 29 4 35 29 28 26 15 24 31 1 5 11
split_gain=22.4148 17.412 15.4125 13.2957 20.3109 13.2112 12.6126 12.7979 12.4678 12.052 23.5942 22.361 12.0449 13.9206 13.6847 12.9157 11.6371 11.3803 10.7841 10.6428 10.3908 10.1586 12.7371 10.1502 10.6891 10.0358 10.1472 9.67805 9.60719 9.26812 9.21626 17.6041 11.4227 10.9269 13.0857 10.0011 10.311 9.33854 9.14471 9.03632 9.00727 8.87449 8.84383 8.83866 8.75033 8.34245 9.11544 10.848 9.08895
threshold=-0.070226282119524711 140.87113248888707 -0.00038567104086896351 0.15088571428571665 0.19007142857143275 0.073499999999995694 1.0565549581928535 0.077005357142857098 1.7100580014805662 0.96143348212138158 149.37492247048343 0.0014422482836148303 0.0014550298369061523 0.00021198924076441811 0.00046694442040492572 0.0035000000000025015 0.072678571428573355 0.0049692735396918075 -0.71601417937852851 0.00013124514714179061 148.23973225292536 0.13578571428571257 0.0006969817634582498 1.5194165041251109 0.00030045344977171006 -0.048308610963728633 -0.00032908574397810803 -0.0019640444128929397 0.015500000000002958 0.00054659305780593479 0.13874999999999765 0.00084331100177663344 0.088741071428571336 148.48638232098833 143.52543171404025 -0.68704897876983406 0.052500000000009102 0.26924274255340086 154.79929383568188 0.0011117989153256525 0.46126330685565725 0.0018213776944289487 0.002143935064747146 -0.00044733328825335977 8.9663379414643623e-05 0.002405644628910492 142.90327124637398 143.43528589619774 0.0019999999999953393
decision_type=2 2 2 2 2 2 2 2 2 2 2 2 2 2 2 2 2 2 2 2 2 2 2 2 2 2 2 2 2 2 2 2 2 2 2 2 2 2 2 2 2 2 2 2 2 2 2 2 2
left_child=2 16 3 4 41 17 19 18 9 12 11 27 13 15 -14 43 -2 -5 -8 40 -17 22 -16 28 -25 -15 -27 -11 -20 -26 32 39 35 34 -34 36 -21 -35 45 -32 -4 -1 -29 -3 -30 48 -47 -48 -9
right_child=1 8 6 5 -6 -7 7 38 -10 10 -12 -13 14 25 21 20 -18 -19 23 30 -22 -23 -24 24 29 26 -28 42 44 -31 31 -33 33 37 -36 -37 -38 -39 -40 -41 -42 -43 -44 -45 -46 46 47 -49 -50
leaf_value=-0.013489909747659462 0.082376931286511162 0.020650406957708999 0.075562236904200511 0.0024297907842768824 -0.055721144863351953 -0.01980663510299923 -0.043891981453252786 0.032024281426226521 0.025939082888912821 0.056159409102496838 -0.0039001505731725058 -0.064711489331813976 -0.024685346468524577 -0.02921513019660766 0.0026872411032378028 0.0045658072794962541 0.016230936361668523 0.042313135493106127 0.052814011163197609 0.058176279474825281 0.014563226791472617 0.018857569813889918 -0.034833186569155274 -0.018040987335851397 0.072376226969136231 -0.021357866612327921 0.014581771967876897 0.0067036912012334417 0.01622423283566134 0.030231920045420572 -0.024962199158597695 0.078455563917644716 0.035606901633594083 0.047010637629471497 0.0053135972981995464 0.008467531552129353 -0.0022614620114313529 0.016929970364490059 0.02877768182330203 0.022517901032954292 -0.015013995220180402 0.0064829334993253508 -0.036805078971443174 -0.0042504621013552731 0.036714439118370759 0.061668783962723885 -0.044941349206942295 0.016272537920646972 -0.015049250311457546
leaf_weight=58.749040514230728 11.749808102846147 38.249375313520432 10.749824434518812 23.499616205692291 13.499779522418974 14.249767273664473 5.9999020099639884 10.999820351600645 74.998775124549866 9.4998448491096479 833.23639163374901 10.749824434518812 52.999134421348572 13.249783605337141 154.99746859073639 634.48963755369186 17.249718278646469 62.498979270458221 20.74966111779213 19.999673366546634 438.99283039569855 73.498799622058868 26.749563127756119 6.4998938441276541 22.49963253736496 19.499681532382965 1020.7333294451237 1823.4702191948891 602.24016425013542 38.499371230602264 50.24917933344841 4.9999183416366568 46.249244660139084 54.999101758003235 147.74758699536324 1485.9757311344147 9.7498407661914808 53.74912217259407 35.249424308538437 11.499812185764311 2.9999510049819937 1067.4825659394264 11.499812185764311 366.49401444196701 58.249048680067062 8.4998611807823163 8.2498652637004835 46.249244660139084 79.998693466186523
leaf_count=235 47 153 43 94 54 57 24 44 300 38 3333 43 212 53 620 2538 69 250 83 80 1756 294 107 26 90 78 4083 7294 2409 154 201 20 185 220 591 5944 39 215 141 46 12 4270 46 1466 233 34 33 185 320
internal_value=0.00808093 0.00597701 0.0108423 0.00620554 0.00465076 0.0235908 0.0128734 0.0176052 0.00577192 0.00549285 0.00309302 0.00624878 0.00777375 0.00890126 -0.00155963 0.00578319 0.044371 0.0311433 0.0205241 0.010507 0.00863157 0.00337285 -0.00303397 0.0210943 0.0397588 0.0132996 0.0138757 0.00668767 0.0191951 0.0464234 0.0101696 -0.00798152 0.0108522 0.0197217 0.0124383 0.00906216 0.0376315 0.0324377 0.0060948 -0.0156898 0.0539496 0.00541341 0.00641011 -0.00182797 0.0180813 0.000710608 0.014393 0.00722288 -0.00902524
internal_weight=0 5632.41 4082.93 1239.98 1139.73 100.248 2842.95 943.985 5603.41 5528.41 2688.46 1855.22 2839.95 2531.71 308.245 1478.23 28.9995 85.9986 754.738 1898.97 1073.48 255.246 181.747 748.738 67.4989 1053.48 1040.23 1844.47 681.239 60.999 1885.22 66.7489 1818.47 302.745 193.997 1515.73 29.7495 108.748 189.247 61.749 13.7498 1126.23 1834.97 404.743 660.489 153.997 62.999 54.4991 90.9985
internal_count=38862 22530 16332 4960 4559 401 11372 3776 22414 22114 10754 7421 11360 10127 1233 5913 116 344 3019 7596 4294 1021 727 2995 270 4214 4161 7378 2725 244 7541 267 7274 1211 776 6063 119 435 757 247 55 4505 7340 1619 2642 616 252 218 364
is_linear=0
shrinkage=1


Tree=1
num_leaves=50
num_cat=0
split_feature=4 6 19 24 27 32 16 26 28 27 12 17 27 31 37 17 14 6 37 5 27 35 31 15 32 22 4 11 6 1 26 12 1 16 22 0 9 17 37 28 7 27 19 12 37 24 7 31 23
split_gain=18.8798 14.0891 10.1146 14.7006 11.0238 17.1196 13.0384 11.7081 9.25923 13.1895 10.6475 9.34122 9.23033 9.21117 8.62715 13.6832 8.5932 8.70769 9.37756 19.4762 10.5388 18.5149 10.5286 9.15244 8.64522 8.63243 8.22958 8.04003 7.98423 10.0146 11.2797 9.39849 8.02547 7.92385 7.89507 7.48151 7.28028 7.26057 12.2082 9.9321 7.09768 6.99172 6.90697 6.8057 6.47302 6.45977 6.27992 6.27638 7.50219
threshold=140.87113248888707 0.072678571428573355 -0.070226282119524711 0.00097078784660085233 -0.00056781685227975021 0.0015658274392686654 9.0474434122467265e-05 -0.00076557363594640597 0.00080881747947440785 -0.00017861652221117601 0.011999999999986246 4.1552830962632299e-05 -0.00078512422303534974 0.00035655372217983125 1.0054654831629164 -8.7092269322630575e-05 -0.0001500825457422805 0.027357142857144575 1.0159132459379532 151.72795412697192 -0.00027348267077402836 0.00034742859031447958 0.00043774342793795838 0.0001150919391822436 0.00017275219254562723 5.3085756135364841 141.93950776202965 0.011000000000009892 0.1568214285714303 146.98584454984521 0.00032569800114832869 0.018499999999988862 147.70902543255022 -0.00018192830120206113 -3.9779898852122311 34.501585398028361 0.0014999999999929516 -0.0021260279266716027 1.5450509408985569 0.0052190233787913704 0.0455000000000041 -0.00091131473699461137 -0.49590160541768363 0.03249999999999887 1.266984827967784 0.00023166103086737276 0.015500000000002958 0.00012203901457070287 0.0055210262845264433
decision_type=2 2 2 2 2 2 2 2 2 2 2 2 2 2 2 2 2 2 2 2 2 2 2 2 2 2 2 2 2 2 2 2 2 2 2 2 2 2 2 2 2 2 2 2 2 2 2 2 2
left_child=1 -1 3 8 5 7 -7 41 9 10 -2 13 -9 -11 15 -3 25 23 20 34 21 -19 -21 47 -22 28 33 -13 31 30 -30 45 -33 35 -20 43 42 39 -39 -38 -14 -4 -28 -10 -42 -6 -15 48 -18
right_child=2 14 4 -5 16 6 -8 12 26 11 -12 27 40 46 -16 -17 17 18 19 22 24 -23 -24 -25 -26 -27 36 -29 29 -31 -32 32 -34 -35 -36 -37 37 38 -40 -41 44 -43 -44 -45 -46 -47 -48 -49 -50
leaf_value=0.06936547265085817 0.036096973282119096 0.029908284868443321 0.036628083732023968 0.079634388592469629 0.0021253469869409796 0.061084967842503037 -0.015113356063241507 -0.049582179249505115 0 0.02697885975589533 0 -0.059400618613769995 0.032788756664967597 -0.040508843444569453 0.038774770267861067 -0.065804159209623111 0.04010671855097802 -0.024539690923705487 -0.016655801940716222 -0.024579302566297964 0.048252721129246903 0.027892790357162085 -0.0045271149417731096 -0.036063649052976182 0.0011254323019615059 -0.026764419504461359 0.035111075977143719 0.0066373739733534363 -0.0063768211527935785 -0.0094571829579701214 0.05157379697980246 -0.01918562528349876 -0.0034372518230636178 0.0070800552662340132 0.00060443915215457476 -0.077604487238664407 -0.011825367161378129 0.001025946605121775 0.020141462772617764 0.00330148296290253 -0.027857317935781868 -0.024303378697407011 0.0066043235990110513 -0.082300546270728706 0.029445575116394521 -0.0070262708443857005 0.0017536346537541257 -0.014704200775331877 -0.014358114012746876
leaf_weight=16.22869461774826 67.74366694688797 6.9991483986377716 11.747881576418878 5.7429503053426734 416.99162012338638 11.499043375253679 9.7497674375772458 37.249009937047958 11.749232560396196 35.743805527687073 29.748273894190788 10.749191984534265 5.7498891204595557 9.7481996417045575 12.999170973896979 6.9995480775833148 13.999845519661905 20.249661564826965 69.749275237321854 141.24872142076492 9.4998319000005704 84.747766107320786 128.74848142266273 33.249209180474281 2474.6582881212234 43.998630091547966 26.997152850031853 6.7497536689043036 11.999088779091833 25.745957732200623 22.747132733464241 183.49544444680214 152.74547722935677 12.748985379934309 1203.2212429642677 8.4987360239028913 250.98191012442112 3160.7966521978378 85.716125160455704 187.22333741188049 54.998977556824684 6.9996955245733252 114.49124655127525 2.7499573230743399 4.7499149143695822 353.98809561133385 63.745401188731194 47.74921178817749 10.24982315301895
leaf_count=65 271 28 47 23 1668 46 39 149 47 143 119 43 23 39 52 28 56 81 279 565 38 339 515 133 9899 176 108 27 48 103 91 734 611 51 4813 34 1004 12644 343 749 220 28 458 11 19 1416 255 191 41
internal_value=0 0.0327422 -0.000259717 0.00162617 -0.00164423 -0.0153619 0.0252384 -0.0227126 0.00150457 0.0113853 0.0251878 0.000536501 -0.0294055 0.00618686 0.00929145 -0.0165774 -0.00127947 -0.0002114 0.000144841 -0.00293381 0.0019893 0.0175022 -0.0151255 -0.0143952 0.00132152 -0.00499292 0.000923579 -0.0328411 -0.00414451 0.0133879 0.0309648 -0.00512832 -0.0121153 -0.0228221 -0.00032536 -0.0403493 0.00115373 0.000718643 0.00154016 -0.00530757 -0.0173775 0.0125414 0.0122827 -0.0156923 -0.0227612 -0.00204522 -0.00365518 -0.00393479 0.0161731
internal_weight=0 43.2266 9683.75 4091.92 5591.83 142.744 21.2488 121.495 4086.18 224.228 97.4919 126.736 102.748 109.237 26.9979 13.9987 5449.08 4237.37 4132.12 1542.97 2589.16 104.997 269.997 105.248 2484.16 1211.71 3861.95 17.4989 1167.71 60.4922 34.7462 1107.22 336.241 35.7469 1272.97 22.9979 3826.21 3684.72 3246.51 438.205 65.4988 18.7476 141.488 14.4992 59.7489 770.98 73.4936 71.9989 24.2497
internal_count=38910 173 38737 16369 22368 571 85 486 16346 897 390 507 411 437 108 56 21797 16950 16529 6172 10357 420 1080 421 9937 4847 15449 70 4671 242 139 4429 1345 143 5092 92 15306 14740 12987 1753 262 75 566 58 239 3084 294 288 97
is_linear=0
shrinkage=0.05


Tree=2
num_leaves=50
num_cat=0
split_feature=3 6 0 36 37 24 16 6 36 29 32 14 27 37 0 27 23 11 4 36 3 36 16 6 12 32 27 26 28 28 3 16 16 24 27 37 17 4 11 2 31 16 16 4 9 32 37 0 24
split_gain=16.3488 17.28 12.3506 18.2096 11.9717 11.9276 11.0009 9.92454 22.3442 14.8236 9.41648 12.7377 9.49474 9.21899 13.9169 10.2002 13.9521 9.16581 9.13576 9.01 17.2173 16.3022 8.97378 11.1391 9.17928 9.06309 8.82253 8.47934 8.30431 8.30251 10.3848 11.8765 10.2784 10.99 10.243 9.30733 14.2028 16.2063 13.3462 10.9128 12.9185 8.10009 8.0984 8.07014 7.79346 7.71441 7.49661 7.33211 8.41797
threshold=140.71552500000004 0.075999999999998499 47.042241926210053 0.05032857142857123 1.0075218826192158 0.00097078784660085233 -0.00038227797189432916 0.19007142857143275 0.17553571428571407 0.11193619700766423 0.0020829356815779045 0.00037414443399808045 0.00061499742851918871 1.3247218060831418 17.034379955513682 0.00011896712068819144 0.0092968434281743857 0.067499999999995466 158.12940870618817 0.11532142857142753 142.95777500000003 0.089635714285716428 0.00020008670495952344 0.039999999999995095 0.023999999999986702 -9.1563115787161018e-05 -0.0002357157906426267 -0.00078492240738433836 0.00093269716415665758 0.00086444210853023633 142.74485000000001 6.0918859480896266e-05 3.4078983171426109e-05 -8.3007584632958337e-05 6.5506010184472141e-05 1.013772837360746 0.0013039070926592624 145.80090848220379 0.0050000000000096642 149.68391308865679 0.00030716879829257676 -0.0020853163235344248 -0.0011407682571124009 149.68848842940255 0.017000000000010122 0.0028921599015290056 0.65948926264589647 72.397468081108215 0.00013775978810021694
decision_type=2 2 2 2 2 2 2 2 2 2 2 2 2 2 2 2 2 2 2 2 2 2 2 2 2 2 2 2 2 2 2 2 2 2 2 2 2 2 2 2 2 2 2 2 2 2 2 2 2
left_child=1 -1 3 13 -3 7 27 10 -9 -10 19 45 -13 15 -15 16 17 46 29 21 -21 -5 23 -16 26 -25 -24 -4 -17 30 31 -8 34 -34 -32 36 38 -38 -31 43 -41 -29 -43 -37 -18 -12 -2 48 -44
right_child=2 4 6 5 -6 -7 18 8 9 -11 11 12 -14 14 22 28 44 -19 -20 20 -22 -23 24 25 -26 -27 -28 41 -30 35 32 -33 33 -35 -36 39 37 -39 -40 40 -42 42 47 -45 -46 -47 -48 -49 -50
leaf_value=0.070814235983940918 0.037281884253777459 -0.028101509946438886 0.02335183994918287 -0.00085256575377728517 0.038422289078936543 0.069214665713871359 0 -0.052566368238374274 0.08109646407957094 -0.0071040074152294054 0.046032053157833992 0.0045241532652139657 -0.075724973913194327 -0.027277425529652934 -0.015185437621731624 0.0010192405953087179 0.048055999798368797 0.076169129065020269 -0.018273689557896457 0.031165956039711132 -0.010522944188909651 0.0086308178077065378 0.072645156885624382 0.0034472554242890789 -0.075114171330614724 0.042152967142648316 -0.015460577766202827 0.043401765343708307 -0.050545727042015258 -0.0020121387212533952 -0.0045890338639040301 -0.058986009495621328 -0.023402710937511464 0.005703050115088832 -0.031687569482435139 -0.00081568456428804501 -0.017929303834313709 0.0011607492053206582 0.0066445901074910193 -0.019846326269021747 -0.0023223856753281221 -0.024499217752972518 -0.0017494255066316505 0.024031686688541984 0.012689327060066044 -0.007636642819164899 0.0037541296204857688 0.031648543667370001 -0.014042922105954826
leaf_weight=16.436448201537132 16.987345576286316 12.992230102419855 20.988330781459808 2177.85709656775 13.241655290126799 5.9692200124263755 15.495583266019819 27.73594631254673 5.4986540675163296 24.741992563009262 34.495086893439293 22.996298819780353 3.9997570365667334 13.498589143157004 11.498800754547117 15.496892690658571 29.995757400989532 4.2495769560337058 71.994215756654739 26.243713214993477 328.96499112248421 570.9380287528038 3.7485307455062857 20.242856547236443 3.7490448057651511 84.209183573722839 8.4974145293235761 6.9952526539564124 13.748623222112654 634.4674297273159 96.992344409227371 19.248872891068459 37.498600050806999 223.98601731657982 56.746904835104942 1240.1966385990381 169.48577859997749 315.72577987611294 1461.9216063320637 174.98007135093212 272.73974207043648 75.9886614382267 289.96892109513283 33.249548688530922 37.992721170186996 7.2485843449831 717.39735162258148 11.498657613992689 277.49069993197918
leaf_count=66 68 52 84 8712 53 24 62 111 22 99 138 92 16 54 46 62 120 17 288 105 1316 2284 15 81 15 337 34 28 55 2538 388 77 150 896 227 4961 678 1263 5848 700 1091 304 1160 133 152 29 2870 46 1110
internal_value=0 0.0309969 8.37305e-05 0.00212211 0.00458921 0.000304919 -0.00147284 0.000163446 -0.0202722 0.00875397 0.000546634 0.0188129 -0.00715132 0.00808842 0.0197711 0.00601933 0.00709755 0.00505508 -0.000626256 0.000132285 -0.00734884 0.00110881 0.0248243 0.0297113 -0.00896273 0.0349218 0.0106085 -0.00741426 -0.0226429 -0.000352538 -0.00681496 -0.0330703 -0.00453555 0.00141156 -0.0147959 0.000317898 0.00222174 -0.00546293 0.00401281 -0.00252307 -0.00923568 -0.00843766 -0.00904911 -0.000141788 0.0288014 0.0361301 0.00457861 -0.00696647 -0.00780929
internal_weight=0 42.6703 9725.66 4218 26.2339 3236.69 5507.66 3230.72 57.9766 30.2406 3172.74 68.7397 26.9961 981.313 145.444 835.868 806.623 738.634 4824.73 3104 355.209 2748.8 131.946 115.951 15.995 104.452 12.2459 682.931 29.2455 4752.73 449.968 34.7445 415.224 261.485 153.739 4302.77 2581.6 485.212 2096.39 1721.17 447.72 661.942 654.947 1273.45 67.9885 41.7437 734.385 578.958 567.46
internal_count=39077 171 38906 16874 105 12948 22032 12924 232 121 12692 275 108 3926 582 3344 3227 2955 19300 12417 1421 10996 528 464 64 418 49 2732 117 19012 1800 139 1661 1046 615 17212 10327 1941 8386 6885 1791 2648 2620 5094 272 167 2938 2316 2270
is_linear=0
shrinkage=0.05


Tree=3
num_leaves=50
num_cat=0
split_feature=4 35 6 15 30 6 5 27 36 19 4 35 10 26 24 37 1 37 5 37 17 6 2 8 27 15 17 26 23 16 19 4 2 24 23 28 6 4 27 12 37 15 7 11 7 11 17 36 23
split_gain=17.2612 12.3822 19.1879 17.7785 11.8315 11.7187 10.335 9.81011 18.4612 15.0532 14.3016 12.7682 11.8446 11.8057 11.4497 11.2375 10.2085 9.58674 9.19223 9.17956 8.95996 10.0116 14.1324 12.6215 9.36388 10.055 8.52592 8.25331 8.08387 10.0369 10.0268 7.95517 7.8304 7.43478 6.77018 6.57285 6.54189 6.53041 5.71094 9.38472 8.0609 5.29641 5.28009 4.91307 4.83514 4.64636 4.64194 4.42238 4.30677
threshold=140.87113248888707 0.00013124514714179061 0.027357142857144575 2.7714745980067516e-05 -1.0030813739383566 0.072678571428573355 142.73744501208174 -0.00031917517012375812 0.05032857142857123 -0.71601417937852851 141.93950776202965 0.00039541814683641046 0.00035673712444161325 -0.0001285980456564503 -0.00037752903281396014 1.7100580014805662 144.02916221018748 1.0200872893415152 143.65309454899096 0.9031571147326064 -0.00086887119210810038 0.085285714285716518 144.15590145830103 0.00071001715944470664 -0.00022884741073023694 0.00024356384380352927 4.1552830962632299e-05 0.002143935064747146 -0.019937967209074255 -0.00011915567780651502 -0.24886218824605907 158.28284610337053 156.52551485706866 0.00054830487376490743 0.026685756247019302 0.0027941049946262281 0.026285714285719009 144.44161333155287 1.2627950277010636e-05 0.0054999999999978408 1.0030672425002589 6.7875990628629715e-05 0.021000000000000799 0.00099999999999056421 0.031499999999994095 0.011999999999986246 -0.00023645840947134064 0.060521428571427408 -0.019392156065308083
decision_type=2 2 2 2 2 2 2 2 2 2 2 2 2 2 2 2 2 2 2 2 2 2 2 2 2 2 2 2 2 2 2 2 2 2 2 2 2 2 2 2 2 2 2 2 2 2 2 2 2
left_child=5 6 3 4 -3 -1 41 8 9 16 17 13 26 -11 -13 20 -4 47 37 -7 21 22 -9 -23 25 -22 -12 -26 29 -6 -30 33 -14 -20 -32 46 -5 -17 -8 40 43 -2 -38 -40 -18 -37 -21 -10 -48
right_child=1 2 7 36 28 19 38 15 10 11 12 14 32 -15 -16 18 44 -19 31 35 24 23 -24 -25 27 -27 -28 -29 30 -31 34 -33 -34 -35 -36 45 42 -39 39 -41 -42 -43 -44 -45 -46 -47 48 -49 -50
leaf_value=0.069861766957525315 0.0044050110734320663 0.06897356555309421 0.041002215583574114 -0.048886913278610118 -0.01340624434385033 -0.041251044249938765 0.062267472679704852 -0.01716214906892595 0 0.01173641789681525 0.0022514263874350141 0.0043211761821717052 -0.0049715544767333355 -0.020065347746176326 0.04701290444813494 0 0.0053328389521773486 0 0.017585665665739249 0.036964698817466272 -0.01270832201471815 -0.019372860229513032 0.030011297036204476 0.016886137678537749 -0.0011850236673621327 0.0099946467156360463 0.015843500092046655 -0.034427068766517091 -0.048185871607129345 0.073681269754912057 0.0013328429775861612 -0.049388047278789739 0.017762429531373889 0.057175437990030678 -0.063739574005074448 0 -0.04032955549406339 -0.082345218549103899 0.01596635767327554 0.084856054491878455 0.057491075470036845 -0.078606468925809678 0.0096582316304053249 -0.057648132801247289 -0.052785579822076351 0.076952519363628652 -0.060711569566790857 -0.072310587339373053 0.013686935672171286
leaf_weight=13.624334827065466 4.4964095652103415 4.9972370564937583 3.9985945075750378 44.237975046038628 5.997276559472084 5.7461259961128262 15.72040840983391 18.997452422976494 2.4981770813465145 387.64755104482174 1578.0606330931187 25.735274955630302 825.59270711243153 30.74694487452507 46.688814610242844 17.242984756827358 3.4969187974929836 9.7443952709436399 39.73769548535347 4.7441410422325143 329.94778493046761 50.729417130351067 77.739736169576645 44.711473286151886 5753.1958451271057 55.74156790971756 125.22103396058083 18.492340832948685 16.744876384735107 5.9966040253639203 48.986501276493073 2.7497426569461814 38.990219697356224 18.9961047321558 3.9998060464859 3.2437451779842359 8.9972820729017275 2.4979863166809073 2.7491864711046201 3.4981312453746787 3.2490407824516288 2.4982704073190689 10.747450709342955 5.7490469515323639 16.995259925723076 7.2355114370584488 3.7448789328336725 12.994134038686751 2.7455416619777679
leaf_count=55 18 20 16 177 24 23 63 76 10 1551 6313 103 3303 123 187 69 14 39 159 19 1320 203 311 179 23015 223 501 74 67 24 196 11 156 76 16 13 36 10 11 14 13 10 43 23 68 29 15 52 11
internal_value=0 -0.000281899 -0.000396522 -0.0180815 -0.00298556 0.0320755 0.0280973 -0.000113946 0.00218933 0.0108324 0.00046105 0.0127805 0.000840746 0.00932696 0.0322669 -0.0012312 -0.0268826 -0.0367505 0.0171904 0.0118747 -0.00147159 0.00913025 0.0204652 -0.00212569 -0.00180698 -0.0093572 0.00326797 -0.00129765 -0.0079266 0.028837 -0.0147034 0.0268151 -0.00391161 0.031039 -0.00344135 0.0274396 -0.0380441 -0.0114912 0.0407426 0.0161656 -0.00381777 -0.0238302 -0.0121357 -0.0312599 -0.0417317 0.0553362 0 -0.0608407 -0.026344
internal_weight=0 9727.86 9689.9 150.705 86.7223 41.0843 37.9605 9539.19 3108.41 515.309 2593.1 490.819 2567.86 418.394 72.4241 6430.78 24.4908 25.2367 81.2245 27.4599 6349.56 192.178 96.7372 95.4409 6157.38 385.689 1703.28 5771.69 81.7251 11.9939 69.7312 61.4835 864.583 58.7338 52.9863 21.7138 63.9827 19.741 30.9658 15.2454 11.7473 6.99468 19.7447 8.49823 20.4922 10.4793 11.2346 15.4923 6.49042
internal_count=39082 38917 38765 603 347 165 152 38162 12436 2062 10374 1964 10273 1674 290 25726 98 101 325 110 25401 769 387 382 24632 1543 6814 23089 327 48 279 246 3459 235 212 87 256 79 124 61 47 28 79 34 82 42 45 62 26
is_linear=0
shrinkage=0.05


Tree=4
num_leaves=50
num_cat=0
split_feature=0 4 24 37 15 24 1 37 37 28 36 36 1 37 6 6 4 6 12 24 24 37 2 28 32 32 26 23 5 28 23 28 36 6 27 24 28 6 37 2 10 22 8 6 4 11 31 0 5
split_gain=13.603 10.6682 10.5961 16.5673 19.9794 12.2366 10.4612 12.467 10.3844 12.1794 12.5542 13.1505 12.2361 10.0222 9.83996 18.1671 11.4109 10.4459 9.52648 9.02002 8.83124 10.1366 13.4548 8.81423 8.75288 16.1519 12.0582 8.84338 15.4201 12.2633 8.71287 16.6103 8.61227 14.0867 8.60676 8.56065 8.48185 9.53393 9.25617 8.31752 8.31503 8.08572 7.92396 7.85685 7.72834 7.6213 7.3514 10.5887 7.17574
threshold=46.681654355928387 140.87113248888707 -0.00038567104086896351 1.1427601380498016 0.00046901946070476713 -0.00054002032094382718 158.13601802022248 1.7100580014805662 1.1528447899920067 0.0018431905541578567 0.064387500000001055 0.071860714285714625 147.19975248761511 0.93954968851936238 0.080714285714284392 0.060857142857148216 144.44161333155287 0.09624999999999774 0.016500000000007734 -0.00010023897080667647 0.0014422482836148303 0.94739757500653321 147.48691200114339 0.0030247127237722983 0.00040331606368170138 0.00038451739552000842 -8.8839229172273261e-05 0.022581530730903413 157.28125324688367 0.00069948803318085754 0.091226584463413488 0.0052190233787913704 0.16335714285714317 0.19007142857143275 -0.00053353261880303624 -0.000427572280842133 0.0034939751255995736 0.14082142857142901 1.481504937487143 143.49886865931938 0.0001623415059636577 5.9119984655271702 0.00078664556791415883 0.12657142857143003 158.43214912945572 0.025499999999993864 0.0021974260226571853 26.481874514826803 143.34376882594779
decision_type=2 2 2 2 2 2 2 2 2 2 2 2 2 2 2 2 2 2 2 2 2 2 2 2 2 2 2 2 2 2 2 2 2 2 2 2 2 2 2 2 2 2 2 2 2 2 2 2 2
left_child=2 -2 5 30 18 32 7 20 9 -7 23 12 -12 44 15 -10 39 -18 41 -6 24 22 -22 35 25 34 -27 28 -26 -29 31 -4 33 -1 -3 -11 37 38 -20 -16 -19 -5 -32 -38 -8 -13 -17 -48 -9
right_child=1 6 3 4 19 8 13 48 14 10 11 45 -14 -15 16 46 17 40 36 -21 21 -23 -24 -25 27 26 -28 29 -30 -31 42 -33 -34 -35 -36 -37 43 -39 -40 -41 -42 -43 -44 -45 -46 -47 47 -49 -50
leaf_value=0.0019225753099273079 0.03009832050450206 -0.032693562451391302 0.0019579893794584909 0.022873785873364267 -0.0063364078107290642 -0.02625759089074757 0.021696072245110401 -0.0080694375038446158 -0.041304824199288194 0.038291929970902833 0.0013984076978228476 -0.0067626733498163368 -0.058261788491240418 -0.041186001330178128 -0.027416688176302009 -0.0069436208750079387 -0.064154934430036656 0.01946335623976397 0.0020857583290016194 -0.05698210477167083 0.036084037105344476 -0.061935202232811931 -0.074011872260925607 -0.036310501984054062 0.00045389296286669275 -0.0029749608001832656 -0.060746307203472752 -0.070226096901932475 0.023649123285585386 -0.0028239816637599716 0 -0.072271522731210083 0.019782422195795533 -0.042849107525141011 -0.0026284410296165449 0.00050088826429238789 0.075476737322009768 -0.043465269684446015 0.027822079195604983 0.035860335233999473 -0.033448539488047893 -0.0031049224327014584 0.075136706522619098 0.0067780821577274782 -0.049326997512269863 0.014846745689917699 0.0067932386746244952 0.080763736220385657 0.027387644632948467
leaf_weight=686.40912276506424 26.26199497282505 25.989969000220299 2237.1851994693279 270.5654069185257 43.977922350168228 47.498004734516144 14.998719811439516 17.49349869787693 19.244777709245682 41.494314461946487 13.499535217881201 125.74013859033585 19.99938291311264 31.990444526076317 9.9961426109075564 15.246642947196959 25.998341873288155 8.4993373751640302 207.93139781057835 11.247035518288611 8.4980310201644915 12.731875166296957 3.7493607997894278 5.9993723630905142 2332.7274153232574 15.747853964567183 24.493485286831856 6.4995085746049872 73.739606440067291 2634.7745932489634 6.7350942343473417 7.2464776486158362 64.962137296795845 17.710243925452232 288.92468366026878 25.497548818588257 8.2474578768014926 9.4971445947885496 42.420349702239037 9.9989495277404767 35.744193628430367 31.729508623480797 7.4569253176450729 9.9967453181743604 4.749552220106124 59.995408922433853 13.247373938560488 8.2476937025785428 57.452481091022491
leaf_count=2746 106 104 8951 1083 176 190 60 70 77 166 54 503 80 128 40 61 104 34 832 45 34 51 15 24 9332 63 98 26 295 10540 27 29 260 71 1156 102 33 38 170 40 143 127 30 40 19 240 53 33 230
internal_value=0 -0.00146591 0.00231373 0.00397985 0.0111174 -0.00150864 -0.00162126 -0.00140535 -0.00772942 -0.00284111 0.000902535 -0.00499037 -0.033681 -0.0239643 -0.0188868 -0.00191643 -0.0290985 -0.0385803 0.0138771 -0.0173532 -0.00168969 -0.0312258 0 0.0188914 -0.00154678 -0.00913918 -0.0389443 -0.00100712 0.00117789 -0.00300726 0.00195895 0.00169756 0.00239097 0.000743204 -0.00521779 0.0243463 0.00704752 0.00460142 0.00657442 0.00305678 -0.0226601 0.020064 0.0406798 0.0399007 0.00288518 9.58006e-05 0.0182072 0.0370439 0.01878
internal_weight=0 5580.82 4149.27 2894.24 635.613 1255.03 5554.56 5502.82 485.947 339.724 292.226 219.234 33.4989 51.7387 146.223 55.9865 90.237 70.2419 580.388 55.225 5427.88 24.9793 12.2474 72.9912 5402.9 355.156 40.2413 5047.74 2406.47 2641.27 2258.62 2244.43 769.082 704.119 314.915 66.9919 278.093 259.849 250.352 19.9951 44.2435 302.295 14.192 18.2442 19.7483 185.736 36.7417 21.4951 74.946
internal_count=38929 22327 16602 11581 2544 5021 22221 22014 1944 1359 1169 877 134 207 585 224 361 281 2323 221 21714 100 49 292 21614 1421 161 20193 9627 10566 9037 8980 3077 2817 1260 268 1113 1040 1002 80 177 1210 57 73 79 743 147 86 300
is_linear=0
shrinkage=0.05


Tree=5
num_leaves=50
num_cat=0
split_feature=4 6 28 36 5 36 31 36 6 28 4 4 2 27 29 23 35 37 37 8 24 26 9 23 17 37 26 24 6 27 9 14 5 17 28 4 16 37 27 37 0 32 29 8 17 35 24 27 8
split_gain=9.90528 8.3903 8.98688 7.80668 18.7711 13.1376 12.1779 15.4563 12.8326 12.8061 11.9226 10.8026 13.2098 15.2624 27.5515 14.5646 11.4358 10.7321 10.3925 11.1537 10.3714 11.8328 12.7169 11.994 10.4124 14.0881 10.3464 10.0318 9.49192 10.3187 9.45904 9.2422 9.01119 8.97707 8.96957 8.92531 12.7942 11.6831 10.981 11.4294 8.69914 8.62425 8.49202 8.2195 8.11638 8.86889 8.07473 9.65847 8.16467
threshold=140.87113248888707 0.075999999999998499 0.0027941049946262281 0.11532142857142753 142.37654001168809 0.20630892857142732 0.0012521279588898597 0.042385714285716962 0.20149999999999887 0.002335328585396972 148.11024656209574 145.1076687096996 147.55622515032002 0.00092234477309532058 0.97469960895472096 -0.02428716051356616 0.00013124514714179061 1.4999377651101498 1.7100580014805662 0.0011441591497131408 0.00052112578019009395 -2.0639473400176244e-05 0.023499999999998526 -0.032529306237904614 0.0011640621256417962 0.99696188188568369 0.00070829757455365572 0.0012354378071374754 0.04178571428571385 0.00050948117583401434 0.055499999999995005 -0.00015322294349418006 145.22590670061095 -0.0029802796257984428 0.0040079792592851446 149.30308606374504 -0.0028256537331698413 0.76633034419942814 -0.0025936743477279764 1.872472942009461 68.686820120428123 0.0017132792047854361 0.71296477258618285 0.00058747827645649604 -0.0021260279266716027 0.00041852561485466777 -0.0010997986260052014 0.0012657648556276498 0.00081326316997875757
decision_type=2 2 2 2 2 2 2 2 2 2 2 2 2 2 2 2 2 2 2 2 2 2 2 2 2 2 2 2 2 2 2 2 2 2 2 2 2 2 2 2 2 2 2 2 2 2 2 2 2
left_child=1 -1 -3 6 40 46 11 9 35 30 32 20 13 14 15 -13 -14 41 19 -18 21 22 23 -2 -22 34 -20 -27 29 -23 -8 -30 -7 -11 -26 38 -37 -38 -9 -40 -5 -15 43 -12 -35 -46 48 -48 -6
right_child=3 2 -4 4 5 10 7 8 -10 33 42 12 16 17 -16 -17 18 -19 26 -21 24 28 -24 -25 25 27 -28 -29 31 -31 -32 -33 -34 44 -36 36 37 -39 39 -41 -42 -43 -44 -45 45 -47 47 -49 -50
leaf_value=0.049986574070764858 0.030423654570765141 -0.021707962546323206 0.03878951050311074 0.034603756789483867 -0.013809364741344914 0.016374621038427909 0.034211835259976127 0.039920805992514852 -0.07053164018021417 0.062658668609936713 -0.079306692798829889 -0.0080116131394386541 0.03268299881752923 0.034521736427059684 0.037871784583703043 0.007332618739186985 -0.0017241613603009298 0.03043831939887744 0.055266961909540495 -0.03214451009465049 0.029449005262958849 -0.015561140670177002 -0.0086707333420597381 0.0027902015197582039 -0.0078193782824761242 0.020649568017196543 -0.0071797306791981765 -0.047373818366918508 -0.019408104893176112 -0.058976404662226915 -0.0026346635305438365 -0.0044476764895264899 0.070879432395000261 -0.087673828749367633 -0.062290378915344315 -0.042373004499082149 0.026434674049445769 -0.0022021035984613295 0.0036095004891400942 0.047570454669785191 -0.011583203452776969 -0.016390653791285566 -0.083266010608715801 0.012621399159441941 -0.038154281056244715 0.053936298375145179 -0.011701981414027942 0.0022584684714312916 0.017927770297006412
leaf_weight=17.682941749691963 47.734035387635231 13.72127325832844 10.449051469564436 42.713467225432396 30.2307990193367 29.983336836099625 86.127376407384872 21.493247807025909 5.7288228422403327 2.4976160973310497 2.4979429543018403 185.96103432774544 23.922031164169312 8.2496338337659818 66.247036963701248 878.6519663631916 3078.9791369587183 14.727096274495123 15.477847039699556 30.242965430021286 40.995869308710098 147.69167071580887 208.46023617684841 231.42842964828014 28.74530328810215 58.488284453749657 10.2374220341444 5.4986397922039023 122.24027138948441 15.499153777956961 20.220294922590256 722.44635380804539 10.973695427179335 4.4945124685764322 10.74779663980007 18.740731045603752 36.990433841943741 768.0053338855505 1589.3348973691463 14.732811093330382 12.24609564244747 146.24403624236584 3.2368609905242911 18.224519073963165 7.7360158860683406 3.4805299937725067 673.77158017456532 148.17007292807102 57.195192739367485
leaf_count=72 191 55 42 171 121 120 345 86 23 10 10 744 96 33 265 3515 12318 59 62 121 164 591 834 926 115 234 41 22 489 62 81 2890 44 18 43 75 148 3073 6359 59 49 585 13 73 31 14 2696 593 229
internal_value=0 0.0239954 0.00357891 -0.000290196 -0.00440782 -0.00603452 0.000195397 0.00307757 0.00219309 0.0202634 0.0155231 -0.00101963 0.000251308 0.00449762 0.00660651 0.00462739 -0.00148868 -0.00943486 -0.00176051 -0.00203117 -0.00448985 -0.00573584 0.000610415 0.00763229 0.00822018 -1.00085e-05 0.0296494 0.0142214 -0.0088303 -0.0199381 0.0269839 -0.00664841 0.0319934 -0.0174383 -0.0236294 0.00238201 -0.00183601 -0.00084581 0.00453477 0.00403767 0.0238529 -0.0134489 -0.0116487 0 -0.0326683 -0.00674687 -0.00760553 -0.00915504 0.0066588
internal_weight=0 41.8533 24.1703 9707.74 1029.24 974.284 8678.5 2579.58 2455.03 124.556 64.9164 6098.92 4458.94 1300.08 1130.86 1064.61 3158.86 169.221 3134.94 3109.22 1639.98 1495.5 487.623 279.162 144.476 103.48 25.7153 63.9869 1007.88 163.191 106.348 844.687 40.957 18.2087 39.4931 2449.3 823.736 804.996 1625.56 1604.07 54.9596 154.494 23.9593 20.7225 15.7111 11.2165 909.368 821.942 87.426
internal_count=39010 169 97 38841 4119 3899 34722 10322 9823 499 260 24400 17839 5201 4524 4259 12638 677 12542 12439 6561 5983 1951 1117 578 414 103 256 4032 653 426 3379 164 73 158 9800 3296 3221 6504 6418 220 618 96 83 63 45 3639 3289 350
is_linear=0
shrinkage=0.05


Tree=6
num_leaves=50
num_cat=0
split_feature=23 28 8 12 17 30 8 28 22 28 11 11 22 14 8 16 4 16 37 23 26 23 6 37 27 27 27 17 17 24 28 16 35 35 37 14 16 4 4 23 0 12 17 6 35 35 1 2 5
split_gain=12.2424 16.5814 12.254 10.1103 10.797 10.8428 10.5868 10.9108 9.71688 9.37204 9.04589 10.9772 11.0746 12.1145 10.4791 8.97571 8.75905 8.55234 8.53593 10.1604 8.36185 10.7555 8.26254 9.49472 9.1729 9.05958 8.14825 8.14098 13.0066 10.3313 9.32481 13.829 9.79409 8.10907 8.02989 8.01681 7.99343 7.98429 14.5412 11.7859 13.1206 10.7578 15.4459 10.7958 10.7083 9.71043 7.79488 13.2474 11.9809
threshold=0.02728704756179923 0.00099064853933499854 8.7969792724046342e-05 0.035499999999998984 -0.00020723251070475787 -0.43576030330388066 0.0010175101734536528 0.0013402948040160537 8.1426417047789474 0.0026221287433395297 1.0000000180025095e-35 0.027000000000001027 -4.138485340995401 0.00019632384739587397 0.0004256377552906926 -0.00067614417991512788 142.21980548722129 -0.00033884521606586388 0.97962577780843196 0.021520643585631664 -0.00076557363594640597 0.0036420470002553888 0.14607142857142671 1.0693267339749368 -0.0010132984694052483 -0.00038630961178821556 0.00017523295488006805 -0.0016242077660755248 -0.0027969513736365577 -0.00032940681926355947 0.0017988862126966066 -0.0012294198952525479 0.00032564682911061948 0.00046085104962061699 1.5194165041251109 -0.00054943228142678702 -0.00055797055625028669 152.18510710314473 151.94488719262174 0.079230109834583132 56.852767636387753 0.010500000000007505 -0.00086887119210810038 0.05000000000000427 0.0012321540110976782 0.00094166860886647048 146.17453581062236 142.7841773155406 150.04961434762802
decision_type=2 2 2 2 2 2 2 2 2 2 2 2 2 2 2 2 2 2 2 2 2 2 2 2 2 2 2 2 2 2 2 2 2 2 2 2 2 2 2 2 2 2 2 2 2 2 2 2 2
left_child=3 -2 -3 8 5 16 9 -8 10 46 14 27 33 35 18 -15 -5 34 19 26 -16 -22 23 24 -18 -25 -1 28 -12 -30 31 -29 -32 -13 -7 -14 -9 38 -4 41 -41 43 -43 -39 45 -42 47 -6 -48
right_child=1 2 37 4 6 17 7 36 -10 -11 11 12 13 15 20 -17 22 -19 -20 -21 21 -23 -24 25 -26 -27 -28 30 29 -31 32 -33 -34 -35 -36 -37 -38 39 -40 40 44 42 -44 -45 -46 -47 48 -49 -50
leaf_value=0.0068391886038159898 -0.023700085611176654 -0.056045136188635949 -0.0011779387332882477 -0.063807809980842692 0.014705361250506314 0.042931571657291806 -0.072279911419082202 0.063814112552372265 -0.003744469848012718 -0.030536571548666142 0.01167185276049993 0.029447933923829623 -0.025955860473587514 -0.0058843569101469997 0.014871543069103816 0.019945186282611584 0.0045540350087122641 0.0053161244274796595 0.024617714837311275 -0.034520626192003863 -0.018307532044470821 0.016200648952677664 -0.018247239681088094 0.0089032248159855217 -0.020387286965886185 -0.039937706696551958 0.036498494333125138 -0.046223527004033912 -0.020758689093022177 0.0024364381099472613 0.021506186923327633 -0.00032188942143888342 0.0035403918789700152 0.0092623623048965157 -0.036537355164055672 0.0014641534125526053 0.0063662607100014841 0.018665143052306737 0.035193138839537577 0.052697386052263984 -0.0016504811859922386 0.041357759361696965 -0.025899364155420726 -0.011407464044491519 -0.075867500869726101 0.05367717507064014 0.011575299830781195 -0.033163256439539733 -0.018791054677851082
leaf_weight=198.13780617713928 92.475843489170074 10.244960203766821 2217.5618408322334 5.7418080419301978 17.974850624799728 28.986970826983455 3.4986054301261893 6.9907210618257514 698.51808725297451 72.482992395758629 65.709080159664154 75.217741340398788 27.4798324406147 40.981150910258293 52.477236077189445 155.68417292833328 62.238790974020958 130.6878973543644 119.15766890347004 12.748172953724859 84.967917531728745 29.740570172667503 73.144203841686249 212.3447704911232 85.229369103908539 9.4908110648393613 26.728891238570213 16.245997235178947 151.4552194327116 67.472041755914688 82.199865162372589 2237.1801058202982 1076.6452588140965 165.18867313861847 2.9944582283496848 646.42312352359295 45.732676088809967 39.491160556674004 27.497656211256981 12.494737356901167 102.47168238461018 8.4948852360248548 154.96285496652126 115.96994958817959 4.2465254068374625 8.246504992246626 72.986170947551727 60.241828069090843 57.737008392810822
leaf_count=793 370 41 8873 23 72 116 14 28 2795 290 263 301 110 164 210 623 249 523 477 51 340 119 293 850 341 38 107 65 606 270 329 8952 4308 661 12 2587 183 158 110 50 410 34 620 464 17 33 292 241 231
internal_value=0 -0.00288846 -0.00216429 0.0010276 -0.00376174 0.000165158 -0.010934 0.00855851 0.0017852 -0.0149219 0.00251449 0.00182774 0.00618725 0.00352415 0.00876385 0.0144351 -0.00380694 0.0112494 0.0136079 0.00795762 -0.00142991 -0.00912427 -0.00292912 4.94955e-05 -0.00970377 0.00665 0.0105196 0.000510483 -0.00759703 -0.0135025 0.00119471 -0.000670017 0.00484156 0.0157107 0.034446 0.000297911 0.0147729 -0.00194368 -0.000716686 -0.00805426 0.00464502 -0.0132076 -0.022182 -0.0035865 -0.000484138 0.00237916 -0.00934952 -0.0218301 -0.00165823
internal_weight=0 2794.16 2701.68 6978.86 948.504 610.859 337.645 56.222 6030.36 281.423 5331.84 4807.88 1110.97 870.568 523.958 196.665 448.19 162.669 356.773 237.615 167.186 114.708 442.448 369.304 147.468 221.836 224.867 3696.91 284.636 218.927 3412.27 2253.43 1158.85 240.406 31.9814 673.903 52.7234 2691.44 2245.06 446.378 127.459 318.919 163.458 155.461 114.965 110.718 208.94 78.2167 130.723
internal_count=39107 11180 10810 27927 3796 2445 1351 225 24131 1126 21336 19239 4446 3484 2097 787 1794 651 1428 951 669 459 1771 1478 590 888 900 14793 1139 876 13654 9017 4637 962 128 2697 211 10769 8983 1786 510 1276 654 622 460 443 836 313 523
is_linear=0
shrinkage=0.05


Tree=7
num_leaves=50
num_cat=0
split_feature=4 30 35 35 12 36 23 28 6 15 15 4 37 23 31 1 16 36 24 30 10 10 36 23 23 37 2 11 11 6 28 14 35 16 28 28 36 37 36 5 36 23 28 26 9 28 19 12 11
split_gain=12.5922 10.0876 13.7009 10.1614 9.62239 9.76501 11.0639 10.6065 9.15343 8.41323 10.0915 12.6451 9.34173 9.71095 9.86293 8.87856 7.90679 7.536 11.7102 11.334 10.1618 12.8689 8.38504 7.57258 7.18083 12.6138 10.8245 10.3326 6.72521 6.55656 16.2438 9.45622 10.0379 6.76939 6.53969 8.58059 6.53017 6.27502 14.0337 7.73779 6.23764 12.4248 7.12504 5.93137 5.71419 5.70176 11.9573 5.53681 4.91388
threshold=140.87113248888707 -0.72286423586285087 0.00032564682911061948 0.00034047017604587839 0.052500000000009102 0.17553571428571407 -0.016852497748359948 0.001706470537281109 0.075999999999998499 -0.00011202340700272594 -0.0007309913764139141 148.48638232098833 0.73333594031285276 -0.0041702095208648862 0.00047735588000724763 146.05979451847816 -0.0022405317124762898 0.064160714285716555 -0.00061663937853341977 -0.89396677427684879 0.00076048982240680557 0.00033458338132658419 0.11909642857142858 -0.066000266029476493 0.21047457861661203 0.92392080704098623 147.46504461079584 0.10149999999998728 0.0045000000000072768 0.034428571428574431 0.0017152894475999886 0.00018104829390686031 0.00013124514714179061 -0.0015001778649836315 0.0029004069311918453 0.0044441205286411007 0.039662499999998865 1.3422448911491951 0.077005357142857098 146.3840497910621 0.12049285714285486 -0.050452784304766844 0.0031761632963409176 -0.00072693086122373499 0.088000000000008086 0.001267169209101873 -0.36163306342481488 0.010500000000007505 0.0030000000000001141
decision_type=2 2 2 2 2 2 2 2 2 2 2 2 2 2 2 2 2 2 2 2 2 2 2 2 2 2 2 2 2 2 2 2 2 2 2 2 2 2 2 2 2 2 2 2 2 2 2 2 2
left_child=8 2 9 28 17 6 7 -6 -1 10 11 44 -12 15 -15 -14 47 20 19 -19 21 -5 -20 -22 29 26 -26 -27 43 30 31 32 -18 40 -10 -36 -32 39 -39 -35 41 -31 -42 -4 -2 46 -11 -3 -33
right_child=1 16 3 4 5 -7 -8 -9 34 45 12 -13 13 14 -16 -17 24 18 22 -21 23 -23 -24 -25 25 27 -28 -29 -30 33 36 48 -34 37 35 -37 -38 38 -40 -41 42 -43 -44 -45 -46 -47 -48 -49 -50
leaf_value=0.052738661374886669 0.081259244924420784 -0.019539277361827475 0.057890476421905729 0.013817036168839775 -0.090192341007696131 0.061172732115958299 0.020349459186889154 -0.017229008030848422 -0.014486882454291378 -0.021095885898343502 0.03848720194658023 0 -0.0066362986292295258 0.044917871390675733 -0.023115008005906185 0.017182826112417591 0.020874738107662542 -0.0018166414642821318 -0.0013480965220052854 0.023103830308173298 -0.015055527359940472 -0.0074819875096252585 -0.024008666502042295 0.051330923360472062 0.048806211329350216 -0.057501245783755851 -0.043472335159364557 0.041645629282644134 -0.03565249752265659 -0.068875698166734653 0.057451613164923747 -0.0083349246866775001 -0.0078906884716131217 -0.0028540555222056423 0.065802379486236282 -0.022948399046268941 0.001215923907249598 0.0094735729071115903 -0.0085149331884300378 0.00054709666340640962 0.045344923080412963 -0.010425919670269252 -0.0094511084538917087 -0.011026668837273297 0 0.057476379792558235 0.043430120407120937 0.040677509191019312 -0.042539846599562524
leaf_weight=18.768365114927292 12.729439288377764 3.9969500750303295 3.4975105524063137 220.03345464169979 5.2479552477598181 3.9934822916984549 17.720658242702484 85.910257384181023 14.970864549279215 10.995394080877302 19.974292546510696 11.490931153297423 58.451531246304512 5.4914016127586356 48.226038157939911 110.4180983453989 31.891407161951065 83.193907901644707 453.12109625339508 96.206214249134064 4.4958665966987637 102.68133394420147 44.974091529846191 22.226775571703911 8.4572396576404554 20.661576971411709 4.4884968549013129 2.4861045628786078 30.228006273508072 12.496677204966543 12.992438495159151 19.991168558597565 437.05233079195023 2759.0931260883808 7.4274395853281003 3.4934630542993546 9.9954288452863675 410.84891797602177 145.64571450650692 4222.3294092714787 6.9952160716056815 36.972089305520058 31.205014899373055 16.993111103773117 3.2480457276105872 15.986669376492499 17.986949458718303 18.208115294575691 28.734871357679367
leaf_count=77 51 16 14 881 21 16 71 344 60 44 80 46 234 22 193 442 128 333 1813 385 18 411 180 89 34 83 18 10 121 50 52 80 1749 11039 30 14 40 1645 583 16893 28 148 125 68 13 64 72 73 115
internal_value=0 -0.000255072 0.00350385 0.00102629 0.00202295 -0.0117639 -0.0148288 -0.0219849 0.0262642 0.0127785 0.00929243 0.0380182 0.00589355 0.00280866 -0.0154865 0.00879329 -0.000946294 0.00356562 0.000449632 0.0114245 0.00952991 0.00696207 -0.00345755 0.0391936 -0.0010304 -0.0232198 0.0146644 -0.0453899 -0.0207619 -0.000928419 -0.00625206 -0.00812458 -0.00586907 -0.000547461 0.00573473 0.0353296 0.0344038 -0.000383107 0.00471867 -0.00079354 -0.0143452 -0.0260199 0.000208926 0.000199815 0.0663917 0.0329589 0.018131 0.0286115 -0.0291532
internal_weight=0 9730.06 1505.52 1190.52 1139.81 112.872 108.879 91.1582 44.6601 314.999 270.03 27.4684 242.561 222.587 53.7174 168.87 8224.54 1026.93 677.495 179.4 349.437 322.715 498.095 26.7226 8202.34 36.0934 12.9457 23.1477 50.7186 8166.24 540.658 517.67 468.944 7625.59 25.8918 10.9209 22.9879 7537.92 556.495 6981.42 87.669 49.4688 38.2002 20.4906 15.9775 44.969 28.9823 22.2051 48.726
internal_count=39116 38935 6026 4765 4562 452 436 365 181 1261 1081 110 971 891 215 676 32909 4110 2711 718 1399 1292 1993 107 32820 145 52 93 203 32675 2164 2072 1877 30511 104 44 92 30160 2228 27932 351 198 153 82 64 180 116 89 195
is_linear=0
shrinkage=0.05


Tree=8
num_leaves=50
num_cat=0
split_feature=4 6 22 23 28 1 17 4 5 15 28 35 26 5 35 31 24 5 32 28 35 0 32 16 37 29 37 11 36 32 37 35 0 24 15 31 15 36 22 17 8 37 27 5 4 4 37 36 14
split_gain=9.69009 8.33104 7.4641 9.04146 21.101 9.37472 14.7919 13.8237 11.7969 11.4681 10.528 16.6287 10.0701 13.0526 11.1554 8.79615 7.73022 8.57649 10.9134 9.97858 21.2073 11.393 10.4705 10.0438 8.43075 13.8234 12.1455 9.30431 8.45581 8.76727 7.77742 7.67065 7.66394 21.0349 7.63782 7.44342 9.66664 12.1141 8.29544 7.86043 13.1824 7.31531 7.24334 7.10809 7.10367 14.8732 7.18195 7.06326 6.44671
threshold=140.87113248888707 0.075999999999998499 13.1622464220009 0.02728704756179923 0.00085189993895070921 149.72551620043976 -3.195449801063343e-05 148.6571732876607 146.91998751149171 0.0015055335802480754 0.0047675747318846736 0.00067666974633850399 9.2264329527480074e-05 149.43114693298372 0.00023404899701862301 0.00082373770521454231 8.3070247752381073e-05 152.17617101345874 0.0015318060459316766 0.0017889447707391721 0.0003219966858077775 14.183258529082027 0.0015827956688489206 0.00043740264192138062 0.84526732480485312 0.81090441912970823 0.81447379086462079 0.059000000000011717 0.05395000000000242 0.0013145509660147088 1.0181538588317509 0.00017748656698465855 32.458427719751256 -0.00068016123947057074 0.00048595554839614424 8.6297789851446134e-05 0.00011988519289396483 0.052974999999999238 17.832342894284636 0.00069499090856250955 0.00031952722975882531 0.77476921891264461 -0.0025936743477279764 147.32600785011132 156.09684404123092 155.72823460522793 1.6471246609540009 0.061017857142858199 -0.00014456320340405779
decision_type=2 2 2 2 2 2 2 2 2 2 2 2 2 2 2 2 2 2 2 2 2 2 2 2 2 2 2 2 2 2 2 2 2 2 2 2 2 2 2 2 2 2 2 2 2 2 2 2 2
left_child=1 -1 3 16 -5 6 7 8 -6 10 15 -12 13 -8 -14 -7 17 19 44 22 48 -22 23 -2 25 26 34 28 29 -26 -30 -4 42 -34 -18 39 37 43 -38 -33 -41 -9 -20 -37 45 -19 -46 -40 -21
right_child=2 -3 31 4 5 9 12 41 -10 -11 11 -13 14 -15 -16 -17 24 18 32 20 21 -23 -24 -25 27 -27 -28 -29 30 -31 -32 35 33 -35 -36 36 38 -39 47 40 -42 -43 -44 -45 46 -47 -48 -49 -50
leaf_value=0.054468618650121176 -0.0019689953396652567 0.0059019548516515271 -0.057873466928496167 -0.037260032238483023 0.012327942440507535 -0.0036303175659096031 -0.011239849302130882 -0.0057155503809462709 -0.012014959352089509 -0.052871986523199993 0.059040960338831543 -0.0044867856257944433 0.029061538277151827 0.084497520136163393 -0.00068729429443800411 -0.016313230271326962 -0.0034928118916786807 0.0060996058692290873 0.024789310950859969 -0.00056084404118028142 -0.017911553648857895 0.0014263002759676436 0.037779427955448697 -0.011965884828205908 0.0040891553946538059 0.030678416541591605 0.02655908981549886 0.034066160359112273 0.002655228227649228 0.029102282749636329 -0.010963059919219354 0.047772420897051658 0.052969689676621759 -0.014975464175410326 0.063973244617021793 -0.059826987882619635 -0.026503456093414885 0.021842366679903573 0.025877924066998376 -0.072431212616071591 0.0096576167520627185 0.044678698288494953 -0.060102736119109705 0.00039891065366901528 0.0026446516390729214 0.028552404821500166 -0.035752746979271499 -0.015867186793313722 0.034331147769742512
leaf_weight=14.489216178655623 1943.5929174870253 25.578463658690453 7.4844943881034842 42.469042018055916 179.12874053418636 490.85173796117306 300.43509811162949 7.744863048195838 67.703089043498039 12.988355949521063 15.4947652220726 27.71313364803791 31.988355055451393 3.2499182820320121 1309.3486994057894 193.67610026896 148.45251949131489 387.82001353800297 2.4973684549331656 14.983041450381277 78.39129176735878 2277.1689893752337 15.246079191565512 290.45210294425488 261.38364425301552 75.981157973408699 50.99115663766861 21.991002440452576 232.9618621468544 40.98926730453968 187.20216113328934 10.244326472282408 12.99001784622669 76.976751878857613 3.9993218481540671 8.4953509420156497 98.469669491052628 38.234962716698647 15.994346827268599 5.2479214221239081 40.979456067085266 37.9920354783535 12.243223547935484 9.2468058168888074 386.28651298582554 92.448285296559334 12.223689720034598 26.496009781956673 62.653851792216301
leaf_count=60 7778 103 30 170 717 1964 1202 31 271 52 62 111 128 13 5239 775 594 1552 10 60 314 9113 61 1162 1046 304 204 88 932 164 749 41 52 308 16 34 394 153 64 21 164 152 49 37 1546 370 49 106 251
internal_value=0 0.0243581 -0.000188019 4.07412e-05 -0.00238653 -0.00182011 0 0.0103623 0.00554333 -0.00660322 -0.00572165 0.0179703 -0.0018337 -0.0100507 9.86495e-06 -0.00726082 0.00103171 0.000304371 0.00455116 -0.0005825 0.00162999 0.00076994 -0.0029869 -0.00328133 0.00503072 0.0124512 0.00548595 0.00220831 0.00119037 0.00758798 -0.00335637 -0.00852593 -0.0105976 -0.00474468 -0.00143712 -0.00690319 -0.0115442 0.00567378 -0.0185562 0.00881683 0 0.0356205 -0.0438505 -0.0275683 0.00638759 0.0104888 0.00137818 0 0.0273004
internal_weight=0 40.0677 9671.6 9410.71 2720.78 2678.31 1937.59 292.569 246.832 740.724 727.736 43.2079 1645.02 303.685 1341.34 684.528 6689.93 5665.97 983.486 4682.49 2433.2 2355.56 2249.29 2234.05 1023.95 279.424 203.443 744.528 722.537 302.373 420.164 260.893 104.707 89.9668 152.452 253.409 196.937 55.9771 140.96 56.4717 46.2274 45.7369 14.7406 17.7422 878.779 480.268 398.51 42.4904 77.6369
internal_count=38866 163 38703 37659 10887 10717 7753 1171 988 2964 2912 173 6582 1215 5367 2739 26772 22675 3936 18739 9738 9427 9001 8940 4097 1118 814 2979 2891 1210 1681 1044 419 360 610 1014 788 224 564 226 185 183 59 71 3517 1922 1595 170 311
is_linear=0
shrinkage=0.05


Tree=9
num_leaves=50
num_cat=0
split_feature=23 28 5 12 28 28 6 36 12 7 32 17 5 36 15 36 7 18 6 0 35 37 36 9 32 10 37 12 15 36 15 22 4 4 31 36 36 37 37 24 37 38 16 30 24 8 36 3 10
split_gain=10.1932 19.622 12.3933 11.8714 11.4741 19.4269 15.0608 13.0556 10.7693 10.5008 9.98383 9.31861 10.9366 9.9979 9.2956 18.4881 11.4763 12.4722 10.5754 10.4014 13.9188 12.2158 11.6949 13.1785 10.7974 9.11504 11.1839 8.92208 9.98352 11.1712 8.89636 8.70421 8.57134 9.50227 8.53012 11.3068 12.2754 12.1677 12.0172 9.83902 9.71392 8.46322 8.46303 8.3727 9.05879 8.18211 8.17481 8.05869 8.87603
threshold=0.02728704756179923 0.00085189993895070921 141.72389687360615 0.028000000000005801 0.0017455284778228549 0.0022930195330747327 0.10707142857143129 0.042385714285716962 0.0024999999999977267 0.029000000000010576 0.0015489504799551296 -7.6816983747507437e-05 157.09234575292126 0.052462500000000696 -6.5679394669115862e-05 0.046799999999999904 0.014499999999998183 -5.4286974734815081e-05 0.065714285714287876 64.396256918030346 0.00020522441450030089 0.7577132594403162 0.068842857142858468 0.051500000000004327 0.0001573127194550065 0.0001733841464492113 1.2227708325387272 0.082000000000007858 0.00024356384380352927 0.06201785714285734 0.00086358137057807049 7.7030623145726951 142.69940167652351 142.75467093478815 0.0017273537182401417 0.087033928571429303 0.050564285714285416 0.84335790684894685 1.2550850663870161 -0.00039427570272386546 0.9514539875713961 1.0000000180025095e-35 -0.00027441053250909503 -0.10256362872052992 -0.00070610810620452271 0.00023828925935088312 0.042385714285716962 148.70042500000002 7.0115164178607804e-05
decision_type=2 2 2 2 2 2 2 2 2 2 2 2 2 2 2 2 2 2 2 2 2 2 2 2 2 2 2 2 2 2 2 2 2 2 2 2 2 2 2 2 2 2 2 2 2 2 2 2 2
left_child=3 -2 -3 4 14 6 7 8 -6 47 -8 27 32 -14 15 18 17 -17 46 22 -21 -22 24 -24 42 -18 -27 28 29 -11 -23 -25 -13 -34 35 36 -7 -37 -39 43 -38 -26 -16 44 -36 -41 -1 -4 -49
right_child=1 2 9 -5 5 34 10 -9 -10 11 -12 12 13 -15 19 16 25 -19 -20 20 21 30 23 31 41 26 -28 -29 -30 -31 -32 -33 33 -35 39 37 40 38 -40 45 -42 -43 -44 -45 -46 -47 -48 48 -50
leaf_value=0.0079451231973158773 -0.036825585918210904 0.023139369527901785 -0.022536180685966512 -0.0030888402271556027 0.05922099954109869 0.039755265107628987 -0.030971007385099353 0.0098312739490607412 0.014998189517444744 0.020815051434009885 0.025791753531563179 -0.028265137092342359 0.0047455484298593188 -0.032286983781167788 0.035102869689760223 0.032219253866975384 0.0049346156265697959 -0.082153853353472889 -0.073875991412139561 -0.020931827707920434 0.041365605296965979 0.0039350084201918807 0.010338810673350232 -0.0015531080494983549 -0.010920197227708209 -0.0082463555966870907 0.020225222778506729 0.050991873473356999 0.024766931776311604 -0.0041281862156854338 0.048727825135798264 -0.043425522494251551 0.068409191337720401 -0.0019045370306940699 0.0057572437659673924 -0.013930068137604 -0.0012266714319170322 0.013348906030379658 -0.035747560010438072 0.037269989588982713 -0.02601250033299753 -0.0023421701479625309 -0.0013351937758636833 0.027794709399972896 -0.006403833719703495 0.0077442547005433862 0.023442394976921348 0.012868930897076778 -0.024041926117160835
leaf_weight=338.33638818562031 40.925318270921707 47.580091178417206 110.46460175514221 1389.0248174220324 25.131789788603783 9.4563536792993528 34.486727252602577 878.82362632453442 35.13117927312851 55.478538274765015 9.246852755546568 30.745147809386253 24.979631528258324 57.205348625779152 26.961440548300743 2.7493680715560904 398.12165057659149 8.2447942793369275 3.238585650920867 36.956513285636902 30.436530545353889 173.65244470536709 236.60568232834339 37.742026016116142 646.90076249837875 379.90523816645145 37.225023448467255 10.471134603023527 50.945985794067383 228.10425586998463 11.744213476777075 19.246511369943619 4.4988657981157294 2036.2868615835905 257.58601666986942 80.7253028601408 63.970135748386383 160.95235089957714 12.988643079996107 25.461982399225235 113.47031608223915 533.5331533998251 35.321651920676231 25.231045931577682 373.80837197601795 362.77404890954494 118.18176604807377 43.730254337191582 25.495178997516632
leaf_count=1355 164 191 442 5560 101 38 138 3517 141 222 37 123 100 229 108 11 1593 33 13 148 122 695 947 151 2589 1520 149 42 204 913 47 77 18 8148 1031 323 256 644 52 102 454 2135 142 101 1496 1452 473 175 102
internal_value=0 -0.00255242 -0.00202471 0.001037 0.00207526 0.00461346 0.0100692 0.0114228 0.0340555 -0.0024836 -0.0183076 -0.00163188 -0.00286194 -0.0207518 2.87632e-05 0.00327882 -0.00116634 -0.0512423 0.0113173 -0.00229356 0.00706461 0.0119964 -0.00385073 0.00507469 -0.0059802 -0.000441784 -0.00563293 0.00597042 0.0044421 0.000680344 0.00698124 -0.0162842 -0.00213722 -0.00172725 0.000988008 -0.00481281 -0.0141585 0.00195641 0.00948402 0.00346406 -0.0172346 -0.00706585 0.0141315 -0.000230448 -0.0014026 0.00977229 0.0120245 -0.0141661 -0.000410547
internal_weight=0 2766.91 2725.99 6933.37 5544.35 2469.24 982.82 939.087 60.263 2678.41 43.7336 2498.72 2153.72 82.185 3075.1 1286 826.246 10.9942 459.757 1789.1 252.79 215.833 1536.31 293.594 1242.72 815.252 417.13 345 334.529 283.583 185.397 56.9885 2071.53 2040.79 1486.42 441.563 186.897 254.666 173.941 1044.86 177.44 1180.43 62.2831 656.625 631.394 388.236 456.518 179.69 69.2254
internal_count=38824 11073 10909 27751 22191 9883 3934 3759 242 10718 175 9999 8618 329 12308 5147 3306 44 1841 7161 1012 864 6149 1175 4974 3262 1669 1381 1339 1135 742 228 8289 8166 5949 1767 748 1019 696 4182 710 4724 250 2628 2527 1554 1828 719 277
is_linear=0
shrinkage=0.05


Tree=10
num_leaves=50
num_cat=0
split_feature=23 8 17 35 4 1 15 23 30 22 16 24 17 16 35 36 11 0 4 27 37 1 4 3 37 15 16 37 5 5 35 11 6 22 37 7 6 36 37 36 27 1 3 37 19 14 1 15 7
split_gain=9.764 11.9118 11.3897 10.5167 10.6776 10.4605 10.3034 10.021 11.1587 10.0136 9.46956 9.25142 9.13451 13.3417 13.3769 19.7338 15.3973 13.2127 15.4797 11.0559 10.6245 10.1758 13.9185 11.9447 11.9431 10.1514 11.2311 10.1275 10.0469 9.96021 13.9704 10.7845 12.3131 9.50134 10.2311 9.32958 9.19825 12.1235 10.9618 11.0381 11.3964 10.2926 9.96471 9.03729 13.4899 8.79529 8.72585 8.69447 8.24372
threshold=0.02728704756179923 0.00020002621067356796 7.0090838400593838e-05 0.00029387656140807198 157.64596993480345 157.37160406235228 0.00013952468600197945 0.093999050688154298 0.63530186749116746 0.82417013982678722 -0.0010867138971455967 0.00021730731625020004 0.00076281945345535462 8.5545736576708733e-05 0.00060453015805960158 0.088312500000003388 0.046000000000006487 39.432795872606519 147.36531320972813 -0.00059258122064336221 0.81223320949847133 145.17537594423081 145.60549988919473 145.07362500000002 1.4638050260113642 0.0006275621236535579 0.0001575752594323854 1.7100580014805662 157.46890822201274 150.96092566162679 0.00018971891828089955 0.04349999999999455 0.13835714285714271 -0.55237498514631855 0.79810782952199777 0.28650000000000381 0.053857142857143214 0.083683928571429186 1.1498791773385129 0.075285714285716024 0.00072636261444542643 156.13967527603864 155.62230000000002 1.3247218060831418 -0.57972400876562113 7.4082555026167021e-05 142.81456286583929 -4.7454249216427595e-05 0.14650000000000321
decision_type=2 2 2 2 2 2 2 2 2 2 2 2 2 2 2 2 2 2 2 2 2 2 2 2 2 2 2 2 2 2 2 2 2 2 2 2 2 2 2 2 2 2 2 2 2 2 2 2 2
left_child=12 9 6 11 5 7 -3 10 -9 -2 -5 45 13 14 15 16 43 18 20 -19 -17 23 -23 33 35 26 -15 -27 36 30 -28 32 -31 -16 -35 -24 -14 38 41 40 -40 42 -38 46 -45 47 -1 -4 -18
right_child=1 2 3 4 -6 -7 -8 8 -10 -11 -12 -13 28 25 21 17 48 19 -20 -21 -22 22 24 -25 -26 27 29 -29 -30 31 -32 -33 -34 34 -36 -37 37 -39 39 -41 -42 -43 -44 44 -46 -47 -48 -49 -50
leaf_value=0.012513336728728309 -0.021203546938664154 0.0017135441431199395 -0.031139544605829513 -0.038918093935081645 -0.02420887018023616 0.055448757405894236 0.019719629882981808 0.011136682754091017 -0.0043620756228031259 0.0027068358492687928 -0.0049209424731188681 0.017731226434786748 0.018029911513494003 -0.010473335398209702 0.010817933966475375 -0.012306018715809816 0.028048228652856229 -0.015415768657212293 0.045374212691015062 0.016663844135486099 0.032372330593566277 -0.062398451439263529 -0.0035047973496067824 0.046337839586776841 -0.021581945949036823 -0.012361503050265697 -0.034135012786753093 0.034880250764220438 0.048783188198169188 0.0076700936899410065 -0.000538991011183685 0.043126868564035054 -0.057815515630084302 -0.061470150521449322 -0.003311056328307901 0.04333981906421383 -0.01117580284575573 0.0099292977641158003 0.036321319706567545 -0.029884071427178728 -0.0039409887654748748 -0.074864516488096222 0.059453539758353227 -0.022359387831789118 0.018023422291678647 -0.043674833694454546 0.00059876619899321311 0.041995418334506346 -0.017285295370226685
leaf_weight=163.72093527019024 141.65355853736401 362.96190051734447 6.4926516413688669 20.73334763944149 62.159041479229927 7.2447768300771704 102.88812534511089 221.05833400785923 241.29183135926723 60.706962123513222 1413.7720327675343 103.96153520047665 125.82962872087955 267.82110266387463 157.38073444366455 27.489005982875824 83.140032380819321 39.975767746567726 67.202858731150627 77.971032708883286 24.494095057249069 10.743224754929541 526.23946969211102 15.739024147391317 97.794652849435806 321.08870223164558 31.628458395600319 11.219042181968687 13.7434766292572 284.09669359028339 1079.4384643882513 20.983508870005608 6.9932228475809088 7.7471995800733557 157.64795458316803 10.488338485360144 174.88882552087307 300.36588217318058 39.222427144646645 13.491950392723082 29.720421671867371 5.9981499612331381 4.7487130761146537 22.953377395868301 160.54040847718716 13.238340839743612 2558.3103110045195 9.2445698827505112 10.484367892146109
leaf_count=656 567 1453 26 83 249 29 412 885 966 243 5657 416 504 1072 630 110 333 160 269 312 98 43 2106 63 392 1285 127 45 55 1137 4320 84 28 31 631 42 700 1202 157 54 119 24 19 92 644 53 10239 37 42
internal_value=0 -0.00223119 -0.00129826 -0.00287583 -0.00380589 -0.003123 0.00575415 -0.00336862 0.00299655 -0.0139138 -0.00543777 0.0106705 0.00127936 0.000664394 0.00226798 0.00382327 0.00271462 0.0177186 0.0294893 0.00556814 0.00833291 -0.00282258 -0.00651987 0.00415081 -0.00550535 -0.00266779 -0.00108049 -0.0106614 0.00666433 0.000671423 -0.00152681 0.00857172 0.00595315 0.00197521 -0.0062925 -0.00251914 0.00577386 0.00300881 -0.0046547 0.0103347 0.0186618 -0.0114514 -0.00907377 0.00206083 0.0128076 -0.0137308 0.00132587 0.0102454 0.0226665
internal_weight=0 2767.41 2565.05 2099.2 1966.26 1904.1 465.85 1896.86 462.35 202.361 1434.51 132.937 6951.34 6243.33 4220.06 3236.28 2999.15 237.133 119.186 117.947 51.9831 983.781 645.266 338.515 634.522 2023.27 1690.96 332.308 708.009 1423.14 1111.07 312.073 291.09 322.776 165.395 536.728 694.266 568.436 268.07 82.4348 68.9428 185.636 179.638 2905.53 183.494 28.9756 2722.03 15.7372 93.6244
internal_count=38901 11076 10266 8401 7869 7620 1865 7591 1851 810 5740 532 27825 24991 16893 12955 12006 949 477 472 208 3938 2583 1355 2540 8098 6768 1330 2834 5696 4447 1249 1165 1292 662 2148 2779 2275 1073 330 276 743 719 11631 736 116 10895 63 375
is_linear=0
shrinkage=0.05


Tree=11
num_leaves=50
num_cat=0
split_feature=31 36 28 31 35 1 3 4 11 15 1 0 24 4 30 0 11 7 36 37 4 14 36 27 1 9 22 11 22 36 36 17 26 32 37 37 31 11 37 3 12 0 5 17 1 36 9 19 28
split_gain=10.2626 16.9113 12.4851 12.0666 10.4264 10.331 15.3647 11.2704 11.5262 11.9108 9.74627 19.8294 11.361 9.48286 9.11607 8.77461 8.11793 13.086 8.39898 8.10552 10.6966 8.02706 14.9822 8.31775 13.9348 7.89975 7.76779 7.72515 7.53577 9.49361 7.53297 11.0239 7.51253 7.39804 8.63712 7.33987 7.32078 11.8727 7.29883 17.9721 14.597 7.12795 6.95998 6.65255 7.11233 9.83551 6.63284 6.61253 6.31491
threshold=0.0012521279588898597 0.043944642857143286 0.0023220672730423172 0.0013058162635735842 0.0003971383996186568 143.98780738349743 144.19927500000003 141.93950776202965 0.049999999999997165 -0.00025734782546260598 146.17453581062236 32.188826696023696 -0.00018922034624965406 158.12940870618817 -0.44302975768874558 14.183258529082027 0.0035000000000025015 0.1540000000000106 0.051262499999998067 1.7100580014805662 144.58155782419553 -0.00033589941266520812 0.05790535714286079 -0.00041224431872770957 150.03946218118384 0.049999999999997165 -3.7400338966955426 0.019999999999996024 13.1622464220009 0.16913928571428441 0.050789285714288833 -0.00086887119210810038 0.002143935064747146 2.6509232563088788e-05 0.74422393187158897 1.2072882235071394 0.0013835353921189694 0.030999999999991704 1.6471246609540009 149.65015000000002 0.10000000000000854 26.481874514826803 146.95627034782373 -0.0007329686645086152 144.19797599320529 0.085324999999997889 0.035499999999998984 -0.21936246008320362 0.0045848290201699936
decision_type=2 2 2 2 2 2 2 2 2 2 2 2 2 2 2 2 2 2 2 2 2 2 2 2 2 2 2 2 2 2 2 2 2 2 2 2 2 2 2 2 2 2 2 2 2 2 2 2 2
left_child=13 2 10 35 27 7 30 8 9 48 11 12 -2 15 16 -1 17 -9 -18 21 -21 22 -17 24 -24 -12 -25 -4 38 42 -7 -32 33 34 -23 43 37 -16 40 -40 -8 -15 -30 44 -3 47 -11 -46 -5
right_child=1 3 4 5 -6 6 28 14 -10 46 25 -13 -14 41 36 19 18 -19 -20 20 -22 32 23 26 -26 -27 -28 -29 29 -31 31 -33 -34 -35 -36 -37 -38 -39 39 -41 -42 -43 -44 -45 45 -47 -48 -49 -50
leaf_value=0.054447072871747972 -0.036166633710298809 -0.052748579643220751 -0.056680718225717422 -0.012522867955291709 0.020672075213281481 0.039674130041959133 0.000243153583371874 0.010756093058084544 0.055506013273697023 -0.087115409747516262 0.042889420836955953 0.057367886402004381 0.038942908869131515 0.061291734681892675 -0.033189573662872708 0.0058222484561914149 -0.038278558378914931 0.08355009832249484 0.0014148208169724908 -0.017679339290891102 0.02971671410782948 0.066349572121074521 -0.059424276423143879 -0.0058058942792900657 0.010877659990455127 0.0061131547034163963 -0.025919642192408932 0.021426917331185888 -0.068158769787186421 0.052254901166055294 -0.057111055276694772 -0.0071204965247587239 -0.034090579244724417 -0.00075695896011028496 0.0088261026296216002 0.044680898701250228 0.01941173798927219 0.045701041725700636 0.010080775646125249 -0.038998946546980967 0.033161410579099569 -0.017893540972936467 -0.014722898222240686 0.017338519290509107 -0.001088734801044386 -0.070784463656457172 -0.022369528249544746 0.06007910107723341 0.057539385342920579
leaf_weight=6.8410652428865424 21.683925986289978 6.9848039150238064 12.455112025141718 20.451997593045238 13.414887964725493 3.2452233433723441 2160.383878365159 65.703838318586349 4.4837622642517081 8.7313609570264834 66.81794236600399 11.936644628643988 5.9797080159187344 2.4988632202148429 16.243758454918865 136.14580658078194 13.72392615675926 6.7404063194990149 260.81940297782421 15.234606012701986 44.837242558598518 7.1425169706344596 22.738003313541416 194.41917249560356 9.2442578226327878 20.930389523506165 65.975383281707764 3.4929317384958258 9.4963165968656558 3.2286745607852927 23.988356381654739 22.737414255738258 16.462383151054382 5720.2114940136671 73.401676759123802 19.224807396531105 202.60565492510796 6.2479534000158301 34.869888156652451 38.12256196141243 33.946307986974716 107.3410497456789 21.48834553360939 93.940393269062042 11.245136052370077 3.247832551598548 9.9608439058065397 6.2470794320106497 3.4890194088220587
leaf_count=28 87 28 50 82 54 13 8648 263 18 35 269 48 24 10 65 545 55 27 1044 61 180 29 91 778 37 84 264 14 38 13 96 91 66 22893 294 77 811 25 140 153 136 430 86 376 45 13 40 25 14
internal_value=0 0.00229702 0.0183216 0.00148024 -0.0103895 0.000792524 -0.000711149 0.00654087 -0.0167162 -0.0252289 0.0251463 0.00379586 -0.0187935 -0.00114444 0.00850776 -0.000886424 0.00332805 0.0181893 -0.000518035 -0.000953006 0.0172545 -0.00113295 -0.0077401 -0.0141403 -0.0384173 0.0344519 -0.0110219 -0.0379552 -0.000102947 -0.0232983 -0.0280583 -0.0335172 -0.000641567 -0.000540572 0.0144637 0.0157713 0.0163663 -0.00986464 0.000239076 -0.0152662 0.000768254 -0.015703 -0.0323958 0.0108996 -0.00997762 0.00378524 -0.0548278 0.019996 -0.000695378
internal_weight=0 3268.31 156.712 3111.6 29.3629 2970.71 2351.51 619.202 47.117 42.6332 127.349 39.6003 27.6636 6422.49 572.085 6312.65 346.988 72.4442 274.543 6305.81 60.0718 6245.74 428.523 292.377 31.9823 87.7483 260.395 15.948 2301.54 34.2133 49.971 46.7258 5817.22 5800.76 80.5442 140.89 225.097 22.4917 2267.32 72.9925 2194.33 109.84 30.9847 121.665 27.7249 20.74 18.6922 17.4922 23.941
internal_count=38793 13087 630 12457 118 11893 9414 2479 189 171 512 159 111 25706 2290 25266 1389 290 1099 25238 241 24997 1715 1170 128 353 1042 64 9214 137 200 187 23282 23216 323 564 901 90 9077 293 8784 440 124 487 111 83 75 70 96
is_linear=0
shrinkage=0.05


end of trees

feature_importances:
atr_ratio=53
atr_ma=43
bb_upper=37
bb_width=33
atr=30
ema_cross_pct=27
price_ema_slow_dist=24
atr_normalized=24
return_6=22
return_12=22
ema_cross=22
upper_shadow=20
bb_lower=19
ema_fast=18
return_3=18
rsi=15
lower_shadow=15
price_ema_fast_dist=15
price_bb_upper_dist=14
price_bb_lower_dist=14
range_pct=13
rsi_divergence=12
range=11
rsi_normalized=11
return_1=10
ema_slow=9
bb_middle=8
body=8
bb_position_normalized=7
body_pct=6
bb_position=6
log_return=1
signal_convergence=1

parameters:
[boosting: gbdt]
[objective: binary]
[metric: binary_logloss]
[tree_learner: serial]
[device_type: cpu]
[data: ]
[valid: ]
[num_iterations: 300]
[learning_rate: 0.05]
[num_leaves: 50]
[num_threads: 8]
[deterministic: 0]
[force_col_wise: 0]
[force_row_wise: 0]
[histogram_pool_size: -1]
[max_depth: 8]
[min_data_in_leaf: 10]
[min_sum_hessian_in_leaf: 0.001]
[bagging_fraction: 0.8]
[pos_bagging_fraction: 1]
[neg_bagging_fraction: 1]
[bagging_freq: 1]
[bagging_seed: 400]
[feature_fraction: 0.9]
[feature_fraction_bynode: 1]
[feature_fraction_seed: 30056]
[extra_trees: 0]
[extra_seed: 12879]
[early_stopping_round: 0]
[first_metric_only: 0]
[max_delta_step: 0]
[lambda_l1: 0.5]
[lambda_l2: 0.3]
[linear_lambda: 0]
[min_gain_to_split: 0]
[drop_rate: 0.1]
[max_drop: 50]
[skip_drop: 0.5]
[xgboost_dart_mode: 0]
[uniform_drop: 0]
[drop_seed: 17869]
[top_rate: 0.2]
[other_rate: 0.1]
[min_data_per_group: 100]
[max_cat_threshold: 32]
[cat_l2: 10]
[cat_smooth: 10]
[max_cat_to_onehot: 4]
[top_k: 20]
[monotone_constraints: ]
[monotone_constraints_method: basic]
[monotone_penalty: 0]
[feature_contri: ]
[forcedsplits_filename: ]
[refit_decay_rate: 0.9]
[cegb_tradeoff: 1]
[cegb_penalty_split: 0]
[cegb_penalty_feature_lazy: ]
[cegb_penalty_feature_coupled: ]
[path_smooth: 0]
[interaction_constraints: ]
[verbosity: 1]
[saved_feature_importance_type: 0]
[linear_tree: 0]
[max_bin: 255]
[max_bin_by_feature: ]
[min_data_in_bin: 3]
[bin_construct_sample_cnt: 200000]
[data_random_seed: 175]
[is_enable_sparse: 1]
[enable_bundle: 1]
[use_missing: 1]
[zero_as_missing: 0]
[feature_pre_filter: 1]
[pre_partition: 0]
[two_round: 0]
[header: 0]
[label_column: ]
[weight_column: ]
[group_column: ]
[ignore_column: ]
[categorical_feature: ]
[forcedbins_filename: ]
[precise_float_parser: 0]
[parser_config_file: ]
[objective_seed: 16083]
[num_class: 1]
[is_unbalance: 0]
[scale_pos_weight: 1]
[sigmoid: 1]
[boost_from_average: 1]
[reg_sqrt: 0]
[alpha: 0.9]
[fair_c: 1]
[poisson_max_delta_step: 0.7]
[tweedie_variance_power: 1.5]
[lambdarank_truncation_level: 30]
[lambdarank_norm: 1]
[label_gain: ]
[lambdarank_position_bias_regularization: 0]
[eval_at: ]
[multi_error_top_k: 1]
[auc_mu_weights: ]
[num_machines: 1]
[local_listen_port: 12400]
[time_out: 120]
[machine_list_filename: ]
[machines: ]
[gpu_platform_id: -1]
[gpu_device_id: -1]
[gpu_use_dp: 0]
[num_gpu: 1]

end of parameters

pandas_categorical:[]
