tree
version=v4
num_class=1
num_tree_per_iteration=1
label_index=0
max_feature_idx=44
objective=binary sigmoid:1
feature_names=rsi ema_fast ema_slow bb_middle bb_upper bb_lower macd macd_signal atr range range_pct body body_pct upper_shadow lower_shadow is_bullish return_1 return_3 return_6 return_12 log_return rsi_normalized rsi_overbought rsi_oversold rsi_divergence ema_cross ema_cross_pct ema_cross_signal price_ema_fast_dist price_ema_slow_dist bb_width bb_position bb_position_normalized price_bb_upper_dist price_bb_lower_dist bb_breakout_upper bb_breakout_lower macd_hist macd_hist_change macd_cross_signal macd_strength atr_normalized atr_ma atr_ratio signal_convergence
feature_infos=[0:99.755467076367083] [140.01794868368825:158.46374932756453] [140.09390840731587:158.4287960737224] [0:158.45214999999999] [0:158.98423446083257] [0:158.37119522484221] [-0.57514457178655221:0.76835340664820251] [-0.5188763570912186:0.66684005555902648] [0:0.55142857142856927] [0:1.4489999999999839] [0:0.0098924731182794597] [0:1.2740000000000009] [0:0.0087871159085422691] [0:0.45400000000000773] [0:0.6290000000000191] [0:1] [-0.010440345742870893:0.0086544548876104077] [-0.010346048081897208:0.011121306408549358] [-0.012740376631571793:0.01214236927980572] [-0.015822511541399464:0.020290175029493485] [-0.010495228483220405:0.0086172197717689965] [-1:0.99510934152734165] [0:1] [0:1] [-56.904350987366826:51.361182180793548] [-0.57514457178655221:0.76835340664820251] [-0.003883435549732969:0.0051884219504909346] [0:1] [-0.0088498120556881627:0.0085436527782316064] [-0.0096167762950344661:0.012337377364785844] [0:0.031342652110744211] [-0.54651378490698344:1.552884196153675] [-2.0930275698139669:2.10576839230735] [-0.0045480417175792053:0.02223832595088774] [-0.0050724392954735378:0.027298010487932362] [0:1] [0:1] [-0.20097651515128728:0.19509250025932751] [-0.09700790187045677:0.083341641193037941] [0:1] [-0.19455333720912688:0.17538495785784011] [0:0.0037228501986805917] [0:0.42936785714285552] [0:3.4066658717779674] [0:3]
tree_sizes=4931 3140 3768 4705 4726 3542 4385 4745

Tree=0
num_leaves=45
num_cat=0
split_feature=33 4 8 41 3 26 34 34 30 41 12 42 32 30 29 20 4 40 5 1 18 1 37 41 0 37 30 2 42 38 37 5 8 10 6 40 42 6 30 1 24 20 13 29
split_gain=21.9626 18.5828 18.4358 18.1643 28.3259 23.9971 19.8334 23.9053 14.5606 16.5928 14.2744 13.911 13.6914 12.5855 11.8036 11.3156 11.2666 11.173 19.0543 10.9987 10.8741 10.6158 10.3619 22.3569 16.3999 10.343 10.235 8.96903 8.96428 8.91476 8.85599 8.58552 8.53381 8.40238 8.39967 7.77036 6.21115 5.20306 3.9993 3.69495 5.68803 3.51974 2.19357 0.60247
threshold=0.0012521279588898597 140.87113248888707 0.072678571428573355 0.00059781369600383854 145.67512500000001 -0.0011911084139593902 0.0010103694126624213 0.0024399895971168634 0.0024385025177270166 0.00068623584003364442 0.00020161850997940772 0.23758214285714355 -0.35145255111661694 0.0029004069311918453 -0.00075386536991644464 0.00015331620388787001 141.04318987564031 -0.00197863219208617 142.69124445350641 157.98561060309785 -4.5448203402742575e-05 154.2668012072703 -0.01415203251693223 0.00030464905553745315 23.311840279797945 0.017959829070210893 0.0025175437106149594 146.44059079218061 0.077005357142857098 -0.002504661337669654 -0.0060504174869737129 143.46728935687707 0.077714285714286305 0.00016162650166837945 0.013333057903849978 0.0048878742140736993 0.19145535714285739 -0.15141122759466438 0.0072771979706746839 140.85636019043145 1.6380907273744507 -6.7048170760909784e-06 0.010500000000007505 4.6313938152780445e-05
decision_type=2 2 2 2 2 2 2 2 2 2 2 2 2 2 2 2 2 2 2 2 2 2 2 2 2 2 2 2 2 2 2 2 2 2 2 2 2 2 2 2 2 2 2 2
left_child=1 2 43 6 5 36 12 26 9 15 37 -12 17 27 25 -6 39 18 -2 -15 35 -11 23 -18 -24 29 41 -10 -9 -3 -28 -19 -30 -22 -4 -14 42 -7 -38 40 -16 -8 -5 -1
right_child=3 14 34 4 8 10 7 28 13 21 11 -13 20 19 16 -17 22 31 -20 -21 33 -23 24 -25 -26 -27 30 -29 32 -31 -32 -33 -34 -35 -36 -37 38 -39 -40 -41 -42 -43 -44 -45
leaf_value=0.047602451043196624 0.036542700848850349 -0.010525613963027997 -0.00598432907623659 0.029912283338504597 0.018855456149581284 -0.016120180254173427 0.046266998325366043 0.005005291047581073 0.0011526305756323092 -0.016482613115211396 0.020688390583621787 0.062706248037556728 0.045026409137909465 0.011682346085149602 -0.014154774711826759 -0.01510843313349975 -0.010312006201692189 -0.0026458704602297309 0.019720349896500806 -0.027516115771814793 0.058215683669099544 0.018595971859671302 0.038327712359788692 0.012430873371200839 0.014251627807349239 -0.028998087473754867 0.013904152874621952 0.025092469046061279 0.015054532942910481 0.04123364347074257 0.00034635774403368215 0.015426835509977073 0.060139358352642579 0.018660941990067129 0.03637430477091929 0.018308556753935935 0.041233643470742584 0.012379421384143502 0.0050052910475810678 -0.027516115771814793 0.022720064119531428 0.015415573238917006 0.056806508647058614 0.071268767408764033
leaf_weight=6.249645724892618 64.246358051896095 6.4996315538883209 7.9995465278625515 4.9997165799140957 46.997335851192474 5.7496740669012061 6.9996032118797302 4.9997165799140957 15.749107226729391 45.247435048222542 385.22816248238087 6.9996032118797293 46.24737836420536 700.21030701696873 8.2495323568582553 10.499404817819594 47.497307509183884 26.998469531536102 1105.9373074769974 6.2496457248926154 4.9997165799140921 8.749504014849661 25.24856872856617 216.48772791028023 6080.4053186625242 10.499404817819594 72.495890408754349 103.24414737522602 4.9997165799140957 4.9997165799140948 113.74355219304562 170.99030703306198 13.999206423759459 67.74615965783596 8.2495323568582517 13.499234765768049 4.9997165799140912 177.73992441594601 4.999716579914093 6.2496457248926154 5.9996598958969107 7.2495890408754331 19.748880490660667 7.7495606988668442
leaf_count=25 257 26 32 20 188 23 28 20 63 181 1541 28 185 2801 33 42 190 108 4424 25 20 35 101 866 24323 42 290 413 20 20 455 684 56 271 33 54 20 711 20 25 24 29 79 31
internal_value=0.0150545 0.0140618 0.0373909 0.0170797 0.0147251 0.0197458 0.0191965 0.0109067 0.0114438 0.00126702 0.0182593 0.021497 0.0204432 0.0128338 0.0139493 0.0126847 0.0140269 0.0195399 0.0206569 0.0113049 0.0296725 -0.0106447 0.0141004 0.00828067 0.0143538 -0.00785867 0.00747666 0.0218215 0.0389308 0.0128346 0.0055653 0.0129847 0.0483424 0.0216688 0.0150545 0.039186 0.0438809 0.011388 0.0224805 -0.0080361 0.00182798 0.0315203 0.0519757 0.0622374
internal_weight=0 6442.38 30.2483 3272.56 1547.41 610.465 1725.15 224.487 936.947 111.494 575.717 392.228 1500.66 825.453 6412.14 57.4967 6390.14 1368.17 1170.18 706.46 132.492 53.9969 6369.64 263.985 6105.65 21.9988 200.489 118.993 23.9986 11.4993 186.239 197.989 18.9989 72.7459 16.2491 59.7466 34.748 183.49 9.99943 20.4988 14.2492 14.2492 24.7486 13.9992
internal_count=38862 25771 121 13091 6190 2442 6901 898 3748 446 2303 1569 6003 3302 25650 230 25562 5473 4681 2826 530 216 25480 1056 24424 88 802 476 96 46 745 792 76 291 65 239 139 734 40 82 57 57 99 56
is_linear=0
shrinkage=1


Tree=1
num_leaves=28
num_cat=0
split_feature=4 8 42 1 25 21 4 40 43 43 40 30 12 5 19 28 25 40 8 16 18 2 40 42 19 17 30
split_gain=20.7314 22.7754 13.7462 37.238 13.2679 12.7647 20.2279 16.3294 16.3626 14.3161 17.2868 16.0968 13.3512 12.2649 11.4909 10.3524 10.3218 9.4305 8.75182 7.39968 7.24209 8.0617 5.16192 4.93732 4.09762 2.88321 1.30841
threshold=140.87113248888707 0.075357142857140305 0.20630892857142732 147.83264930480854 0.025566185067432915 -0.076992514157185901 158.43214912945572 -0.028198895300899616 1.7100580014805662 0.86945927549362068 -0.054702536309999092 0.00067979986868979363 1.2868066930115451e-05 142.37654001168809 0.0047414471835054437 6.353920815996545e-05 -0.02671530122215415 -0.024348403274611085 0.093857142857139322 -0.00029205898289968996 -0.001559194818901932 145.48158911023151 -0.0013327174050163024 0.054703571428572066 0.00012564699511252722 -0.00033800025017505225 0.0013319930258496628
decision_type=2 2 2 2 2 2 2 2 2 2 2 2 2 2 2 2 2 2 2 2 2 2 2 2 2 2 2
left_child=1 26 5 14 16 9 7 24 -9 10 -2 -12 17 -14 20 23 -3 -11 -6 -5 -4 -22 -17 -8 -7 -21 -1
right_child=2 4 3 19 18 6 15 8 -10 12 11 -13 13 -15 -16 22 -18 -19 -20 25 21 -23 -24 -25 -26 -27 -28
leaf_value=0.032290575039296505 -0.04589296812802874 0.0041834239515455025 0.053185979226114927 0.0036925220084633721 0.053947971590818336 0.031586118447521343 0.012450562282917896 -0.00144058463973791 0.012675735952890201 -0.012432239973823799 0.012902042204351384 -0.0026634240304931108 0.011204384468647704 0.0012210390801290353 -0.011528788520458789 -0.015683464730879292 -0.046460000441793374 0.015724149811155073 4.6035581777925479e-05 -0.015574319365037542 0.011188283020625689 0.037671015206784599 -0.057439856484075923 -0.026474508012899994 0.00060131023468827302 -0.049421108633230584 0.055808919909065793
leaf_weight=8.7430405914783496 7.7495482414960852 7.7492326498031616 8.9977040588855726 4.9997818022966412 4.9984755814075452 16.748776763677601 5.99969530105591 5492.6920468062162 74.495500028133392 11.498951047658919 63.24674516916275 977.92156994342804 115.48213791847229 2720.0344248265028 6.9994518011808387 4.999750256538392 5.9994605183601397 93.492489293217659 6.2484536916017532 4.9998210817575464 26.492708683013916 18.748541459441185 9.4992752522230113 4.9994384497404099 5.7497190088033667 7.7495995461940739 9.492281034588812
leaf_count=35 31 31 36 20 20 67 24 21972 298 46 253 3912 462 10881 28 20 24 374 25 20 106 75 38 20 23 31 38
internal_value=0 0.020506 -0.000242131 0.0121949 0.00142886 -0.000345727 -0.00126823 -0.00114417 -0.0012494 0.000950458 -0.00205387 -0.0017058 0.0020253 0.00163195 0.0233463 -0.027787 -0.0177952 0.0125283 0.0255603 -0.0255298 0.0280506 0.0225365 -0.0442588 -0.0046787 0.0241745 -0.0375006 0.0457236
internal_weight=0 43.2309 9683.6 78.9876 24.9956 9604.61 5615.18 5589.69 5567.19 3989.43 1048.92 1041.17 2940.51 2835.52 61.2384 25.4982 13.7487 104.991 11.2469 17.7492 54.239 45.2413 14.499 10.9991 22.4985 12.7494 18.2353
internal_count=38910 173 38737 316 100 38421 22462 22360 22270 15959 4196 4165 11763 11343 245 102 55 420 45 71 217 181 58 44 90 51 73
is_linear=0
shrinkage=0.03


Tree=2
num_leaves=34
num_cat=0
split_feature=3 33 43 1 41 26 25 41 42 42 5 18 33 16 42 43 2 3 18 5 2 10 17 43 28 29 42 5 1 13 10 10 29
split_gain=17.9899 17.2874 18.3884 15.3927 32.4867 22.2091 21.1803 15.668 15.1223 14.9995 14.7661 34.0748 22.7704 13.1135 12.0804 11.6652 11.5426 9.55305 12.9673 11.7767 9.27501 10.8809 9.04045 8.42025 14.6333 7.62567 6.50965 6.42671 12.2764 4.87728 3.84478 0.280386 0.0780374
threshold=140.71552500000004 0.0010834849339036244 0.56085388399127944 145.26107867974108 0.00065774023339087507 -0.00027417193546194681 -0.16138951239818763 0.00023714434628444934 0.076658928571430876 0.11071964285714052 153.47594127720129 -0.001624324753784878 0.0030868727660470015 -0.0001500825457422805 0.048135714285718632 1.7100580014805662 145.23238551018105 142.39240000000004 -0.00032145766262031689 142.44376574850895 146.24000978702472 0.0010175101734536528 0.00056604960387585123 1.0246614838136721 9.2264329527480074e-05 -0.0004213533613795403 0.10767142857142918 143.62247569682916 142.77573207603356 0.021000000000000799 0.00015787084866081177 0.0012522204881128111 -0.00011766511114411504
decision_type=2 2 2 2 2 2 2 2 2 2 2 2 2 2 2 2 2 2 2 2 2 2 2 2 2 2 2 2 2 2 2 2 2
left_child=8 2 14 6 5 13 27 30 -1 -7 12 -12 -6 -5 -2 17 -9 18 -4 -19 22 -22 -17 24 29 -25 32 28 -3 -10 -8 -29 -16
right_child=1 3 15 4 10 9 7 16 23 -11 11 -13 -14 -15 26 20 -18 19 -20 -21 21 -23 -24 25 -26 -27 -28 31 -30 -31 -32 -33 -34
leaf_value=0.049639363647805919 0.0062276145349621642 0.038844993729758324 0.018570737899647902 0.0041925566561700463 -0.010529291806349473 0.0049291289909376501 0.054711434315375423 0.0029402839791476142 0 0.024038799282992483 -0.021208720068641773 0.011369046488240999 0.00058248090369254204 -0.0042147657287818921 -0.032629096325514716 -0.030286523477045697 0.023581887994770224 0.011848241777375347 -0.011004430680927281 -0.000839789686980702 0.036288820262847951 -0.001223959163509254 0.010201532701786592 0 -0.034981049121075684 0.046869434396161813 -0.0084405310704888051 0.051432324984974673 -0.0057446633128134536 0.03782347366223391 0.018798586628357167 0.031230462122789533 -0.054253843763152322
leaf_weight=10.970875099301336 7.4995380938053158 10.241295441985132 14.24793581664562 258.47742561995983 431.95937806367874 949.65062075853348 5.7484879940748197 1194.3594974577427 6.4966922700405174 38.495960459113121 37.246398448944092 123.98935018479824 266.97899897396564 467.95557235181332 4.9997064024210003 6.4989357143640545 24.746131986379623 66.246585577726364 141.73500038683414 5577.9854842275381 20.496364444494251 9.7480190545320493 17.996788129210472 4.9982946217060089 7.7453323006629935 7.2410480231046659 5.9997796714305869 7.2466792017221433 10.993422344326971 5.2456779181957245 7.7489409446716309 7.2451491057872772 9.2495866417884809
leaf_count=44 30 41 57 1034 1728 3799 23 4778 26 154 149 496 1068 1872 20 26 99 265 567 22313 82 39 72 20 31 29 24 29 44 21 31 29 37
internal_value=0 0.000142383 -0.000878885 0.00170795 0.000371421 0.00276135 0.00441333 0.00374117 0.0195926 0.00568977 -0.00438126 0.00376227 -0.00627354 -0.00121041 -0.0251216 -0.000761172 0.00337236 -0.00089302 -0.0082149 -0.000688653 0.0129745 0.0240102 -0.000413815 0.00855411 -0.00332742 0.0278168 -0.0370917 0.0271295 0.0155841 0.0171554 0.035603 0.0427791 -0.0481141
internal_weight=0 9725.79 5882.7 3843.08 2574.75 1714.58 1268.33 1232.6 42.6979 988.147 860.174 161.236 698.938 726.433 27.7486 5854.96 1219.11 5800.22 155.983 5644.23 54.7401 30.2444 24.4957 31.727 19.4877 12.2393 20.2491 35.7265 21.2347 11.7424 13.4974 14.4918 14.2493
internal_count=39077 38906 23532 15374 10300 6859 5074 4931 171 3953 3441 645 2796 2906 111 23421 4877 23202 624 22578 219 121 98 127 78 49 81 143 85 47 54 58 57
is_linear=0
shrinkage=0.03


Tree=3
num_leaves=43
num_cat=0
split_feature=33 43 10 0 43 4 38 1 29 11 8 1 8 28 43 2 43 8 34 43 2 34 4 12 14 24 13 16 24 29 33 14 38 1 7 8 17 8 10 0 13 24
split_gain=20.3765 17.0325 16.1389 15.4405 12.6689 12.3361 21.1335 22.4331 16.0118 12.768 13.4214 17.3404 13.3611 12.4688 12.4362 12.7871 11.641 17.6126 11.5256 10.4491 9.80678 15.3173 12.4634 8.55432 19.2315 9.04945 8.12076 7.83739 7.52809 7.15661 10.7416 6.45086 6.21233 5.44464 5.40766 7.71381 5.18497 5.15607 4.38328 4.30702 3.9029 2.84939
threshold=0.0012402104782773943 1.6471246609540009 0.0010387485693364314 14.183258529082027 0.56085388399127944 149.04586463411553 -0.0083155292925045348 149.22495294858984 0.00037885522272149472 1.0000000180025095e-35 0.22114285714285642 147.64896914353994 0.087071428571427148 0.0012783575198882426 0.99696188188568369 149.37492247048343 1.445133909367051 0.16607142857142779 0.00046823754675207231 1.5194165041251109 148.29575074096931 0.0010209787886709535 148.41640951469091 6.5066919713271933e-06 0.053000000000011489 -11.87014813544239 0.0074999999999931797 -0.00035188689099602261 2.8338158534041793 -0.00026572681572040305 0.00018410341754225164 0.040500000000008647 -0.010679018010096046 147.29906852571915 0.032030569382581607 0.095571428571429154 -2.6310337863322261e-05 0.13353571428571651 0.00061323406194532836 71.381546074287115 0.017000000000010122 -8.7074988244575717
decision_type=2 2 2 2 2 2 2 2 2 2 2 2 2 2 2 2 2 2 2 2 2 2 2 2 2 2 2 2 2 2 2 2 2 2 2 2 2 2 2 2 2 2
left_child=1 3 26 -1 29 9 14 16 19 12 20 13 36 -12 27 40 18 -18 -8 -9 22 -22 -11 24 -6 -25 33 41 39 -5 -31 -30 -17 -3 35 -28 -2 -10 -35 -4 -16 -7
right_child=5 2 28 4 23 6 7 8 37 10 11 -13 -14 -15 15 32 17 -19 -20 -21 21 -23 -24 25 -26 -27 34 -29 31 30 -32 -33 -34 38 -36 -37 -38 -39 -40 -41 -42 -43
leaf_value=0.044632350727032588 0.049314524123312227 -0.016190803132961874 0 0.0094894002556611089 0.0085592195701115342 8.2103844614971871e-05 -0.0023787366124682942 0.0021987506176122493 0.031978569668036042 0.0020964306022953363 0.033076878950334995 -0.032222597052051515 -0.014147348019799165 -0.0065199508016532039 -0.0068557724934825044 -0.015223325870967915 0.05484211411933073 -0.01561767669222134 -0.02415217761224309 -0.010733206734013253 0.014941908742719882 -0.0089149406123607382 -0.017186789549623636 0.0046378464507816318 -0.049599585042521571 -0.0017422905788368975 0.033776569234308662 -0.027132622277589023 -0.0065496341807498729 0.0088848631471597824 -0.038817584377608697 0.032271223711400045 -0.033338082030888221 0.037534348937650987 0.049302351198052985 -0.0076998660001997019 0.012041631329135239 0.0022613973547187332 0 -0.035016573839848235 0.026855006424120993 0.023448396059812273
leaf_weight=6.2365006059408179 11.745851919054989 5.7490995973348609 5.4991674721241015 4.9991809129714992 126.73986002802849 9.2486133426427877 36.245994389057159 805.65232668817043 20.493820980191234 1970.1801263988018 33.719117015600204 4.9984669238328925 5.4992309659719458 8.4976940453052503 5.2496236711740476 44.993121087551117 5.2498002350330335 6.9995485991239548 59.244227856397629 59.993350446224213 114.23554383218288 29.997025847434998 30.248066902160645 205.98589174449444 4.9997377693653098 5992.6465532034636 12.742408141493803 4.9993964731693259 8.4981129765510541 4.99342252314091 18.494219362735748 6.2488078624010077 31.74602422118187 5.2461696416139585 11.993418350815771 5.2469254881143561 5.9984855949878702 7.9986827969551078 4.9971213936805725 7.7479922771453857 5.9996673464775085 11.248809114098549
leaf_count=25 47 23 22 20 507 37 145 3223 82 7882 135 20 22 34 21 180 21 28 237 240 457 120 121 824 20 23972 51 20 34 20 74 25 127 21 48 21 24 32 20 31 24 45
internal_value=0 -0.00124189 0.0130302 -0.00140977 -0.00145844 0.00164804 -0.000918701 0.000463965 0.00203219 0.00294447 0.00270343 0.0185026 0.024968 0.0249051 -0.0131734 -0.0185272 -0.0124371 0.0144518 -0.0160147 0.0012887 0.00234887 0.00990976 0.00179782 -0.00136656 0.00617616 -0.00152861 0.0239423 0.00495404 -0.00463678 -0.0213372 -0.0283136 0.00961749 -0.0229346 0.00583224 0.0331513 0.0212592 0.0376229 0.0240592 0.0191554 -0.0210308 0.0105747 0.0134913
internal_weight=0 6439.06 73.9692 6365.1 6358.86 3330.48 1115.36 1001.88 894.138 2215.12 2191.88 47.2153 23.2436 42.2168 113.485 87.9884 107.74 12.2493 95.4902 865.646 2144.66 144.233 2000.43 6330.37 131.74 6198.63 45.9751 25.4968 27.9941 28.4868 23.4876 14.7469 76.7391 15.9924 29.9828 17.9893 17.7443 28.4925 10.2433 13.2472 11.2493 20.4974
internal_count=39082 25758 296 25462 25437 13324 4462 4008 3577 8862 8769 189 93 169 454 352 431 49 382 3463 8580 577 8003 25323 527 24796 184 102 112 114 94 59 307 64 120 72 71 114 41 53 45 82
is_linear=0
shrinkage=0.03


Tree=4
num_leaves=43
num_cat=0
split_feature=33 4 43 42 41 7 34 2 30 7 26 30 41 8 4 43 9 0 40 43 4 40 4 7 34 0 0 7 1 44 7 7 42 42 19 9 8 20 42 1 41 20
split_gain=16.3729 19.1907 14.0972 13.8205 13.1614 21.7302 21.3291 20.9503 20.33 20.0779 19.1882 28.1044 17.2252 14.4937 14.9822 13.9875 16.4997 15.4317 12.8313 12.6881 13.524 12.7709 12.0499 11.9802 11.8723 11.4814 10.144 9.75527 9.72568 9.38274 9.15717 8.09687 7.9935 7.10102 7.05851 6.54898 6.21832 4.94943 4.68248 3.47206 2.55526 1.53308
threshold=0.0012402104782773943 140.87113248888707 0.56085388399127944 0.086596428571428033 0.00060453015805960158 -0.040803826580237935 0.0014428809574818671 145.61236297943393 0.0024385025177270166 -0.18072690928335775 -0.00063546258189471096 0.0029992342442889675 0.00069685202438915311 0.09624999999999774 145.201674806493 1.273798684589375 0.0455000000000041 43.91611167629484 -0.003740146484770794 1.7100580014805662 144.58155782419553 -0.031504706450669988 158.12940870618817 0.10307722461498295 0.0011632933447464631 36.431328963813492 56.663519048777665 -0.015183869279642147 152.29394170351097 1.0000000180025095e-35 0.046244874095839668 -0.1528675007770057 0.056642857142859736 0.085324999999997889 0.00046536130775654 0.044499999999999325 0.069500000000001963 -6.0559980174874351e-05 0.19145535714285739 148.9022439887809 0.00057994722878802697 3.814017053068362e-05
decision_type=2 2 2 2 2 2 2 2 2 2 2 2 2 2 2 2 2 2 2 2 2 2 2 2 2 2 2 2 2 2 2 2 2 2 2 2 2 2 2 2 2 2
left_child=1 3 18 27 5 6 10 9 12 38 32 -12 30 14 -11 16 -10 -17 41 21 26 -4 -23 24 25 -7 -21 36 -26 -14 -9 -15 -2 -25 -22 -20 -1 -8 -6 -35 -39 -3
right_child=4 2 19 -5 7 23 37 8 15 13 11 -13 29 31 -16 17 -18 -19 35 20 34 22 -24 33 28 -27 -28 -29 -30 -31 -32 -33 -34 39 -36 -37 -38 40 -40 -41 -42 -43
leaf_value=0.033386085278996801 -0.0066036787903804607 -0.047554898781764769 0.032674037104595592 -0.01418420915221533 0.049121343847338038 0.003913586616149353 -0.001222967816116796 -0.0074884881049539524 -0.033608895261053498 -0.0085534477148532084 0.0012734935694797391 -0.015807327804832464 -0.041259037591979519 0.026420172502853511 0.023735510617297183 -0.0034198316361205594 0.001474445285592434 -0.022199503353655139 0.016856335081621231 -0.044465440652303977 0.04063068289779815 -0.00096842184619067668 -0.010938318206605714 0.044919989086120424 -0.00058646623152621335 0.010601252330882214 0.0055914495867960814 0.051535056945802661 -0.027667975678574465 -0.01532883848603667 0.032837746407315023 0.0049815370765887235 0.013274293410232913 0.025074697392353011 0.013120060777804646 -0.025837208295086671 -0.0081406644870158709 -0.039750104657316931 0.016608583388867809 0 -0.013121622249139819 -0.021178613043634227
leaf_weight=5.9754984527826345 20.746534332633018 10.487562358379366 9.7475696206092817 6.7447443455457678 9.7319583445787448 661.10833558440208 6.2495159059762981 53.492222890257835 11.998202949762343 126.72818072140217 392.18834112584591 110.73339512944221 24.245550081133842 16.482655420899391 13.996734008193014 159.98293799161911 605.67967310547829 52.737298130989075 7.9971713870763761 5.2488806098699561 11.730235084891317 6162.9850239008665 110.99012762308121 10.243082478642465 70.73762121796608 361.41530887782574 9.7450811564922315 12.428690522909164 14.247872471809385 30.244253501296043 5.2488052994012824 399.65068343281746 115.98241412639618 10.245065912604334 35.958059936761856 4.9977214485406876 5.9956927895545959 15.749564304947855 9.2238999009132367 9.7418413013219816 5.9997336715459815 5.2449699640274039
leaf_count=24 83 42 39 27 39 2645 25 214 48 507 1569 443 97 66 56 640 2423 211 32 21 47 24653 444 41 283 1446 39 50 57 121 21 1599 464 41 144 20 24 63 37 39 24 21
internal_value=0 -0.000936053 -0.00105267 0.0224303 0.00165841 0.0033903 -0.000894337 -0.000393744 -0.00315059 0.00410777 0.000219193 -0.00247666 -0.0150668 0.00304686 -0.00523446 -0.00151004 0.000762414 -0.00814262 -0.021926 -0.000955733 0.0124311 -0.00109129 -0.00114674 0.0059121 0.00538896 0.00628859 -0.0118718 0.0329652 -0.00531358 -0.0271936 -0.00358415 0.00587074 0.0101846 0.0245418 0.0202863 0 0.0121637 -0.0263843 0.0342733 0.0131447 -0.0330911 -0.0398837
internal_weight=0 6406.28 6375.13 31.1446 3324.83 1805.39 667.649 1519.44 943.629 575.814 639.651 502.922 113.231 556.858 140.725 830.398 617.678 212.72 28.7274 6346.4 62.6823 6283.72 6273.98 1137.74 1107.51 1022.52 14.994 24.3999 84.9855 54.4898 58.741 416.133 136.729 30.23 47.6883 12.9949 11.9712 27.9988 18.9559 19.9869 21.7493 15.7325
internal_count=38929 25627 25502 125 13302 7223 2671 6079 3775 2304 2559 2012 453 2228 563 3322 2471 851 115 25387 251 25136 25097 4552 4431 4091 60 98 340 218 235 1665 547 121 191 52 48 112 76 80 87 63
is_linear=0
shrinkage=0.03


Tree=5
num_leaves=32
num_cat=0
split_feature=4 8 33 4 5 30 41 30 19 37 37 5 43 0 8 4 5 4 37 43 40 43 33 3 6 43 30 43 30 10 8
split_gain=15.7307 18.6643 14.2205 16.8427 13.2375 18.6488 14.3336 15.2882 14.2989 18.1083 15.3024 16.0554 12.2863 12.0173 11.7058 9.87162 9.86583 9.5341 9.53057 9.43493 8.31241 7.96619 10.9748 7.22882 5.87301 5.76871 4.60876 2.65243 2.51837 1.72481 0.014265
threshold=140.87113248888707 0.075999999999998499 0.0012402104782773943 141.04318987564031 142.88823620224028 0.0017252589382368217 0.00046928501631110373 0.0042989364730503651 -0.0011926756313204165 -0.005875994280663017 0.0059962355952421281 143.10970645344977 0.56085388399127944 65.46760666719031 0.02492857142856764 158.12940870618817 145.32845332792905 142.62497716248353 0.01350478007950358 1.7100580014805662 -0.012498035166589493 0.99500724599536583 0.0014925675180759237 142.67540000000005 0.025566185067432915 1.0693267339749368 0.001706470537281109 0.86607220332592394 0.0012847235073185101 0.0003015456728617789 0.068928571428574739
decision_type=2 2 2 2 2 2 2 2 2 2 2 2 2 2 2 2 2 2 2 2 2 2 2 2 2 2 2 2 2 2 2
left_child=1 28 3 25 5 17 23 -8 10 13 11 -6 14 -10 -5 19 -11 -4 -12 -14 -17 22 -3 -7 -23 27 -16 -2 -1 -19 -29
right_child=2 21 4 12 8 6 7 -9 9 16 18 -13 15 -15 26 20 -18 29 -20 -21 -22 24 -24 -25 -26 -27 -28 30 -30 -31 -32
leaf_value=0.025455176351728944 -0.014783473770196568 -0.042268439716835013 0.012649892891736656 0.014423147588871522 -0.024976415437603011 0.014537844979390232 0.001147095451804047 0.015736925754960846 0.0048820386743750411 0.00428862442041094 0.034298730666739954 -0.0017650145721345232 -0.0007947396398321529 0.035826720362304151 -0.038532697706729534 -0.040321839947511311 -0.0030045240112890727 -0.015519785696291196 0.00073719061189056261 0.011280969609289957 -0.0073155400354942383 -0.0032755692703537584 0.014688151498193596 0.041893096876547915 0.03579430518447814 0 -0.0051737904432277619 -0.054638956016443856 0.052984402786643722 -0.040109432576958565 -0.031969296697509607
leaf_weight=8.438875764608385 4.9988771229982403 6.4958674460649508 5.4965956062078503 6.2452157735824612 27.243824988603592 23.988086044788361 183.2005171328783 100.91489364206791 945.48801246285439 236.17419995367527 16.48863206803799 1151.2547079026699 6175.7592086642981 11.241449818015097 16.713412478566173 7.2496782541275016 564.12141360342503 6.2483583390712729 14.991847693920134 58.400845512747765 106.23768925666809 5.997544661164282 4.9969629347324371 15.490732148289679 6.7139187306165695 4.9988781213760367 5.7464664578437796 5.4987241774797422 9.4294057041406614 9.7479032874107343 4.9984918534755707
leaf_count=34 20 26 22 25 109 96 733 404 3783 945 66 4606 24704 45 67 29 2257 25 60 234 425 24 20 62 27 20 23 22 38 39 20
internal_value=0 0.0181235 -0.000194046 -0.001021 0.00140033 0.00696206 0.00878349 0.00637203 0.000749786 0.00248002 -0.00175526 -0.00231546 -0.000931587 0.00526616 -0.0204258 -0.000841052 -0.00084021 -0.0197917 0.0187569 -0.000679635 -0.00960386 0.000488983 -0.0169975 0.0257328 0.0170181 -0.0279912 -0.0305738 -0.0368801 0.0411132 -0.0315192 -0.045866
internal_weight=0 42.0726 9708.94 6396.85 3312.09 345.087 323.594 284.115 2967 1757.03 1209.98 1178.5 6376.35 956.729 28.7051 6347.65 800.296 21.4929 31.4805 6234.16 113.487 24.2043 11.4928 39.4788 12.7115 20.495 22.4599 15.4961 17.8683 15.9963 10.4972
internal_count=39010 169 38841 25589 13252 1381 1295 1137 11871 7030 4841 4715 25507 3828 115 25392 3202 86 126 24938 454 97 46 158 51 82 90 62 72 64 42
is_linear=0
shrinkage=0.03


Tree=6
num_leaves=40
num_cat=0
split_feature=33 42 26 4 4 8 43 29 24 4 34 34 3 43 42 41 4 3 4 43 30 3 42 42 5 43 16 43 18 3 13 34 17 1 33 4 16 30 30
split_gain=23.6883 18.2838 17.555 10.6073 10.3493 12.8936 12.7185 11.3209 10.1413 9.76968 12.5278 10.546 9.63864 34.482 23.5895 16.8302 17.3727 15.7729 12.5429 16.8258 10.2965 9.59316 14.5647 9.50427 9.435 9.37324 7.69528 7.58063 7.37738 6.61314 6.56198 6.18741 6.01103 5.71208 5.16079 5.11327 3.84811 2.56857 2.14946
threshold=0.0012402104782773943 0.040014285714287327 -0.00026886403360434566 148.62546437512654 140.87113248888707 0.066857142857138299 0.56085388399127944 -0.00028097019295318524 -8.7074988244575717 158.12940870618817 0.00010017952978990688 0.0011096844992575863 147.75867500000004 1.7100580014805662 0.20630892857142732 0.0013584911259425685 148.11024656209574 149.69242500000001 147.86271204191345 1.872472942009461 0.0033494926041074615 157.90830000000003 0.054467857142858137 0.05032857142857123 144.90641288123808 0.99500724599536583 -0.00037360259995089512 1.0643782727161248 -0.0011685394570930539 144.80037500000003 0.0019999999999953393 0.002006900565488906 6.7985818253957228e-06 152.80281325178868 0.00036897545032364324 143.8504269299535 4.1721426845220406e-05 0.001175368131663008 0.0058818969961902884
decision_type=2 2 2 2 2 2 2 2 2 2 2 2 2 2 2 2 2 2 2 2 2 2 2 2 2 2 2 2 2 2 2 2 2 2 2 2 2 2 2
left_child=4 2 3 27 5 -1 7 -6 30 21 -11 -12 14 15 18 16 -14 31 19 -3 -20 23 -23 -8 35 -7 -17 -2 -10 -29 -4 -15 -30 -19 -27 -16 37 -9 -26
right_child=1 12 8 -5 6 25 9 36 28 10 11 -13 13 17 24 26 -18 33 20 -21 -22 22 -24 -25 38 34 -28 29 32 -31 -32 -33 -34 -35 -36 -37 -38 -39 -40
leaf_value=0.043099460365215697 0.014451985251821389 0.0018168020746086341 0.021616704103453545 0.021880550737500542 0.015444779581404397 -0.023061600954050489 0.00085346516618344968 -0.018343715672469417 0.055841390263640038 0.023868781454835234 -0.019413371879804443 0.00045892220813517843 -0.014175269201185305 0.018139836324275301 0.023286569200428011 -0.0031091043853451678 0.0018320548878389795 -0.050268519611155561 0.032798695459953064 0.030976176540095508 0.006521332426680731 0.003172575401793022 0.043301073562900361 -0.0017191808026986834 0.025765128020450754 -0.0013349392630907886 -0.049073485689847124 0 0.016345692355017 -0.039392372738266478 -0.02014939870383415 -0.022420995943414183 0.04109718983371901 -0.023422702871987951 0.0382749768386682 -0.0059398696634633662 -0.01341466379297466 -0.050570743910454151 0.050554476037452674
leaf_weight=10.358048379421236 4.9988792836666169 1732.9282983243465 5.9984210580587369 9.2474950700998289 5.7452509999275234 7.7280282676219967 1826.5967796295881 4.9843864589929607 7.9973639547824851 8.7494064122438413 69.738476693630219 35.24381385743618 63.728898718953133 8.2480245828628522 11.964655980467798 5.9980795681476584 1265.9477663636208 15.248628064990042 21.242876186966896 17.742213979363441 39.238263145089149 35.748689129948616 10.499580875039099 4387.305615991354 8.9802377820014971 4.9629541337490064 8.4951286911964399 5.2470889240503302 34.979553580284119 10.747500985860823 6.9978581368923187 5.2496686428785315 13.240382507443426 18.742184311151505 5.7231906950473785 8.7320503294467908 9.728413447737692 8.9603355228900892 10.985920011997221
leaf_count=42 20 6934 24 37 23 31 7307 20 32 35 279 141 255 33 48 24 5065 61 85 71 157 143 42 17550 36 20 34 21 140 43 28 21 53 75 23 35 39 36 44
internal_value=0 0.00208388 0.0147465 -0.00404533 -0.00102916 0.0168108 -0.00111151 -0.0207076 0.0230686 -0.00101868 -0.00972864 -0.0126742 0.00169151 -0.000188925 0.00310934 0.000694712 0.00105506 -0.0252361 0.00259418 0.00212272 0.0160152 -0.000858547 0.0126965 -0.00096149 0.0256479 0.00108862 -0.0311081 -0.0160356 0.0285661 -0.026207 -0.000142623 0.0015677 0.0235396 -0.0360629 0.0195257 0.0106185 -0.0299404 -0.0403123 0.0403954
internal_weight=0 3342.93 99.4545 30.241 6432.07 28.7722 6403.3 29.4184 69.2136 6373.88 113.732 104.982 3243.47 1391.66 1851.81 1344.17 1329.68 47.4885 1811.15 1750.67 60.4811 6260.15 46.2483 6213.9 40.6629 18.4142 14.4932 20.9935 56.2173 15.9946 12.9963 13.4977 48.2199 33.9908 10.6861 20.6967 23.6731 13.9447 19.9662
internal_count=39107 13376 398 121 25731 116 25615 118 277 25497 455 420 12978 5568 7410 5378 5320 190 7247 7005 242 25042 185 24857 163 74 58 84 225 64 52 54 193 136 43 83 95 56 80
is_linear=0
shrinkage=0.03


Tree=7
num_leaves=43
num_cat=0
split_feature=33 4 42 42 7 1 42 8 34 3 4 33 18 3 14 33 4 4 38 8 30 34 40 30 42 0 18 4 17 40 33 7 40 33 0 13 17 42 6 37 7 18
split_gain=16.6259 13.6717 15.5153 13.3973 17.3886 15.6741 30.817 23.4979 18.3943 19.1468 14.9824 12.955 12.8853 12.3014 11.174 11.052 10.5727 9.50083 9.34327 10.3835 15.5308 12.9989 9.80089 8.93242 22.7812 11.7334 12.8696 10.8004 10.7231 9.25431 8.15593 7.86584 10.0925 5.87825 5.73047 5.27935 7.20627 4.24298 4.15825 4.04809 1.60667 0.445711
threshold=0.0012402104782773943 140.87113248888707 0.086596428571428033 0.041250000000001626 -0.038450969373608708 147.75410692545594 0.20630892857142732 0.14328571428571332 0.0016933995399376659 155.67082500000004 148.11024656209574 0.0044371329797324157 -0.0034324556634919841 147.80547500000003 0.049499999999994777 0.0021974260226571853 142.38922512675904 147.86271204191345 -0.002778250864205798 0.06657142857142874 0.002877043123224279 0.00018806178225905959 0.0088675168448743881 0.00067979986868979363 0.030492857142857439 41.044754678112916 0.00029836951159412101 158.12940870618817 0.00068321856346564857 -0.0050498662497265962 0.0013058162635735842 -0.015183869279642147 0.00691022899554354 0.001276143610180255 65.182491571378122 0.0019999999999953393 7.6202220030130454e-05 0.037042857142856843 0.091226584463413488 -0.0079024537457962254 0.0063384405261765683 -3.8030405446975994e-05
decision_type=2 2 2 2 2 2 2 2 2 2 2 2 2 2 2 2 2 2 2 2 2 2 2 2 2 2 2 2 2 2 2 2 2 2 2 2 2 2 2 2 2 2
left_child=1 2 31 4 37 6 14 10 11 -10 13 -9 -12 -7 17 -16 18 -5 22 21 -21 -20 -3 25 28 29 -27 -26 -25 -18 33 32 -1 -6 38 40 -37 -2 -8 -39 -32 -24
right_child=3 16 -4 5 30 7 34 8 9 -11 12 -13 -14 -15 15 -17 23 -19 19 20 -22 -23 41 24 27 26 -28 -29 -30 -31 35 -33 -34 -35 -36 36 -38 39 -40 -41 -42 -43
leaf_value=0.036259714054032506 -0.034636962804487095 0.003835599526465258 -0.016618107897420287 0.0027950297118710015 0.011662645578758424 0.021459098833625231 0.02488052155859587 0.0086269315720869186 -0.031533104301512974 0.0040827052074493761 -0.032956682356767214 -0.015374935258827348 0.0011437139748612748 -0.023345191750726184 -0.013046244208789283 0.0012492635884435786 0 0.014632853624875354 0.0098886375823133647 0.019879767103476598 -0.018894772577882853 -0.021919103392486882 -0.055127858573009073 -0.015792562266627289 -0.00078037992384339804 -0.00097262888249999779 0.01897629049523961 -0.010960662679952935 0.024748178693482715 0.027146193280111572 0.036257625586489067 0.048399226873539737 -0.016410824805803116 -0.026966267374136283 0.0041225697907200645 0.009354927717635398 0.037783247377572104 0.014940829269287217 0.049522664061922426 -0.021874269034101928 0.013979268402339489 -0.032168626653149603
leaf_weight=6.9386589825153386 6.4972661137580898 4.9980274140834835 7.9758018106222144 1540.4392532855272 7.9916979074478132 5.994734898209571 22.163363382220268 43.990598455071449 56.224564075469971 17.234926000237465 9.7461408376693708 36.741040199995041 1159.4374362677336 37.989186078310013 77.726709306240082 126.69003719091415 18.247093379497528 63.714878782629967 14.747886851429937 24.998163834214211 14.246560618281363 46.241778939962387 5.4982221424579629 120.47321742773056 5754.1163378208876 239.23506614565849 32.749012768268585 95.217748120427132 5.7432730346918097 31.246225342154503 19.977138459682468 11.541083201766014 5.4651454985141754 5.7464975416660309 7.982672467827796 46.465189531445503 9.9827254712581617 4.9985688924789438 11.458915472030638 4.998371854424474 5.7423374503850928 7.2471283078193638
leaf_count=28 26 20 32 6164 32 24 89 176 225 69 39 147 4639 152 311 507 73 255 59 100 57 185 22 482 23018 957 131 381 23 125 80 47 22 23 32 186 40 20 46 20 23 29
internal_value=0 -0.00102839 0.0184488 0.00158177 0.0117582 0.00122241 0.00302365 -0.0012084 -0.0122286 -0.0230724 0.000187505 -0.00220175 0.000843381 -0.0169314 0.00242849 -0.0041536 -0.00112757 0.00327347 -0.0100221 -0.00630912 0.00553974 -0.0140701 -0.0300444 -0.000959024 -0.00122231 0.00390344 0.00141458 -0.000948191 -0.0138224 0.0173089 0.0166967 0.0305615 0.012505 -0.00408516 0.0284782 0.0202828 0.0147142 -0.0162062 0.0339079 -0.00269332 0.031848 -0.0438029
internal_weight=0 6446.93 31.9207 3329.93 112.4 3217.53 1850.18 1367.36 154.191 73.4595 1213.17 80.7316 1169.18 43.9839 1808.57 204.417 6415.01 1604.15 117.978 100.234 39.2447 60.9897 17.7434 6297.03 5975.55 321.477 271.984 5849.33 126.216 49.4933 95.9056 23.9449 12.4038 13.7382 41.605 82.1674 56.4479 16.4942 33.6223 9.99694 25.7195 12.7454
internal_count=39116 25791 129 13325 450 12875 7404 5471 617 294 4854 323 4678 176 7237 818 25662 6419 472 401 157 244 71 25190 23904 1286 1088 23399 505 198 384 97 50 55 167 329 226 66 135 40 103 51
is_linear=0
shrinkage=0.03


end of trees

feature_importances:
bb_upper=25
atr_ratio=23
atr_ma=22
atr=17
bb_width=17
price_bb_upper_dist=15
ema_fast=13
macd_strength=12
price_bb_lower_dist=11
bb_middle=10
bb_lower=10
macd_signal=10
atr_normalized=10
rsi=9
return_6=8
ema_slow=7
range_pct=7
price_ema_slow_dist=7
macd_hist=7
upper_shadow=6
return_3=6
return_1=5
rsi_divergence=5
macd=4
return_12=4
log_return=4
ema_cross_pct=4
macd_hist_change=4
body_pct=3
lower_shadow=3
ema_cross=3
price_ema_fast_dist=3
range=2
body=1
rsi_normalized=1
bb_position_normalized=1
signal_convergence=1

parameters:
[boosting: gbdt]
[objective: binary]
[metric: binary_logloss]
[tree_learner: serial]
[device_type: cpu]
[data: ]
[valid: ]
[num_iterations: 500]
[learning_rate: 0.03]
[num_leaves: 50]
[num_threads: 8]
[deterministic: 0]
[force_col_wise: 0]
[force_row_wise: 0]
[histogram_pool_size: -1]
[max_depth: 6]
[min_data_in_leaf: 20]
[min_sum_hessian_in_leaf: 0.001]
[bagging_fraction: 0.8]
[pos_bagging_fraction: 1]
[neg_bagging_fraction: 1]
[bagging_freq: 1]
[bagging_seed: 400]
[feature_fraction: 0.8]
[feature_fraction_bynode: 1]
[feature_fraction_seed: 30056]
[extra_trees: 0]
[extra_seed: 12879]
[early_stopping_round: 0]
[first_metric_only: 0]
[max_delta_step: 0]
[lambda_l1: 0.3]
[lambda_l2: 0.3]
[linear_lambda: 0]
[min_gain_to_split: 0]
[drop_rate: 0.1]
[max_drop: 50]
[skip_drop: 0.5]
[xgboost_dart_mode: 0]
[uniform_drop: 0]
[drop_seed: 17869]
[top_rate: 0.2]
[other_rate: 0.1]
[min_data_per_group: 100]
[max_cat_threshold: 32]
[cat_l2: 10]
[cat_smooth: 10]
[max_cat_to_onehot: 4]
[top_k: 20]
[monotone_constraints: ]
[monotone_constraints_method: basic]
[monotone_penalty: 0]
[feature_contri: ]
[forcedsplits_filename: ]
[refit_decay_rate: 0.9]
[cegb_tradeoff: 1]
[cegb_penalty_split: 0]
[cegb_penalty_feature_lazy: ]
[cegb_penalty_feature_coupled: ]
[path_smooth: 0]
[interaction_constraints: ]
[verbosity: 1]
[saved_feature_importance_type: 0]
[linear_tree: 0]
[max_bin: 255]
[max_bin_by_feature: ]
[min_data_in_bin: 3]
[bin_construct_sample_cnt: 200000]
[data_random_seed: 175]
[is_enable_sparse: 1]
[enable_bundle: 1]
[use_missing: 1]
[zero_as_missing: 0]
[feature_pre_filter: 1]
[pre_partition: 0]
[two_round: 0]
[header: 0]
[label_column: ]
[weight_column: ]
[group_column: ]
[ignore_column: ]
[categorical_feature: ]
[forcedbins_filename: ]
[precise_float_parser: 0]
[parser_config_file: ]
[objective_seed: 16083]
[num_class: 1]
[is_unbalance: 0]
[scale_pos_weight: 1]
[sigmoid: 1]
[boost_from_average: 1]
[reg_sqrt: 0]
[alpha: 0.9]
[fair_c: 1]
[poisson_max_delta_step: 0.7]
[tweedie_variance_power: 1.5]
[lambdarank_truncation_level: 30]
[lambdarank_norm: 1]
[label_gain: ]
[lambdarank_position_bias_regularization: 0]
[eval_at: ]
[multi_error_top_k: 1]
[auc_mu_weights: ]
[num_machines: 1]
[local_listen_port: 12400]
[time_out: 120]
[machine_list_filename: ]
[machines: ]
[gpu_platform_id: -1]
[gpu_device_id: -1]
[gpu_use_dp: 0]
[num_gpu: 1]

end of parameters

pandas_categorical:[]
