tree
version=v4
num_class=1
num_tree_per_iteration=1
label_index=0
max_feature_idx=30
objective=binary sigmoid:1
feature_names=rsi ema_fast ema_slow macd macd_signal range range_pct body body_pct upper_shadow lower_shadow is_bullish return_1 return_3 return_6 return_12 log_return rsi_normalized rsi_overbought rsi_oversold rsi_divergence ema_cross ema_cross_pct ema_cross_signal price_ema_fast_dist price_ema_slow_dist macd_hist macd_hist_change macd_cross_signal macd_strength signal_convergence
feature_infos=[0:99.755467076367083] [140.01794868368825:158.46374932756453] [140.09390840731587:158.4287960737224] [-0.57514457178655221:0.76835340664820251] [-0.5188763570912186:0.66684005555902648] [0:1.4489999999999839] [0:0.0098924731182794597] [0:1.2740000000000009] [0:0.0087871159085422691] [0:0.45400000000000773] [0:0.6290000000000191] [0:1] [-0.010440345742870893:0.0086544548876104077] [-0.010346048081897208:0.011121306408549358] [-0.012740376631571793:0.01214236927980572] [-0.015822511541399464:0.020290175029493485] [-0.010495228483220405:0.0086172197717689965] [-1:0.99510934152734165] [0:1] [0:1] [-56.904350987366826:51.361182180793548] [-0.57514457178655221:0.76835340664820251] [-0.003883435549732969:0.0051884219504909346] [0:1] [-0.0088498120556881627:0.0085436527782316064] [-0.0096167762950344661:0.012337377364785844] [-0.20097651515128728:0.19509250025932751] [-0.09700790187045677:0.083341641193037941] [0:1] [-0.19455333720912688:0.17538495785784011] [0:3]
tree_sizes=1867 1776 1776 1652 1889 1422 1771 1882 1875 1884 1877 1550 1432 1764 1332 1780 1887 1459 1789 1531 1418 1896 1447 1658 1566 1500 1858 1678

Tree=0
num_leaves=16
num_cat=0
split_feature=0 22 22 1 26 2 25 10 22 24 25 1 9 26 10
split_gain=22.882 15.767 11.9813 11.1004 9.96647 9.61563 9.48475 16.4591 11.2021 9.1018 17.7157 8.72518 7.0541 5.16234 3.30351
threshold=46.483334929647519 -0.00038567104086896351 -0.00061663937853341977 140.85636019043145 0.011844976445995498 147.51051110458016 -0.00037675173883739902 1.0000000180025095e-35 7.2690345531559972e-05 -0.00078492240738433836 -0.00059258122064336221 157.27815652441691 0.0090000000000003428 0.00028017585831356667 0.010500000000007505
decision_type=2 2 2 2 2 2 2 2 2 2 2 2 2 2 2
left_child=1 2 11 4 13 -4 7 -3 -8 12 -11 -1 -5 -2 -6
right_child=3 6 5 9 14 -7 8 -9 -10 10 -12 -13 -14 -15 -16
leaf_value=0.0094793206720246905 0.018678743951750801 0.023331964804060384 0.007583056744274938 0.002934652185257321 0.049459886621022839 0.00023920688762252632 0.0077587748222948776 0.011759116040973228 0.013638178303241988 -0.0050424300090992948 0.0068569421653257587 0.035556973891628214 0.036628544385680979 -0.013609153660939599 0.025163367810297092
leaf_weight=582.99047863483429 10.499828517436983 121.49801570177078 339.99444723129272 8.249865263700487 8.9998530149459857 305.24501475691795 1089.9821984767914 1234.7298344671726 397.49350816011429 114.74812594056129 5452.1609556376934 11.499812185764311 15.74974277615547 7.2498815953731528 14.249767273664473
leaf_count=2332 42 486 1360 33 36 1221 4360 4939 1590 459 21809 46 63 29 57
internal_value=0.00808093 0.00975515 0.00693375 0.00680571 0.0222957 0.00410221 0.0109862 0.0128012 0.0093287 0.00669082 0.00661043 0.0100024 0.0250023 0.00551563 0.0351032
internal_weight=0 4083.43 1239.73 5631.91 40.9993 645.239 2843.7 1356.23 1487.48 5590.91 5566.91 594.49 23.9996 17.7497 23.2496
internal_count=38862 16334 4959 22528 164 2581 11375 5425 5950 22364 22268 2378 96 71 93
is_linear=0
shrinkage=1


Tree=1
num_leaves=15
num_cat=0
split_feature=3 5 20 12 29 3 29 14 25 10 17 20 14 9
split_gain=10.6266 15.3558 9.53485 9.07429 8.67467 7.84704 9.24281 8.35049 10.779 7.85419 7.79916 7.65506 6.57333 6.41033
threshold=0.02786346812665386 0.029000000000010576 0.87525256576751087 -7.2960021225532121e-05 -0.025656825283034656 0.010368024011896184 0.039472619703892362 8.5545736576708733e-05 0.00026093018380151284 0.10700000000001354 -0.076992514157185901 -1.326224781039169 0.0016055768698701736 0.010000000000005118
decision_type=2 2 2 2 2 2 2 2 2 2 2 2 2 2
left_child=5 2 11 12 -5 7 10 8 -1 -9 -7 -2 -3 -4
right_child=1 3 13 4 -6 6 -8 9 -10 -11 -12 -13 -14 -15
leaf_value=0.00079402129729133717 -0.0094720290671120554 -0.0038719739448922577 -0.0061666778744819805 0.013081334681894609 -2.8531552516615567e-05 0.007067674227081073 0.036378498256607383 -0.0016513869328691547 0.023574084461668962 0.023417317193439587 0.0012704359648177733 -0.025451612172079714 0.0073786990122766188 0.01616618681797866
leaf_weight=3726.6562802642584 86.998541861772537 935.73195832967758 39.499484062194824 46.498559445142746 1533.7278521358967 264.48809958994389 6.9999178051948538 1952.7196521162987 18.49978195130825 10.999831855297087 999.73609657585621 39.999452129006386 48.749418884515762 15.999777376651762
leaf_count=14907 348 3743 158 186 6135 1058 28 7811 74 44 3999 160 195 64
internal_value=0 -0.0016493 -0.0100522 -0.0010491 0.000357741 0.000553173 0.00268456 7.79256e-05 0.000909227 -0.00150588 0.00248704 -0.0145767 -0.00330974 0.000270159
internal_weight=0 2747.21 182.497 2564.71 1580.23 6980.1 1271.22 5708.88 3745.16 1963.72 1264.22 126.998 984.481 55.4993
internal_count=38910 10989 730 10259 6321 27921 5085 22836 14981 7855 5057 508 3938 222
is_linear=0
shrinkage=0.03


Tree=2
num_leaves=15
num_cat=0
split_feature=0 22 22 1 22 26 14 15 9 14 2 20 12 26
split_gain=13.3708 15.0404 14.8924 13.9921 13.6645 12.0818 11.4062 9.53927 9.48838 9.23345 9.03087 6.86477 6.33386 4.00518
threshold=47.042241926210053 -0.00039427570272386546 -0.000427572280842133 140.85636019043145 0.00097078784660085233 0.011844976445995498 -0.00038227797189432916 -0.0011408467134674802 0.04000000000000626 -0.0020853163235344248 157.80314511368513 -9.2612077140136986 -3.3383185580881929e-05 0.028474501616877739
decision_type=2 2 2 2 2 2 2 2 2 2 2 2 2 2
left_child=1 2 11 5 8 12 9 -4 -3 -5 -8 -1 -2 -7
right_child=3 4 7 6 -6 13 10 -9 -10 -11 -12 -13 -14 -15
leaf_value=-0.011024041694951647 -0.024200124414676234 0.0019549565487166892 -0.019665164757202102 0.019005497881564869 0.04670459075581488 0.037638456336679955 -0.00024896048293632846 -0.0030718484006643327 0.0082726732002398988 -0.0051230254674396129 -0.0087668819036298973 0.00024088284626046452 0.014049528627947578 0.0081000753221626125
leaf_weight=50.749169200658798 6.9995770454406738 2777.3917434364557 60.999462097883224 14.248555034399031 5.9995562583208075 17.4946982562542 4698.6875843852758 64.749495506286621 231.98959563672543 665.4891203045845 114.49838535487652 1045.7280096560717 7.9994592219591123 5.9981079250574103
leaf_count=203 28 11110 244 57 24 70 18795 259 928 2662 458 4183 32 24
internal_value=0 0.00139929 -0.00140617 -0.000840048 0.00253745 0.0171101 -0.000967308 -0.0111725 0.00244375 -0.00460467 -0.000452746 -0.000280639 -0.00372881 0.0304201
internal_weight=0 4237.61 1222.23 5531.42 3015.38 38.4918 5492.92 125.749 3009.38 679.738 4813.19 1096.48 14.999 23.4928
internal_count=39077 16951 4889 22126 12062 154 21972 503 12038 2719 19253 4386 60 94
is_linear=0
shrinkage=0.03


Tree=3
num_leaves=14
num_cat=0
split_feature=25 8 12 9 1 26 2 10 4 5 9 10 25
split_gain=12.7358 18.4609 14.9928 8.49266 7.66677 13.5096 7.82988 7.00042 6.8771 15.3587 6.4759 5.99443 4.69418
threshold=-0.00031917517012375812 0.00035673712444161325 -0.0005833312591400629 0.0035000000000025015 140.85636019043145 0.01161548422673349 140.8433748353992 0.0040000000000048894 -0.16409875110656644 0.10349999999999683 0.019499999999993637 1.0000000180025095e-35 0.00098286391113919518
decision_type=2 2 2 2 2 2 2 2 2 2 2 2 2
left_child=1 2 -1 -4 5 10 -6 -8 9 -3 -2 -10 -7
right_child=4 8 3 -5 6 12 7 -9 11 -11 -12 -13 -14
leaf_value=0.04752987539036975 -0.016726821382475079 -0.036910245410870915 0.0065458580887677274 0.0019118920772305181 -0.035777727387410717 0.040498077437358497 -0.0024032940563309371 -0.00025692801452658178 0.0049598473910307632 0.013615948710030603 0.012766363569029363 -0.0033715030075985855 0.009601438785590723
leaf_weight=6.4992254674434653 13.998643010854723 5.7498759627342215 450.22934702038765 1716.1719451099634 5.4999598115682593 12.735790044069292 1942.2123994678259 4634.4050963073969 85.241905048489571 50.248451426625252 12.248507082462309 827.46481700241566 7.4939993023872367
leaf_count=26 56 23 1801 6865 22 51 7769 18538 341 201 49 3310 30
internal_value=0 0.00148267 0.00301858 0.0028771 -0.000836178 0.0112617 -0.000922567 -0.000891332 -0.0019593 0.00820562 -0.00286178 -0.00258874 0.0295063
internal_weight=0 3141.61 2172.9 2166.4 6628.59 46.4769 6582.12 6576.62 968.705 55.9983 26.2472 912.707 20.2298
internal_count=39082 12567 8692 8666 26515 186 26329 26307 3875 224 105 3651 81
is_linear=0
shrinkage=0.03


Tree=4
num_leaves=16
num_cat=0
split_feature=0 22 4 26 25 5 3 27 25 29 2 25 5 4 2
split_gain=15.6005 11.473 13.582 11.3729 11.2101 11.8076 10.2709 10.0824 12.7882 10.8558 11.7605 9.65808 8.89686 7.48187 4.68573
threshold=46.681654355928387 -0.00038567104086896351 -0.091845347314530243 0.014527134404239731 -0.00040341973411964118 0.0064999999999884048 0.091226584463413488 -0.0026708607361743621 -0.00097197051295297551 0.0023680556948967222 158.30318343848947 1.0000000180025095e-35 0.16400000000000151 -0.10156076083810205 146.94591895845102
decision_type=2 2 2 2 2 2 2 2 2 2 2 2 2 2 2
left_child=1 2 13 -4 5 -3 -6 8 14 11 -11 -9 -10 -1 -2
right_child=7 4 3 -5 6 -7 -8 9 12 10 -12 -13 -14 -15 -16
leaf_value=0.0012199756001810844 0.0049371099894630005 0.035509178003848056 -0.0029106547313878794 -0.035885673260653235 0.00059365330569261399 0.0043122075898805812 0.026145051809413424 0.0025099792073035106 -0.0042352788147002138 0.0010633024372161425 -0.033667189435058822 -0.0032827580383191532 0.0063650661444297858 0.010707529147605236 0.037448896310171433
leaf_weight=371.23079799115658 7.7487541288137463 10.747355356812475 780.98209841549397 9.2499211579561216 1580.1779369115829 1290.1349930912256 13.994617983698843 320.74558682739735 1207.728551119566 2621.1804130971432 8.4999679476022703 1331.7329430282116 75.247465267777443 93.747163355350494 8.7488879859447461
leaf_count=1485 31 43 3124 37 6321 5161 56 1283 4831 10485 34 5327 301 375 35
internal_value=0 0.00147484 -0.000918731 -0.0033139 0.00251365 0.00458038 0.000824718 -0.000953726 -0.00326816 -0.000250503 0.000946074 -0.00215632 -0.00360988 0.00314494 0.022718
internal_weight=0 4150.26 1255.21 790.232 2895.05 1300.88 1594.17 5581.63 1299.47 4282.16 2629.68 1652.48 1282.98 464.978 16.4976
internal_count=38929 16602 5021 3161 11581 5204 6377 22327 5198 17129 10519 6610 5132 1860 66
is_linear=0
shrinkage=0.03


Tree=5
num_leaves=12
num_cat=0
split_feature=2 5 0 22 29 1 1 20 5 20 24
split_gain=8.64549 10.324 8.52548 11.7549 9.22569 12.8157 8.96289 7.46171 5.26947 5.47669 3.85397
threshold=140.70048889900224 0.057500000000004554 46.483334929647519 0.00097078784660085233 -0.020363928970213243 147.80258919761667 158.13601802022248 13.1622464220009 0.085999999999998536 2.4006813236810527 -0.00015175841292661653
decision_type=2 2 2 2 2 2 2 2 2 2 2
left_child=1 -1 3 7 5 -4 -6 -2 10 -10 -3
right_child=2 8 4 -5 6 -7 -8 -9 9 -11 -12
leaf_value=0.042569574439777019 0.00094890386632061341 -0.028411095445682245 0.020742923759909566 0.043595243397105521 -0.00095665169523590236 -0.0039866988281012598 -0.013440683256241592 -0.010645100584172848 0.031908552458444185 -0.00084866905495663422 0.0036750777717141142
leaf_weight=8.490238353610037 4050.6890251934528 4.9988107979297629 40.997968599200249 5.4891164600849143 5478.4062457978725 34.248630985617638 51.996503069996834 50.24747009575367 9.2446545660495776 8.4922498762607557 8.7420991212129611
leaf_count=34 16204 20 164 22 21914 137 208 201 37 34 35
internal_value=0 0.0137572 -0.000171628 0.000866455 -0.000932618 0.00947634 -0.00107529 0.000805346 0.00556299 0.0163051 -0.00814154
internal_weight=0 39.9681 9712.07 4106.43 5605.65 75.2466 5530.4 4100.94 31.4778 17.7369 13.7409
internal_count=39010 160 38850 16427 22423 301 22122 16405 126 71 55
is_linear=0
shrinkage=0.03


Tree=6
num_leaves=15
num_cat=0
split_feature=0 15 14 10 1 1 4 21 25 6 4 8 29 26
split_gain=14.3314 12.5083 13.2086 10.4468 11.4106 11.2481 12.4724 10.0514 9.60077 9.52099 8.94832 8.62223 7.12938 6.01681
threshold=47.941865219391111 -0.0016242077660755248 -0.00054668219240250327 0.03599999999998716 140.85636019043145 150.03946218118384 -0.011931947764428567 0.022581530730903413 0.001880055160590042 0.00018459041194962005 0.1459173778298081 6.9230023689287053e-06 0.0077703764866550694 0.017959829070210893
decision_type=2 2 2 2 2 2 2 2 2 2 2 2 2 2
left_child=1 10 9 4 13 6 -5 -6 -7 -3 11 -1 -4 -2
right_child=3 2 12 5 7 8 -8 -9 -10 -11 -12 -13 -14 -15
leaf_value=0.021078330918756747 0.0043230162117411739 0.016267141476481391 0.0011223003801686471 -0.010146497218288511 0.00068928697760641433 -0.009248594284716154 0.00052842141284304453 -0.0021015812180032547 -0.035997654042460518 0.0039510160396464674 0.036713211039331228 -0.0028209600052805017 -0.005566940602407886 0.030694860991138113
leaf_weight=13.498173370957373 16.48428297042847 59.486522883176804 2308.3401390314102 134.99383610486984 2273.9697292894125 151.24741612374783 360.48985828459263 2370.9684101939201 12.99982053041458 1103.1287269592285 4.9876919984817496 797.93980674445629 152.49009332060814 15.207123532891272
leaf_count=54 66 238 9234 540 9096 605 1442 9484 52 4413 20 3192 610 61
internal_value=0 0.00119631 0.00195257 -0.00111057 -0.000611136 -0.00464444 -0.00237827 -0.000734685 -0.0114457 0.0045878 -0.00215596 -0.00241206 0.000705942 0.0172405
internal_weight=0 4439.87 3623.45 5336.36 4676.63 659.731 495.484 4644.94 164.247 1162.62 816.426 811.438 2460.83 31.6914
internal_count=39107 17761 14495 21346 18707 2639 1982 18580 657 4651 3266 3246 9844 127
is_linear=0
shrinkage=0.03


Tree=7
num_leaves=16
num_cat=0
split_feature=26 25 22 2 29 22 22 3 2 12 6 20 24 8 12
split_gain=10.8942 14.2854 14.2153 13.2546 12.4785 9.4713 8.91789 8.34838 14.6438 11.5334 7.31618 6.99202 6.36472 6.1406 4.03661
threshold=-0.049981031580679909 -0.00031917517012375812 -0.00039427570272386546 147.59968400539739 -0.0059683317675558699 -0.00054002032094382718 -0.0010263947331861625 0.21047457861661203 145.19475226967657 -0.00085798915956203359 0.0010858493155486706 1.4014723601733901 -0.002312638253023129 0.00065526372724017932 -0.00039184425062527278
decision_type=2 2 2 2 2 2 2 2 2 2 2 2 2 2 2
left_child=3 2 5 11 -4 -2 12 9 -9 -3 -8 14 -5 -13 -1
right_child=1 7 4 6 -6 -7 10 8 -10 -11 -12 13 -14 -15 -16
leaf_value=-0.002345612296461675 0.001310287303579947 0.017063205514875394 0.0056126110912271881 -0.019634954807361878 0.00060136436060859719 -0.0041270685066586189 -0.038936155168781419 -0.05038490298732879 -0.0038045989173818044 -0.00076834212375320005 -0.0073045319028482263 -0.028334150967699777 0.012063678195446632 0.0082893312738479309 0.015348205595493667
leaf_weight=22.743831560015678 750.20456647872925 32.496263176202774 1018.8310601562262 11.99918879568577 799.6421832293272 467.48411220312119 22.99607552587986 7.9996747821569469 23.499082252383232 6560.2477575987577 9.749114125967024 11.495145067572595 10.249135524034498 5.9964444935321799 22.737022504210472
leaf_count=91 3001 130 4076 48 3199 1870 92 32 94 26242 39 46 41 24 91
internal_value=0 2.70148e-05 0.00173124 -0.00913351 0.00341111 -0.000775213 -0.0198522 -0.000753691 -0.0160926 -0.000679221 -0.0297612 0.000229372 -0.00493308 -0.0156822 0.00647705
internal_weight=0 9660.4 3036.16 117.966 1818.47 1217.69 54.9935 6624.24 31.4988 6592.74 32.7452 62.9724 22.2483 17.4916 45.4809
internal_count=39116 38644 12146 472 7275 4871 220 26498 126 26372 131 252 89 70 182
is_linear=0
shrinkage=0.03


Tree=8
num_leaves=16
num_cat=0
split_feature=3 20 22 0 24 13 24 0 0 0 14 2 9 3 25
split_gain=8.83927 12.1671 11.4446 13.7404 11.8259 7.58784 11.8011 7.46646 9.33181 6.91823 9.2345 6.81704 6.6614 5.93386 4.90654
threshold=0.02728704756179923 13.1622464220009 0.00022673338850977978 48.842333815784642 9.2264329527480074e-05 0.00011988519289396483 0.00031407638393224179 67.586174268741317 80.272601607462661 37.743424023056313 -0.00041846506549303436 145.41711390666237 0.041000000000011035 0.040768710129825088 -0.00013792093939906717
decision_type=2 2 2 2 2 2 2 2 2 2 2 2 2 2 2
left_child=1 7 9 13 -5 14 -7 12 -9 10 -2 -11 -1 -4 -3
right_child=2 5 3 4 -6 6 -8 8 -10 11 -12 -13 -14 -15 -16
leaf_value=0.00017823782746853996 -0.0019302230341158879 0.014075302585688159 0.014742119956341738 -0.0058160091085244538 -0.00032374421170760641 -0.018793089265446785 -0.0021969201187895106 0.0066481209474396142 -0.010153964298738563 -0.012300422621365702 -0.04531416969013493 -0.0029487332690028038 0.0034326370325976152 0.0034695633010523603 -0.0046578774690661856
leaf_weight=5750.03085757792 8.7488274872303027 21.749287232756615 56.995158776640892 442.73525807261467 1740.1901739239693 72.248766958713531 83.497407898306847 310.74027445912361 32.498055309057236 94.993275120854378 8.9992263466119748 272.49304558336735 627.92975518107414 163.19457019865513 28.749684125185013
leaf_count=23002 35 87 228 1771 6961 289 334 1243 130 380 36 1090 2512 653 115
internal_value=0 0.000511096 -0.00148913 -0.000717838 -0.00143969 -0.00665942 -0.00993624 0.000731863 0.00504108 -0.0062884 -0.024482 -0.00538231 0.00049926 0.00641711 0.00338669
internal_weight=0 6927.44 2788.35 2403.12 2182.93 206.245 155.746 6721.2 343.238 385.234 17.7481 367.486 6377.96 220.19 50.499
internal_count=38866 27712 11154 9613 8732 825 623 26887 1373 1541 71 1470 25514 881 202
is_linear=0
shrinkage=0.03


Tree=9
num_leaves=16
num_cat=0
split_feature=21 10 6 14 1 26 29 12 1 27 12 25 4 9 1
split_gain=12.5466 13.7515 10.7484 9.40092 9.32317 7.77009 11.0123 9.70684 7.02377 6.41548 7.0285 5.76424 4.92871 4.58663 3.54701
threshold=0.02728704756179923 0.028000000000005801 0.00018459041194962005 -0.00015247758752912063 142.02489176562989 -0.010815108535742331 0.0016204290869142144 0.00028405128865716117 149.72551620043976 -0.017445912442027981 -0.0010244052672682134 8.4494042395798807e-05 0.046244874095839668 0.014499999999998183 149.41093073214077
decision_type=2 2 2 2 2 2 2 2 2 2 2 2 2 2 2
left_child=1 5 3 11 12 7 -7 -1 -6 14 -11 -2 -4 -5 -3
right_child=2 9 4 13 8 6 -8 -9 -10 10 -12 -13 -14 -15 -16
leaf_value=0.0043594833070565754 0.0018450494357618859 -0.0054560433933534443 0.028015968235297839 -0.0075947602156958048 -0.00050146669873142623 -0.00078706207194694801 0.0022901691586685305 -0.0028875640731211663 -0.004029893806097036 0.014018762823668188 -0.0020857850665218008 -0.029627232278828377 0.005325784356433938 0.010137988060252442 -0.041112822350099006
leaf_weight=1167.7976053804159 6.2485746443271628 4.9993942230939847 13.225731030106543 110.24150595068932 1874.3968227207661 2138.8610830754042 2047.3808494657278 193.23029589653015 697.47444860637188 24.497580125927925 1354.8827635496855 26.496696814894676 25.484383940696716 14.498800337314604 5.4992901235818863
leaf_count=4672 25 20 53 441 7498 8556 8190 773 2790 98 5420 106 102 58 22
internal_value=0 0.000689594 -0.00169924 -0.00930589 -0.0012382 0.0013585 0.00071727 0.00332798 -0.00145988 -0.00197768 -0.00179461 -0.0235686 0.0133109 -0.00549028 -0.0250344
internal_weight=0 6937.15 2768.07 157.486 2610.58 5547.27 4186.24 1361.03 2571.87 1389.88 1379.38 32.7453 38.7101 124.74 10.4987
internal_count=38824 27751 11073 630 10443 22191 16746 5445 10288 5560 5518 131 155 499 42
is_linear=0
shrinkage=0.03


Tree=10
num_leaves=16
num_cat=0
split_feature=3 6 15 26 2 4 4 20 25 15 3 17 25 20 27
split_gain=12.2506 12.109 12.9259 10.6962 11.0314 10.7154 10.2838 9.78222 9.70584 9.32761 7.91715 6.4465 6.40555 6.08748 5.47546
threshold=0.02728704756179923 0.00020002621067356796 -8.7092269322630575e-05 -0.057867885966471314 149.60841148889656 -0.11036381564166611 0.040727042306046159 0.82417013982678722 0.00041060208610508333 0.00059570615377924085 -0.035953316139881501 -0.36690695305602855 0.00016025530160056111 5.5027514839824443 0.0017400927039576844
decision_type=2 2 2 2 2 2 2 2 2 2 2 2 2 2 2
left_child=3 7 8 4 10 -6 9 14 -3 -5 -1 -8 -4 -9 -2
right_child=1 2 12 6 5 -7 11 13 -10 -11 -12 -13 -14 -15 -16
leaf_value=0.0034522435491043898 -0.014052839976483045 0.0015991849150573088 -0.0089469826051191016 0.00037027069816035648 0.0060874751089515493 -0.03876308570632047 -0.0048272376561048942 0.008421915178683622 0.013352093941393105 0.0035178810830868161 -0.035016519582510543 0.017961176461597655 -0.0014652749857858203 -0.011360666742527061 0.016939495925365745
leaf_weight=35.745882868766785 136.72170601785183 277.46219658851624 108.24225364625454 5834.9335667043924 6.2488069385290173 17.996025800704956 13.996183991432188 39.496361628174782 81.960956379771233 991.68223355710506 5.2491549700498572 49.737280085682869 2098.6468052715063 21.247812896966934 4.9991416782140723
leaf_count=143 547 1110 433 23342 25 72 56 158 328 3967 21 199 8395 85 20
internal_value=0 -0.00153355 -0.000974479 0.000825745 -0.0112331 -0.0271481 0.000940842 -0.00859327 0.0042965 0.000828089 -0.00161939 0.0129107 -0.00183476 0.00143116 -0.012905
internal_weight=0 2768.78 2566.31 6955.59 65.2399 24.2448 6890.35 202.465 359.423 6826.62 40.995 63.7335 2206.89 60.7442 141.721
internal_count=38901 11076 10266 27825 261 97 27564 810 1438 27309 164 255 8828 243 567
is_linear=0
shrinkage=0.03


Tree=11
num_leaves=13
num_cat=0
split_feature=17 22 25 5 17 27 25 1 22 22 2 4
split_gain=11.9519 14.1811 13.245 12.3715 12.4005 11.5172 19.6075 17.8838 9.99199 14.8084 10.7203 8.31194
threshold=-0.070226282119524711 0.00097078784660085233 -0.00047211971987233309 0.0064999999999884048 -0.38938081466823327 -0.0070251344392432387 -0.00091131473699461137 144.28226249732137 0.0014422482836148303 0.00076227244288192247 147.48691200114339 -0.16409875110656644
decision_type=2 2 2 2 2 2 2 2 2 2 2 2
left_child=1 3 5 4 -1 6 -2 -7 9 -4 -10 -5
right_child=2 -3 8 11 -6 7 -8 -9 10 -11 -12 -13
leaf_value=0.040410289228914771 0.033264590996201056 0.047296933984526529 -0.00088337215014118106 0.0097521271343686076 0.0042659960795286851 0.0056044720886406878 -0.0086232442828485783 -0.018003139698455364 -0.0093438501520817212 0.0060024679965379616 -0.05596405347182274 0.0008047936185329275
leaf_weight=13.988096550107 14.493232578039168 5.7119600772857657 5062.9661064296961 95.486128807067871 21.986823976039886 37.741544231772423 30.995581597089767 118.74420659244061 30.493274435400963 297.23723305761814 4.9987077414989463 3962.417716935277
leaf_count=56 58 23 20253 382 88 151 124 475 122 1189 20 15852
internal_value=0 0.00124201 -0.00088993 0.00117356 0.0186206 -0.00842788 0.00478766 -0.0122904 -0.000606757 -0.00050066 -0.0164077 0.00101678
internal_weight=0 4099.59 5597.67 4093.88 35.9749 201.975 45.4888 156.486 5395.7 5360.2 35.492 4057.9
internal_count=38793 16401 22392 16378 144 808 182 626 21584 21442 142 16234
is_linear=0
shrinkage=0.03


Tree=12
num_leaves=12
num_cat=0
split_feature=2 5 29 5 26 15 27 22 2 2 7
split_gain=9.64286 10.4252 8.77666 10.8758 7.73245 10.0201 12.013 9.11952 7.33149 6.93952 6.92108
threshold=140.70048889900224 0.05999999999998807 0.013793863810515979 0.079499999999995921 -0.057867885966471314 -0.00074614914078852113 -0.0026708607361743621 -0.00037752903281396014 149.50609086162791 143.69183518184676 0.076000000000007631
decision_type=2 2 2 2 2 2 2 2 2 2 2
left_child=1 -1 3 -3 8 7 -7 -6 9 -2 -10
right_child=4 2 -4 -5 5 6 -8 -9 10 -11 -12
leaf_value=0.04417912779435057 -0.026251476706557825 -0.031600093486134836 0.031511500391600659 0.011574147901904815 -0.00042533015060574003 -0.0028943451826424597 5.28405204189272e-05 0.0034596238093645908 -0.037505911955142135 0.0024263707999380903 -0.0060370757991911224
leaf_weight=8.2203480750322324 8.9934972226619703 7.7476419359445634 8.7211119681596738 14.736108198761938 978.67229147255421 1582.832262724638 5814.6365909725428 1219.8928738534451 13.240040838718416 40.703167080879211 12.492562159895895
leaf_count=33 36 31 35 59 3915 6332 23260 4881 53 163 50
internal_value=0 0.0146862 0.00647496 -0.00339172 -0.000124319 -4.86483e-05 -0.000577453 0.00172908 -0.00967315 -0.00282977 -0.0225894
internal_weight=0 39.4252 31.2049 22.4838 9671.46 9596.03 7397.47 2198.57 75.4293 49.6967 25.7326
internal_count=38848 158 125 90 38690 38388 29592 8796 302 199 103
is_linear=0
shrinkage=0.03


Tree=13
num_leaves=15
num_cat=0
split_feature=26 1 25 5 12 5 1 10 14 9 20 15 20 9
split_gain=9.29087 13.4131 11.8295 12.5677 14.8973 8.84579 12.8126 8.77044 8.54113 7.4171 6.56538 3.55447 2.17629 1.15137
threshold=-0.057867885966471314 149.27168567544916 -0.00031917517012375812 0.074500000000000469 -0.0004988427901553848 0.16400000000000151 147.69089719265915 0.035000000000010807 -0.00098964461010730954 0.024999999999991477 3.0629920155242023 -0.002622066422731439 -2.2274676471224661 0.04000000000000626
decision_type=2 2 2 2 2 2 2 2 2 2 2 2 2 2
left_child=1 10 3 4 -2 7 -7 -4 -5 12 11 -1 -3 -11
right_child=2 9 5 8 -6 6 -8 -9 -10 13 -12 -13 -14 -15
leaf_value=0.0077414078942406282 0.044166919010894548 0.0065152545732344693 -0.00054163868490959214 0.0022700724795609059 0.0031856590037059587 0.0097402548372642964 -0.0048184436232983673 -0.0042458816386330579 -0.0023881672751388523 -0.054501530064899897 -0.026814367951109523 -0.012339700754151035 -0.020498371561956871 -0.032436944346849572
leaf_weight=33.728898420929909 7.7378156781196585 4.9934636950492859 5747.8111173063517 604.62501135468483 1591.1332695782185 163.22307965159416 80.994751557707787 639.45012716948986 853.87291069328785 4.994217410683631 7.4957754313945761 9.9792453199624997 4.9936694055795687 10.983787372708319
leaf_count=135 31 20 22993 2419 6366 653 324 2558 3416 20 30 40 20 44
internal_value=0 -0.0104174 1.30481e-05 0.0015571 0.00339411 -0.000698404 0.00489961 -0.000913135 -0.000454953 -0.0278536 -0.00140669 0.00303555 -0.00690409 -0.0403953
internal_weight=0 77.1691 9688.85 3057.37 1598.87 6631.48 244.218 6387.26 1458.5 25.9651 51.2039 43.7081 9.98713 15.978
internal_count=39069 309 38760 12232 6397 26528 977 25551 5835 104 205 175 40 64
is_linear=0
shrinkage=0.03


Tree=14
num_leaves=11
num_cat=0
split_feature=2 0 3 12 25 25 22 20 10 3
split_gain=11.8594 10.0866 11.1961 9.25715 18.7693 14.9063 8.40734 7.41853 5.45883 4.87348
threshold=140.70048889900224 46.483334929647519 0.12570070684074611 -0.00015322294349418006 -0.00062953164044279354 -0.0010884527120379563 -0.00039427570272386546 6.6689017580079168 0.031999999999996483 0.052550257208352498
decision_type=2 2 2 2 2 2 2 2 2 2
left_child=7 2 6 5 -5 -3 -2 8 9 -1
right_child=1 3 -4 4 -6 -7 -8 -9 -10 -11
leaf_value=0.036196925513934552 -0.0012307621687708702 0.026154354486278633 0.035381639689215032 -0.018489943323432866 -0.00014394304166768799 -0.0036317343820402763 0.001747470206396332 -0.013842656290038721 -0.00061384850931477282 0.0038292519575012281
leaf_weight=18.934578940272338 1209.1025842726231 14.986873179674147 8.1816070228815061 50.48673489689827 4310.0312159508467 1253.1511464118958 2888.5593579262495 5.7369494438171378 6.9907117187976828 5.7234387546777716
leaf_count=76 4837 60 33 202 17241 5013 11557 23 28 23
internal_value=0 -0.000190252 0.000940007 -0.00101526 -0.000358301 -0.00327125 0.000867921 0.0166709 0.0223741 0.0289405
internal_weight=0 9734.5 4105.84 5628.66 4360.52 1268.14 4097.66 37.3857 31.6487 24.658
internal_count=39093 38943 16427 22516 17443 5073 16394 150 127 99
is_linear=0
shrinkage=0.03


Tree=15
num_leaves=15
num_cat=0
split_feature=22 5 15 2 5 24 24 24 24 0 10 27 15 20
split_gain=13.3102 14.7239 11.8463 10.8486 10.8064 10.2023 9.98193 13.2985 9.78993 12.3066 10.7926 9.01599 8.51803 4.61421
threshold=0.00016793474169873391 0.029000000000010576 -0.0019232131980224108 142.05620476649429 0.039500000000003872 0.002143935064747146 -0.0002016177348356284 4.1787124184288021e-05 -0.00067398224768635509 34.233002828674657 0.03599999999998716 -0.0026123386750703764 -0.0022879447200925824 0.50016290421035603
decision_type=2 2 2 2 2 2 2 2 2 2 2 2 2 2
left_child=2 6 4 11 13 -5 -2 -8 9 -4 -10 -3 -6 -1
right_child=1 3 8 5 12 -7 7 -9 10 -11 -12 -13 -14 -15
leaf_value=0.034712430801338824 0.02385325421826872 -0.0030931668335461514 0.0099077222285438582 -0.00074203409260961771 -0.0010865284487318384 -0.017520478282543855 -0.024440560862957518 -0.006045705483035289 0.0016165083257060095 -2.9565998792962791e-05 -0.0025015944075858776 0.023839802240789729 -0.0090148435045333698 -0.00026817842448110358
leaf_weight=9.2441345304250699 7.7475278079509726 17.72387383878231 265.17838501930237 2639.2209700942039 372.14363491535187 32.74618861079216 45.475357234477997 160.70499554276466 5179.5535561740398 193.17309840023518 643.17994871735573 28.938049226999283 181.96899369359016 4.997611626982688
leaf_count=37 31 71 1061 10558 1489 131 182 643 20721 773 2573 116 728 20
internal_value=0 -0.00129653 0.00111847 -0.000698555 -0.0030263 -0.000950728 -0.00887001 -0.010147 0.00149412 0.00571581 0.001161 0.0135914 -0.00369904 0.0224787
internal_weight=0 2932.56 6849.44 2718.63 568.354 2671.97 213.928 206.18 6281.08 458.351 5822.73 46.6619 554.113 14.2417
internal_count=39134 11732 27402 10876 2274 10689 856 825 25128 1834 23294 187 2217 57
is_linear=0
shrinkage=0.03


Tree=16
num_leaves=16
num_cat=0
split_feature=20 24 9 12 27 3 6 10 3 15 27 17 9 10 0
split_gain=14.8966 8.38201 9.94552 8.72777 7.79218 8.34707 12.0959 7.85987 7.8653 7.71817 7.66075 6.45336 8.42292 6.2843 5.74906
threshold=9.2181213782682985 4.6103946274768906e-05 0.0019999999999953393 -5.2255178347893054e-05 -0.0013087047725101372 0.052550257208352498 0.00028043766521122635 0.017499999999998298 0.12570070684074611 0.0016857312389556569 -0.0012682736494563881 -0.37264805377058613 0.02449999999998909 0.013499999999993408 65.991136872424917
decision_type=2 2 2 2 2 2 2 2 2 2 2 2 2 2 2
left_child=4 11 14 -4 7 10 -7 8 -1 -9 -6 12 -2 -13 -3
right_child=1 2 3 -5 5 6 -8 9 -10 -11 -12 13 -14 -15 -16
leaf_value=7.9695684462101623e-05 -0.0035238630650559007 -0.020137725891042783 -0.025163751378519471 -0.0032457057685053698 0.015952944020372173 -0.011952925761826209 -0.00041176366048765567 -0.0032356854785526475 0.010076668479593435 0.0042341761201084615 0.0013951790032977274 0.007965960917321711 -0.042338644166918578 -0.0035379288875420009 -0.0044688558291570623
leaf_weight=1953.2695300430059 26.496089026331902 61.997045636177063 16.749073788523674 438.96328613162041 32.495080783963203 95.735113888978958 553.16526171565056 1244.9729519933462 73.224608704447746 137.72730477154255 4930.3070279657841 106.73807314038277 5.9982406049966803 70.491053640842438 32.997394263744354
leaf_count=7815 106 248 67 1756 130 383 2213 4981 293 551 19724 427 24 282 132
internal_value=0 -0.00398556 -0.00592926 -0.00407388 0.000385886 0.00107332 -0.00212384 -0.000744775 0.000443841 -0.00248871 0.00149206 0.00110522 -0.0111021 0.00337526 -0.0147577
internal_weight=0 760.43 550.707 455.712 9020.9 5611.7 648.9 3409.19 2026.49 1382.7 4962.8 209.723 32.4943 177.229 94.9944
internal_count=39132 3042 2203 1823 36090 22450 2596 13640 8108 5532 19854 839 130 709 380
is_linear=0
shrinkage=0.03


Tree=17
num_leaves=12
num_cat=0
split_feature=17 2 22 14 15 7 29 14 13 15 15
split_gain=12.7431 11.3301 9.09591 9.26238 9.27517 9.04121 8.50661 10.3852 8.72776 5.71654 7.38303
threshold=-0.070226282119524711 157.97949617560838 0.00097078784660085233 -1.0000000180025095e-35 -0.0016242077660755248 0.021000000000000799 -0.021715971645951414 -0.0020853163235344248 0.0013161805116939098 0.0013591098546105187 0.00082587511158405136
decision_type=2 2 2 2 2 2 2 2 2 2 2
left_child=2 6 3 4 -1 -5 8 -8 -2 10 -3
right_child=1 9 -4 5 -6 -7 7 -9 -10 -11 -12
leaf_value=-0.00098799721965365551 0.015147514942471433 -0.013835237673959557 0.036805916774185377 -0.0044663569073428418 0.0029047332383290076 0.0011964769341260735 0.026900337927803074 -0.00099001788483491686 -0.016359013460510007 -0.038406824936583546 0.009448086799034576
leaf_weight=717.79970951378345 51.483741298317909 64.230736926198006 6.1618994176387778 452.69278833270073 2352.2901128381491 575.43384413421154 11.735210776329039 5482.9427455067635 8.9983190000057203 6.4978578835725775 14.747130304574965
leaf_count=2872 206 257 25 1811 9412 2302 47 21934 36 26 59
internal_value=0 -0.000972213 0.00122485 0.00116793 0.00199361 -0.00129457 -0.000804519 -0.00092844 0.0103531 -0.0117949 -0.00943052
internal_weight=0 5640.64 4104.38 4098.22 3070.09 1028.13 5555.16 5494.68 60.4821 85.4757 78.9779
internal_count=38987 22565 16422 16397 12284 4113 22223 21981 242 342 316
is_linear=0
shrinkage=0.03


Tree=18
num_leaves=15
num_cat=0
split_feature=22 21 5 1 21 1 25 1 10 26 24 24 27 6
split_gain=12.465 11.9424 10.6843 10.9635 12.1967 11.9949 8.98692 13.6911 8.95785 9.53588 7.95311 13.6122 7.7153 7.63654
threshold=0.00015212325242201392 0.010368024011896184 0.029000000000010576 149.72551620043976 0.088673645003069637 149.60379238277523 -0.00031917517012375812 146.80162992857649 0.021000000000000799 -0.021265907673685313 -0.00020664204080048324 2.1053298229896548e-05 -0.00016674526523090258 0.00018459041194962005
decision_type=2 2 2 2 2 2 2 2 2 2 2 2 2 2
left_child=1 6 10 5 -5 -4 13 -8 9 -3 -2 -12 -10 -1
right_child=2 8 3 4 -6 -7 7 -9 12 -11 11 -13 -14 -15
leaf_value=0.0078403739319875751 0.019196742477877653 0.024287974475374247 -3.9409644487426285e-05 -0.0058601421724471092 0.0034640471378164441 0.016958623382257069 -0.0033712994169605845 0.00094385324596581643 -0.0061329410578641816 0.0051043732098371838 -0.024830261413782913 -0.0052531687115161801 0.0051814101397245835 0.0012086512942843851
leaf_weight=165.37717507779598 9.2452079802751523 23.981591582298279 2060.6029464006424 607.42893770337105 158.72297756373882 37.747067645192146 1109.8905910849571 1636.4149509221315 123.23115256428719 677.66838572919369 38.707392945885658 182.91998201608658 96.241553917527199 2826.9295804053545
leaf_count=662 37 96 8244 2430 635 151 4440 6546 493 2711 155 732 385 11311
internal_value=0 0.00094896 -0.0013549 -0.000852941 -0.00392394 0.000267318 0.000439306 -0.000799156 0.00411968 0.00577442 -0.00756064 -0.00871478 -0.0011575 0.00157692
internal_weight=0 6659.73 3095.37 2864.5 766.152 2098.35 5738.61 2746.31 921.123 701.65 230.873 221.627 219.473 2992.31
internal_count=39028 26644 12384 11460 3065 8395 22959 10986 3685 2807 924 887 878 11973
is_linear=0
shrinkage=0.03


Tree=19
num_leaves=13
num_cat=0
split_feature=2 5 5 4 6 27 4 10 16 20 8 6
split_gain=7.51694 9.62094 8.08954 5.58349 12.4581 12.0181 8.10656 9.1952 7.14483 5.51477 5.21901 3.1697
threshold=140.70048889900224 0.057500000000004554 0.079499999999995921 -0.16409875110656644 0.00071611520875881072 0.017207134694386093 -0.1528675007770057 0.017999999999986475 -0.00033595583950937763 5.1270626628893377 0.00026198930346429261 0.00048395805819545875
decision_type=2 2 2 2 2 2 2 2 2 2 2 2
left_child=1 -1 11 4 9 -6 7 -5 -8 -2 -4 -3
right_child=3 2 10 6 5 -7 8 -9 -10 -11 -12 -13
leaf_value=0.041601318180229677 -0.0019181566396154006 0.00057158093473002735 0.041924972237771682 -0.031444615972451961 0.017101378239808132 -0.016848060800201112 -0.002628119083543966 -0.0013898953753826136 -0.0001978165035859557 -0.029642718006411193 0.0066897687174708297 -0.031064723114467733
leaf_weight=7.9220428168773642 27.742852196097374 5.2340829372406024 4.9796840399503735 15.998189225792883 69.978468418121338 10.498464837670324 1252.8891077935696 21.496959656476974 8326.2532680481672 8.2482981234788877 14.948838621377943 5.4917399734258652
leaf_count=32 111 21 20 64 280 42 5013 86 33311 33 60 22
internal_value=0 0.0127238 0.00483312 -0.000491678 0.00602682 0.0125893 -0.000571122 -0.0144406 -0.00051607 -0.00854714 0.0161337 -0.015759
internal_weight=0 38.5764 30.6543 9733.11 116.468 80.4769 9616.64 37.4951 9579.14 35.9912 19.9285 10.7258
internal_count=39095 155 123 38940 466 322 38474 150 38324 144 80 43
is_linear=0
shrinkage=0.03


Tree=20
num_leaves=12
num_cat=0
split_feature=27 12 2 3 2 1 25 5 24 15 15
split_gain=8.65249 7.38274 7.72452 6.6283 7.1864 6.2376 5.73701 5.72816 7.22355 4.8874 3.14602
threshold=0.01430946960373527 0.0011150772732589911 147.91865211522992 0.21047457861661203 147.48691200114339 142.67575938371718 -0.00031917517012375812 0.2130000000000081 -3.765212969188995e-05 0.0047414471835054437 6.2034328890292492e-05
decision_type=2 2 2 2 2 2 2 2 2 2 2
left_child=1 3 10 6 -5 -2 -1 8 -7 -9 -3
right_child=5 2 -4 4 -6 7 -8 9 -10 -11 -12
leaf_value=0.0011832378179751336 0.019835301149638381 0.0029266620229604235 -0.011151731212264667 -0.0062141004294034219 -0.041509450828294644 -0.025489869011784322 -0.00038594948324137347 -0.025592595632694892 0.0043713769576652064 0.0056599849563010729 0.025939323637216603
leaf_weight=3091.630301207304 5.4988953024148932 7.4927734583616283 8.749538987874983 27.466516464948654 6.2436446249485007 9.7476555258035642 6512.7962717413902 29.995974957942963 25.996362194418907 4.998588114976882 22.493986785411835
leaf_count=12371 22 30 35 110 25 39 26055 120 104 20 90
internal_value=0 0.000124804 0.0131454 7.17539e-05 -0.013148 -0.0100017 0.000118875 -0.0124373 -0.00383315 -0.0210333 0.0203742
internal_weight=0 9676.87 38.7363 9638.14 33.7102 76.2375 9604.43 70.7386 35.744 34.9946 29.9868
internal_count=39021 38716 155 38561 135 305 38426 283 143 140 120
is_linear=0
shrinkage=0.03


Tree=21
num_leaves=16
num_cat=0
split_feature=25 6 15 29 29 29 27 3 3 1 9 22 3 7 6
split_gain=8.84076 14.4869 10.3366 14.1446 9.83077 8.35027 9.97651 7.52402 11.068 16.3812 8.47344 12.4332 8.17803 7.70984 6.46113
threshold=-0.00031917517012375812 0.00018459041194962005 -0.00044187580837334867 0.0085062828691932438 -0.0015900508360066855 -0.0068242243748915165 -0.00020263204521795035 -0.034544563779618891 0.0040433246986566482 146.80162992857649 0.04000000000000626 -0.00072941439926119242 0.21047457861661203 0.0054999999999978408 0.00016162650166837945
decision_type=2 2 2 2 2 2 2 2 2 2 2 2 2 2 2
left_child=1 5 4 -4 -3 14 -7 10 9 -9 13 -12 -10 -2 -1
right_child=7 2 3 -5 -6 6 -8 8 12 -11 11 -13 -14 -15 -16
leaf_value=0.01184295345202801 -0.014994010712753148 0.00094003186661705191 0.0080581794115830961 -0.0014512414361602956 -0.0042190096875918334 0.013479483523358385 -0.0076604353338619391 -0.0059005900667332802 0.00022922502912315018 -0.00029859894301833829 -0.026536493588528037 0.018831631575211991 -0.013750850349549766 0.003024066653116734 0.031469184888244545
leaf_weight=61.904835149645805 22.743469655513763 1993.0121671259403 374.15773928165436 224.68757084012032 398.63204111158848 40.95294825732708 38.731007322669029 802.92876432836056 4285.4407985210419 1134.6885825395584 5.7490328550338736 52.240500211715698 37.689837083220482 289.2251964956522 20.483150944113731
leaf_count=248 91 7975 1497 899 1595 164 155 3212 17145 4539 23 209 151 1157 82
internal_value=0 0.00143755 0.000962493 0.00448628 7.84629e-05 0.0101667 0.00317656 -0.000492005 -0.000738123 -0.00262211 0.00366213 0.014169 0.000105705 0.00168774 0.0168551
internal_weight=0 3152.56 2990.49 598.845 2391.64 162.072 79.684 6630.71 6260.75 1937.62 369.958 57.9895 4323.13 311.969 82.388
internal_count=39142 12615 11966 2396 9570 649 319 26527 25047 7751 1480 232 17296 1248 330
is_linear=0
shrinkage=0.03


Tree=22
num_leaves=12
num_cat=0
split_feature=8 6 24 14 12 7 8 12 5 9 10
split_gain=7.11778 9.45563 9.46103 6.93897 5.97343 5.92501 5.86869 16.7656 7.44932 5.83578 7.77959
threshold=6.6979685494545545e-06 0.00064626904134835745 -0.00022154552134776779 -0.00017414564313916744 -6.9917602297242523e-06 0.0019999999999953393 0.00033136430804064655 -0.0004988427901553848 0.16400000000000151 0.057500000000004554 0.0014999999999929516
decision_type=2 2 2 2 2 2 2 2 2 2 2
left_child=1 2 4 -4 -1 9 7 -7 -8 10 -2
right_child=5 -3 3 -5 -6 6 8 -9 -10 -11 -12
leaf_value=0.040428426509429759 0.011733472463430665 -0.024651510256496399 -0.008636974143546413 0.0065075686111882268 0.012940606863321278 0.038246042927956941 -0.0020070589960542802 0.00033792334895793629 0.002203769329332049 0.021012988607112804 -0.0074815810875063192
leaf_weight=9.2387533038854581 20.475263729691505 8.7472260892391187 33.989217653870583 130.22971701622009 32.969224810600281 10.218399226665495 2173.5490828752518 6680.4822501242161 456.84030303359032 7.2484939545392981 208.70178520679474
leaf_count=37 82 35 136 521 132 41 8696 26728 1828 29 835
internal_value=0 0.0053204 0.00663889 0.00334476 0.0192708 -0.000193037 -7.36727e-05 0.000397979 -0.00127442 -0.00488026 -0.00573869
internal_weight=0 215.174 206.427 164.219 42.208 9557.52 9321.09 6690.7 2630.39 236.426 229.177
internal_count=39100 861 826 657 169 38239 37293 26769 10524 946 917
is_linear=0
shrinkage=0.03


Tree=23
num_leaves=14
num_cat=0
split_feature=26 14 15 5 24 2 5 6 5 9 9 13 9
split_gain=7.15215 8.97019 7.91435 14.0233 12.5197 6.69668 6.60877 6.58486 11.3205 10.9355 6.11384 3.95057 3.75988
threshold=-0.011048450611154012 0.0007858970319446491 -0.0020499760735925849 0.049999999999997165 -0.00065976268704540585 140.70048889900224 0.055499999999995005 0.00056076093646091 0.084499999999991374 0.0074999999999931797 0.0069999999999907922 0.00086358137057807049 0.021000000000000799
decision_type=2 2 2 2 2 2 2 2 2 2 2 2 2
left_child=1 2 3 -1 -4 6 -2 8 -7 -9 -3 -12 -8
right_child=5 10 4 -5 -6 7 12 9 -10 -11 11 -13 -14
leaf_value=0.021533337281094075 0.044536595381318621 -0.005872827435404581 0.0069616987623191103 -0.0032581326384034321 0.00096579983136834042 0.00012747411831354321 -0.0034177191448575375 -0.0055035557106522786 0.019767541443213948 -0.00046333118550951279 0.033520693405354775 0.0087788615234027263 0.01913495032464959
leaf_weight=21.228575929999352 4.9314050525426891 7.743881255388259 406.0208088606596 436.07419607043266 1378.8660095781088 5429.9454170167446 13.696693301200868 525.42580151557922 26.245956942439079 1479.0276444405317 15.495528712868692 10.234017610549925 12.184435352683066
leaf_count=85 20 31 1625 1745 5518 21723 55 2102 105 5917 62 41 49
internal_value=0 0.00166225 0.00142944 -0.00208736 0.00233235 -0.000257853 0.0136293 -0.000316155 0.00022358 -0.00178664 0.0170167 0.0240094 0.00718274
internal_weight=0 2275.66 2242.19 457.303 1784.89 7491.46 30.8125 7460.64 5456.19 2004.45 33.4734 25.7295 25.8811
internal_count=39078 9107 8973 1830 7143 29971 124 29847 21828 8019 134 103 104
is_linear=0
shrinkage=0.03


Tree=24
num_leaves=13
num_cat=0
split_feature=0 27 27 6 22 22 12 20 12 22 29 1
split_gain=13.4027 11.2213 12.5041 12.7471 11.2299 9.34496 8.83076 8.45336 15.9002 8.39797 7.56262 6.28314
threshold=46.483334929647519 -0.0026708607361743621 -0.0053817326163038233 0.00059956093209174923 -0.00036939360347626162 0.00097078784660085233 -0.00056579404808454459 13.1622464220009 0.00023299655927122578 -8.9770135084505555e-05 0.01236208989733357 143.69734393120666
decision_type=2 2 2 2 2 2 2 2 2 2 2 2
left_child=5 2 4 -4 -2 7 11 10 -9 -8 -1 -3
right_child=1 6 3 -5 -6 -7 9 8 -10 -11 -12 -13
leaf_value=0.0014699006244676082 0.02899221083633256 0.0064601697371854247 -0.0040797546689460987 -0.013915843601934888 -0.00062660886258793615 0.036629585810190851 -0.0029539785077074042 0.031442628120046001 -0.016758067702307786 0.00039636297582214226 -0.0068985715278319848 -0.029575636357260505
leaf_weight=3967.2667945623398 11.480067953467367 5.7448648661375072 634.88511578738689 146.21814578771591 522.83914938569069 6.3815373331308356 834.37782201170921 6.7483774423599234 47.737896531820297 3479.8291729539633 99.224065631628036 15.247900143265722
leaf_count=15875 46 23 2540 585 2092 26 3338 27 191 13921 397 61
internal_value=0 -0.00108418 -0.00351107 -0.00592949 2.0064e-05 0.00116451 -0.000346907 0.0011062 -0.0105939 -0.000251066 0.00126447 -0.0196211
internal_weight=0 5650.62 1315.42 781.103 534.319 4127.36 4335.2 4120.98 54.4863 4314.21 4066.49 20.9928
internal_count=39122 22606 5263 3125 2138 16516 17343 16490 218 17259 16272 84
is_linear=0
shrinkage=0.03


Tree=25
num_leaves=13
num_cat=0
split_feature=2 5 4 5 20 15 7 24 24 5 20 0
split_gain=8.51848 12.079 6.91755 9.1832 8.38665 7.81467 10.9444 9.11878 7.7859 4.80157 5.11712 1.29601
threshold=140.70048889900224 0.057500000000004554 -0.16409875110656644 0.10500000000000399 -2.28417503130273 -0.0016242077660755248 0.025999999999996252 -0.0011515416291227095 0.00098476583246448761 0.079499999999995921 2.4006813236810527 52.283669942647329
decision_type=2 2 2 2 2 2 2 2 2 2 2 2
left_child=1 -1 3 4 -2 6 -4 -7 -5 11 -11 -3
right_child=2 9 5 8 -6 7 -8 -9 -10 10 -12 -13
leaf_value=0.047200454541444364 0.023821106692099261 -0.020196149990175619 0.0022875094823046516 0.015872715800233278 -0.012009968046077445 0.017237881337034165 -0.0055176282273163785 9.7501343177042705e-05 -0.021746087535715726 0.026037933030621199 -0.004591893070576546 0
leaf_weight=7.62351369857788 6.9976670444011679 5.4977639913558978 235.87289769947529 71.207134306430817 29.490084365010262 27.725835174322128 509.80945089459419 8858.9296968877316 4.9981104284524909 12.186097964644434 7.7169351726770392 5.2235772609710693
leaf_count=31 28 22 944 285 118 111 2040 35444 20 49 31 21
internal_value=0 0.0141218 -8.47523e-06 0.0073709 -0.00491847 -9.53481e-05 -0.00304477 0.000151896 0.0132906 0.00541233 0.0141216 -0.0104276
internal_weight=0 38.2479 9745.03 112.693 36.4878 9632.34 745.682 8886.66 76.2052 30.6244 19.903 10.7213
internal_count=39144 154 38990 451 146 38539 2984 35555 305 123 80 43
is_linear=0
shrinkage=0.03


Tree=26
num_leaves=16
num_cat=0
split_feature=20 7 7 12 2 9 12 12 6 7 0 8 1 1 25
split_gain=8.89086 7.06369 8.78824 6.30823 13.2901 7.51868 7.38809 8.63679 6.95275 6.86532 5.87342 4.99546 6.22468 5.46854 4.37533
threshold=13.1622464220009 0.058500000000009329 0.053999999999987842 -0.0009280951782634771 148.34238333956137 0.072499999999990919 -0.00033589941266520812 -0.00030412858291273265 0.00021068742708190208 0.16199999999999196 85.2671990201125 0.00062898252806862121 143.53529595783877 143.69734393120666 0.00038705448650658655
decision_type=2 2 2 2 2 2 2 2 2 2 2 2 2 2 2
left_child=3 2 10 4 5 -1 8 -8 -5 -6 -2 12 -3 -13 -4
right_child=1 11 14 6 9 -7 7 -9 -10 -11 -12 13 -14 -15 -16
leaf_value=0.014950266545755863 -0.0091950359038408761 -0.023435784496314914 -0.051470930128798158 0.025472342163894046 0.0080790147656796506 -0.016592206339405759 0.0069527947296115335 0.00049159774433417305 -0.0021263835027791598 -0.014982254980635722 0.018939303265443852 0.0093308799021789776 0.0099692104895809514 -0.0097760757221740709 -0.012783496231548029
leaf_weight=94.436335891485214 114.72821328043938 5.2477021217346183 6.2481981068849546 7.960912972688674 18.236936256289482 6.9949219226837149 190.43367524445057 7996.893285214901 1140.8293234109879 30.480349123477936 6.7496501654386512 17.245971634984016 49.991344660520554 56.723826050758362 5.2496221959590912
leaf_count=378 459 21 25 32 73 28 762 31996 4565 122 27 69 200 227 21
internal_value=0 -0.00517195 -0.010018 0.00042464 0.00651981 0.012703 0.000326087 0.000642498 -0.00192592 -0.00629163 -0.00756437 -0.000149794 0.00663228 -0.00526122 -0.0348357
internal_weight=0 262.185 132.976 9486.27 150.149 101.431 9336.12 8187.33 1148.79 48.7173 121.478 129.209 55.239 73.9698 11.4978
internal_count=39005 1049 532 37956 601 406 37355 32758 4597 195 486 517 221 296 46
is_linear=0
shrinkage=0.03


Tree=27
num_leaves=14
num_cat=0
split_feature=3 6 10 27 25 15 3 12 2 27 4 20 10
split_gain=6.53034 14.7095 9.04189 11.3488 14.9664 9.47321 7.8995 9.2595 8.45083 6.21365 9.08763 6.81902 2.2026
threshold=0.02728704756179923 8.7969792724046342e-05 0.028000000000005801 0.0028391104559469756 0.00041060208610508333 0.0010229266305612497 0.032930934339390212 -6.9553121280485617e-05 144.20070137101823 -0.0005444885400208518 -0.13408299904986329 -12.66671407626116 0.00099999999999056421
decision_type=2 2 2 2 2 2 2 2 2 2 2 2 2
left_child=2 12 3 4 -1 -5 8 -8 -3 10 -4 -11 -2
right_child=1 6 9 5 -6 -7 7 -9 -10 11 -12 -13 -14
leaf_value=0.0013172460969521379 -0.048594394852750841 -0.016040808247776369 0.013040631678986366 -0.0023277951821552658 0.009421731477506903 0.0056731594687363645 -0.0029047763709481229 0.00090771789570662416 -0.0032931594422852344 0.029887172180369709 -0.0049098436677541398 -0.00028471175594836916 -0.021030811332463348
leaf_weight=4027.8974992185831 4.990889072418212 55.966098621487617 26.228039354085922 1192.2425546646118 215.96477399766445 149.47146007418633 920.66074332594872 1517.1610289663076 287.18518602848053 6.4981932491064063 556.8182717114687 805.8245671838522 8.2426397949457151
leaf_count=16117 20 224 105 4770 864 598 3684 6070 1149 26 2228 3224 33
internal_value=0 -0.00128567 0.000430388 0.000970376 0.00173102 -0.00143316 -0.00113259 -0.000531048 -0.00539316 -0.00172874 -0.00409092 -2.87149e-05 -0.0324946
internal_weight=0 2794.21 6980.95 5585.58 4243.86 1341.71 2780.97 2437.82 343.151 1395.37 583.046 812.323 13.2335
internal_count=39112 11180 27932 22349 16981 5368 11127 9754 1373 5583 2333 3250 53
is_linear=0
shrinkage=0.03


end of trees

feature_importances:
ema_slow=24
range=24
ema_cross_pct=24
price_ema_slow_dist=24
ema_fast=22
rsi_divergence=20
return_1=19
macd=18
return_12=18
upper_shadow=17
lower_shadow=17
price_ema_fast_dist=17
macd_hist_change=16
rsi=15
range_pct=15
macd_hist=14
macd_signal=13
macd_strength=13
return_6=12
body=8
body_pct=7
rsi_normalized=6
ema_cross=4
return_3=3
log_return=1

parameters:
[boosting: gbdt]
[objective: binary]
[metric: binary_logloss]
[tree_learner: serial]
[device_type: cpu]
[data: ]
[valid: ]
[num_iterations: 800]
[learning_rate: 0.03]
[num_leaves: 16]
[num_threads: 8]
[deterministic: 0]
[force_col_wise: 0]
[force_row_wise: 0]
[histogram_pool_size: -1]
[max_depth: 4]
[min_data_in_leaf: 20]
[min_sum_hessian_in_leaf: 0.001]
[bagging_fraction: 0.8]
[pos_bagging_fraction: 1]
[neg_bagging_fraction: 1]
[bagging_freq: 1]
[bagging_seed: 400]
[feature_fraction: 0.8]
[feature_fraction_bynode: 1]
[feature_fraction_seed: 30056]
[extra_trees: 0]
[extra_seed: 12879]
[early_stopping_round: 0]
[first_metric_only: 0]
[max_delta_step: 0]
[lambda_l1: 0.1]
[lambda_l2: 0.3]
[linear_lambda: 0]
[min_gain_to_split: 0]
[drop_rate: 0.1]
[max_drop: 50]
[skip_drop: 0.5]
[xgboost_dart_mode: 0]
[uniform_drop: 0]
[drop_seed: 17869]
[top_rate: 0.2]
[other_rate: 0.1]
[min_data_per_group: 100]
[max_cat_threshold: 32]
[cat_l2: 10]
[cat_smooth: 10]
[max_cat_to_onehot: 4]
[top_k: 20]
[monotone_constraints: ]
[monotone_constraints_method: basic]
[monotone_penalty: 0]
[feature_contri: ]
[forcedsplits_filename: ]
[refit_decay_rate: 0.9]
[cegb_tradeoff: 1]
[cegb_penalty_split: 0]
[cegb_penalty_feature_lazy: ]
[cegb_penalty_feature_coupled: ]
[path_smooth: 0]
[interaction_constraints: ]
[verbosity: 1]
[saved_feature_importance_type: 0]
[linear_tree: 0]
[max_bin: 255]
[max_bin_by_feature: ]
[min_data_in_bin: 3]
[bin_construct_sample_cnt: 200000]
[data_random_seed: 175]
[is_enable_sparse: 1]
[enable_bundle: 1]
[use_missing: 1]
[zero_as_missing: 0]
[feature_pre_filter: 1]
[pre_partition: 0]
[two_round: 0]
[header: 0]
[label_column: ]
[weight_column: ]
[group_column: ]
[ignore_column: ]
[categorical_feature: ]
[forcedbins_filename: ]
[precise_float_parser: 0]
[parser_config_file: ]
[objective_seed: 16083]
[num_class: 1]
[is_unbalance: 0]
[scale_pos_weight: 1]
[sigmoid: 1]
[boost_from_average: 1]
[reg_sqrt: 0]
[alpha: 0.9]
[fair_c: 1]
[poisson_max_delta_step: 0.7]
[tweedie_variance_power: 1.5]
[lambdarank_truncation_level: 30]
[lambdarank_norm: 1]
[label_gain: ]
[lambdarank_position_bias_regularization: 0]
[eval_at: ]
[multi_error_top_k: 1]
[auc_mu_weights: ]
[num_machines: 1]
[local_listen_port: 12400]
[time_out: 120]
[machine_list_filename: ]
[machines: ]
[gpu_platform_id: -1]
[gpu_device_id: -1]
[gpu_use_dp: 0]
[num_gpu: 1]

end of parameters

pandas_categorical:[]
