tree
version=v4
num_class=1
num_tree_per_iteration=1
label_index=0
max_feature_idx=31
objective=regression
feature_names=rsi bb_middle bb_upper bb_lower atr range range_pct body body_pct upper_shadow lower_shadow is_bullish return_1 return_3 return_6 return_12 log_return rsi_normalized rsi_overbought rsi_oversold rsi_divergence bb_width bb_position bb_position_normalized price_bb_upper_dist price_bb_lower_dist bb_breakout_upper bb_breakout_lower atr_normalized atr_ma atr_ratio signal_convergence
feature_infos=[0:99.755467076367083] [0:158.45214999999999] [0:158.98423446083257] [0:158.37119522484221] [0:0.55142857142856927] [0:1.4489999999999839] [0:0.0098924731182794597] [0:1.2740000000000009] [0:0.0087871159085422691] [0:0.45400000000000773] [0:0.6290000000000191] [0:1] [-0.010440345742870893:0.0086544548876104077] [-0.010346048081897208:0.011121306408549358] [-0.012740376631571793:0.01214236927980572] [-0.015822511541399464:0.020290175029493485] [-0.010495228483220405:0.0086172197717689965] [-1:0.99510934152734165] [0:1] [0:1] [-56.904350987366826:51.361182180793548] [0:0.031342652110744211] [-0.54651378490698344:1.552884196153675] [-2.0930275698139669:2.10576839230735] [-0.0045480417175792053:0.02223832595088774] [-0.0050724392954735378:0.027298010487932362] [0:1] [0:1] [0:0.0037228501986805917] [0:0.42936785714285552] [0:3.4066658717779674] [0:1]
tree_sizes=1523 1414 1419 1401 1416 1324 1423 1411 1222 1429 1352 1059 1311 1321 1444 1142 1246 1162 1399 1146 1416 1337 1314 1342 1428 1322 1431 1055 1152 1428 1222 1444 1412 1227 1335 1244 1343 1317 1336 1224 1055 1307 1237 1308 1300

Tree=0
num_leaves=14
num_cat=0
split_feature=3 30 25 5 1 30 2 5 2 5 3 21 24
split_gain=4.90484e-06 8.6781e-06 7.5541e-06 5.91197e-06 3.01495e-06 3.41002e-06 9.98634e-07 8.92226e-07 6.09948e-07 4.34469e-07 1.471e-06 8.14176e-07 2.84312e-08
threshold=147.18118141234348 0.98730229897540134 0.00062765336134067747 0.11800000000000922 145.82140000000001 0.86235190665571937 148.48702021240243 0.02449999999998909 157.32902341004328 0.076000000000007631 143.0395027934135 0.0010787723669585451 0.00033793600779514436
decision_type=2 2 2 2 2 2 2 2 2 2 2 2 2
left_child=3 6 -3 9 5 -5 12 -4 -8 11 -11 -1 -2
right_child=1 2 7 4 -6 -7 8 -9 -10 10 -12 -13 -14
leaf_value=-3.560517832504915e-06 -3.560517832504915e-06 -3.560517832504915e-06 -3.560517832504915e-06 -3.560517832504915e-06 -3.560517832504915e-06 -2.7081544115130661e-06 -3.4177730446608163e-06 -4.1157637164331097e-06 -3.560517832504915e-06 -3.560517832504915e-06 -3.7672970059593922e-06 -3.4512589442445935e-06 -3.5945867788645576e-06
leaf_weight=2435 931 4338 158 218 1013 2006 7896 6418 1188 1215 3577 9968 2449
leaf_count=2435 931 4338 158 218 1013 2006 7896 6418 1188 1215 3577 9968 2449
internal_value=-3.56052e-06 -3.66727e-06 -3.88288e-06 -3.4558e-06 -3.0587e-06 -2.85198e-06 -3.55869e-06 -4.09654e-06 -3.45565e-06 -3.56052e-06 -3.5955e-06 -3.50547e-06 -3.56052e-06
internal_weight=0 23378 10914 20432 3237 2224 12464 6576 9084 17195 4792 12403 3380
internal_count=43810 23378 10914 20432 3237 2224 12464 6576 9084 17195 4792 12403 3380
is_linear=0
shrinkage=1


Tree=1
num_leaves=15
num_cat=0
split_feature=3 6 30 25 25 9 3 1 1 5 3 25 3 15
split_gain=4.6028e-06 1.02471e-05 5.66747e-06 6.98022e-06 2.2362e-06 3.11389e-06 1.53926e-06 1.23638e-06 1.05776e-06 4.76508e-07 1.29225e-06 5.50441e-07 2.35081e-07 9.4016e-10
threshold=147.18118141234348 0.00082146706561526007 0.9892285179465482 0.00063453632065449265 0.00039050585221268717 0.0030000000000001141 148.18427812415882 148.91215000000003 157.27497500000004 0.076000000000007631 142.37654001168809 0.002006900565488906 147.65723114616756 -0.0021260279266716027
decision_type=2 2 2 2 2 2 2 2 2 2 2 2 2 2
left_child=1 9 6 13 -3 -6 12 -5 -8 11 -11 -1 -2 -4
right_child=2 4 3 7 5 -7 8 -9 -10 10 -12 -13 -14 -15
leaf_value=8.9707935418779866e-08 0 0 0 0 0 9.112581472613307e-07 1.6973793250300951e-07 -6.0701633294059645e-07 0 0 -1.8259831243596412e-07 0 -1.9698927959347104e-07 4.9177413451458246e-09
leaf_weight=10922 2057 681 453 2230 308 2226 8195 4232 1105 463 4319 1453 1213 3887
leaf_count=10922 2057 681 453 2230 308 2226 8195 4232 1105 463 4319 1453 1213 3887
internal_value=0 1.19134e-07 -8.55696e-08 -2.61356e-07 6.39219e-07 7.78858e-07 0 -4.71371e-07 1.18384e-07 0 -5.56216e-08 5.15251e-08 -8.49138e-08 0
internal_weight=0 20372 23372 10802 3215 2534 12570 6462 9300 17157 4782 12375 3270 4340
internal_count=43744 20372 23372 10802 3215 2534 12570 6462 9300 17157 4782 12375 3270 4340
is_linear=0
shrinkage=0.01


Tree=2
num_leaves=15
num_cat=0
split_feature=3 5 30 25 20 25 13 2 12 2 29 28 21 28
split_gain=5.08136e-06 9.23409e-06 5.86884e-06 6.83879e-06 2.62108e-06 1.63506e-06 1.576e-06 1.17967e-06 8.00204e-07 7.39549e-07 8.898e-07 3.29445e-07 2.18473e-07 4.75796e-08
threshold=147.18118141234348 0.16400000000000151 1.0054654831629164 0.00063453632065449265 11.16818935786363 -0.00053611429497928793 -0.00063834916069965819 143.78634646719561 0.00018101547722593206 148.31635158562378 0.054475000000001071 0.00053308979765635865 0.0036485445867296129 0.00060781170513628615
decision_type=2 2 2 2 2 2 2 2 2 2 2 2 2 2
left_child=1 7 9 13 5 -3 -5 8 -1 12 -11 -9 -2 -4
right_child=2 4 3 6 -6 -7 -8 11 -10 10 -12 -13 -14 -15
leaf_value=2.2442754207356141e-07 -9.7874225589383527e-08 0 3.7819562881120541e-08 0 0 1.2127427840470256e-06 -5.4108263012479546e-07 0 0 0 1.4396355405670748e-07 -8.0117474689192342e-08 0 0
leaf_weight=3992 3070 55 3326 428 161 1128 5542 8565 1388 2746 7496 5132 118 789
leaf_count=3992 3070 55 3326 428 161 1128 5542 8565 1388 2746 7496 5132 118 789
internal_value=0 1.23964e-07 -9.0903e-08 -2.78312e-07 9.58073e-07 1.12438e-06 -4.95365e-07 1.27586e-08 1.50007e-07 0 8.0509e-08 0 -4.8713e-08 0
internal_weight=0 20421 23515 10085 1344 1183 5970 19077 5380 13430 10242 13697 3188 4115
internal_count=43936 20421 23515 10085 1344 1183 5970 19077 5380 13430 10242 13697 3188 4115
is_linear=0
shrinkage=0.01


Tree=3
num_leaves=15
num_cat=0
split_feature=3 5 30 25 25 9 22 6 25 2 2 2 30 4
split_gain=5.83206e-06 7.54472e-06 5.00123e-06 7.30211e-06 3.27062e-06 1.78003e-06 1.17308e-06 2.36044e-07 8.11996e-07 4.40357e-07 1.78021e-07 2.99736e-07 3.46325e-08 1.64568e-08
threshold=147.18118141234348 0.11800000000000922 0.98730229897540134 0.00062765336134067747 0.0015827956688489206 0.084499999999991374 0.16685954851549872 0.00055758819046815115 0.002006900565488906 143.52543171404025 148.48702021240243 157.64596993480345 0.93954968851936238 0.10017857142857067
decision_type=2 2 2 2 2 2 2 2 2 2 2 2 2 2
left_child=1 7 10 13 -3 -6 -5 8 -1 -9 12 -12 -2 -4
right_child=2 4 3 6 5 -7 -8 9 -10 -11 11 -13 -14 -15
leaf_value=9.5325352042042687e-08 -4.0367841371557845e-08 0 2.0841994754956436e-08 0 1.0383541254899124e-06 0 -5.0268750249954059e-07 0 0 -1.2173479485110444e-07 7.5002116365372608e-08 0 0 0
leaf_weight=11533 2841 1615 3788 115 1439 181 6483 1105 1615 2971 8285 918 549 586
leaf_count=11533 2841 1615 3788 115 1439 181 6483 1105 1615 2971 8285 918 549 586
internal_value=0 1.19569e-07 -1.11067e-07 -2.68465e-07 5.68849e-07 9.20819e-07 -4.80117e-07 0 4.237e-08 0 0 4.25142e-08 -1.85538e-08 0
internal_weight=0 20459 23565 10972 3235 1620 6598 17224 13148 4076 12593 9203 3390 4374
internal_count=44024 20459 23565 10972 3235 1620 6598 17224 13148 4076 12593 9203 3390 4374
is_linear=0
shrinkage=0.01


Tree=4
num_leaves=15
num_cat=0
split_feature=3 28 30 2 21 21 17 2 29 29 21 2 21 23
split_gain=5.50314e-06 1.03328e-05 5.88435e-06 5.23909e-06 4.38475e-06 4.02014e-06 4.74585e-06 7.67382e-07 7.93902e-07 5.71087e-07 9.53135e-07 6.61598e-07 3.74025e-07 5.76962e-11
threshold=147.18118141234348 0.0008966389409696485 1.0030672425002589 149.78723343265719 0.0011356742635862122 0.0022796565654931785 -0.38366081256158208 148.31635158562378 0.053960714285716603 0.11170892857142857 0.001175368131663008 143.46515592959796 0.0036485445867296129 0.036599728761874457
decision_type=2 2 2 2 2 2 2 2 2 2 2 2 2 2
left_child=1 9 7 13 -5 -3 -7 12 -9 10 -1 -11 -2 -4
right_child=2 5 3 4 -6 6 -8 8 -10 11 -12 -13 -14 -15
leaf_value=0 -1.4199576621744709e-07 0 0 0 -6.0194831460323933e-07 0 1.1634947251670459e-06 0 1.3257613495992263e-07 0 1.0202640126048789e-07 -2.8580231964956964e-07 0 -1.6624947639428021e-09
leaf_weight=3382 3036 48 2407 637 5000 292 1624 2639 7527 327 13869 908 120 2087
leaf_count=3382 3036 48 2407 637 5000 292 1624 2639 7527 327 13869 908 120 2087
internal_value=0 1.18927e-07 -1.05506e-07 -2.89565e-07 -4.9358e-07 8.20493e-07 9.48596e-07 0 7.21455e-08 0 5.33271e-08 -8.07153e-08 -8.6873e-08 0
internal_weight=0 20450 23453 10131 5637 1964 1916 13322 10166 18486 17251 1235 3156 4494
internal_count=43903 20450 23453 10131 5637 1964 1916 13322 10166 18486 17251 1235 3156 4494
is_linear=0
shrinkage=0.01


Tree=5
num_leaves=14
num_cat=0
split_feature=3 5 30 25 20 25 2 3 3 5 9 25 30
split_gain=4.77504e-06 8.97498e-06 6.06043e-06 6.11567e-06 4.41622e-06 2.54843e-06 1.11978e-06 8.97002e-07 1.00773e-06 5.36946e-07 7.0124e-07 6.1796e-07 1.23184e-07
threshold=147.15599353381916 0.11800000000000922 0.98561578864188648 0.00062765336134067747 10.586497155134653 0.0015827956688489206 147.57856033895203 148.12367959995049 156.94423002335617 0.076000000000007631 0.023000000000010349 0.002006900565488906 0.9576484909636106
decision_type=2 2 2 2 2 2 2 2 2 2 2 2 2
left_child=1 9 7 -4 5 -3 -5 12 -9 11 -11 -1 -2
right_child=2 4 3 6 -6 -7 -8 8 -10 10 -12 -13 -14
leaf_value=9.3989218848464703e-08 -8.1275092861695757e-08 0 0 0 0 1.1417071416043451e-06 -4.9226803628021334e-07 1.5067940033625084e-07 0 -1.7885365777413149e-07 0 0 0
leaf_weight=10823 2881 1466 4424 253 328 1416 6415 8093 1202 2813 1923 1437 340
leaf_count=10823 2881 1466 4424 253 328 1416 6415 8093 1202 2813 1923 1437 340
internal_value=0 1.11772e-07 -9.76384e-08 -2.73725e-07 5.98481e-07 7.43065e-07 -4.65126e-07 0 9.44848e-08 0 -6.47793e-08 5.25198e-08 -4.56581e-08
internal_weight=0 20206 23608 11092 3210 2882 6668 12516 9295 16996 4736 12260 3221
internal_count=43814 20206 23608 11092 3210 2882 6668 12516 9295 16996 4736 12260 3221
is_linear=0
shrinkage=0.01


Tree=6
num_leaves=15
num_cat=0
split_feature=3 30 25 5 20 25 0 3 29 3 3 5 3 15
split_gain=5.74693e-06 5.67599e-06 7.10239e-06 5.23459e-06 2.90628e-06 1.79331e-06 1.20793e-06 8.41851e-07 7.5063e-07 5.95214e-07 5.83558e-07 5.13648e-07 4.49387e-07 4.38725e-08
threshold=147.15599353381916 0.9892285179465482 0.00063453632065449265 0.15300000000000583 11.16818935786363 -0.00053611429497928793 17.034379955513682 142.98372559941518 0.03745357142856711 148.12367959995049 156.94423002335617 0.076000000000007631 147.65723114616756 -0.0021260279266716027
decision_type=2 2 2 2 2 2 2 2 2 2 2 2 2 2
left_child=3 9 13 7 5 -5 -4 8 -1 12 -11 -9 -2 -3
right_child=1 2 6 4 -6 -7 -8 11 -10 10 -12 -13 -14 -15
leaf_value=0 0 0 0 0 0 9.6598077117461072e-07 -5.0548186440209176e-07 2.2191677368146622e-08 2.1387579615911752e-07 1.1438308356841527e-07 0 -9.8003298072927091e-08 -2.2103771958552239e-07 3.3379974443325024e-08
leaf_weight=343 2156 474 63 58 182 1388 6515 9876 3619 8282 1211 4841 1114 3937
leaf_count=343 2156 474 63 58 182 1388 6515 9876 3619 8282 1211 4841 1114 3937
internal_value=0 -1.05856e-07 -2.75442e-07 1.23261e-07 7.12051e-07 8.78481e-07 -4.84462e-07 1.83914e-08 1.51129e-07 0 7.25784e-08 0 -5.39333e-08 0
internal_weight=0 23752 10989 20307 1628 1446 6578 18679 3962 12763 9493 14717 3270 4411
internal_count=44059 23752 10989 20307 1628 1446 6578 18679 3962 12763 9493 14717 3270 4411
is_linear=0
shrinkage=0.01


Tree=7
num_leaves=15
num_cat=0
split_feature=3 30 6 25 4 2 13 3 3 5 21 3 30 3
split_gain=4.35603e-06 6.42488e-06 4.81429e-06 4.80079e-06 1.76716e-06 5.41167e-06 1.23974e-06 1.10011e-06 8.45515e-07 4.40616e-07 8.28069e-07 8.01575e-07 3.46385e-07 2.99014e-07
threshold=147.18118141234348 0.98730229897540134 0.00082146706561526007 0.00062765336134067747 0.16607142857142779 144.78686553073248 -0.00025734782546260598 148.12367959995049 156.94423002335617 0.076000000000007631 0.0010787723669585451 142.98372559941518 1.12306472021273 147.65723114616756
decision_type=2 2 2 2 2 2 2 2 2 2 2 2 2 2
left_child=2 7 9 -3 12 -6 -5 13 -9 10 -1 -11 -4 -2
right_child=1 3 4 6 5 -7 -8 8 -10 11 -12 -13 -14 -15
leaf_value=0 0 0 0 0 0 1.6704224643709855e-06 -5.2268649727560644e-07 1.5065739601689095e-07 0 0 1.119699977290195e-07 -1.4953026332414576e-07 1.7195234920840534e-07 -1.8602979197930258e-07
leaf_weight=2408 2073 4357 1266 1214 247 508 5353 8188 1206 1156 9952 3678 1171 1115
leaf_count=2408 2073 4357 1266 1214 247 508 5353 8188 1206 1156 9952 3678 1171 1115
internal_value=0 -9.58682e-08 1.03778e-07 -2.80335e-07 4.68587e-07 1.07785e-06 -4.51468e-07 0 1.03845e-07 0 5.82711e-08 -2.07979e-08 0 -5.2244e-08
internal_weight=0 23506 20386 10924 3192 755 6567 12582 9394 17194 12360 4834 2437 3188
internal_count=43892 23506 20386 10924 3192 755 6567 12582 9394 17194 12360 4834 2437 3188
is_linear=0
shrinkage=0.01


Tree=8
num_leaves=13
num_cat=0
split_feature=2 30 30 21 14 12 4 2 5 20 28 29
split_gain=3.35036e-06 1.0248e-05 4.13927e-06 3.85942e-06 3.06828e-06 2.27533e-06 2.15576e-06 1.1231e-06 1.11098e-06 8.02042e-07 4.00173e-07 4.91654e-07
threshold=149.85483215793187 1.0012044092081782 1.4285224603747573 0.0011356742635862122 -0.001624324753784878 -0.00068303723968815555 0.085285714285716518 148.95798827369316 0.076000000000007631 -7.1509298867244864 0.00046087826350576025 0.18166249999999898
decision_type=2 2 2 2 2 2 2 2 2 2 2 2
left_child=2 10 5 -3 -4 7 -6 -1 -7 -5 -2 -12
right_child=1 3 4 9 6 8 -8 -9 -10 -11 11 -13
leaf_value=6.2020641217860947e-07 0 0 0 0 0 1.198419154496255e-08 1.1276852532454966e-06 0 -1.0827092328783547e-07 -6.3881926676601799e-07 2.0600391157814889e-07 0
leaf_weight=883 4530 632 213 624 571 19895 799 98 9233 4277 2101 63
leaf_count=883 4530 632 213 624 571 19895 799 98 9233 4277 2101 63
internal_value=0 -1.44316e-07 5.03589e-08 -4.80854e-07 5.58709e-07 0 7.64559e-07 4.81479e-07 0 -5.82901e-07 0 1.35971e-07
internal_weight=0 12227 31692 5533 1583 30109 1370 981 29128 4901 6694 2164
internal_count=43919 12227 31692 5533 1583 30109 1370 981 29128 4901 6694 2164
is_linear=0
shrinkage=0.01


Tree=9
num_leaves=15
num_cat=0
split_feature=3 6 30 25 30 25 3 3 13 6 21 21 24 24
split_gain=5.54247e-06 6.47216e-06 4.51052e-06 7.78673e-06 1.97068e-06 2.38758e-06 1.0968e-06 9.32279e-07 8.53923e-07 4.57801e-07 7.79005e-07 2.47855e-07 1.64255e-07 1.22752e-07
threshold=147.15599353381916 0.00082146706561526007 0.98730229897540134 0.00062765336134067747 0.88609975739121716 0.00039050585221268717 148.12367959995049 156.94423002335617 -0.00025734782546260598 0.00047895310576399956 0.0010787723669585451 0.00097841579999355236 0.0014925675180759237 0.0031721329695117264
decision_type=2 2 2 2 2 2 2 2 2 2 2 2 2 2
left_child=1 9 6 13 -3 -6 11 -8 -5 10 -1 -2 -11 -4
right_child=2 4 3 8 5 -7 7 -9 -10 12 -12 -13 -14 -15
leaf_value=0 0 0 5.6388867631775866e-08 0 0 8.2531544692645794e-07 1.4923067283754591e-07 0 -5.2211611366628009e-07 -6.5594855075624375e-08 1.1950339147562329e-07 -1.329749785803877e-07 0 0
leaf_weight=2292 616 396 3860 1211 600 2165 8132 1229 5419 3817 8660 2634 2292 520
leaf_count=2292 616 396 3860 1211 600 2165 8132 1229 5419 3817 8660 2634 2292 520
internal_value=0 1.39224e-07 -8.28823e-08 -2.36015e-07 5.73326e-07 6.68603e-07 0 9.68892e-08 -4.5819e-07 1.69267e-10 6.46523e-08 -8.18916e-08 0 0
internal_weight=0 20222 23621 11010 3161 2765 12611 9361 6630 17061 10952 3250 6109 4380
internal_count=43843 20222 23621 11010 3161 2765 12611 9361 6630 17061 10952 3250 6109 4380
is_linear=0
shrinkage=0.01


Tree=10
num_leaves=14
num_cat=0
split_feature=3 5 30 25 14 13 25 3 3 3 6 29 3
split_gain=3.69579e-06 7.13154e-06 5.10665e-06 5.15564e-06 4.60829e-06 1.8051e-06 1.77583e-06 8.16869e-07 6.51257e-07 5.41897e-07 7.48442e-07 5.42882e-07 9.39767e-08
threshold=147.15599353381916 0.16400000000000151 0.98730229897540134 0.00061961273282777705 0.0033702388748331207 -0.00026362606348540035 -0.00028556494624458923 148.12367959995049 156.94423002335617 142.98372559941518 0.00053271239631914847 0.040835714285716411 147.65723114616756
decision_type=2 2 2 2 2 2 2 2 2 2 2 2 2
left_child=1 9 7 -4 6 -5 -3 12 -9 11 -11 -1 -2
right_child=2 4 3 5 -6 -7 -8 8 -10 10 -12 -13 -14
leaf_value=0 0 0 0 0 0 -4.9822465891726609e-07 1.182270577916702e-06 1.3388394528638774e-07 0 1.5180603250482573e-08 -1.2165947182789919e-07 1.7412776107489845e-07 -9.4492994078152887e-08
leaf_weight=413 2154 111 4338 1203 90 5440 1128 8169 1212 10031 4900 3578 1094
leaf_count=413 2154 111 4338 1203 90 5440 1128 8169 1212 10031 4900 3578 1094
internal_value=0 1.05601e-07 -7.80268e-08 -2.44115e-07 8.40389e-07 -4.19652e-07 1.0627e-06 0 9.30981e-08 1.12423e-09 0 1.16543e-07 -1.07448e-08
internal_weight=0 20251 23610 10981 1329 6643 1239 12629 9381 18922 14931 3991 3248
internal_count=43861 20251 23610 10981 1329 6643 1239 12629 9381 18922 14931 3991 3248
is_linear=0
shrinkage=0.01


Tree=11
num_leaves=11
num_cat=0
split_feature=24 3 4 9 28 0 25 2 30 30
split_gain=2.90198e-06 3.74443e-06 6.90636e-06 5.50269e-06 4.01544e-06 4.39035e-06 1.23894e-06 1.22505e-06 1.24256e-06 2.21285e-06
threshold=0.001093933757246441 145.17990180452071 0.098785714285713991 0.041000000000011035 0.0007071796246003679 28.989353606693886 0.0011538965725197423 143.75104036843035 1.7100580014805662 0.98376009750679649
decision_type=2 2 2 2 2 2 2 2 2 2
left_child=7 4 6 -4 -2 -6 -3 -1 9 -9
right_child=1 2 3 -5 5 -7 -8 8 -10 -11
leaf_value=0 0 2.0967423221497614e-07 -6.3248201757561127e-07 0 0 9.264047897153937e-07 0 0 0 -2.5839844809744184e-07
leaf_weight=3288 4094 6562 2690 1011 287 1554 976 13573 216 9572
leaf_count=3288 4094 6562 2690 1011 287 1554 976 13573 216 9572
internal_value=0 8.32714e-08 0 -3.76975e-07 2.88356e-07 6.97179e-07 1.47772e-07 -8.01291e-08 -1.12108e-07 -1.34365e-07
internal_weight=0 17174 11239 3701 5935 1841 7538 26649 23361 23145
internal_count=43823 17174 11239 3701 5935 1841 7538 26649 23361 23145
is_linear=0
shrinkage=0.01


Tree=12
num_leaves=14
num_cat=0
split_feature=1 30 13 6 1 20 17 1 1 6 15 2 21
split_gain=3.28366e-06 5.21099e-06 4.59534e-06 3.02357e-06 2.71139e-06 2.31402e-06 2.44182e-06 4.18365e-07 6.98611e-07 2.31693e-07 7.16673e-07 4.8416e-07 1.20129e-08
threshold=147.45952500000001 0.98730229897540134 -0.00023787435490046913 0.00081326316997875757 148.37105000000005 11.862510135695265 -0.43274522373697177 148.25362500000003 157.27497500000004 0.00053271239631914847 0.0010816033817689921 143.52543171404025 0.0037281584219860955
decision_type=2 2 2 2 2 2 2 2 2 2 2 2 2
left_child=3 7 -3 9 -4 6 -5 12 -9 10 -1 -11 -2
right_child=1 2 4 5 -6 -7 -8 8 -10 11 -12 -13 -14
leaf_value=8.9146458493801021e-08 -2.2931296730397295e-08 0 0 0 -5.2339330052050988e-07 0 6.0190641073999675e-07 1.1617123184865072e-07 0 0 0 -1.1806223368350135e-07 0
leaf_weight=11933 2284 3731 1591 411 5163 253 2604 8276 1120 1198 1619 3473 197
leaf_count=11933 2284 3731 1591 411 5163 253 2604 8276 1120 1198 1619 3473 197
internal_value=0 -8.53022e-08 -2.55374e-07 8.77925e-08 -4.11428e-07 3.78399e-07 4.81598e-07 0 6.67259e-08 0 4.13473e-08 0 0
internal_weight=0 22362 10485 21491 6754 3268 3015 11877 9396 18223 13552 4671 2481
internal_count=43853 22362 10485 21491 6754 3268 3015 11877 9396 18223 13552 4671 2481
is_linear=0
shrinkage=0.01


Tree=13
num_leaves=14
num_cat=0
split_feature=3 6 30 2 29 20 14 15 17 10 3 3 2
split_gain=6.33205e-06 7.84715e-06 5.54098e-06 5.48573e-06 4.83718e-06 3.87158e-06 3.21809e-06 8.60914e-07 1.44302e-06 1.26504e-06 4.12314e-07 7.40052e-07 2.98237e-08
threshold=147.10734272130625 0.0010629162945603274 0.98730229897540134 149.7371463018209 0.051021428571424172 3.8183017377377522 0.0027148060528157107 0.00017489225298827907 0.20885846930232102 0.029000000000010576 148.12367959995049 156.94423002335617 147.33890671793662
decision_type=2 2 2 2 2 2 2 2 2 2 2 2 2
left_child=1 7 10 -4 -5 6 -3 9 -9 -1 12 -12 -2
right_child=2 5 3 4 -6 -7 -8 8 -10 -11 11 -13 -14
leaf_value=1.5871204186364828e-07 0 1.3752599248740898e-06 0 0 -6.4444493862031355e-07 0 0 -2.2073936563564995e-07 0 0 1.1333635707722986e-07 0 -6.2796131305929521e-08
leaf_weight=8516 125 954 4990 1592 4589 507 97 2961 4824 1997 8182 1212 3325
leaf_count=8516 125 954 4990 1592 4589 507 97 2961 4824 1997 8182 1212 3325
internal_value=0 1.25658e-07 -1.15374e-07 -2.79668e-07 -4.79684e-07 8.38715e-07 1.18778e-06 1.02736e-08 0 9.15006e-08 0 5.75366e-08 -5.41864e-08
internal_weight=0 19856 24015 11171 6181 1558 1051 18298 7785 10513 12844 9394 3450
internal_count=43871 19856 24015 11171 6181 1558 1051 18298 7785 10513 12844 9394 3450
is_linear=0
shrinkage=0.01


Tree=14
num_leaves=15
num_cat=0
split_feature=3 5 30 13 13 9 3 3 1 5 15 3 15 15
split_gain=3.62794e-06 6.31165e-06 4.9803e-06 5.02395e-06 4.03119e-06 4.20966e-06 3.48207e-06 9.86807e-07 6.35234e-07 4.46768e-07 8.04976e-07 3.91684e-07 3.30775e-07 1.17368e-07
threshold=147.18118141234348 0.11800000000000922 0.98730229897540134 -9.1672351648364167e-05 -0.00012744450295115725 0.084499999999991374 148.18427812415882 148.12367959995049 157.27497500000004 0.076000000000007631 0.0011640621256417962 147.65723114616756 0.002278962279641306 -0.0021977814748951881
decision_type=2 2 2 2 2 2 2 2 2 2 2 2 2 2
left_child=1 9 7 13 -3 -6 -5 11 -9 10 -1 -2 -11 -4
right_child=2 4 3 6 5 -7 -8 8 -10 12 -12 -13 -14 -15
leaf_value=1.0193280615053811e-07 0 0 -1.4043743560687149e-07 0 1.0240060373512362e-06 0 -5.8020850249406669e-07 1.3696008591847943e-07 0 -9.8464426192699821e-08 0 -2.0301380803833704e-07 0 1.2927560372243316e-08
leaf_weight=11042 2056 1474 558 1601 1590 181 4452 8286 1110 4488 1362 1114 283 4318
leaf_count=11042 2056 1474 558 1601 1590 181 4452 8286 1110 4488 1362 1114 283 4318
internal_value=0 1.02018e-07 -7.99719e-08 -2.43549e-07 5.09861e-07 8.38939e-07 -4.35989e-07 0 9.89033e-08 0 5.25363e-08 -4.61934e-08 -4.6775e-08 0
internal_weight=0 20420 23495 10929 3245 1771 6053 12566 9396 17175 12404 3170 4771 4876
internal_count=43915 20420 23495 10929 3245 1771 6053 12566 9396 17175 12404 3170 4771 4876
is_linear=0
shrinkage=0.01


Tree=15
num_leaves=12
num_cat=0
split_feature=3 4 3 15 30 9 4 30 2 10 29
split_gain=3.15318e-06 2.76454e-06 5.85856e-06 2.03207e-06 4.35321e-06 1.46521e-06 1.28144e-06 1.71576e-06 2.02449e-06 9.48003e-07 5.93502e-07
threshold=143.0395027934135 0.095571428571429154 145.68033481085735 0.00011630788626271206 1.0054654831629164 0.041000000000011035 0.039999999999995095 0.80295740035513208 143.52543171404025 0.028000000000005801 0.17553571428571407
decision_type=2 2 2 2 2 2 2 2 2 2 2
left_child=6 3 10 9 -5 -4 -1 -8 -9 -2 -3
right_child=1 2 5 4 -6 -7 7 8 -10 -11 -12
leaf_value=0 1.2146484478512241e-07 0 -5.1206913066195633e-07 0 -3.1131367420175519e-07 0 0 4.8734120845744921e-07 0 0 4.1934764112806135e-07
leaf_weight=458 14603 1936 3985 9112 5343 1400 521 3289 242 2700 337
leaf_count=458 14603 1936 3985 9112 5343 1400 521 3289 242 2700 337
internal_value=0 -3.0316e-08 -2.02059e-07 0 -7.55692e-08 -4.08465e-07 2.48749e-07 3.17002e-07 4.04845e-07 8.35039e-08 0
internal_weight=0 39416 7658 31758 14455 5385 4510 4052 3531 17303 2273
internal_count=43926 39416 7658 31758 14455 5385 4510 4052 3531 17303 2273
is_linear=0
shrinkage=0.01


Tree=16
num_leaves=13
num_cat=0
split_feature=3 5 25 30 20 25 3 6 29 24 30 28
split_gain=4.07309e-06 3.9387e-06 3.52374e-06 5.83963e-06 2.03855e-06 1.62019e-06 1.27518e-06 1.07375e-06 9.59344e-07 2.68589e-07 1.19841e-06 2.13887e-07
threshold=147.18118141234348 0.16400000000000151 0.00059991072860247029 1.0030672425002589 11.16818935786363 -0.00028556494624458923 142.98372559941518 0.00020289450199121434 0.037830357142852739 0.003256819789827291 1.0669333198773774 0.00054301931957328705
decision_type=2 2 2 2 2 2 2 2 2 2 2 2
left_child=1 6 9 -4 5 -3 8 -5 -1 10 -2 -8
right_child=2 4 3 7 -6 -7 11 -9 -10 -11 -12 -13
leaf_value=0 0 0 0 0 0 9.8070849608642647e-07 4.0289868550232412e-09 -4.4242468582773342e-07 2.5340181897556994e-07 0 2.3593027979935728e-07 -6.4062910482189414e-08
leaf_weight=361 5884 106 8221 276 163 1071 9883 5974 3647 596 2635 5172
leaf_count=361 5884 106 8221 276 163 1071 9883 5974 3647 596 2635 5172
internal_value=0 1.17475e-07 -7.30121e-08 -1.81763e-07 7.04164e-07 8.58843e-07 2.3761e-08 -4.12211e-07 1.85733e-07 0 5.61483e-08 0
internal_weight=0 20403 23586 14471 1340 1177 19063 6250 4008 9115 8519 15055
internal_count=43989 20403 23586 14471 1340 1177 19063 6250 4008 9115 8519 15055
is_linear=0
shrinkage=0.01


Tree=17
num_leaves=12
num_cat=0
split_feature=3 6 29 12 12 29 1 0 24 21 25
split_gain=3.54007e-06 2.29832e-06 5.04366e-06 3.70119e-06 1.74296e-06 2.08359e-06 1.04185e-06 5.89323e-07 3.94843e-07 4.81134e-07 4.67993e-07
threshold=143.0395027934135 0.00055758819046815115 0.20630892857142732 -0.00080253818845193992 0.00018506091807168892 0.04044464285714449 147.74157500000004 14.183258529082027 0.00075940025651059198 0.00085189993895070921 0.0010104679828805429
decision_type=2 2 2 2 2 2 2 2 2 2 2
left_child=4 8 3 -3 5 -1 -4 -7 9 -2 -10
right_child=1 2 6 -5 -6 7 -8 -9 10 -11 -12
leaf_value=0 0 0 7.8922174401183506e-07 -3.4224272952035195e-07 0 0 0 4.8773603856416902e-07 7.7534874721709002e-08 -7.858914560320996e-08 0
leaf_weight=383 2751 814 187 10441 1266 33 82 2799 9858 12164 3067
leaf_count=383 2751 814 187 10441 1266 33 82 2799 9858 12164 3067
internal_value=0 -5.7754e-08 -1.7702e-07 -2.75274e-07 2.23757e-07 3.52114e-07 2.16258e-07 4.62935e-07 0 -4.25603e-08 3.10564e-08
internal_weight=0 39364 11524 11255 4481 3215 269 2832 27840 14915 12925
internal_count=43845 39364 11524 11255 4481 3215 269 2832 27840 14915 12925
is_linear=0
shrinkage=0.01


Tree=18
num_leaves=15
num_cat=0
split_feature=3 6 30 25 23 28 1 3 3 5 15 2 3 15
split_gain=4.50852e-06 6.7974e-06 4.43504e-06 5.5592e-06 2.15751e-06 6.08037e-06 1.33866e-06 4.74794e-07 5.70066e-07 2.37157e-07 6.56354e-07 4.08155e-07 4.31912e-08 1.75578e-08
threshold=147.18118141234348 0.00082146706561526007 0.98561578864188648 0.00062765336134067747 -0.64163213198442604 0.00080751810977905641 148.44805000000005 148.12367959995049 156.94423002335617 0.076000000000007631 0.0012795952179611716 143.52543171404025 147.65723114616756 -0.0016676785080162457
decision_type=2 2 2 2 2 2 2 2 2 2 2 2 2 2
left_child=1 9 7 13 -3 -6 -5 12 -9 10 -1 -11 -2 -4
right_child=2 4 3 6 5 -7 -8 8 -10 11 -12 -13 -14 -15
leaf_value=8.9145434739385391e-08 0 0 0 0 0 1.178330541192362e-06 -5.1151355011380938e-07 1.1341160453771712e-07 0 0 0 -1.0603011226657784e-07 -6.2790157963995884e-08 2.2125859004396277e-08
leaf_weight=11243 2054 840 794 1751 1036 1307 4862 8123 1210 1189 1115 3630 1095 3586
leaf_count=11243 2054 840 794 1751 1036 1307 4862 8123 1210 1189 1115 3630 1095 3586
internal_value=0 1.23767e-07 -7.69388e-08 -2.3018e-07 5.58113e-07 7.17776e-07 -4.14887e-07 0 7.13231e-08 0 4.38061e-08 0 0 0
internal_weight=0 20360 23475 10993 3183 2343 6613 12482 9333 17177 12358 4819 3149 4380
internal_count=43835 20360 23475 10993 3183 2343 6613 12482 9333 17177 12358 4819 3149 4380
is_linear=0
shrinkage=0.01


Tree=19
num_leaves=12
num_cat=0
split_feature=2 28 28 29 6 2 30 14 24 17 29
split_gain=4.0758e-06 3.66668e-06 2.79314e-06 4.61022e-06 2.74863e-06 1.92886e-06 1.60781e-06 1.06835e-06 6.68434e-07 1.05622e-06 3.89454e-07
threshold=143.78634646719561 0.0007071796246003679 0.0005824525944661676 0.17553571428571407 0.00055758819046815115 148.11066017573083 0.80295740035513208 0.0033702388748331207 0.0011155770099376655 -0.48730982684418206 0.068846428571425602
decision_type=2 2 2 2 2 2 2 2 2 2 2
left_child=1 -1 8 4 -4 -5 -3 -8 10 -10 -2
right_child=2 6 3 5 -6 -7 7 -9 9 -11 -12
leaf_value=0 -5.7695721381261702e-08 0 0 6.2266428008001063e-07 -4.1794642266492134e-07 0 9.3839663523362117e-07 0 0 1.6211632182908413e-07 0
leaf_weight=4553 14902 85 3125 497 6238 249 1098 32 1786 6156 5195
leaf_count=4553 14902 85 3125 497 6238 249 1098 32 1786 6156 5195
internal_value=0 2.4028e-07 -4.42028e-08 -1.87088e-07 -2.95003e-07 0 7.5872e-07 8.72445e-07 0 8.41042e-08 -2.30329e-08
internal_weight=0 5768 38148 10109 9363 746 1215 1130 28039 7942 20097
internal_count=43916 5768 38148 10109 9363 746 1215 1130 28039 7942 20097
is_linear=0
shrinkage=0.01


Tree=20
num_leaves=15
num_cat=0
split_feature=3 30 25 5 20 25 13 1 1 5 3 15 2 15
split_gain=3.69099e-06 4.89761e-06 6.22473e-06 4.52907e-06 3.37511e-06 3.42711e-06 1.35511e-06 4.7279e-07 4.62994e-07 4.4981e-07 1.23619e-06 7.84447e-07 2.14911e-08 1.65392e-08
threshold=147.18118141234348 0.9892285179465482 0.00063453632065449265 0.11800000000000922 10.849066122200488 0.0016933995399376659 -0.00063834916069965819 148.25362500000003 157.27497500000004 0.076000000000007631 142.98372559941518 0.0012795952179611716 147.43516385639381 -0.0021260279266716027
decision_type=2 2 2 2 2 2 2 2 2 2 2 2 2 2
left_child=3 7 13 9 5 -5 -4 12 -9 11 -11 -1 -2 -3
right_child=1 2 6 4 -6 -7 -8 8 -10 10 -12 -13 -14 -15
leaf_value=1.0213944453739565e-07 0 0 0 0 0 9.8713739012961229e-07 -4.8541967107805243e-07 1.056789456374856e-07 0 0 -1.8981917490763218e-07 0 -2.789436296009396e-08 2.0642254348694978e-08
leaf_weight=11286 189 466 454 1560 310 1359 6048 8368 1135 1161 3588 1139 2914 3881
leaf_count=11286 189 466 454 1560 310 1359 6048 8368 1135 1161 3588 1139 2914 3881
internal_value=0 -8.69859e-08 -2.47991e-07 9.69105e-08 4.46739e-07 5.79977e-07 -4.45355e-07 0 7.04444e-08 0 -3.45809e-08 5.62402e-08 -6.18322e-09 0
internal_weight=0 23455 10849 20403 3229 2919 6502 12606 9503 17174 4749 12425 3103 4347
internal_count=43858 23455 10849 20403 3229 2919 6502 12606 9503 17174 4749 12425 3103 4347
is_linear=0
shrinkage=0.01


Tree=21
num_leaves=14
num_cat=0
split_feature=3 5 28 30 6 25 14 15 29 5 3 15 24
split_gain=3.49705e-06 4.89512e-06 4.14144e-06 4.08245e-06 5.91737e-06 2.92087e-06 3.72372e-06 5.19318e-07 1.0798e-06 4.02506e-07 1.41511e-06 9.72661e-07 2.20487e-07
threshold=147.10734272130625 0.11800000000000922 0.00058594008088438086 1.0030672425002589 0.00055758819046815115 0.0015827956688489206 0.0033702388748331207 6.2034328890292492e-05 0.075292857142855149 0.076000000000007631 142.98372559941518 0.0011221658058360175 0.0010618491714401623
decision_type=2 2 2 2 2 2 2 2 2 2 2 2 2
left_child=1 9 7 -4 -5 -3 -7 12 -9 11 -11 -1 -2
right_child=2 5 3 4 -6 6 -8 8 -10 10 -12 -13 -14
leaf_value=1.1318488045311221e-07 0 0 0 0 -8.172863657946559e-07 9.6465155027715221e-07 0 -1.3850501922741993e-07 0 0 -2.006077486684963e-07 0 9.2268692008552768e-08
leaf_weight=10611 4559 1605 1987 881 2308 1478 103 7226 2015 1140 3555 1417 5089
leaf_count=10611 4559 1605 1987 881 2308 1478 103 7226 2015 1140 3555 1417 5089
internal_value=0 1.0556e-07 -7.28885e-08 -3.23579e-07 -5.45828e-07 4.72486e-07 7.9655e-07 0 -5.75905e-08 0 -1.8313e-08 5.67041e-08 4.69639e-08
internal_weight=0 19909 24065 5176 3189 3186 1581 18889 9241 16723 4695 12028 9648
internal_count=43974 19909 24065 5176 3189 3186 1581 18889 9241 16723 4695 12028 9648
is_linear=0
shrinkage=0.01


Tree=22
num_leaves=14
num_cat=0
split_feature=3 5 30 25 25 20 0 1 1 21 5 3 15
split_gain=3.48913e-06 6.6807e-06 5.61003e-06 5.54364e-06 3.42223e-06 2.98622e-06 1.12329e-06 6.22607e-07 6.21957e-07 1.64565e-07 5.94619e-08 8.20199e-07 3.71501e-07
threshold=147.18118141234348 0.11800000000000922 0.98561578864188648 0.00061961273282777705 0.0015827956688489206 9.8512224876730006 77.13559509863255 148.25362500000003 157.27497500000004 0.0037281584219860955 0.076000000000007631 142.98372559941518 0.0011005359825946306
decision_type=2 2 2 2 2 2 2 2 2 2 2 2 2
left_child=1 10 7 -4 -3 -6 -5 9 -9 -2 12 -12 -1
right_child=2 4 3 6 5 -7 -8 8 -10 -11 11 -13 -14
leaf_value=6.2282369105515321e-08 -7.4784305941457134e-08 0 0 -4.8110270053686217e-07 1.0309275609714142e-06 0 0 1.2290924338506858e-07 0 0 0 -1.508279604086787e-07 0
leaf_weight=10845 2942 1600 4359 6118 1382 235 545 8238 1112 168 1160 3650 1532
leaf_count=10845 2942 1600 4359 6118 1382 235 545 8238 1112 168 1160 3650 1532
internal_value=0 8.86685e-08 -8.95927e-08 -2.60762e-07 5.0744e-07 8.50753e-07 -4.42348e-07 0 8.15999e-08 0 0 -1.46015e-08 1.99385e-08
internal_weight=0 20404 23482 11022 3217 1617 6663 12460 9350 3110 17187 4810 12377
internal_count=43886 20404 23482 11022 3217 1617 6663 12460 9350 3110 17187 4810 12377
is_linear=0
shrinkage=0.01


Tree=23
num_leaves=14
num_cat=0
split_feature=3 30 21 0 5 30 21 28 3 3 3 8 7
split_gain=3.48562e-06 3.50787e-06 4.41367e-06 3.49001e-06 2.47757e-06 2.02727e-06 1.29029e-06 1.04544e-06 5.30697e-07 4.89212e-07 3.59644e-07 4.9394e-08 2.32275e-07
threshold=147.18118141234348 0.98730229897540134 0.0022932239184258129 50.414353860697268 0.091999999999998763 0.88241472826105893 0.0015225894742474471 0.00039187669901022957 148.12367959995049 156.94423002335617 147.65723114616756 0.00017648068122078745 0.10349999999999683
decision_type=2 2 2 2 2 2 2 2 2 2 2 2 2
left_child=5 8 3 -3 -4 11 -7 -8 10 -10 -2 -1 -13
right_child=1 2 4 -5 -6 6 7 -9 9 -11 -12 12 -14
leaf_value=0 0 1.5918600223742081e-07 0 -2.9291563654894612e-07 -7.4557738184081637e-07 0 0 2.4773494323668689e-07 9.8500636320369532e-08 0 -2.3118352968853474e-07 -1.0596498919741583e-07 0
leaf_weight=3582 2051 3396 2261 3064 2253 3586 1184 9321 8101 1204 1110 2508 175
leaf_count=3582 2051 3396 2261 3064 2253 3586 1184 9321 8101 1204 1110 2508 175
internal_value=0 -9.52749e-08 -2.2661e-07 0 -4.71806e-07 8.16723e-08 1.54992e-07 2.10961e-07 0 5.64782e-08 -8.60086e-08 0 -4.29029e-08
internal_weight=0 23440 10974 6460 4514 20356 14091 10505 12466 9305 3161 6265 2683
internal_count=43796 23440 10974 6460 4514 20356 14091 10505 12466 9305 3161 6265 2683
is_linear=0
shrinkage=0.01


Tree=24
num_leaves=15
num_cat=0
split_feature=3 30 25 5 20 1 25 3 6 12 2 21 12 15
split_gain=2.71842e-06 4.45817e-06 6.57789e-06 4.42626e-06 3.9326e-06 2.85501e-06 1.15072e-06 8.81031e-07 1.22848e-06 1.08906e-06 6.39411e-07 8.92457e-07 2.1572e-07 8.46234e-08
threshold=147.18118141234348 1.0054654831629164 0.00063453632065449265 0.16400000000000151 5.3083342471453365 148.91215000000003 -0.00053611429497928793 142.98372559941518 0.00053271239631914847 0.00018506091807168892 149.09987283235753 0.0013761179271228588 -9.72573490124473e-05 -0.0021260279266716027
decision_type=2 2 2 2 2 2 2 2 2 2 2 2 2 2
left_child=3 10 13 7 6 -4 -5 9 -9 -1 12 -12 -2 -3
right_child=1 2 5 4 -6 -7 -8 8 -10 -11 11 -13 -14 -15
leaf_value=2.5818271691071644e-07 0 0 0 0 0 -6.2191338803649579e-07 1.1120649431354786e-06 2.7564662171222223e-09 -1.5807058905582461e-07 0 0 1.6529272325196774e-07 -7.8607655219398571e-08 4.8087726935307405e-08
leaf_weight=2955 1532 451 2043 52 380 3918 886 10246 4913 1032 2725 5589 3567 3659
leaf_count=2955 1532 451 2043 52 380 3918 886 10246 4913 1032 2725 5589 3567 3659
internal_value=0 -7.3386e-08 -2.38376e-07 8.42812e-08 6.67799e-07 -4.54244e-07 1.02252e-06 0 0 1.48643e-07 0 8.737e-08 -9.62232e-09 0
internal_weight=0 23484 10071 20464 1318 5961 938 19146 15159 3987 13413 8314 5099 4110
internal_count=43948 23484 10071 20464 1318 5961 938 19146 15159 3987 13413 8314 5099 4110
is_linear=0
shrinkage=0.01


Tree=25
num_leaves=14
num_cat=0
split_feature=3 4 2 5 21 30 5 24 30 0 29 1 15
split_gain=2.92522e-06 6.61123e-06 5.81632e-06 5.52685e-06 3.25663e-06 4.90545e-06 2.19505e-06 9.33984e-07 1.51949e-06 1.03157e-06 8.76515e-07 2.84438e-06 9.36877e-07
threshold=147.10734272130625 0.16607142857142779 144.78686553073248 0.112000000000009 0.0031490531209134301 0.99913452142191639 0.082000000000007858 0.0010834849339036244 0.98376009750679649 45.009326927866631 0.11170892857142857 143.48920000000001 0.00011630788626271206
decision_type=2 2 2 2 2 2 2 2 2 2 2 2 2
left_child=1 10 -3 -4 7 -6 -7 8 -2 -9 12 -12 -1
right_child=4 2 3 -5 5 6 -8 9 -10 -11 11 -13 -14
leaf_value=1.349165748176087e-07 0 0 0 1.9528666064901709e-06 0 0 -8.4426424217192969e-07 1.7325390147217072e-07 -1.9136107681047956e-07 0 0 -4.5855431609769829e-07 0
leaf_weight=9457 8481 291 80 517 1538 772 1613 4847 5543 1167 611 1396 7529
leaf_count=9457 8481 291 80 517 1538 772 1613 4847 5543 1167 611 1396 7529
internal_value=0 9.46632e-08 9.71899e-07 1.5421e-06 -6.90848e-08 -3.34889e-07 -6.24575e-07 0 -6.03321e-08 8.39123e-08 9.7481e-10 -6.77232e-08 6.79639e-08
internal_weight=0 19881 888 597 23961 3923 2385 20038 14024 6014 18993 2007 16986
internal_count=43842 19881 888 597 23961 3923 2385 20038 14024 6014 18993 2007 16986
is_linear=0
shrinkage=0.01


Tree=26
num_leaves=15
num_cat=0
split_feature=3 30 5 20 21 6 0 14 29 21 1 1 1 0
split_gain=3.17425e-06 4.42471e-06 4.16488e-06 3.74149e-06 3.54203e-06 5.30276e-06 3.33871e-06 3.33184e-06 6.82049e-07 1.54016e-06 6.79876e-07 6.89318e-07 2.06987e-07 1.05948e-07
threshold=147.18118141234348 0.98730229897540134 0.16400000000000151 11.16818935786363 0.0032558446375312231 0.00061332107141518356 50.414353860697268 0.0027148060528157107 0.074635714285714694 0.0011660351199808798 148.25362500000003 157.27497500000004 143.53725000000003 29.301685371178916
decision_type=2 2 2 2 2 2 2 2 2 2 2 2 2 2
left_child=2 10 8 7 6 -6 -3 -4 9 -1 13 -12 -10 -2
right_child=1 4 3 -5 5 -7 -8 -9 12 -11 11 -13 -14 -15
leaf_value=0 0 2.3848297555861284e-08 1.1188415438783634e-06 0 0 -1.0375071158408254e-06 -2.8711840393010287e-07 0 0 1.6899451176396743e-07 1.2833363901634192e-07 0 -6.0348126826650184e-08 -6.1267475723399533e-08
leaf_weight=3110 281 4657 1055 164 902 1343 4020 125 2441 7799 8313 1106 5683 2822
leaf_count=3110 281 4657 1055 164 902 1343 4020 125 2441 7799 8313 1106 5683 2822
internal_value=0 -7.13756e-08 9.85697e-08 6.7575e-07 -2.26815e-07 -6.38655e-07 -4.98831e-09 9.14886e-07 5.25701e-09 7.93731e-08 0 8.49573e-08 0 0
internal_weight=0 23444 20377 1344 10922 2245 8677 1180 19033 10909 12522 9419 8124 3103
internal_count=43821 23444 20377 1344 10922 2245 8677 1180 19033 10909 12522 9419 8124 3103
is_linear=0
shrinkage=0.01


Tree=27
num_leaves=11
num_cat=0
split_feature=2 20 21 10 6 10 29 24 10 3
split_gain=2.66224e-06 1.88773e-06 1.62645e-06 1.0792e-06 7.14452e-07 4.62015e-07 2.69068e-06 2.08132e-06 4.4946e-07 5.58184e-07
threshold=143.78634646719561 5.6037138952314658 0.0014022669156937473 0.098500000000001378 0.00031344752112991885 0.028000000000005801 0.15088571428571665 0.001093933757246441 0.0014999999999929516 143.0395027934135
decision_type=2 2 2 2 2 2 2 2 2 2
left_child=2 5 -1 4 -3 7 -7 -2 -4 -10
right_child=1 3 8 -5 -6 6 -8 -9 9 -11
leaf_value=0 0 0 0 0 -2.8245396444419686e-07 -2.2638043429446659e-07 0 1.5613026440337664e-07 4.0740550184640795e-07 0
leaf_weight=1575 15664 1810 508 47 5058 5910 632 9045 2977 655
leaf_count=1575 15664 1810 508 47 5058 5910 632 9045 2977 655
internal_value=0 -3.04683e-08 2.00949e-07 -1.80057e-07 -2.19897e-07 0 -7.19127e-08 2.23721e-08 3.08256e-07 3.47396e-07
internal_weight=0 38166 5715 6915 6868 31251 6542 24709 4140 3632
internal_count=43881 38166 5715 6915 6868 31251 6542 24709 4140 3632
is_linear=0
shrinkage=0.01


Tree=28
num_leaves=12
num_cat=0
split_feature=3 6 16 29 16 29 2 21 25 21 7
split_gain=3.03187e-06 1.92136e-06 3.80424e-06 3.29997e-06 1.59788e-06 1.86087e-06 5.69713e-07 5.21761e-07 1.71589e-06 5.0174e-07 2.68327e-07
threshold=143.0395027934135 0.00055758819046815115 -0.00068327061589963103 0.17553571428571407 0.00018504379641230492 0.040835714285716411 143.93704966993354 0.0015513344221960051 0.0010104679828805429 0.00094453379939385591 0.18300000000000696
decision_type=2 2 2 2 2 2 2 2 2 2 2
left_child=4 7 10 -4 5 -1 -7 9 -9 -2 -3
right_child=1 2 3 -5 -6 6 -8 8 -10 -11 -12
leaf_value=0 0 1.5600668648619911e-07 -3.12462449891242e-07 0 0 4.8348898800842118e-07 0 1.7814148558113929e-07 0 -8.546400802647238e-08 0
leaf_weight=391 3860 1102 9684 555 1272 2836 39 6617 8584 8753 212
leaf_count=391 3860 1102 9684 555 1272 2836 39 6617 8584 8753 212
internal_value=0 -3.30372e-08 -1.4265e-07 -2.4518e-07 2.39449e-07 3.58581e-07 4.59106e-07 0 5.02689e-08 -3.30316e-08 0
internal_weight=0 39367 11553 10239 4538 3266 2875 27814 15201 12613 1314
internal_count=43905 39367 11553 10239 4538 3266 2875 27814 15201 12613 1314
is_linear=0
shrinkage=0.01


Tree=29
num_leaves=15
num_cat=0
split_feature=2 5 30 23 30 0 21 21 5 3 3 10 7 3
split_gain=3.30332e-06 5.4879e-06 4.92223e-06 4.52498e-06 3.19554e-06 2.74702e-06 1.81665e-06 1.6766e-06 9.33103e-07 7.80187e-07 1.12333e-06 2.96961e-07 2.74936e-07 2.10714e-07
threshold=147.41725771431854 0.11800000000000922 0.98561578864188648 0.036599728761874457 0.9031571147326064 25.603898453042039 0.0032558446375312231 0.0042391719106715372 0.076500000000010018 148.12367959995049 156.94423002335617 0.0030000000000001141 0.025499999999993864 147.10734272130625
decision_type=2 2 2 2 2 2 2 2 2 2 2 2 2 2
left_child=1 8 9 6 -3 -6 -4 -5 11 13 -11 -1 -10 -2
right_child=2 4 3 7 5 -7 -8 -9 12 10 -12 -13 -14 -15
leaf_value=0 0 0 3.0512664698061076e-08 -5.2963739291470907e-07 0 7.4567685632017022e-07 -3.3912402951723864e-07 0 0 1.4900838654276405e-07 0 8.4551686178136681e-08 -1.5530836163550406e-07 -1.0132027833151293e-07
leaf_weight=2989 209 431 4709 4697 229 2280 1541 517 1027 8095 1209 9261 3494 3085
leaf_count=2989 209 431 4709 4697 229 2280 1541 517 1027 8095 1209 9261 3494 3085
internal_value=0 7.96301e-08 -9.2378e-08 -2.46669e-07 4.78683e-07 6.2915e-07 0 -4.69628e-07 0 0 8.512e-08 5.45952e-08 -1.12077e-07 -5.67328e-08
internal_weight=0 19711 24062 11464 2940 2509 6250 5214 16771 12598 9304 12250 4521 3294
internal_count=43773 19711 24062 11464 2940 2509 6250 5214 16771 12598 9304 12250 4521 3294
is_linear=0
shrinkage=0.01


Tree=30
num_leaves=13
num_cat=0
split_feature=2 30 30 14 21 12 5 2 6 20 28 20
split_gain=3.08854e-06 8.68822e-06 4.33668e-06 4.39855e-06 3.69511e-06 2.76466e-06 2.72667e-06 2.13889e-06 1.36033e-06 9.43017e-07 1.59685e-07 3.79009e-07
threshold=149.85483215793187 1.0012044092081782 1.4126762389895944 -0.0014470749631493305 0.0011356742635862122 -0.00068303723968815555 0.052500000000009102 148.85601373289393 0.00056080840160222737 -7.1509298867244864 0.00044379989832905766 9.6423045310850544
decision_type=2 2 2 2 2 2 2 2 2 2 2 2
left_child=2 10 5 -4 -3 7 -5 -1 -7 -6 -2 -12
right_child=1 4 3 6 9 8 -8 -9 -10 -11 11 -13
leaf_value=7.4578044099412435e-07 0 0 0 0 0 0 9.8155124863753547e-07 0 -1.3173902751463041e-07 -6.0634676819293944e-07 1.5642695890492573e-07 0
leaf_weight=881 4291 622 263 199 621 21118 1253 97 7842 4297 2201 167
leaf_count=881 4291 622 263 199 621 21118 1253 97 7842 4297 2201 167
internal_value=0 -1.42397e-07 4.40731e-08 5.37248e-07 -4.48843e-07 0 8.02324e-07 5.31473e-07 -1.61004e-09 -5.49603e-07 0 8.21098e-08
internal_weight=0 12199 31653 1715 5540 29938 1452 978 28960 4918 6659 2368
internal_count=43852 12199 31653 1715 5540 29938 1452 978 28960 4918 6659 2368
is_linear=0
shrinkage=0.01


Tree=31
num_leaves=15
num_cat=0
split_feature=3 6 30 21 20 14 0 28 3 3 15 10 28 3
split_gain=2.39535e-06 3.94816e-06 3.6892e-06 5.2441e-06 3.68086e-06 2.99994e-06 2.55256e-06 2.20314e-06 8.02304e-07 9.95639e-07 4.82466e-07 9.75638e-07 6.42222e-07 7.55478e-08
threshold=147.18118141234348 0.0010629162945603274 1.0054654831629164 0.002251074662688487 10.586497155134653 0.0027148060528157107 50.414353860697268 0.00058594008088438086 148.12367959995049 156.94423002335617 0.00017489225298827907 0.028000000000005801 0.00047569426028943798 147.65723114616756
decision_type=2 2 2 2 2 2 2 2 2 2 2 2 2 2
left_child=1 10 8 6 5 -3 -4 -5 13 -10 11 -1 -12 -2
right_child=2 4 3 7 -6 -7 -8 -9 9 -11 12 -13 -14 -15
leaf_value=1.3030105905220372e-07 0 9.8042611790953905e-07 1.7714869551712343e-07 0 0 0 -2.4434565169063968e-07 -6.9855366754634338e-07 1.3724062053746091e-07 0 0 0 -1.2508546592511705e-07 -1.4125344129371785e-07
leaf_weight=8583 2198 1236 3047 1822 206 142 2673 2515 8699 1304 3996 2190 4109 1177
leaf_count=8583 2198 1236 3047 1822 206 142 2673 2515 8699 1304 3996 2190 4109 1177
internal_value=0 7.8368e-08 -6.97036e-08 -2.19094e-07 5.73138e-07 8.02866e-07 0 -4.81877e-07 0 8.01677e-08 0 6.68667e-08 -3.07449e-09 -6.87173e-08
internal_weight=0 20462 23435 10057 1584 1378 5720 4337 13378 10003 18878 10773 8105 3375
internal_count=43897 20462 23435 10057 1584 1378 5720 4337 13378 10003 18878 10773 8105 3375
is_linear=0
shrinkage=0.01


Tree=32
num_leaves=15
num_cat=0
split_feature=3 4 17 21 30 25 1 28 21 15 3 1 2 15
split_gain=3.15144e-06 6.09994e-06 3.45492e-06 4.34741e-06 3.20867e-06 4.24701e-06 1.38159e-06 6.79674e-07 1.1529e-06 1.02997e-06 6.1922e-07 8.06656e-07 5.07117e-08 7.66353e-10
threshold=147.15599353381916 0.1283571428571447 -0.36692138751321107 0.0022796565654931785 0.98730229897540134 0.00061961273282777705 148.44805000000005 0.00053308979765635865 0.0010787723669585451 -0.00012778361376930555 148.12367959995049 157.27497500000004 147.33890671793662 -0.0021260279266716027
decision_type=2 2 2 2 2 2 2 2 2 2 2 2 2 2
left_child=1 7 -3 -4 10 13 -7 8 -1 -9 12 -12 -2 -6
right_child=4 2 3 -5 5 6 -8 9 -10 -11 11 -13 -14 -15
leaf_value=0 0 0 0 9.87358476771762e-07 0 0 -4.5075990566390852e-07 0 1.4189602617766882e-07 -1.7604268077079563e-07 1.2847503436809583e-07 0 -5.902871662152691e-08 4.4514285758479926e-09
leaf_weight=2581 69 322 57 1640 476 1817 4871 3256 9018 3377 8275 1122 3175 3867
leaf_count=2581 69 322 57 1640 476 1817 4871 3256 9018 3377 8275 1122 3175 3867
internal_value=0 1.01603e-07 6.36845e-07 8.28272e-07 -6.69432e-08 -1.96731e-07 -3.56835e-07 0 7.55984e-08 -1.58902e-08 0 7.71454e-08 -4.298e-08 0
internal_weight=0 20251 2019 1697 23672 11031 6688 18232 11599 6633 12641 9397 3244 4343
internal_count=43923 20251 2019 1697 23672 11031 6688 18232 11599 6633 12641 9397 3244 4343
is_linear=0
shrinkage=0.01


Tree=33
num_leaves=13
num_cat=0
split_feature=24 17 2 7 4 29 6 14 28 23 1 29
split_gain=2.31468e-06 2.99611e-06 1.12021e-06 1.16852e-06 9.0649e-07 8.7681e-07 1.25168e-06 1.31589e-06 6.51644e-07 2.81056e-07 7.53292e-08 2.20535e-07
threshold=0.0012521279588898597 -0.3392075087209846 149.7371463018209 0.016000000000005347 0.10017857142857067 0.047449999999998944 0.00042566955214811509 0.0016798328693935496 0.0016838270265416722 -0.50853417004750179 147.72932500000005 0.035103571428572268
decision_type=2 2 2 2 2 2 2 2 2 2 2 2
left_child=5 4 3 -3 9 10 -7 -8 -6 -2 11 -1
right_child=1 2 -4 -5 8 6 7 -9 -10 -11 -12 -13
leaf_value=0 8.3647679744572582e-08 0 0 3.8005419253498138e-07 -3.1258928145467824e-07 0 -2.0798430948287964e-07 0 0 0 0 1.0315367910989458e-07
leaf_weight=1098 4018 1354 2224 4929 1594 11721 9070 1022 37 681 3405 2780
leaf_count=1098 4018 1354 2224 4929 1594 11721 9070 1022 37 681 3405 2780
internal_value=0 1.1122e-07 2.38309e-07 3.07766e-07 0 -4.05864e-08 -7.88467e-08 -1.60745e-07 -2.357e-07 1.56688e-09 0 4.40707e-08
internal_weight=0 14837 8507 6283 6330 29096 21813 10092 1631 4699 7283 3878
internal_count=43933 14837 8507 6283 6330 29096 21813 10092 1631 4699 7283 3878
is_linear=0
shrinkage=0.01


Tree=34
num_leaves=14
num_cat=0
split_feature=3 28 13 30 25 2 29 21 2 15 3 28 21
split_gain=4.63679e-06 4.72918e-06 4.76898e-06 4.5638e-06 5.42424e-06 3.88572e-06 1.31672e-06 1.54167e-06 1.47227e-06 1.15154e-06 7.81412e-07 8.19668e-07 1.57596e-07
threshold=147.18118141234348 0.0011539695673324784 0.0023110447432109775 0.98730229897540134 0.00062765336134067747 144.78686553073248 0.11170892857142857 0.0010787723669585451 143.81892818405061 -0.0040861609787543598 148.12367959995049 0.00044379989832905766 0.0037281584219860955
decision_type=2 2 2 2 2 2 2 2 2 2 2 2 2
left_child=1 6 5 10 -5 -3 7 -1 -8 -6 12 -12 -2
right_child=3 2 -4 4 9 -7 8 -9 -10 -11 11 -13 -14
leaf_value=0 -9.7861452255093081e-08 0 0 0 0 1.6975007286149183e-06 0 1.4275934053926951e-07 -3.2166143301771473e-07 -4.4496424732769924e-07 0 2.1181358716740431e-07 0
leaf_weight=2586 2981 286 63 4366 85 556 621 14865 1426 6540 6107 3283 203
leaf_count=2586 2981 286 63 4366 85 556 621 14865 1426 6540 6107 3283 203
internal_value=0 1.17701e-07 9.02839e-07 -8.76436e-08 -2.40811e-07 1.20088e-06 2.99511e-08 9.23377e-08 -1.33966e-08 -4.21987e-07 0 8.34199e-08 -6.3384e-08
internal_weight=0 20403 905 23565 10991 842 19498 17451 2047 6625 12574 9390 3184
internal_count=43968 20403 905 23565 10991 842 19498 17451 2047 6625 12574 9390 3184
is_linear=0
shrinkage=0.01


Tree=35
num_leaves=13
num_cat=0
split_feature=1 30 30 29 14 12 6 0 8 21 28 30
split_gain=1.77262e-06 7.42804e-06 4.69846e-06 4.22389e-06 2.97777e-06 1.33755e-06 2.53802e-06 1.1867e-06 1.06866e-06 9.67853e-07 5.7015e-07 3.14534e-07
threshold=149.73230000000004 1.0012044092081782 1.4285224603747573 0.051021428571424172 -0.0014470749631493305 -0.00068303723968815555 0.00055758819046815115 34.73021234242308 0.00013105572286305249 0.00099064853933499854 0.00044379989832905766 0.64720555354776244
decision_type=2 2 2 2 2 2 2 2 2 2 2 2
left_child=2 10 5 -3 -4 7 -7 -1 -6 -5 -2 -12
right_child=1 3 4 9 8 6 -8 -9 -10 -11 11 -13
leaf_value=0 0 0 0 0 0 2.8339920941270496e-08 -1.7019971272485354e-07 6.5106652103165722e-07 9.5864416108449537e-07 -5.9478083637455103e-07 0 1.9818346476985587e-07
leaf_weight=395 4384 1442 259 73 315 21099 8176 595 1028 3868 56 2252
leaf_count=395 4384 1442 259 73 315 21099 8176 595 1028 3868 56 2252
internal_value=0 -9.39393e-08 4.71018e-08 -3.97205e-07 5.80788e-07 0 0 3.67475e-07 7.89927e-07 -5.68029e-07 5.95715e-10 1.57159e-07
internal_weight=0 12075 31867 5383 1602 30265 29275 990 1343 3941 6692 2308
internal_count=43942 12075 31867 5383 1602 30265 29275 990 1343 3941 6692 2308
is_linear=0
shrinkage=0.01


Tree=36
num_leaves=14
num_cat=0
split_feature=3 5 25 20 28 10 21 22 25 13 5 15 10
split_gain=2.4383e-06 6.68579e-06 4.15931e-06 3.38565e-06 2.92428e-06 2.8578e-06 2.04464e-06 5.07528e-07 6.39683e-07 2.8592e-07 5.02175e-08 4.82226e-07 3.0671e-07
threshold=147.18118141234348 0.11800000000000922 0.0015827956688489206 9.8512224876730006 0.0005978480406990007 0.01899999999999125 0.0032558446375312231 0.37780041746714993 0.0023260970506485692 0.00010084338711513487 0.076000000000007631 0.0011221658058360175 0.0050000000000096642
decision_type=2 2 2 2 2 2 2 2 2 2 2 2 2
left_child=1 10 -3 -4 7 -6 -7 9 -9 -2 11 -1 -12
right_child=4 2 3 -5 5 6 -8 8 -10 -11 12 -13 -14
leaf_value=6.8253174610952257e-08 9.2582872714757597e-08 0 1.0625319011701994e-06 0 0 0 -8.1535336578668543e-07 -9.3154919961634824e-08 0 0 0 0 -9.5330417009974036e-08
leaf_weight=10948 5892 1586 1384 229 2103 1274 1333 10694 1086 1036 1172 1478 3621
leaf_count=10948 5892 1586 1384 229 2103 1274 1333 10694 1086 1036 1172 1478 3621
internal_value=0 8.28012e-08 5.0271e-07 8.71154e-07 -6.65892e-08 -2.90042e-07 -5.11441e-07 0 -4.94757e-08 5.62421e-08 0 1.49597e-08 -2.1621e-08
internal_weight=0 20418 3199 1613 23418 4710 2607 18708 11780 6928 17219 12426 4793
internal_count=43836 20418 3199 1613 23418 4710 2607 18708 11780 6928 17219 12426 4793
is_linear=0
shrinkage=0.01


Tree=37
num_leaves=14
num_cat=0
split_feature=3 5 4 20 21 30 22 2 28 22 25 29 0
split_gain=3.98101e-06 8.81412e-06 4.81055e-06 3.63375e-06 3.23678e-06 4.07621e-06 1.8349e-06 6.56249e-07 9.32108e-07 5.27463e-07 5.27098e-07 4.87911e-07 4.51931e-07
threshold=147.13231995910596 0.16400000000000151 0.095571428571429154 4.6834861369521947 0.0031767048578327096 1.0181538588317509 1.0839917647961776 143.78634646719561 0.0007071796246003679 0.25686440013667677 0.002256861443033371 0.11170892857142857 19.580413418748595
decision_type=2 2 2 2 2 2 2 2 2 2 2 2 2
left_child=1 7 9 6 -4 -6 -3 8 -1 12 -11 -9 -2
right_child=2 3 4 -5 5 -7 -8 11 -10 10 -12 -13 -14
leaf_value=0 0 1.4087834081396884e-06 0 0 0 -9.5543220153163326e-07 0 0 4.1144229687522708e-07 -7.6518590263836635e-08 0 -1.8050394949235446e-07 1.2517036825802279e-07
leaf_weight=4389 491 850 1694 423 851 1479 32 11922 939 13333 1320 1497 4632
leaf_count=4389 491 850 1694 423 851 1479 32 11922 939 13333 1320 1497 4632
internal_value=0 1.13845e-07 -7.62033e-08 9.34917e-07 -3.92267e-07 -6.36089e-07 1.30567e-06 3.32521e-09 1.11152e-07 0 -4.16003e-08 0 7.31123e-08
internal_weight=0 20052 23800 1305 4024 2330 882 18747 5328 19776 14653 13419 5123
internal_count=43852 20052 23800 1305 4024 2330 882 18747 5328 19776 14653 13419 5123
is_linear=0
shrinkage=0.01


Tree=38
num_leaves=14
num_cat=0
split_feature=3 5 30 25 13 30 2 3 3 29 1 5 0
split_gain=3.62249e-06 6.1128e-06 4.2957e-06 5.05059e-06 3.10399e-06 2.57429e-06 1.00199e-06 9.77089e-07 9.73361e-07 8.6472e-07 8.33998e-07 5.05452e-07 1.61117e-07
threshold=147.18118141234348 0.16400000000000151 0.98730229897540134 0.00061961273282777705 0.0013161805116939098 0.80794640862935829 147.57856033895203 148.12367959995049 142.98372559941518 0.037830357142852739 157.27497500000004 0.076000000000007631 29.301685371178916
decision_type=2 2 2 2 2 2 2 2 2 2 2 2 2
left_child=1 8 7 -4 5 -3 -5 12 9 -1 -9 -10 -2
right_child=2 4 3 6 -6 -7 -8 10 11 -11 -12 -13 -14
leaf_value=0 0 0 0 0 0 1.1880297210582316e-06 -4.2430707229882379e-07 1.4557400729350835e-07 5.7071415286046267e-09 2.2548075150987109e-07 0 -9.9449612567281353e-08 -8.7039114845544306e-08
leaf_weight=356 299 42 4342 230 280 1009 6385 8283 10056 3649 1131 5077 2861
leaf_count=356 299 42 4342 230 280 1009 6385 8283 10056 3649 1131 5077 2861
internal_value=0 1.09949e-07 -6.98454e-08 -2.22889e-07 8.02267e-07 1.05367e-06 -3.98285e-07 0 9.53014e-09 1.57272e-07 9.89307e-08 0 -4.19675e-08
internal_weight=0 20469 23531 10957 1331 1051 6615 12574 19138 4005 9414 15133 3160
internal_count=44000 20469 23531 10957 1331 1051 6615 12574 19138 4005 9414 15133 3160
is_linear=0
shrinkage=0.01


Tree=39
num_leaves=13
num_cat=0
split_feature=2 30 29 30 14 20 20 24 6 30 29 28
split_gain=1.81409e-06 6.40086e-06 4.63179e-06 3.36945e-06 3.81369e-06 2.57549e-06 1.16394e-06 8.76146e-07 2.2578e-06 1.73311e-06 7.57811e-08 2.73422e-07
threshold=149.85483215793187 1.0012044092081782 0.051021428571424172 1.3247218060831418 -0.0014470749631493305 -6.4109659765847047 14.4300491026603 0.0012521279588898597 0.00048167605184005205 0.86432413294366806 0.083273214285713951 0.0010180164499810308
decision_type=2 2 2 2 2 2 2 2 2 2 2 2
left_child=3 10 -3 7 -5 -4 -6 8 -1 -9 -2 -12
right_child=1 2 5 4 6 -7 -8 9 -10 -11 11 -13
leaf_value=0 0 0 0 0 6.2815308416887109e-07 -6.5091635005862728e-07 0 0 -2.0640653363378042e-07 1.8607007324543221e-07 1.2766704449633407e-07 0
leaf_weight=13725 4467 1442 591 393 2269 3496 57 2213 5598 7168 2142 60
leaf_count=13725 4467 1442 591 393 2269 3496 57 2213 5598 7168 2142 60
internal_value=0 -9.94413e-08 -3.70909e-07 4.39809e-08 3.82427e-07 -5.47195e-07 5.78688e-07 0 -2.56738e-08 8.93387e-08 0 5.86573e-08
internal_weight=0 12198 5529 31423 2719 4087 2326 28704 19323 9381 6669 2202
internal_count=43621 12198 5529 31423 2719 4087 2326 28704 19323 9381 6669 2202
is_linear=0
shrinkage=0.01


Tree=40
num_leaves=11
num_cat=0
split_feature=3 20 2 10 29 24 21 9 10 5
split_gain=1.58357e-06 1.53866e-06 1.04086e-06 9.92694e-07 2.26234e-06 1.97608e-06 9.40816e-07 1.15572e-06 7.73597e-07 7.32018e-07
threshold=143.0395027934135 5.7088384871786149 143.8504269299535 0.028000000000005801 0.15088571428571665 0.00078260687133612004 0.0014022669156937473 0.0074999999999931797 0.10349999999999683 0.048499999999990002
decision_type=2 2 2 2 2 2 2 2 2 2
left_child=2 3 6 5 -5 -2 -1 -8 9 -3
right_child=1 8 -4 4 -6 -7 7 -9 -10 -11
leaf_value=0 0 0 0 -2.1948050782787123e-07 0 1.3284832981403697e-07 0 4.3410491039021402e-07 0 -2.5441722963433628e-07
leaf_weight=1032 12658 1978 71 6083 638 13035 1003 2406 37 4990
leaf_count=1032 12658 1978 71 6083 638 13035 1003 2406 37 4990
internal_value=0 -2.17209e-08 1.75987e-07 0 -9.97045e-08 3.55388e-08 2.3431e-07 3.14822e-07 -1.56903e-07 -1.89342e-07
internal_weight=0 39419 4512 32414 6721 25693 4441 3409 7005 6968
internal_count=43931 39419 4512 32414 6721 25693 4441 3409 7005 6968
is_linear=0
shrinkage=0.01


Tree=41
num_leaves=14
num_cat=0
split_feature=3 30 25 4 13 2 29 1 0 30 3 3 3
split_gain=2.47743e-06 3.68601e-06 4.86242e-06 3.23866e-06 2.91245e-06 2.76052e-06 1.76536e-06 4.13896e-06 9.26127e-07 5.96217e-07 3.38047e-07 5.35884e-07 1.37205e-07
threshold=147.18118141234348 0.98730229897540134 0.00061961273282777705 0.16607142857142779 0.0023110447432109775 148.52206955366256 0.11170892857142857 143.48920000000001 83.978582930062274 0.97339024375041794 148.12367959995049 156.94423002335617 147.65723114616756
decision_type=2 2 2 2 2 2 2 2 2 2 2 2 2
left_child=3 10 -3 6 5 -5 9 -8 -4 -1 12 -12 -2
right_child=1 2 8 4 -6 -7 7 -9 -10 -11 11 -13 -14
leaf_value=0 0 0 -4.1677567078282342e-07 1.0931478683903627e-06 0 0 0 -6.0417818027691753e-07 0 1.2179297241709108e-07 1.0157013697004523e-07 0 -1.2414938048877198e-07
leaf_weight=8546 2046 4329 6428 811 62 39 633 1419 203 8891 8155 1230 1101
leaf_count=8546 2046 4329 6428 811 62 39 633 1419 203 8891 8155 1230 1101
internal_value=0 -8.4863e-08 -2.21508e-07 6.20527e-08 6.64087e-07 9.03106e-07 0 -2.25387e-07 -3.92962e-07 6.43782e-08 0 5.70507e-08 -3.21682e-08
internal_weight=0 23492 10960 20401 912 850 19489 2052 6631 17437 12532 9385 3147
internal_count=43893 23492 10960 20401 912 850 19489 2052 6631 17437 12532 9385 3147
is_linear=0
shrinkage=0.01


Tree=42
num_leaves=13
num_cat=0
split_feature=3 6 25 3 14 20 12 5 28 28 28 24
split_gain=2.61869e-06 4.45626e-06 2.68999e-06 1.76186e-06 1.80219e-06 1.14401e-06 8.63678e-07 1.08829e-07 2.43406e-07 5.39631e-08 4.03732e-08 4.6721e-07
threshold=147.18118141234348 0.00082146706561526007 0.00058016856680538317 145.46647197013721 0.0033702388748331207 -7.1509298867244864 -0.00056579404808454459 0.076000000000007631 0.0008966389409696485 0.00067158429336199065 0.00067158429336199065 0.0011265505683707904
decision_type=2 2 2 2 2 2 2 2 2 2 2 2
left_child=1 7 10 4 -3 -4 -7 9 -9 -1 11 -2
right_child=2 3 5 -5 -6 6 -8 8 -10 -11 -12 -13
leaf_value=2.5213105085993464e-08 0 6.423277980493472e-07 0 0 0 0 -2.2452363743731743e-07 -8.7587274603313686e-08 0 0 0 1.1608723617273137e-07
leaf_weight=11541 4336 2124 1481 963 87 191 13035 4338 490 833 706 3766
leaf_count=11541 4336 2124 1481 963 87 191 13035 4338 490 833 706 3766
internal_value=0 6.0469e-08 -8.92615e-08 4.0478e-07 5.61126e-07 -1.76151e-07 -2.07733e-07 0 -4.30346e-08 1.2523e-08 0 2.23222e-08
internal_weight=0 20376 23515 3174 2211 14707 13226 17202 4828 12374 8808 8102
internal_count=43891 20376 23515 3174 2211 14707 13226 17202 4828 12374 8808 8102
is_linear=0
shrinkage=0.01


Tree=43
num_leaves=14
num_cat=0
split_feature=3 28 21 5 14 3 0 13 30 15 10 17 17
split_gain=1.98561e-06 3.67433e-06 4.2822e-06 2.78075e-06 3.51239e-06 1.63283e-06 1.54279e-06 7.66557e-07 1.69339e-06 5.10978e-07 1.10292e-06 1.06752e-06 1.45099e-07
threshold=147.65723114616756 0.00094166860886647048 0.0027943940029052654 0.16400000000000151 0.0033702388748331207 147.10734272130625 17.034379955513682 -7.7200522885678677e-05 0.98376009750679649 0.00020328948316583609 0.028000000000005801 0.20885846930232102 -0.48730982684418206
decision_type=2 2 2 2 2 2 2 2 2 2 2 2 2
left_child=3 7 -3 9 5 -5 -4 12 -9 10 -1 -11 -2
right_child=1 2 6 4 -6 -7 -8 8 -10 11 -12 -13 -14
leaf_value=1.2300046419277363e-07 0 0 0 8.5962191761999697e-07 0 0 -1.2501094025925234e-06 0 -2.258970546529105e-07 -1.7566344737611342e-07 0 0 5.071060053724078e-08
leaf_weight=10667 987 65 41 1221 93 137 664 6112 4752 3459 2631 5994 6994
leaf_count=10667 987 65 41 1221 93 137 664 6112 4752 3459 2631 5994 6994
internal_value=0 -6.71813e-08 -7.6927e-07 6.74256e-08 5.1709e-07 7.37723e-07 -1.1195e-06 0 -8.20706e-08 0 6.19869e-08 0 2.08714e-08
internal_weight=0 19615 770 24202 1451 1358 705 18845 10864 22751 13298 9453 7981
internal_count=43817 19615 770 24202 1451 1358 705 18845 10864 22751 13298 9453 7981
is_linear=0
shrinkage=0.01


Tree=44
num_leaves=14
num_cat=0
split_feature=2 29 20 4 4 21 28 23 30 7 29 21 2
split_gain=2.55725e-06 3.9565e-06 5.50253e-06 3.72626e-06 2.58147e-06 2.18843e-06 2.61382e-06 1.95138e-06 2.23658e-06 5.49202e-07 4.45834e-07 1.44798e-06 6.15547e-07
threshold=147.41725771431854 0.17553571428571407 3.8183017377377522 0.10017857142857067 0.1568214285714303 0.0031490531209134301 0.0016838270265416722 -0.50853417004750179 0.98376009750679649 0.15599999999999173 0.073678571428573744 0.001175368131663008 143.78634646719561
decision_type=2 2 2 2 2 2 2 2 2 2 2 2 2
left_child=1 10 4 7 -3 -5 -7 9 -9 -2 11 -1 -12
right_child=3 2 -4 5 -6 6 -8 8 -10 -11 12 -13 -14
leaf_value=0 1.7153878474294474e-07 0 0 0 2.0183545869216856e-06 -6.4673337827404316e-07 0 0 -2.2727587735281673e-07 0 0 1.5850941499853215e-07 -1.0410594228545789e-07
leaf_weight=3286 4961 56 139 1303 316 2446 81 8953 6344 51 2738 7537 5679
leaf_count=3286 4961 56 139 1303 316 2446 81 8953 6344 51 2738 7537 5679
internal_value=0 6.57139e-08 9.6967e-07 -8.40255e-08 1.66382e-06 -3.76526e-07 -5.4904e-07 0 -8.24779e-08 1.34794e-07 0 6.41805e-08 0
internal_weight=0 19751 511 24139 372 3830 2527 20309 15297 5012 19240 10823 8417
internal_count=43890 19751 511 24139 372 3830 2527 20309 15297 5012 19240 10823 8417
is_linear=0
shrinkage=0.01


end of trees

feature_importances:
bb_lower=88
atr_ratio=57
bb_upper=41
price_bb_lower_dist=40
range=39
bb_width=37
atr_ma=31
atr_normalized=27
bb_middle=25
range_pct=24
return_12=23
rsi_divergence=22
rsi=15
price_bb_upper_dist=14
atr=13
return_3=13
return_6=13
lower_shadow=12
return_1=9
rsi_normalized=8
upper_shadow=7
body=5
bb_position_normalized=5
bb_position=4
body_pct=2
log_return=2

parameters:
[boosting: gbdt]
[objective: regression]
[metric: l2]
[tree_learner: serial]
[device_type: cpu]
[data: ]
[valid: ]
[num_iterations: 300]
[learning_rate: 0.01]
[num_leaves: 16]
[num_threads: 8]
[deterministic: 0]
[force_col_wise: 0]
[force_row_wise: 0]
[histogram_pool_size: -1]
[max_depth: 4]
[min_data_in_leaf: 30]
[min_sum_hessian_in_leaf: 0.001]
[bagging_fraction: 0.9]
[pos_bagging_fraction: 1]
[neg_bagging_fraction: 1]
[bagging_freq: 1]
[bagging_seed: 400]
[feature_fraction: 0.9]
[feature_fraction_bynode: 1]
[feature_fraction_seed: 30056]
[extra_trees: 0]
[extra_seed: 12879]
[early_stopping_round: 0]
[first_metric_only: 0]
[max_delta_step: 0]
[lambda_l1: 0.1]
[lambda_l2: 0.5]
[linear_lambda: 0]
[min_gain_to_split: 0]
[drop_rate: 0.1]
[max_drop: 50]
[skip_drop: 0.5]
[xgboost_dart_mode: 0]
[uniform_drop: 0]
[drop_seed: 17869]
[top_rate: 0.2]
[other_rate: 0.1]
[min_data_per_group: 100]
[max_cat_threshold: 32]
[cat_l2: 10]
[cat_smooth: 10]
[max_cat_to_onehot: 4]
[top_k: 20]
[monotone_constraints: ]
[monotone_constraints_method: basic]
[monotone_penalty: 0]
[feature_contri: ]
[forcedsplits_filename: ]
[refit_decay_rate: 0.9]
[cegb_tradeoff: 1]
[cegb_penalty_split: 0]
[cegb_penalty_feature_lazy: ]
[cegb_penalty_feature_coupled: ]
[path_smooth: 0]
[interaction_constraints: ]
[verbosity: 1]
[saved_feature_importance_type: 0]
[linear_tree: 0]
[max_bin: 255]
[max_bin_by_feature: ]
[min_data_in_bin: 3]
[bin_construct_sample_cnt: 200000]
[data_random_seed: 175]
[is_enable_sparse: 1]
[enable_bundle: 1]
[use_missing: 1]
[zero_as_missing: 0]
[feature_pre_filter: 1]
[pre_partition: 0]
[two_round: 0]
[header: 0]
[label_column: ]
[weight_column: ]
[group_column: ]
[ignore_column: ]
[categorical_feature: ]
[forcedbins_filename: ]
[precise_float_parser: 0]
[parser_config_file: ]
[objective_seed: 16083]
[num_class: 1]
[is_unbalance: 0]
[scale_pos_weight: 1]
[sigmoid: 1]
[boost_from_average: 1]
[reg_sqrt: 0]
[alpha: 0.9]
[fair_c: 1]
[poisson_max_delta_step: 0.7]
[tweedie_variance_power: 1.5]
[lambdarank_truncation_level: 30]
[lambdarank_norm: 1]
[label_gain: ]
[lambdarank_position_bias_regularization: 0]
[eval_at: ]
[multi_error_top_k: 1]
[auc_mu_weights: ]
[num_machines: 1]
[local_listen_port: 12400]
[time_out: 120]
[machine_list_filename: ]
[machines: ]
[gpu_platform_id: -1]
[gpu_device_id: -1]
[gpu_use_dp: 0]
[num_gpu: 1]

end of parameters

pandas_categorical:[]
