tree
version=v4
num_class=1
num_tree_per_iteration=1
label_index=0
max_feature_idx=30
objective=regression
feature_names=rsi ema_fast ema_slow macd macd_signal range range_pct body body_pct upper_shadow lower_shadow is_bullish return_1 return_3 return_6 return_12 log_return rsi_normalized rsi_overbought rsi_oversold rsi_divergence ema_cross ema_cross_pct ema_cross_signal price_ema_fast_dist price_ema_slow_dist macd_hist macd_hist_change macd_cross_signal macd_strength signal_convergence
feature_infos=[0:99.755467076367083] [140.01794868368825:158.46374932756453] [140.09390840731587:158.4287960737224] [-0.57514457178655221:0.76835340664820251] [-0.5188763570912186:0.66684005555902648] [0:1.4489999999999839] [0:0.0098924731182794597] [0:1.2740000000000009] [0:0.0087871159085422691] [0:0.45400000000000773] [0:0.6290000000000191] [0:1] [-0.010440345742870893:0.0086544548876104077] [-0.010346048081897208:0.011121306408549358] [-0.012740376631571793:0.01214236927980572] [-0.015822511541399464:0.020290175029493485] [-0.010495228483220405:0.0086172197717689965] [-1:0.99510934152734165] [0:1] [0:1] [-56.904350987366826:51.361182180793548] [-0.57514457178655221:0.76835340664820251] [-0.003883435549732969:0.0051884219504909346] [0:1] [-0.0088498120556881627:0.0085436527782316064] [-0.0096167762950344661:0.012337377364785844] [-0.20097651515128728:0.19509250025932751] [-0.09700790187045677:0.083341641193037941] [0:1] [-0.19455333720912688:0.17538495785784011] [0:3]
tree_sizes=3203 2649 2645 2680 2687 2672 2639 2656 2618 2636 2597 2542 2609 2631 2665 2307 2435 2361 2604 2317 2628 2620 2052

Tree=0
num_leaves=31
num_cat=0
split_feature=1 5 2 0 6 25 26 7 22 4 27 20 15 27 0 10 0 20 14 15 26 26 5 2 1 24 15 10 7 20
split_gain=4.87794e-06 5.25223e-06 3.28793e-06 2.95158e-06 1.80042e-06 1.99651e-06 1.39687e-06 1.61886e-06 1.38613e-06 2.1608e-06 1.00865e-06 9.79753e-07 9.31173e-07 9.57843e-07 8.73284e-07 8.39366e-07 6.51252e-07 5.81931e-07 5.09064e-07 5.92729e-07 4.97529e-07 4.66568e-07 4.04768e-07 9.08972e-07 1.39545e-06 1.25129e-06 7.97224e-07 7.76893e-07 6.16926e-07 6.13146e-07
threshold=147.34266296582885 0.11800000000000922 145.82391302692204 45.360802919200445 0.00042566955214811509 -0.0009326644651101464 -0.057867885966471314 0.021500000000003187 -0.00038567104086896351 -0.089350228263548603 0.0028926485261043023 -11.87014813544239 -0.00032110517277977863 0.010780074221206885 25.178140988823198 0.05449999999999023 88.836021268986812 20.6148505275738 -6.9835084517411153e-06 -0.0021260279266716027 -0.0035697463920078133 -0.027882381780909276 0.076000000000007631 143.26603706533533 147.08158208623385 -0.0012104280308143126 0.0011005359825946306 0.0045000000000072768 0.0024999999999977267 5.502312303498095
decision_type=2 2 2 2 2 2 2 2 2 2 2 2 2 2 2 2 2 2 2 2 2 2 2 2 2 2 2 2 2 2
left_child=1 22 6 8 -5 -6 -3 -8 9 -2 15 -7 13 -11 -9 18 17 -16 19 -10 -21 -13 26 -24 25 -25 29 -27 -29 -1
right_child=3 2 -4 4 5 11 7 14 10 12 -12 21 -14 -15 16 -17 -18 -19 -20 20 -22 -23 23 24 -26 27 -28 28 -30 -31
leaf_value=-3.143895458034777e-06 -3.560517832504915e-06 -3.560517832504915e-06 -3.560517832504915e-06 -3.560517832504915e-06 -3.560517832504915e-06 -3.560517832504915e-06 -3.560517832504915e-06 -3.560517832504915e-06 -3.560517832504915e-06 -5.2527793643869357e-06 -3.560517832504915e-06 -3.560517832504915e-06 -3.560517832504915e-06 -3.560517832504915e-06 -7.8672250842250674e-07 -3.560517832504915e-06 -3.560517832504915e-06 -3.560517832504915e-06 -3.560517832504915e-06 -2.5175396221175461e-06 -3.560517832504915e-06 -4.8840808218348045e-06 -3.560517832504915e-06 -3.560517832504915e-06 -3.560517832504915e-06 -3.560517832504915e-06 -3.560517832504915e-06 -3.560517832504915e-06 -4.9469421636723169e-06 -3.560517832504915e-06
leaf_weight=9316 1026 54 919 8338 107 270 125 138 145 1450 1000 60 107 25 1859 209 20 18 937 3532 632 5570 1193 115 299 752 1445 57 2326 1766
leaf_count=9316 1026 54 919 8338 107 270 125 138 145 1450 1000 60 107 25 1859 209 20 18 937 3532 632 5570 1193 115 299 752 1445 57 2326 1766
internal_value=-3.56052e-06 -3.24682e-06 -2.09439e-06 -3.87955e-06 -4.15319e-06 -4.6134e-06 -1.4681e-06 -1.30892e-06 -3.56052e-06 -4.00181e-06 -3.22202e-06 -4.75769e-06 -4.8056e-06 -5.05411e-06 -1.09131e-06 -3.01098e-06 -9.23323e-07 -8.51063e-07 -2.88374e-06 -2.74569e-06 -2.65765e-06 -4.84837e-06 -3.56052e-06 -3.61966e-06 -4.04547e-06 -4.36253e-06 -3.39392e-06 -4.57345e-06 -4.8424e-06 -3.25049e-06
internal_weight=0 20402 3133 23408 14345 6007 2214 2160 9063 2608 6455 5900 1582 1475 2035 5455 1897 1877 5246 4309 4164 5630 17269 4742 3549 3250 12527 3135 2383 11082
internal_count=43810 20402 3133 23408 14345 6007 2214 2160 9063 2608 6455 5900 1582 1475 2035 5455 1897 1877 5246 4309 4164 5630 17269 4742 3549 3250 12527 3135 2383 11082
is_linear=0
shrinkage=1


Tree=1
num_leaves=31
num_cat=0
split_feature=2 6 6 13 14 17 9 10 3 8 17 1 20 2 8 5 10 29 10 6 29 6 22 3 3 25 17 17 24 3
split_gain=4.37432e-06 1.03961e-05 2.63688e-06 3.05598e-06 2.52645e-06 3.14131e-06 2.24545e-06 1.94605e-06 2.66553e-06 2.46091e-06 5.18684e-07 5.95371e-07 4.47495e-07 3.28516e-07 3.22149e-07 4.78015e-07 5.22556e-07 3.6726e-07 3.51727e-07 2.95915e-07 1.85538e-07 2.30408e-07 1.724e-07 1.00285e-07 9.79929e-08 7.79379e-07 4.91719e-07 2.46919e-07 2.59691e-07 9.10924e-08
threshold=147.40926282329264 0.00082146706561526007 0.00056080840160222737 -0.00024440180818058316 0.0033702388748331207 -0.36692138751321107 0.0030000000000001141 0.013999999999995795 -0.088907911457198438 5.5614452811939481e-05 0.53326101037663254 156.54434028049056 -12.297552720143694 147.51051110458016 0.00017336215780102589 0.076000000000007631 0.0050000000000096642 0.013794862260401906 0.066499999999990692 0.00022017543611564951 -0.025656825283034656 0.00079582315669833039 0.00084331100177663344 -0.16138951239818763 0.0031740679610692273 0.00096052828718795375 0.0047276596138480899 0.64059965636325822 0.0006431176965364312 -0.074220091400974283
decision_type=2 2 2 2 2 2 2 2 2 2 2 2 2 2 2 2 2 2 2 2 2 2 2 2 2 2 2 2 2 2
left_child=1 14 24 -4 5 -3 -7 -8 -9 -10 11 12 -5 -14 17 -16 -17 18 19 -1 -21 -22 -15 -18 29 26 -26 28 -28 -2
right_child=2 4 3 10 -6 6 7 8 9 -11 -12 -13 13 22 15 16 23 -19 -20 20 21 -23 -24 -25 25 -27 27 -29 -30 -31
leaf_value=0 0 0 0 0 0 0 0 0 0 4.7388329685605423e-06 0 0 0 -1.7974791242911149e-06 0 0 0 0 0 0 5.3457071803647484e-07 0 0 -6.330229083091648e-07 0 0 -5.7319421867504689e-07 0 0 1.0682578889250874e-07
leaf_weight=2293 931 572 2651 55 97 341 794 198 36 1125 301 258 98 2629 4641 1139 36 1360 113 331 5405 15.999999999999998 90 2555 1884 1174 5138 200 99 7184
leaf_count=2293 931 572 2651 55 97 341 794 198 36 1125 301 258 98 2629 4641 1139 36 1360 113 331 5405 16 90 2555 1884 1174 5138 200 99 7184
internal_value=0 3.39204e-07 -2.58356e-07 -7.99516e-07 1.92971e-06 2.14084e-06 2.60151e-06 2.96282e-06 3.89813e-06 4.45564e-06 -1.39094e-06 -1.50662e-06 -1.63107e-06 -1.68976e-06 0 -6.28853e-08 -3.52435e-07 1.64266e-07 2.68324e-07 3.35196e-07 4.5105e-07 4.96659e-07 -1.75126e-06 -6.00264e-07 0 -1.01891e-07 -3.28417e-07 -4.76051e-07 -5.26985e-07 0
internal_weight=0 21052 22692 6082 3163 3066 2494 2153 1359 1161 3431 3130 2872 2817 17889 8371 3730 9518 8158 8045 5752 5421 2719 2591 16610 8495 7321 5437 5237 8115
internal_count=43744 21052 22692 6082 3163 3066 2494 2153 1359 1161 3431 3130 2872 2817 17889 8371 3730 9518 8158 8045 5752 5421 2719 2591 16610 8495 7321 5437 5237 8115
is_linear=0
shrinkage=0.03


Tree=2
num_leaves=31
num_cat=0
split_feature=1 6 20 0 9 7 17 22 22 0 15 1 22 4 24 15 4 5 15 0 5 20 2 1 10 8 15 14 26 20
split_gain=4.49594e-06 5.88915e-06 2.63853e-06 2.66588e-06 2.2859e-06 2.61284e-06 1.96093e-06 1.50707e-06 1.68322e-06 1.02251e-06 9.9647e-07 9.04228e-07 5.03681e-07 1.36229e-06 5.85655e-07 5.39711e-07 4.04058e-07 3.66104e-07 6.82607e-07 5.6823e-07 9.58194e-07 8.60557e-07 4.87221e-07 9.06056e-07 4.18589e-07 3.98709e-07 3.10473e-07 6.27607e-07 4.49543e-07 3.03769e-07
threshold=147.34266296582885 0.00082146706561526007 10.586497155134653 30.512374868289196 0.0030000000000001141 0.01299999999999102 -0.088802352418598629 0.0005100288918461071 7.575308238952007e-05 82.87476983397552 -0.0040861609787543598 147.27528484408489 -0.00038567104086896351 -0.089350228263548603 0.00016109841876168815 -0.00032110517277977863 -0.017916760150501847 0.076000000000007631 0.0011005359825946306 33.743879938904769 0.03799999999999671 7.8620609337995164 143.19781421060244 147.08158208623385 0.0030000000000001141 3.4806822273734737e-05 -0.0016676785080162457 -8.1503198993304591e-05 -0.0043373579843915318 -11.169194661261516
decision_type=2 2 2 2 2 2 2 2 2 2 2 2 2 2 2 2 2 2 2 2 2 2 2 2 2 2 2 2 2 2
left_child=1 17 3 -3 -5 -6 12 8 -8 16 -7 -12 13 -2 15 -15 -10 18 19 -1 -21 25 -19 24 -24 -22 -14 28 -28 -18
right_child=6 2 -4 4 5 10 7 -9 9 -11 11 -13 26 14 -16 -17 29 22 -20 20 21 -23 23 -25 -26 -27 27 -29 -30 -31
leaf_value=0 0 0 0 0 0 0 0 0 0 0 3.1465600459393116e-06 0 0 -1.2729006742333752e-06 0 0 0 0 0 0 0 0 0 0 -7.7727513683362692e-07 8.3877619316823541e-07 6.6805203842488759e-07 0 0 -1.0942422366711133e-06
leaf_weight=2193 1020 490 309 301 89 11.999999999999998 5472 1784 41 307 1891 23 481 1461 38 99 276 1113 1438 2772 609 637 637 298 2699 4905 3526 1941 635 6439
leaf_count=2193 1020 490 309 301 89 12 5472 1784 41 307 1891 23 481 1461 38 99 276 1113 1438 2772 609 637 637 298 2699 4905 3526 1941 635 6439
internal_value=0 3.5201e-07 1.58542e-06 1.90699e-06 2.33279e-06 2.69735e-06 -2.53928e-07 -4.78709e-07 -6.08262e-07 -9.33327e-07 2.972e-06 3.05887e-06 0 -2.21542e-07 -9.20654e-07 -1.09823e-06 -1.02318e-06 0 1.62006e-07 2.91389e-07 4.03841e-07 6.13825e-07 0 -3.47365e-07 -6.13085e-07 7.48843e-07 2.22128e-07 3.14677e-07 5.30053e-07 -1.05235e-06
internal_weight=0 20416 3115 2806 2316 2015 23520 14319 12535 7063 1926 1914 9201 2618 1598 1560 6756 17301 12554 11116 8923 6151 4747 3634 3336 5514 6583 6102 4161 6715
internal_count=43936 20416 3115 2806 2316 2015 23520 14319 12535 7063 1926 1914 9201 2618 1598 1560 6756 17301 12554 11116 8923 6151 4747 3634 3336 5514 6583 6102 4161 6715
is_linear=0
shrinkage=0.03


Tree=3
num_leaves=31
num_cat=0
split_feature=1 5 0 22 2 21 0 22 9 0 12 0 29 7 6 20 29 6 26 7 27 22 4 4 21 14 9 26 29 21
split_gain=4.57828e-06 5.07367e-06 2.24945e-06 1.9112e-06 1.72337e-06 2.19327e-06 2.00213e-06 1.43047e-06 1.09538e-06 7.23058e-07 5.4502e-07 6.14159e-07 4.4495e-07 4.19711e-07 2.17222e-07 5.97105e-07 1.12416e-06 1.24496e-06 1.56156e-06 8.71979e-07 1.58463e-07 1.26637e-06 7.45491e-07 1.82634e-07 1.77878e-07 1.42166e-07 8.03447e-08 3.53642e-07 2.74828e-07 1.76615e-07
threshold=147.34266296582885 0.11800000000000922 47.941865219391111 0.0005100288918461071 146.90291525673555 -0.091295026775739516 31.355918252669181 8.6267726616769689e-05 0.084999999999993761 82.029982818162921 -0.00085798915956203359 50.232544510551186 -0.047490252805294765 0.0054999999999978408 0.00055758819046815115 5.6037138952314658 0.01162273382710796 0.00024987925799560014 -0.020381154105273008 0.0054999999999978408 0.0028407269858415321 -0.00040183428994459335 -0.10598730488353257 -0.053023449346189626 0.075257489893246557 0.0017627449961648003 0.026499999999998639 0.035399300220940948 -0.027187510920687986 -0.17667533183866621
decision_type=2 2 2 2 2 2 2 2 2 2 2 2 2 2 2 2 2 2 2 2 2 2 2 2 2 2 2 2 2 2
left_child=1 14 20 7 5 -3 -7 -4 12 10 -9 -12 -8 -14 15 16 17 -1 -19 -20 21 -2 -22 -23 -24 -13 27 28 -16 -30
right_child=2 4 3 -5 -6 6 8 9 -10 -11 11 25 13 -15 26 -17 -18 18 19 -21 22 23 24 -25 -26 -27 -28 -29 29 -31
leaf_value=0 0 0 0 0 0 0 0 0 0 0 0 -1.2658005917900471e-06 0 2.7307186963708052e-06 0 0 0 0 0 1.0027001681458772e-06 0 0 -6.8262684252568357e-07 4.6569880821501001e-07 0 0 0 0 0 -5.9683657012532947e-07
leaf_weight=2550 1572 548 4881 1751 307 214 19 31 194 367 355 5575 12.999999999999998 1837 198 2171 2062 761 718 5028 427 180 1940 6334 9.9999999999999982 145 1481 106 11.999999999999998 2237
leaf_count=2550 1572 548 4881 1751 307 214 19 31 194 367 355 5575 13 1837 198 2171 2062 761 718 5028 427 180 1940 6334 10 145 1481 106 12 2237
internal_value=0 3.15926e-07 -2.96988e-07 -5.59556e-07 1.4525e-06 1.69943e-06 2.10949e-06 -7.16159e-07 2.40519e-06 -1.0481e-06 -1.12743e-06 -1.16548e-06 2.62922e-06 2.68333e-06 0 1.21286e-07 2.56735e-07 4.38892e-07 6.63554e-07 8.62091e-07 0 9.27774e-08 -1.75259e-07 4.30871e-07 -6.17654e-07 -1.24067e-06 0 -1.68293e-07 -3.99515e-07 -5.32578e-07
internal_weight=0 20456 23568 13105 3132 2825 2277 11354 2063 6473 6106 6075 1869 1850 17324 13290 11119 9057 6507 5746 10463 8086 2377 6514 1950 5720 4034 2553 2447 2249
internal_count=44024 20456 23568 13105 3132 2825 2277 11354 2063 6473 6106 6075 1869 1850 17324 13290 11119 9057 6507 5746 10463 8086 2377 6514 1950 5720 4034 2553 2447 2249
is_linear=0
shrinkage=0.03


Tree=4
num_leaves=31
num_cat=0
split_feature=2 5 20 17 9 9 7 0 3 4 15 5 25 2 4 22 27 27 15 15 15 5 25 29 26 29 8 6 15 20
split_gain=4.12456e-06 7.55987e-06 2.80674e-06 2.82562e-06 2.50741e-06 3.12947e-06 1.59147e-06 1.55984e-06 1.45018e-06 1.92643e-06 8.4075e-07 7.55197e-07 9.35536e-07 5.82571e-07 9.65068e-07 1.89002e-07 7.0371e-07 4.53478e-07 3.60963e-07 2.70202e-07 1.94659e-07 1.39893e-07 6.71953e-07 6.45202e-07 3.23662e-07 8.71757e-07 4.22048e-07 2.57863e-07 1.76652e-07 1.43171e-07
threshold=147.39270281662547 0.11800000000000922 10.849066122200488 -0.38366081256158208 0.0030000000000001141 0.084499999999991374 0.0054999999999978408 45.360802919200445 0.081314247663598863 -0.010048953044876189 -0.0035794020619424045 0.050499999999999552 -0.00097197051295297551 148.9785233036107 0.064341544726544977 -0.00038567104086896351 0.0095709710375774023 0.00026320133793025438 -0.00036603447273136908 -0.0016676785080162457 1.0000000180025095e-35 0.076000000000007631 2.611635250251174e-05 -0.025656825283034656 0.035399300220940948 -0.0059691490988317197 4.8178674059135106e-05 0.00052572966011383735 -0.0019232131980224108 -20.596763883676051
decision_type=2 2 2 2 2 2 2 2 2 2 2 2 2 2 2 2 2 2 2 2 2 2 2 2 2 2 2 2 2 2
left_child=1 21 3 -3 -5 6 -6 15 9 -9 -8 -11 -13 -14 -15 16 18 19 -2 -17 -21 22 23 -1 25 -23 -27 -28 -29 -25
right_child=7 2 -4 4 5 -7 10 8 -10 11 -12 12 13 14 -16 17 -18 -19 -20 20 -22 24 -24 29 -26 26 27 28 -30 -31
leaf_value=0 -6.8080163057462937e-07 0 0 0 0 0 0 0 0 0 3.4187022248579512e-06 0 0 -1.7827316486567192e-06 0 0 0 0 0 5.3591874331852445e-07 0 0 0 0 0 0 0 0 -8.3387063887131164e-07 4.7168351818314668e-07
leaf_weight=343 2263 498 293 310 19 234 14.999999999999998 3397 1507 4181 1797 18 1640 2895 270 346 213 2669 213 3154 182 1776 6130 17 236 129 41 15.999999999999998 2669 6432
leaf_count=343 2263 498 293 310 19 234 15 3397 1507 4181 1797 18 1640 2895 270 346 213 2669 213 3154 182 1776 6130 17 236 129 41 16 2669 6432
internal_value=0 2.98604e-07 1.65503e-06 1.97425e-06 2.40533e-06 2.78333e-06 3.20547e-06 -2.83444e-07 -4.83217e-07 -6.05904e-07 3.34264e-06 -8.35571e-07 -1.2018e-06 -1.27474e-06 -1.62253e-06 0 -1.83675e-07 1.11798e-07 -5.40758e-07 3.63869e-07 4.68002e-07 0 9.50541e-08 3.25927e-07 -4.33554e-08 -2.54706e-07 -6.16466e-07 -7.33041e-07 -7.94975e-07 4.49354e-07
internal_weight=0 20955 3166 2873 2375 2065 1831 22948 13908 12401 1812 9004 4823 4805 3165 9040 2689 6351 2476 3682 3336 17789 12922 6792 4867 4631 2855 2726 2685 6449
internal_count=43903 20955 3166 2873 2375 2065 1831 22948 13908 12401 1812 9004 4823 4805 3165 9040 2689 6351 2476 3682 3336 17789 12922 6792 4867 4631 2855 2726 2685 6449
is_linear=0
shrinkage=0.03


Tree=5
num_leaves=31
num_cat=0
split_feature=1 5 20 17 17 9 8 22 15 1 0 14 22 27 4 15 15 4 6 15 20 29 15 9 20 10 27 27 26 20
split_gain=3.66612e-06 5.76931e-06 4.28243e-06 2.36549e-06 2.12203e-06 2.72981e-06 2.41207e-06 1.25488e-06 1.23364e-06 9.87198e-07 5.80367e-07 5.42856e-07 3.95305e-07 9.15449e-07 8.94159e-07 4.67971e-07 4.3988e-07 3.6265e-07 3.07682e-07 8.25988e-07 8.10866e-07 5.51337e-07 5.37133e-07 5.49546e-07 4.3437e-07 5.38519e-07 3.04047e-07 2.68143e-07 2.40013e-07 2.19877e-07
threshold=147.34266296582885 0.11800000000000922 10.586497155134653 0.012116119443213337 -0.38366081256158208 0.0030000000000001141 8.751056016958538e-05 0.0005640821644777419 -0.0040861609787543598 147.27528484408489 82.87476983397552 -0.0013064475240694427 -0.00024306288459463536 0.0034484967279770772 -0.09519859754822764 -0.0021977814748951881 0.00021370640037354785 -0.027893425157659937 0.00055758819046815115 0.0012795952179611716 5.6037138952314658 -0.025656825283034656 0.002278962279641306 0.026499999999998639 12.312642477269877 1.0000000180025095e-35 0.0080046496593053351 0.010780074221206885 -0.029697815397188961 -20.596763883676051
decision_type=2 2 2 2 2 2 2 2 2 2 2 2 2 2 2 2 2 2 2 2 2 2 2 2 2 2 2 2 2 2
left_child=1 18 4 12 -3 -6 -7 10 -8 -10 11 -5 14 15 -2 -14 17 27 19 20 21 -1 23 24 25 -20 28 -16 -23 -27
right_child=3 2 -4 7 5 6 8 -9 9 -11 -12 -13 13 -15 16 -17 -18 -19 22 -21 -22 26 -24 -25 -26 29 -28 -29 -30 -31
leaf_value=0 0 0 0 0 0 0 0 0 3.2017744933427664e-06 0 0 -7.7383370131681432e-07 0 0 -8.2228925213942927e-07 4.7552743353522543e-07 0 0 0 0 0 0 0 0 0 0 0 0 5.2693113305627258e-07 -1.0029984211832664e-06
leaf_weight=403 1032 498 323 59 299 88 9.9999999999999982 1384 1879 24 373 9833 93 803 2828 6443 116 450 182 1148 1922 61 237 1360 123 12.999999999999998 47 42 9644 2097
leaf_count=403 1032 498 323 59 299 88 10 1384 1879 24 373 9833 93 803 2828 6443 116 450 182 1148 1922 61 237 1360 123 13 47 42 9644 2097
internal_value=0 2.87309e-07 1.48394e-06 -2.62723e-07 1.95798e-06 2.34394e-06 2.7464e-06 -5.67219e-07 3.00406e-06 3.10729e-06 -6.89303e-07 -7.38821e-07 0 1.6991e-07 -1.79459e-07 3.98084e-07 -5.25434e-07 -6.36371e-07 0 1.28601e-07 2.82248e-07 4.08173e-07 -1.20436e-07 -3.78775e-07 -6.55021e-07 -7.89071e-07 4.73678e-07 -7.63008e-07 5.0364e-07 -9.51854e-07
internal_weight=0 20358 3121 23456 2798 2300 2001 11649 1913 1903 10265 9892 11807 7339 4468 6536 3436 3320 17237 13225 12077 10155 4012 3775 2415 2292 9752 2870 9705 2110
internal_count=43814 20358 3121 23456 2798 2300 2001 11649 1913 1903 10265 9892 11807 7339 4468 6536 3436 3320 17237 13225 12077 10155 4012 3775 2415 2292 9752 2870 9705 2110
is_linear=0
shrinkage=0.03


Tree=6
num_leaves=31
num_cat=0
split_feature=1 0 5 27 20 22 17 15 25 6 1 29 0 6 15 20 5 1 26 6 22 15 22 4 6 27 27 15 10 0
split_gain=4.09182e-06 3.04705e-06 2.9947e-06 3.20975e-06 3.33936e-06 2.02426e-06 1.72331e-06 1.93807e-06 1.19107e-06 1.13162e-06 1.06192e-06 8.48629e-07 1.27245e-06 1.7266e-06 1.2833e-06 7.92297e-07 8.64625e-07 7.02985e-07 1.22126e-06 1.58464e-06 1.18697e-06 1.20312e-06 6.95365e-07 1.68308e-06 1.31805e-06 1.49954e-06 5.65109e-07 8.28146e-07 5.43239e-07 5.106e-07
threshold=147.34266296582885 45.553919523405916 0.15300000000000583 0.01430946960373527 14.4300491026603 0.0005100288918461071 -0.4699400008159052 -0.0040861609787543598 -0.0010624128461239302 0.00033576017729073168 141.72702002061291 0.003856627527866125 30.512374868289196 0.00027388066229190003 0.00020328948316583609 -9.9078150880590368 0.14349999999998889 146.80162992857649 0.035399300220940948 0.00048167605184005205 0.00068187830636658869 -0.00078858016668797981 -0.00039427570272386546 -0.089350228263548603 0.000371903061793338 0.0075176004568764812 0.0028926485261043023 -0.0016676785080162457 0.048499999999990002 83.978582930062274
decision_type=2 2 2 2 2 2 2 2 2 2 2 2 2 2 2 2 2 2 2 2 2 2 2 2 2 2 2 2 2 2
left_child=2 22 11 4 6 8 -4 -8 -3 -10 -9 12 -1 -14 15 -15 -17 18 19 -13 21 -21 23 -2 -25 -26 27 -24 -29 -11
right_child=1 5 3 -5 -6 -7 7 10 9 29 -12 17 13 14 -16 16 -18 -19 -20 20 -22 -23 26 24 25 -27 -28 28 -30 -31
leaf_value=0 0 0 0 0 0 0 0 0 0 -1.1409928831097872e-06 3.6609273125613545e-06 0 0 0 0 1.1287166009378662e-06 0 0 0 0 0 -1.6116038669065893e-06 0 0 -1.9306842639153624e-06 0 0 6.8370777933776653e-07 0 0
leaf_weight=2520 1053 78 186 150 75 1771 20 28 5504 6839 1098 3487 2107 345 1662 4808 77 1001 457 110 296 2044 437 358 1102 84 1038 4944 248 132
leaf_count=2520 1053 78 186 150 75 1771 20 28 5504 6839 1098 3487 2107 345 1662 4808 77 1001 457 110 296 2044 437 358 1102 84 1038 4944 248 132
internal_value=0 -2.75431e-07 3.04107e-07 1.71354e-06 2.30266e-06 -5.62472e-07 2.80302e-06 3.2381e-06 -7.11435e-07 -7.71513e-07 3.49577e-06 2.94622e-08 2.60249e-07 4.62551e-07 7.10513e-07 9.41319e-07 1.04624e-06 0 -3.14561e-07 -5.40087e-07 -1.13531e-06 -1.4007e-06 0 -1.48824e-07 -1.00909e-06 -1.52503e-06 2.9196e-07 4.3739e-07 5.92421e-07 -1.10059e-06
internal_weight=0 23588 20471 1557 1407 14324 1332 1146 12553 12475 1126 18914 11519 8999 6892 5230 4885 7395 6394 5937 2450 2154 9264 2597 1544 1186 6667 5629 5192 6971
internal_count=44059 23588 20471 1557 1407 14324 1332 1146 12553 12475 1126 18914 11519 8999 6892 5230 4885 7395 6394 5937 2450 2154 9264 2597 1544 1186 6667 5629 5192 6971
is_linear=0
shrinkage=0.03


Tree=7
num_leaves=31
num_cat=0
split_feature=2 6 10 6 2 22 20 0 9 0 15 14 7 4 14 10 26 26 26 0 0 6 15 2 2 26 26 3 8 15
split_gain=2.80654e-06 3.28356e-06 2.64918e-06 3.72781e-06 1.61122e-06 2.14342e-06 1.44693e-06 1.46023e-06 2.02443e-06 1.00751e-06 9.35215e-07 9.98037e-07 9.78071e-07 4.05491e-07 2.61588e-07 2.51639e-07 1.75802e-07 1.70986e-07 2.40795e-07 1.88247e-07 1.82419e-07 1.35111e-07 6.09417e-07 3.93804e-07 4.57001e-07 4.21482e-07 4.63521e-07 4.4127e-07 3.89669e-07 6.17484e-07
threshold=147.39270281662547 0.00082146706561526007 0.01899999999999125 0.00056080840160222737 156.52609061637904 0.00040415780245608079 16.288741606549568 30.803772622034867 0.0050000000000096642 9.1954970925569004 -0.0040861609787543598 0.0027148060528157107 0.011499999999998069 0.069408409084347186 -0.00051524040523431836 0.23949999999997831 -0.049981031580679909 0.0053905728754451475 -0.010162040219793117 69.840173545822935 22.22221050092443 0.00053271239631914847 0.0012795952179611716 143.26603706533533 147.08250753891534 -0.034973308764861925 0.033993494119830887 -0.17667533183866621 3.4806822273734737e-05 -0.00078858016668797981
decision_type=2 2 2 2 2 2 2 2 2 2 2 2 2 2 2 2 2 2 2 2 2 2 2 2 2 2 2 2 2 2
left_child=1 21 14 -4 5 9 7 -3 -9 -5 -10 12 -12 15 16 -11 -2 18 -16 20 -20 22 28 -23 25 -25 27 -27 -1 -30
right_child=2 6 3 4 -6 -7 -8 8 10 13 11 -13 -14 -15 17 -17 -18 -19 19 -21 -22 23 -24 24 -26 26 -28 -29 29 -31
leaf_value=0 0 0 0 0 0 0 0 0 0 -2.2127114534589304e-06 0 0 2.4735266496240529e-06 0 0 0 3.3463375394808692e-07 0 0 0 -3.805925004383997e-07 0 0 0 0 0 0 -8.3770801171141036e-07 0 4.4402734458830661e-07
leaf_weight=1996 87 517 4416 36 302 439 83 462 11.999999999999998 2445 76 152 1828 36 1426 9.9999999999999982 2895 5152 72 344 5341 1199 1138 172 355 23 160 2792 1930 7996
leaf_count=1996 87 517 4416 36 302 439 83 462 12 2445 76 152 1828 36 1426 10 2895 5152 72 344 5341 1199 1138 172 355 23 160 2792 1930 7996
internal_value=0 2.36764e-07 -2.42695e-07 -6.97564e-07 -1.47333e-06 -1.69724e-06 1.14816e-06 1.33475e-06 1.63249e-06 -2.03577e-06 2.03503e-06 2.1389e-06 2.32633e-06 -2.13735e-06 0 -2.18721e-06 2.35914e-07 -7.50401e-08 -1.76333e-07 -2.76474e-07 -3.35551e-07 0 9.64925e-08 0 -3.18124e-07 -4.93266e-07 -6.20387e-07 -7.44947e-07 2.37075e-07 3.20683e-07
internal_weight=0 20891 23001 7684 3268 2966 3130 3047 2530 2527 2068 2056 1904 2491 15317 2455 2982 12335 7183 5757 5413 17761 13060 4701 3502 3147 2975 2815 11922 9926
internal_count=43892 20891 23001 7684 3268 2966 3130 3047 2530 2527 2068 2056 1904 2491 15317 2455 2982 12335 7183 5757 5413 17761 13060 4701 3502 3147 2975 2815 11922 9926
is_linear=0
shrinkage=0.03


Tree=8
num_leaves=31
num_cat=0
split_feature=2 5 1 20 14 4 6 20 1 6 1 6 14 10 9 16 16 25 5 4 7 0 29 5 0 2 4 22 0 6
split_gain=2.56754e-06 1.87337e-06 3.12913e-06 2.13165e-06 2.21645e-06 9.94695e-07 1.70051e-06 1.97036e-06 6.47726e-07 6.45957e-07 3.21599e-07 1.11075e-06 1.6479e-06 2.04285e-06 1.09064e-06 1.2982e-06 6.44939e-07 6.96284e-07 8.52057e-07 4.36278e-07 4.07734e-07 1.65682e-07 1.63514e-07 3.21937e-07 5.92675e-07 2.66436e-07 1.42083e-07 7.42668e-07 7.89935e-07 5.86587e-07
threshold=149.68429442271727 0.15300000000000583 147.72622804576733 11.16818935786363 0.0027148060528157107 -0.10598730488353257 0.00060447517248682218 -6.4109659765847047 141.72702002061291 0.0010629162945603274 143.60608135331958 0.00055391248606942878 0.0012127820509801881 0.027000000000001027 0.053000000000011489 0.00039793840523182501 0.00034515055680957638 -0.00059258122064336221 0.038499999999999097 0.17108615808236291 0.0045000000000072768 88.836021268986812 0.014310321597175222 0.03799999999999671 33.743879938904769 143.69183518184676 -0.0048251240713545716 0.000373602228199531 39.01429296038895 0.00017250692044530676
decision_type=2 2 2 2 2 2 2 2 2 2 2 2 2 2 2 2 2 2 2 2 2 2 2 2 2 2 2 2 2 2
left_child=1 10 3 4 8 -2 26 -8 -3 -10 16 22 13 -13 15 -15 17 -1 -19 20 -20 -9 23 -12 -25 -26 -7 28 -28 -30
right_child=5 2 -4 -5 -6 6 7 21 9 -11 11 12 -14 14 -16 -17 -18 18 19 -21 -22 -23 -24 24 25 -27 27 -29 29 -31
leaf_value=0 0 0 0 0 0 0 0 -1.8403302295858616e-06 0 2.7932369544436939e-06 0 0 0 -1.9184625363097947e-06 0 0 0 0 0 0 1.1324791154116369e-06 0 0 0 0 3.7874617520210881e-07 0 0 0 -7.9922314795639963e-07
leaf_weight=1096 529 27 456 177 144 3872 579 1818 39 1292 4958 3534 726 1758 141 165 693 855 210 32 2357 20 2428 1967 174 8440 733 1036 477 3186
leaf_count=1096 529 27 456 177 144 3872 579 1818 39 1292 4958 3534 726 1758 141 165 693 855 210 32 2357 20 2428 1967 174 8440 733 1036 477 3186
internal_value=0 1.25819e-07 1.01217e-06 1.72624e-06 2.14669e-06 -3.84329e-07 -4.80367e-07 -1.32369e-06 2.56236e-06 2.67148e-06 0 0 -3.97462e-07 -6.65879e-07 -1.44682e-06 -1.66047e-06 2.34955e-07 4.3724e-07 6.58229e-07 9.33186e-07 1.01718e-06 -1.80799e-06 5.85482e-09 9.75197e-08 2.03345e-07 3.35729e-07 0 -1.5343e-07 -4.25596e-07 -6.41451e-07
internal_weight=0 31669 2135 1679 1502 12250 11721 2417 1358 1331 29534 24291 6324 5598 2064 1923 5243 4550 3454 2599 2567 1838 17967 15539 10581 8614 9304 5432 4396 3663
internal_count=43919 31669 2135 1679 1502 12250 11721 2417 1358 1331 29534 24291 6324 5598 2064 1923 5243 4550 3454 2599 2567 1838 17967 15539 10581 8614 9304 5432 4396 3663
is_linear=0
shrinkage=0.03


Tree=9
num_leaves=31
num_cat=0
split_feature=1 6 26 9 17 22 4 3 0 0 12 26 10 20 20 20 27 4 8 14 4 6 13 3 22 4 6 9 25 22
split_gain=3.44843e-06 3.203e-06 2.28912e-06 2.12369e-06 1.85514e-06 1.61471e-06 1.0835e-06 1.05466e-06 1.17988e-06 8.42007e-07 5.27957e-07 4.24778e-07 5.63855e-07 8.4924e-07 6.5286e-07 4.22733e-07 4.1164e-07 4.31762e-07 3.15531e-07 2.31945e-07 1.61014e-07 6.23558e-07 1.1197e-06 5.11312e-07 4.94833e-07 4.36672e-07 7.74687e-07 1.31584e-06 3.43911e-07 2.38264e-07
threshold=147.34266296582885 0.00082146706561526007 -0.049981031580679909 0.084499999999991374 0.012116119443213337 0.0005100288918461071 -0.010048953044876189 -0.091295026775739516 30.207125643117902 82.87476983397552 -0.00065374167179038645 0.0032992103233252597 0.028000000000005801 5.6037138952314658 -13.739102420634323 -11.169194661261516 0.0091163884010404279 0.17108615808236291 5.5614452811939481e-05 0.0017627449961648003 -0.026095613190264308 0.0013485644871177921 4.1441902104755186e-05 -0.0014581946026765988 -0.00035501239279463529 -0.089350228263548603 0.00040629348632791924 0.043999999999996937 -0.00135808883786371 -0.00012428891271861904
decision_type=2 2 2 2 2 2 2 2 2 2 2 2 2 2 2 2 2 2 2 2 2 2 2 2 2 2 2 2 2 2
left_child=1 11 -3 7 20 6 -6 -4 -9 10 -8 12 13 14 -1 -12 17 -16 -10 -17 25 22 23 24 -22 -2 -27 29 -26 -28
right_child=4 2 3 -5 5 -7 9 8 18 -11 15 -13 -14 -15 16 19 -18 -19 -20 -21 21 -23 -24 -25 28 26 27 -29 -30 -31
leaf_value=0 0 0 0 0 0 0 0 0 0 0 0 0 0 0 6.6634711622267808e-07 -9.9236860400277451e-07 0 0 2.3867650942784841e-06 0 0 0 0 0 0 0 -1.1968451125854028e-06 0 1.073660896662006e-06 0
leaf_weight=195 1142 134 480 264 2362 1725 74 178 24 288 214 7066 1809 1384 6758 6878 60 25 2001 124 54 137 2107 2194 71 1475 1738 331 2540 10.999999999999998
leaf_count=195 1142 134 480 264 2362 1725 74 178 24 288 214 7066 1809 1384 6758 6878 60 25 2001 124 54 137 2107 2194 71 1475 1738 331 2540 11
internal_value=0 3.32303e-07 1.29072e-06 1.56229e-06 -1.90698e-07 -4.65062e-07 -6.32468e-07 1.84208e-06 2.13622e-06 -8.08316e-07 -8.84951e-07 0 1.93304e-07 3.25034e-07 4.84787e-07 -9.25751e-07 5.72346e-07 6.2056e-07 2.34284e-06 -9.68268e-07 0 1.42436e-07 3.18196e-07 5.93754e-07 9.03016e-07 -1.30924e-08 -3.32826e-07 -7.24229e-07 1.00143e-06 -1.14054e-06
internal_weight=0 20378 3081 2947 23465 11665 9940 2683 2203 7578 7290 17297 10231 8422 7038 7216 6843 6783 2025 7002 11800 7103 6966 4859 2665 4697 3555 2080 2611 1749
internal_count=43843 20378 3081 2947 23465 11665 9940 2683 2203 7578 7290 17297 10231 8422 7038 7216 6843 6783 2025 7002 11800 7103 6966 4859 2665 4697 3555 2080 2611 1749
is_linear=0
shrinkage=0.03


Tree=10
num_leaves=31
num_cat=0
split_feature=2 5 14 0 13 13 20 1 3 4 6 2 2 0 29 1 26 29 2 7 20 16 15 5 27 27 15 0 17 26
split_gain=1.99565e-06 3.83527e-06 3.85722e-06 4.16318e-06 2.43719e-06 1.44281e-06 2.08918e-06 9.79042e-07 9.09177e-07 9.8184e-07 1.26676e-06 6.00975e-07 5.7844e-07 1.09079e-06 5.70046e-07 7.11602e-07 1.82963e-06 1.36467e-06 1.8242e-06 7.72741e-07 6.16994e-07 6.64945e-07 8.91364e-07 2.17495e-06 9.19913e-07 5.40487e-07 1.00309e-07 1.67105e-06 6.6126e-07 4.83535e-07
threshold=147.39270281662547 0.16400000000000151 0.0033702388748331207 34.501585398028361 8.1227345186674085e-05 0.0023110447432109775 16.288741606549568 142.02489176562989 -0.091295026775739516 0.078462010944340785 0.00032935444044544126 147.51051110458016 156.52609061637904 82.87476983397552 0.003856627527866125 146.80162992857649 0.033993494119830887 0.013293074761093563 142.82024775466087 0.0040000000000048894 4.3183791667270777 -0.00034370287586314084 -0.00093531077464620294 0.044499999999999325 -0.0018546734502067409 -0.017445912442027981 -0.0021260279266716027 39.01429296038895 -0.60794759671581555 -0.0055495753112341116
decision_type=2 2 2 2 2 2 2 2 2 2 2 2 2 2 2 2 2 2 2 2 2 2 2 2 2 2 2 2 2 2
left_child=1 14 3 -3 26 6 7 -5 -6 10 -10 -12 13 -13 20 16 17 -16 -19 -20 21 -1 -23 -24 -25 -9 -2 28 -28 -30
right_child=4 2 -4 5 8 -7 -8 25 9 -11 11 12 -14 -15 15 -17 -18 18 19 -21 -22 22 23 24 -26 -27 27 -29 29 -31
leaf_value=0 0 0 0 0 0 0 0 0 0 0 0 -1.3480155182169851e-06 0 0 0 0 0 0 0 -1.7692985767187276e-06 0 0 0 0 1.4860738740579184e-06 4.6293543818259872e-06 0 0 9.7109632112679978e-07 0
leaf_weight=1306 828 299 85 26 471 43 38 48 3372 731 221 4305 528 166 3461 1200 554 458 132 1871 2864 2272 2373 746 2377 759 348 8351 2783 845
leaf_count=1306 828 299 85 26 471 43 38 48 3372 731 221 4305 528 166 3461 1200 554 458 132 1871 2864 2272 2373 746 2377 759 348 8351 2783 845
internal_value=0 2.24262e-07 1.8626e-06 2.56399e-06 -1.80095e-07 3.58097e-06 3.86614e-06 4.22916e-06 -5.47683e-07 -6.34726e-07 -7.34846e-07 -1.05225e-06 -1.12444e-06 -1.23698e-06 0 -2.49266e-08 -3.15642e-07 -6.22096e-07 -1.19595e-06 -1.60528e-06 2.06339e-07 3.42358e-07 4.62552e-07 6.69599e-07 1.18988e-06 4.42195e-06 0 8.55779e-08 6.33208e-07 7.76817e-07
internal_weight=0 20912 1298 1213 22949 914 871 833 9794 9323 8592 5220 4999 4471 19614 7676 6476 5922 2461 2003 11938 9074 7768 5496 3123 807 13155 12327 3976 3628
internal_count=43861 20912 1298 1213 22949 914 871 833 9794 9323 8592 5220 4999 4471 19614 7676 6476 5922 2461 2003 11938 9074 7768 5496 3123 807 13155 12327 3976 3628
is_linear=0
shrinkage=0.03


Tree=11
num_leaves=30
num_cat=0
split_feature=12 26 6 22 1 1 9 27 22 2 14 25 25 0 12 0 10 4 4 2 17 0 5 10 1 9 1 27 9
split_gain=1.56482e-06 3.38311e-06 2.52939e-06 4.4287e-06 4.203e-06 2.39894e-06 1.88502e-06 1.55942e-06 1.43942e-06 1.07033e-06 9.49915e-07 8.67191e-07 1.03755e-06 6.26789e-07 6.9053e-07 5.6286e-07 4.53897e-07 4.36935e-07 4.24243e-07 4.20821e-07 4.51418e-07 3.17202e-07 4.41249e-07 2.3097e-07 1.76329e-07 1.208e-07 4.97645e-07 3.93008e-07 5.77854e-08
threshold=-0.00068303723968815555 -0.049981031580679909 0.00055758819046815115 0.0005100288918461071 142.71198701110634 156.54434028049056 0.041000000000011035 -0.0060999264686280386 0.0012354378071374754 149.22782629519398 0.0027148060528157107 2.611635250251174e-05 0.00081864000996184139 54.799976984011202 6.7232766864933083e-05 78.242647269260274 0.039000000000001485 0.059217994419803341 -0.16409875110656644 157.27666553932281 -0.81609005814886182 39.633564924718655 0.033500000000003645 0.1540000000000106 141.72702002061291 0.0074999999999931797 147.64896914353994 0.011619980695370223 0.11599999999999967
decision_type=2 2 2 2 2 2 2 2 2 2 2 2 2 2 2 2 2 2 2 2 2 2 2 2 2 2 2 2 2
left_child=1 -1 11 4 -4 6 7 -6 9 10 23 13 16 14 18 -9 17 21 -2 20 -20 -13 -23 24 -3 -5 27 28 -27
right_child=2 8 3 25 5 -7 -8 15 -10 -11 -12 12 -14 -15 -16 -17 -18 -19 19 -21 -22 22 -24 -25 -26 26 -28 -29 -30
leaf_value=0 0 0 0 0 0 0 0 -1.6658523237775502e-06 0 0 0 0 0 0 0 0 0 0 0 0 5.7132450530326828e-07 0 -5.7763422168128896e-07 0 2.8349365355687303e-06 1.0852276541946081e-06 0 0 0
leaf_weight=113 52 20 741 340 856 408 2208 5819 34 404 14.999999999999998 225 3089 1187 4073 139 455 1154 77 542 9225 2690 7612 10.999999999999998 945 817 508 46 18
leaf_count=113 52 20 741 340 856 408 2208 5819 34 404 15 225 3089 1187 4073 139 455 1154 77 542 9225 2690 7612 11 945 817 508 46 18
internal_value=0 8.33202e-07 -8.93802e-08 -4.68701e-07 -8.05545e-07 -1.0493e-06 -1.17903e-06 -1.44552e-06 1.69697e-06 1.96938e-06 2.53602e-06 0 -8.94102e-08 2.08483e-07 2.95873e-07 -1.62028e-06 -2.94911e-07 -3.54023e-07 4.31707e-07 4.75544e-07 5.29182e-07 -4.20031e-07 -4.5606e-07 2.72141e-06 2.77595e-06 0 2.79761e-07 7.94802e-07 1.04406e-06
internal_weight=0 1542 42281 11900 10171 9430 9022 6814 1429 1395 991 30381 15225 15156 13969 5958 12136 11681 9896 9844 9302 10527 10302 976 965 1729 1389 881 835
internal_count=43823 1542 42281 11900 10171 9430 9022 6814 1429 1395 991 30381 15225 15156 13969 5958 12136 11681 9896 9844 9302 10527 10302 976 965 1729 1389 881 835
is_linear=0
shrinkage=0.03


Tree=12
num_leaves=31
num_cat=0
split_feature=2 6 12 6 25 20 14 14 8 20 10 17 1 17 29 20 20 1 26 1 26 6 3 8 6 17 3 4 17 4
split_gain=2.05362e-06 2.28441e-06 2.39734e-06 2.11288e-06 1.9265e-06 2.62322e-06 2.53461e-06 2.60306e-06 1.36493e-06 9.71092e-07 8.38102e-07 8.02747e-07 5.69689e-07 5.0485e-07 4.89064e-08 5.53567e-07 5.23343e-07 4.03723e-07 5.66957e-07 7.85512e-07 9.71998e-07 2.91593e-07 1.99062e-07 1.98631e-07 1.86532e-07 2.03341e-08 6.18203e-07 6.0287e-07 3.75467e-07 1.16579e-07
threshold=147.43713568194781 0.00056080840160222737 -0.00054943228142678702 0.00081326316997875757 -0.0018295019763643384 11.862510135695265 0.0027148060528157107 -0.0013432545836334906 5.5614452811939481e-05 -4.3814668062618152 0.013499999999993408 -0.81609005814886182 140.7065367287052 0.70534398040224977 0.003856627527866125 5.0387176712671691 -9.2612077140136986 146.80162992857649 0.0052108217467567207 140.85636019043145 0.035399300220940948 0.0002146810250922415 0.11834093302762484 3.4806822273734737e-05 0.00010477270096063549 0.012116119443213337 0.088673645003069637 -0.0043885130427356945 0.73807221750716956 0.099039434440380131
decision_type=2 2 2 2 2 2 2 2 2 2 2 2 2 2 2 2 2 2 2 2 2 2 2 2 2 2 2 2 2 2
left_child=3 25 -3 14 -5 6 7 -6 -9 -4 -11 -12 -10 -13 15 16 -1 18 -16 -20 21 -21 23 -18 -25 -2 27 -27 29 -29
right_child=1 2 9 4 5 -7 -8 8 12 10 11 13 -14 -15 17 -17 22 -19 19 20 -22 -23 -24 24 -26 26 -28 28 -30 -31
leaf_value=0 0 0 0 0 0 0 0 0 0 0 0 -1.8215409914349338e-06 2.5675753072626489e-06 0 0 0 0 0 0 0 0 -8.5267509735793769e-07 0 0 4.83587795095509e-07 0 0 -5.2866242686749958e-07 0 0
leaf_weight=782 8049 1163 901 453 302 240 181 48 27 1475 21 2406 2009 43 1185 2196 1270 1229 102 424 317 3738 92 120 6581 2083 674 5582 146 13.999999999999998
leaf_count=782 8049 1163 901 453 302 240 181 48 27 1475 21 2406 2009 43 1185 2196 1270 1229 102 424 317 3738 92 120 6581 2083 674 5582 146 14
internal_value=0 -2.0681e-07 -7.0901e-07 2.0368e-07 9.24277e-07 1.26879e-06 1.63707e-06 1.95941e-06 2.34942e-06 -1.03371e-06 -1.2386e-06 -1.66e-06 2.50064e-06 -1.75335e-06 0 6.3139e-08 2.47593e-07 0 -2.51028e-07 -4.36691e-07 -5.94035e-07 -7.68073e-07 3.5449e-07 3.86768e-07 4.52346e-07 0 -4.64031e-08 -2.71e-07 -4.41106e-07 -5.09937e-07
internal_weight=0 22557 6009 21296 3260 2807 2567 2386 2084 4846 3945 2470 2036 2449 18036 11041 8845 6995 5766 4581 4479 4162 8063 7971 6701 16548 8499 7825 5742 5596
internal_count=43853 22557 6009 21296 3260 2807 2567 2386 2084 4846 3945 2470 2036 2449 18036 11041 8845 6995 5766 4581 4479 4162 8063 7971 6701 16548 8499 7825 5742 5596
is_linear=0
shrinkage=0.03


Tree=13
num_leaves=31
num_cat=0
split_feature=1 6 20 6 20 25 27 10 0 29 10 10 7 0 6 24 24 2 15 6 29 0 0 10 3 3 0 0 10 3
split_gain=3.96823e-06 3.83061e-06 5.18e-06 2.32336e-06 1.54224e-06 1.24271e-06 1.1734e-06 7.85745e-07 9.47522e-07 6.05526e-07 7.71286e-07 6.14072e-07 6.04418e-07 5.74064e-07 1.26554e-06 9.56315e-07 5.15851e-07 1.38919e-06 7.57857e-07 7.21325e-07 7.88568e-07 3.25446e-07 1.97835e-07 1.69484e-07 8.83208e-08 6.92421e-07 3.75932e-07 4.1663e-07 2.32959e-08 1.53718e-08
threshold=147.34266296582885 0.0010629162945603274 3.8183017377377522 0.00056080840160222737 -7.1509298867244864 -0.0023517154061079779 0.012694894043871101 0.017000000000010122 17.034379955513682 0.0094038357832025941 0.029000000000010576 0.0024999999999977267 0.0090000000000003428 27.247946008958866 0.0002146810250922415 -0.00094225653273798126 0.00083278533201503293 146.80225637806691 -0.00058320622488322582 0.00023478899091033031 0.055508532965514522 86.903610875358495 20.994418171047347 0.24899999999999525 -0.0014581946026765988 0.088673645003069637 42.79474674396446 82.029982818162921 0.01899999999999125 -0.059392971959255185
decision_type=2 2 2 2 2 2 2 2 2 2 2 2 2 2 2 2 2 2 2 2 2 2 2 2 2 2 2 2 2 2
left_child=1 9 5 24 -5 -3 12 -6 -9 10 11 -1 -7 -13 -15 -16 17 18 -11 -20 -21 23 -14 28 29 26 -26 -28 -10 -2
right_child=3 2 -4 4 7 6 -8 8 21 16 -12 13 22 14 15 -17 -18 -19 19 20 -22 -23 -24 -25 25 -27 27 -29 -30 -31
leaf_value=0 0 0 0 0 0 0 0 0 0 0 0 0 0 0 0 8.1936009224095548e-07 0 0 0 -1.1154957804996979e-06 0 0 4.0504042540959279e-06 0 0 0 -4.2887991211059345e-07 0 -1.6919225426778458e-06 4.7811245564403675e-08
leaf_weight=2887 1471 159 497 1126 2226 11.999999999999998 43 98 84 97 2474 1040 35 1083 161 6417 764 549 336 3018 23 38 770 9.9999999999999982 1019 716 7698 366 2602 6052
leaf_count=2887 1471 159 497 1126 2226 12 43 98 84 97 2474 1040 35 1083 161 6417 764 549 336 3018 23 38 770 10 1019 716 7698 366 2602 6052
internal_value=0 2.82739e-07 1.82969e-06 -2.87534e-07 -8.07704e-07 3.09113e-06 3.55272e-06 -1.03539e-06 -1.47117e-06 0 1.96862e-07 3.27004e-07 3.81817e-06 4.53792e-07 5.48928e-07 7.23933e-07 0 -3.39706e-07 -7.0251e-07 -8.42416e-07 -1.00077e-06 -1.59806e-06 3.93337e-06 -1.64269e-06 0 -9.00657e-08 -2.78136e-07 -3.59293e-07 -1.66291e-06 0
internal_weight=0 20365 1516 23506 6184 1019 860 5058 2832 18849 14062 11588 817 8701 7661 6578 4787 4023 3474 3377 3041 2734 805 2696 17322 9799 9083 8064 2686 7523
internal_count=43871 20365 1516 23506 6184 1019 860 5058 2832 18849 14062 11588 817 8701 7661 6578 4787 4023 3474 3377 3041 2734 805 2696 17322 9799 9083 8064 2686 7523
is_linear=0
shrinkage=0.03


Tree=14
num_leaves=31
num_cat=0
split_feature=2 6 13 9 9 13 0 27 4 4 6 20 0 2 20 6 15 20 6 29 15 15 26 22 26 20 22 3 25 26
split_gain=1.86898e-06 3.56994e-06 3.1934e-06 4.49319e-06 2.57379e-06 1.7933e-06 1.3822e-06 1.15306e-06 1.0864e-06 9.67849e-07 1.00133e-06 8.55999e-07 5.20193e-07 6.38425e-07 2.93894e-07 8.14499e-08 4.99918e-07 6.0271e-07 4.73314e-07 7.75804e-07 1.06498e-06 4.30416e-07 4.10908e-07 1.23133e-07 1.25621e-07 8.99389e-08 5.6191e-08 1.37094e-06 9.81895e-07 6.45339e-07
threshold=147.40926282329264 0.00082146706561526007 -0.00012744450295115725 0.084499999999991374 0.0090000000000003428 8.1227345186674085e-05 23.311840279797945 0.017207134694386093 0.078462010944340785 -0.1267058681482508 0.00019387553869571194 -12.66671407626116 86.903610875358495 147.51051110458016 -12.297552720143694 0.00056080840160222737 0.0012795952179611716 5.6037138952314658 0.00022017543611564951 0.015213892324707217 -0.0011926756313204165 0.002187739933662503 -0.022723558675008571 -0.0011911084139593902 0.035399300220940948 -20.596763883676051 -0.00030984699530719242 -0.0014581946026765988 -0.0013149577547168633 0.019558640022564147
decision_type=2 2 2 2 2 2 2 2 2 2 2 2 2 2 2 2 2 2 2 2 2 2 2 2 2 2 2 2 2 2
left_child=1 15 -3 4 -4 26 -6 11 9 -7 -11 -8 13 -12 -15 16 17 18 -1 20 -20 22 -17 -24 25 -25 -2 28 -28 -30
right_child=5 2 3 -5 6 8 7 -9 -10 10 12 -13 -14 14 -16 21 -18 -19 19 -21 -22 -23 23 24 -26 -27 27 -29 29 -31
leaf_value=0 0 0 0 0 0 0 0 0 0 0 0 3.8712159360761691e-06 0 0 -9.3189456231070978e-07 0 0 0 0 0 6.8869825091510642e-07 0 0 0 0 -5.8156277893275897e-07 0 0 8.3644046695772394e-07 0
leaf_weight=2133 2589 1443 368 177 15.999999999999998 246 11.999999999999998 55 715 969 257 1099 179 49 7348 503 1235 2052 1134 712 6632 275 21 13.999999999999998 65 3148 109 6302 3929 129
leaf_count=2133 2589 1443 368 177 16 246 12 55 715 969 257 1099 179 49 7348 503 1235 2052 1134 712 6632 275 21 14 65 3148 109 6302 3929 129
internal_value=0 2.14665e-07 1.14897e-06 2.02169e-06 2.67632e-06 -1.7639e-07 3.36929e-06 3.54608e-06 -4.87894e-07 -6.0408e-07 -6.88529e-07 3.75913e-06 -8.0484e-07 -8.50931e-07 -9.0935e-07 0 7.12653e-08 2.02743e-07 3.16502e-07 4.19072e-07 5.30687e-07 -2.59922e-08 -3.22482e-07 -4.8369e-07 -5.19441e-07 -5.57781e-07 0 6.95024e-08 5.55183e-07 7.30938e-07
internal_weight=0 21094 3170 1727 1550 22821 1182 1166 9763 9048 8802 1111 7833 7654 7397 17924 13898 12663 10611 8478 7766 4026 3751 3248 3227 3162 13058 10469 4167 4058
internal_count=43915 21094 3170 1727 1550 22821 1182 1166 9763 9048 8802 1111 7833 7654 7397 17924 13898 12663 10611 8478 7766 4026 3751 3248 3227 3162 13058 10469 4167 4058
is_linear=0
shrinkage=0.03


Tree=15
num_leaves=27
num_cat=0
split_feature=2 10 4 6 4 29 10 1 4 10 26 20 29 15 12 6 10 29 4 0 7 0 6 29 25 7
split_gain=1.5775e-06 1.83112e-06 3.10579e-06 2.41036e-06 4.2745e-06 3.54787e-06 2.43797e-06 1.09006e-06 9.1623e-07 1.15442e-06 8.52697e-07 1.45095e-06 1.06808e-06 1.08417e-06 9.5639e-07 6.14006e-07 5.78683e-07 7.08034e-07 4.20085e-07 1.85809e-07 2.08048e-07 1.55705e-07 1.32768e-07 4.90264e-07 6.57922e-07 3.08826e-07
threshold=143.19781421060244 0.02449999999998909 0.05238531942246849 0.00055758819046815115 -0.1528675007770057 0.042892448505560905 0.027500000000003414 156.54434028049056 0.17108615808236291 0.0019999999999953393 -0.0055495753112341116 5.0387176712671691 -0.047490252805294765 -7.6816983747507437e-05 0.00024693951847021284 0.00020523139091360647 0.064000000000007176 -0.039691068462380234 -0.18072690928335775 14.183258529082027 0.0030000000000001141 86.903610875358495 0.00042566955214811509 0.013794862260401906 -0.0009326644651101464 0.0035000000000025015
decision_type=2 2 2 2 2 2 2 2 2 2 2 2 2 2 2 2 2 2 2 2 2 2 2 2 2 2
left_child=8 10 3 -3 -5 6 -6 -8 9 -1 11 12 -2 14 18 -11 17 -17 -14 -19 -21 22 -12 -24 -25 -26
right_child=1 2 -4 4 5 -7 7 -9 -10 15 21 -13 13 -15 -16 16 -18 19 -20 20 -22 -23 23 24 25 -27
leaf_value=0 0 0 0 0 0 0 -2.2891308401864157e-06 0 0 0 0 0 0 0 0 0 0 0 8.9035780149942609e-07 0 1.3296855395153763e-06 0 0 0 0 -8.4920370353238482e-07
leaf_weight=664 171 3919 1667 300 375 105 3247 150 53 289 12338 1776 19 1093 445 60 169 13.999999999999998 6538 157 2919 367 4685 100 36 2270
leaf_count=664 171 3919 1667 300 375 105 3247 150 53 289 12338 1776 19 1093 445 60 169 14 6538 157 2919 367 4685 100 36 2270
internal_value=0 -6.87731e-08 -4.33571e-07 -7.5627e-07 -1.27589e-06 -1.65713e-06 -1.91547e-06 -2.17254e-06 5.33808e-07 6.93908e-07 0 2.64263e-07 4.92763e-07 6.05551e-07 7.50522e-07 9.26325e-07 1.04847e-06 1.15048e-06 8.56026e-07 1.2472e-06 1.27159e-06 -5.78015e-08 -1.03037e-07 -2.14336e-07 -5.64601e-07 -7.677e-07
internal_weight=0 39601 9763 8096 4177 3877 3772 3397 4325 4272 29838 10042 8266 8095 7002 3608 3319 3150 6557 3090 3076 19796 19429 7091 2406 2306
internal_count=43926 39601 9763 8096 4177 3877 3772 3397 4325 4272 29838 10042 8266 8095 7002 3608 3319 3150 6557 3090 3076 19796 19429 7091 2406 2306
is_linear=0
shrinkage=0.03


Tree=16
num_leaves=29
num_cat=0
split_feature=2 27 4 12 8 4 4 0 29 6 29 10 26 15 12 1 4 4 2 20 4 26 0 20 10 22 1 2
split_gain=2.03483e-06 1.87276e-06 1.37207e-06 1.231e-06 6.94074e-07 6.15812e-07 5.54631e-07 5.46639e-07 5.6428e-07 6.51643e-07 6.23289e-07 5.022e-07 1.64247e-06 1.15002e-06 1.3534e-06 1.03458e-06 9.86706e-07 8.50551e-07 2.19349e-06 1.5625e-06 1.30908e-06 1.06366e-06 3.67229e-07 2.27885e-07 2.20333e-07 1.58214e-07 4.43635e-09 6.08207e-08
threshold=143.19781421060244 0.0028407269858415321 0.029598610966854153 0.00018506091807168892 2.0330437376506828e-05 -0.16409875110656644 0.17108615808236291 14.183258529082027 0.066295626834333266 0.00029781039602335622 -0.054702536309999092 0.02449999999998909 -0.0055495753112341116 -9.6344022218641787e-05 8.5357287847531729e-05 143.43816109900456 0.067798444886861417 0.032030569382581607 153.29008125017779 0.93417843287254609 -0.18072690928335775 0.049984847657803803 83.978582930062274 -11.169194661261516 0.0019999999999953393 -0.0013177925804078046 150.04120967458047 144.24407623025726
decision_type=2 2 2 2 2 2 2 2 2 2 2 2 2 2 2 2 2 2 2 2 2 2 2 2 2 2 2 2
left_child=3 11 4 6 -3 -6 7 -1 9 -9 -11 12 13 14 15 -2 -17 18 19 20 -13 -22 23 -7 -12 -25 27 -19
right_child=1 2 -4 -5 5 22 -8 8 -10 10 24 17 -14 -15 -16 16 -18 26 -20 -21 21 -23 -24 25 -26 -27 -28 -29
leaf_value=0 0 0 0 0 0 0 0 0 0 0 0 0 0 0 0 1.0779423879781672e-06 0 0 0 0 -1.5012474969288665e-06 0 0 0 1.719485924706683e-06 -8.4798916758126657e-07 0 2.0895735514033719e-07
leaf_weight=30 103 278 1422 1189 284 22 37 885 17 18 205 41 15424 1272 1251 5154 272 261 955 1408 2793 25 57 18 1948 6677 598 1345
leaf_count=30 103 278 1422 1189 284 22 37 885 17 18 205 41 15424 1272 1251 5154 272 261 955 1408 2793 25 57 18 1948 6677 598 1345
internal_value=0 -2.46841e-08 -4.41824e-07 6.46103e-07 -6.3354e-07 -7.11116e-07 9.63504e-07 1.04894e-06 1.12743e-06 1.20181e-06 1.51764e-06 0 1.36654e-07 4.87881e-07 6.59802e-07 8.6841e-07 9.69563e-07 -4.2761e-08 -3.86249e-07 -8.03255e-07 -1.20616e-06 -1.37625e-06 -7.80194e-07 -8.14292e-07 1.60718e-06 -8.34197e-07 0 4.98595e-08
internal_weight=0 39660 8758 4329 7336 7058 3140 3103 3073 3056 2171 30902 23476 8052 6780 5529 5426 7426 5222 4267 2859 2818 6774 6717 2153 6695 2204 1606
internal_count=43989 39660 8758 4329 7336 7058 3140 3103 3073 3056 2171 30902 23476 8052 6780 5529 5426 7426 5222 4267 2859 2818 6774 6717 2153 6695 2204 1606
is_linear=0
shrinkage=0.03


Tree=17
num_leaves=27
num_cat=0
split_feature=1 6 12 3 2 12 6 17 4 4 26 10 29 29 26 9 9 25 12 26 29 13 15 12 29 7
split_gain=1.86504e-06 1.47298e-06 2.86917e-06 3.12048e-06 2.08994e-06 9.91707e-07 1.27673e-06 1.0216e-06 9.22208e-07 8.23463e-07 6.63878e-07 1.2396e-06 6.61614e-07 4.47969e-07 2.75114e-07 2.93885e-07 3.32436e-07 2.16123e-07 2.56764e-07 2.49563e-07 1.98084e-07 2.39109e-07 2.9073e-07 3.32509e-07 9.02259e-08 1.20203e-10
threshold=143.60608135331958 0.00055758819046815115 -0.00080253818845193992 0.063507391653601544 156.52609061637904 0.00018506091807168892 0.00035096888371516415 -0.38366081256158208 -0.16409875110656644 0.17108615808236291 0.045060885754479772 0.027000000000001027 -0.042886946526178173 0.066295626834333266 -0.0075369786175016234 0.03249999999999887 0.010500000000007505 0.0015003976712130087 0.00041794766451097592 -0.0070471329549571657 -0.037165167430695638 0.00030164962555578883 -9.6344022218641787e-05 0.00018928641401416704 -0.0023924518497884769 0.18300000000000696
decision_type=2 2 2 2 2 2 2 2 2 2 2 2 2 2 2 2 2 2 2 2 2 2 2 2 2 2
left_child=5 14 25 4 8 6 -1 -8 -4 12 11 -10 -9 -14 20 16 -16 18 19 -18 -2 22 23 24 -22 -3
right_child=1 2 3 -5 -6 -7 7 9 10 -11 -12 -13 13 -15 15 -17 17 -19 -20 -21 21 -23 -24 -25 -26 -27
leaf_value=0 0 1.3349015693329626e-08 0 0 0 0 0 0 -2.8007376732218973e-08 0 0 -1.9937154972039476e-06 1.6456299042913146e-06 0 0 0 0 0 0 -4.3124821876357733e-07 4.8050921270241335e-07 0 0 0 0 0
leaf_weight=1544 205 607 300 1759 434 1560 470 10.999999999999998 4659 41 157 3042 2011 17 10144 1647 120 220 48 7403 4852 718 811 636 216 213
leaf_count=1544 205 607 300 1759 434 1560 470 11 4659 41 157 3042 2011 17 10144 1647 120 220 48 7403 4852 718 811 636 216 213
internal_value=0 -1.58155e-07 -4.51867e-07 -6.85438e-07 -9.44919e-07 3.63108e-07 6.32528e-07 1.04543e-06 -1.0821e-06 1.33488e-06 -1.14946e-06 -1.19406e-06 1.47688e-06 1.5769e-06 0 -9.12069e-08 -1.5437e-07 -3.05383e-07 -3.48797e-07 -3.91348e-07 1.06715e-07 1.90678e-07 2.70916e-07 3.60142e-07 4.52798e-07 0
internal_weight=0 38191 11171 10351 8592 5654 4094 2550 8158 2080 7858 7701 2039 2028 27020 19582 17935 7791 7571 7523 7438 7233 6515 5704 5068 820
internal_count=43845 38191 11171 10351 8592 5654 4094 2550 8158 2080 7858 7701 2039 2028 27020 19582 17935 7791 7571 7523 7438 7233 6515 5704 5068 820
is_linear=0
shrinkage=0.03


Tree=18
num_leaves=31
num_cat=0
split_feature=1 5 20 25 29 17 3 0 7 14 25 0 1 15 27 4 14 13 13 0 2 14 22 0 29 20 10 27 20 5
split_gain=2.23446e-06 3.35483e-06 2.09668e-06 2.80325e-06 1.92164e-06 1.49232e-06 1.83253e-06 7.99714e-07 7.67384e-07 8.67775e-07 7.16232e-07 7.86519e-07 4.48868e-07 3.47519e-07 1.30899e-06 5.30447e-07 5.21437e-07 3.2841e-07 3.06777e-07 3.59293e-07 2.91861e-07 2.7031e-07 2.28058e-07 1.98802e-07 1.49119e-07 8.81264e-07 8.09026e-07 5.18473e-07 4.01988e-07 3.72391e-07
threshold=147.34266296582885 0.11800000000000922 10.849066122200488 -0.0018295019763643384 -0.047490252805294765 0.012116119443213337 0.081314247663598863 23.311840279797945 0.011499999999998069 0.0027148060528157107 -0.00095135976601391249 82.87476983397552 157.37160406235228 -0.0016676785080162457 0.0028407269858415321 -0.065735557487373822 0.00046315139621377904 0.00049495410395528083 0.00068321856346564857 9.1954970925569004 147.31814019513899 -0.0013064475240694427 -0.00047887633354717132 49.999991613577031 0.0094038357832025941 5.0387176712671691 0.027500000000003414 0.0091163884010404279 -13.739102420634323 0.045000000000001712
decision_type=2 2 2 2 2 2 2 2 2 2 2 2 2 2 2 2 2 2 2 2 2 2 2 2 2 2 2 2 2 2
left_child=1 24 3 -3 -5 13 10 -6 -9 -10 -7 12 20 16 15 -15 18 22 19 -2 -12 -22 -17 -24 25 26 27 28 -1 -30
right_child=5 2 -4 4 7 6 -8 8 9 -11 11 -13 -14 14 -16 17 -18 -19 -20 -21 21 -23 23 -25 -26 -27 -28 -29 29 -31
leaf_value=0 0 0 0 0 0 0 0 0 2.4860181500132222e-06 0 0 0 0 0 0 0 0 0 0 -8.9055915173982869e-07 0 -8.058596842085382e-07 6.0771610867912318e-07 0 0 0 0 0 0 7.7835729281614823e-07
leaf_weight=205 78 427 293 36 50 33 1548 74 2078 148 40 375 789 668 2219 54 48 57 44 1448 36 8889 6954 214 4277 2557 1967 88 3488 4653
leaf_count=205 78 427 293 36 50 33 1548 74 2078 148 40 375 789 668 2219 54 48 57 44 1448 36 8889 6954 214 4277 2557 1967 88 3488 4653
internal_value=0 2.70931e-07 1.20531e-06 1.50827e-06 1.93373e-06 -1.48471e-07 -3.98649e-07 2.12897e-06 2.2235e-06 2.32778e-06 -5.8773e-07 -6.40462e-07 -7.06068e-07 0 1.51405e-07 4.21386e-07 -2.21971e-07 5.09359e-07 -5.9133e-07 -7.35303e-07 -7.66465e-07 -7.87104e-07 5.49927e-07 5.77349e-07 0 1.01769e-07 2.98594e-07 4.43038e-07 5.04244e-07 5.52362e-07
internal_weight=0 20341 3106 2813 2386 23494 11710 2350 2300 2226 10162 10129 9754 11784 10166 7947 1618 7279 1570 1526 8965 8925 7222 7168 17235 12958 10401 8434 8346 8141
internal_count=43835 20341 3106 2813 2386 23494 11710 2350 2300 2226 10162 10129 9754 11784 10166 7947 1618 7279 1570 1526 8965 8925 7222 7168 17235 12958 10401 8434 8346 8141
is_linear=0
shrinkage=0.03


Tree=19
num_leaves=27
num_cat=0
split_feature=1 6 4 4 16 26 1 4 29 5 17 10 20 10 2 26 15 25 26 26 27 15 25 27 15 27
split_gain=2.18071e-06 1.58976e-06 2.44444e-06 2.88072e-06 1.42365e-06 1.28364e-06 1.57207e-06 6.89982e-07 7.14027e-07 5.31439e-07 1.24234e-06 5.35527e-07 7.1809e-07 3.46833e-07 2.62542e-07 1.86063e-07 2.06558e-07 2.79323e-07 1.75475e-07 1.44717e-07 1.31817e-07 1.06441e-07 6.31244e-08 7.85793e-08 7.55777e-08 5.47545e-08
threshold=143.60608135331958 0.00055758819046815115 0.05238531942246849 -0.10598730488353257 -0.0008028603946293719 0.049984847657803803 157.15326839999787 0.17108615808236291 -0.054702536309999092 0.049999999999997165 -0.38366081256158208 0.0024999999999977267 -12.66671407626116 0.14950000000000332 143.63368825150948 -0.0055495753112341116 -0.0016676785080162457 -0.00031917517012375812 -0.005875994280663017 0.021286188731994043 0.0044369066595489432 2.0754566889658047e-05 -0.000692745285149015 -0.0095077034497021568 -0.0011408467134674802 0.0075176004568764812
decision_type=2 2 2 2 2 2 2 2 2 2 2 2 2 2 2 2 2 2 2 2 2 2 2 2 2 2
left_child=7 15 3 -3 -5 6 14 8 -1 -10 -11 -12 -13 -14 -6 16 -2 18 20 22 21 -18 -17 -24 -25 -26
right_child=1 2 -4 4 5 -7 -8 -9 9 10 11 12 13 -15 -16 19 17 -19 -20 -21 -22 -23 23 24 25 -27
leaf_value=0 0 0 0 0 0 0 0 0 0 0 0 0 1.4525396331746522e-06 0 -1.244032754355888e-06 0 5.2977447199854949e-07 0 0 0 0 0 0 0 -1.6140849253748674e-07 0
leaf_weight=50 904 1122 2045 580 21 146 281 57 1676 545 566 98 2756 10.999999999999998 6952 657 3390 4286 78 1866 208 30 27 57 15381 126
leaf_count=50 904 1122 2045 580 21 146 281 57 1676 545 566 98 2756 11 6952 657 3390 4286 78 1866 208 30 27 57 15381 126
internal_value=0 -1.08361e-07 -4.10547e-07 -6.69417e-07 -9.14338e-07 -1.03667e-06 -1.12052e-06 5.12828e-07 6.11985e-07 7.01096e-07 9.04997e-07 1.12915e-06 1.30195e-06 1.4102e-06 -1.22844e-06 0 1.26259e-07 2.02497e-07 3.95295e-07 -3.76242e-08 4.50718e-07 5.00189e-07 -9.79498e-08 -1.168e-07 -1.34944e-07 -1.50543e-07
internal_weight=0 38157 11147 9102 7980 7400 7254 5759 5702 5652 3976 3431 2865 2767 6973 27010 8896 7992 3706 18114 3628 3420 16248 15591 15564 15507
internal_count=43916 38157 11147 9102 7980 7400 7254 5759 5702 5652 3976 3431 2865 2767 6973 27010 8896 7992 3706 18114 3628 3420 16248 15591 15564 15507
is_linear=0
shrinkage=0.03


Tree=20
num_leaves=31
num_cat=0
split_feature=2 26 10 0 15 4 6 0 3 29 24 0 20 20 2 1 20 5 27 6 20 27 15 2 5 12 6 27 27 1
split_gain=1.66631e-06 1.59053e-06 1.90896e-06 2.0935e-06 9.07703e-07 1.76348e-06 1.57258e-06 1.69269e-06 1.14499e-06 7.6361e-07 7.07202e-07 4.94905e-07 3.96489e-07 3.41217e-07 2.98823e-07 1.46719e-07 7.83527e-07 1.58081e-06 6.15154e-07 6.74554e-07 7.68471e-07 6.0711e-07 5.89859e-07 5.89371e-07 3.76959e-07 5.13207e-07 2.90857e-07 2.04921e-07 1.69393e-07 7.93429e-08
threshold=149.68429442271727 -0.0091749977023226886 0.033500000000003645 19.580413418748595 0.00030470475687705006 0.059217994419803341 0.00022721271180345623 83.978582930062274 -0.052488830842847271 0.0010774358387394 -0.0018870101401082852 45.009326927866631 -15.031181313893944 -13.139022357046466 149.55892539926637 147.34266296582885 5.7088384871786149 0.16400000000000151 -0.0016771140559927141 0.00027814147230148094 -4.6431845252620496 0.0086912875588803958 -0.00093531077464620294 148.11320757692337 0.034000000000006032 -0.00068303723968815555 0.00036911748788983018 0.011619980695370223 -0.011431666784997054 142.62943578860134
decision_type=2 2 2 2 2 2 2 2 2 2 2 2 2 2 2 2 2 2 2 2 2 2 2 2 2 2 2 2 2 2
left_child=1 2 3 -1 -2 6 -6 8 -8 10 -5 -10 -12 -13 -14 16 17 18 26 -20 -21 22 -19 24 -17 -26 -3 -27 -28 -18
right_child=4 15 -4 9 5 -7 7 -9 11 -11 12 13 14 -15 -16 23 29 21 19 20 -22 -23 -24 -25 25 27 28 -29 -30 -31
leaf_value=0 0 0 0 0 0 0 0 0 0 0 0 0 1.1441685947407595e-06 -1.7428311771883598e-06 0 0 0 0 0 0 6.3892364963262599e-07 0 2.8700476893952299e-06 0 0 -7.4572600763637735e-07 0 0 -4.1219314827674607e-07 -1.6449298957378965e-07
leaf_weight=691 7700 1233 1705 56 539 957 145 119 39 134 120 31 5614 2719 95 904 332 78 2290 740 4515 87 391 4377 65 2934 85 32 2492 2639
leaf_count=691 7700 1233 1705 56 539 957 145 119 39 134 120 31 5614 2719 95 904 332 78 2290 740 4515 87 391 4377 65 2934 85 32 2492 2639
internal_value=0 1.07655e-07 4.62213e-07 7.23856e-07 -3.04178e-07 -6.54765e-07 -9.92358e-07 -1.27366e-06 -1.48567e-06 9.47179e-07 1.01703e-06 -1.64056e-06 1.074e-06 -1.70046e-06 1.11366e-06 0 3.31821e-08 2.46128e-07 0 2.68624e-07 4.68112e-07 1.96365e-06 2.39496e-06 -1.17961e-07 -4.05201e-07 -5.7016e-07 -4.91155e-08 -6.98519e-07 -3.24257e-07 0
internal_weight=0 31609 8415 6710 12249 4549 3592 3053 2934 6019 5885 2789 5829 2750 5709 23194 14882 11911 11355 7545 5255 556 469 8312 3935 3031 3810 2966 2577 2971
internal_count=43858 31609 8415 6710 12249 4549 3592 3053 2934 6019 5885 2789 5829 2750 5709 23194 14882 11911 11355 7545 5255 556 469 8312 3935 3031 3810 2966 2577 2971
is_linear=0
shrinkage=0.03


Tree=21
num_leaves=31
num_cat=0
split_feature=1 27 4 5 27 10 3 4 6 4 26 15 15 12 13 2 13 4 0 20 9 15 9 10 2 14 0 6 2 29
split_gain=1.36763e-06 1.55956e-06 1.65616e-06 1.10039e-06 8.53321e-07 7.89043e-07 1.68975e-06 1.74003e-06 3.26613e-06 1.65983e-06 1.03566e-06 1.11953e-06 7.69669e-07 7.56311e-07 7.3719e-07 7.20996e-07 6.6238e-07 5.98371e-07 5.20439e-07 4.52617e-07 5.13227e-07 4.66546e-07 4.27822e-07 3.08557e-07 2.89004e-07 2.679e-07 2.45848e-07 2.08965e-07 5.21558e-07 7.92628e-07
threshold=142.71198701110634 0.0028407269858415321 0.039145760815576768 0.072499999999990919 0.00152976726818415 0.027500000000003414 0.077228092660263328 -0.1267058681482508 0.00052242688393487494 0.047121333026706715 -0.0055495753112341116 -9.6344022218641787e-05 -0.0013763970983479699 0.00028402174827568688 -0.00021591126749936904 143.0475853899791 -0.0024370307688664767 0.17108615808236291 79.600958875851646 -5.6189994557560849 1.0000000180025095e-35 -0.0040861609787543598 0.087500000000005698 0.14950000000000332 157.97949617560838 -0.00104064463571063 24.294391987385556 0.00042566955214811509 155.39549787912924 0.039472619703892362
decision_type=2 2 2 2 2 2 2 2 2 2 2 2 2 2 2 2 2 2 2 2 2 2 2 2 2 2 2 2 2 2
left_child=3 4 14 -1 5 10 7 -7 -9 -10 11 13 -6 16 -3 -14 -2 22 24 -16 -21 -22 26 -23 25 -17 -5 -12 29 -29
right_child=1 2 -4 17 12 6 -8 8 9 -11 27 -13 15 -15 19 18 -18 -19 -20 20 21 23 -24 -25 -26 -27 -28 28 -30 -31
leaf_value=0 0 0 0 0 0 0 0 0 -1.8568325324944618e-06 0 0 0 0 0 0 0 7.1760670269355596e-07 0 0 0 0 -8.7149189374859762e-07 0 0 0 9.0529941796801651e-07 1.8720266896012633e-06 -6.0291874813664877e-07 0 0
leaf_weight=1346 63 352 1174 81 401 174 831 2078 2387 297 9836 1254 144 219 230 48 6246 23 176 557 46 6772 26 14.999999999999998 75 3757 955 3771 378 262
leaf_count=1346 63 352 1174 81 401 174 831 2078 2387 297 9836 1254 144 219 230 48 6246 23 176 557 46 6772 26 15 75 3757 955 3771 378 262
internal_value=0 -2.13434e-08 -3.94378e-07 7.06057e-07 0 0 -3.50908e-07 -6.72278e-07 -8.92931e-07 -1.58422e-06 0 3.46083e-07 4.08551e-07 5.45092e-07 -6.0449e-07 5.89725e-07 6.44459e-07 1.42463e-06 7.21181e-07 -6.85096e-07 -7.34225e-07 -8.06615e-07 1.60642e-06 -8.46702e-07 8.15114e-07 8.63634e-07 1.73694e-06 0 -2.06483e-07 -4.03756e-07
internal_weight=0 41543 9146 2431 32397 27796 5767 4936 4762 2684 22029 7782 4601 6528 7972 4200 6309 1085 4056 7620 7390 6833 1062 6787 3880 3805 1036 14247 4411 4033
internal_count=43974 41543 9146 2431 32397 27796 5767 4936 4762 2684 22029 7782 4601 6528 7972 4200 6309 1085 4056 7620 7390 6833 1062 6787 3880 3805 1036 14247 4411 4033
is_linear=0
shrinkage=0.03


Tree=22
num_leaves=24
num_cat=0
split_feature=1 5 1 14 9 20 6 13 0 25 1 0 3 3 26 26 14 3 26 14 14 20 26
split_gain=1.39726e-06 3.29484e-06 2.08855e-06 3.85489e-06 2.09408e-06 1.51785e-06 1.33647e-06 2.04921e-06 1.26175e-06 8.86383e-07 2.68412e-07 1.70962e-07 5.22236e-08 6.45753e-07 4.11082e-07 3.21385e-07 7.65678e-08 4.71214e-08 1.33683e-07 6.34623e-08 4.3199e-08 3.00352e-08 2.03269e-08
threshold=147.34266296582885 0.11800000000000922 146.89761337174926 -0.00071656281749249418 0.085499999999996149 10.849066122200488 0.00056080840160222737 -0.00022143491426740433 21.621611395183027 -0.0018295019763643384 147.43425547310298 86.903610875358495 -0.0014581946026765988 0.088673645003069637 0.021755968069899306 -0.023203456247226271 0.0014735074929191907 -0.072387428774632653 0.036951839259889221 0.00070178174694379713 -0.0013432545836334906 -12.297552720143694 -0.039137461208829064
decision_type=2 2 2 2 2 2 2 2 2 2 2 2 2 2 2 2 2 2 2 2 2 2 2
left_child=1 -1 3 -3 5 8 12 -8 -5 -10 -9 21 17 14 15 -14 20 -2 19 22 -17 -12 -19
right_child=6 2 -4 4 -6 -7 7 10 9 -11 11 -13 13 -15 -16 16 -18 18 -20 -21 -22 -23 -24
leaf_value=0 0 0 0 0 0 0 0 0 0 3.1409014936507518e-06 0 0 0 0 0 0 0 0 0 0 -4.152017769233216e-07 -1.1425572406112439e-06 1.9832901733489431e-07
leaf_weight=17273 982 936 314 10.999999999999998 175 224 2769 91 36 1419 54 78 255 712 592 29 36 30 40 446 8093 3237 6054
leaf_count=17273 982 936 314 11 175 224 2769 91 36 1419 54 78 255 712 592 29 36 30 40 446 8093 3237 6054
internal_value=0 1.56804e-07 1.05492e-06 1.38154e-06 2.17409e-06 2.51619e-06 -1.79397e-07 -5.60805e-07 2.86885e-06 3.01213e-06 -1.04843e-06 -1.09572e-06 0 -6.95483e-08 -2.64118e-07 -3.44446e-07 -3.97248e-07 0 8.03423e-08 1.57858e-07 -4.08644e-07 -1.12951e-06 1.90088e-07
internal_weight=0 20388 3115 2801 1865 1690 23498 6229 1466 1455 3460 3369 17269 9717 9005 8413 8158 7552 6570 6530 8122 3291 6084
internal_count=43886 20388 3115 2801 1865 1690 23498 6229 1466 1455 3460 3369 17269 9717 9005 8413 8158 7552 6570 6530 8122 3291 6084
is_linear=0
shrinkage=0.03


end of trees

feature_importances:
rsi=53
range_pct=51
rsi_divergence=48
macd_signal=46
return_12=42
ema_fast=40
macd_hist=40
ema_slow=37
lower_shadow=33
macd_strength=31
macd_hist_change=30
range=25
ema_cross_pct=25
macd=22
upper_shadow=22
return_6=22
rsi_normalized=19
price_ema_slow_dist=19
body=14
return_1=14
return_3=12
body_pct=10
price_ema_fast_dist=6
log_return=4
ema_cross=3

parameters:
[boosting: gbdt]
[objective: regression]
[metric: l2]
[tree_learner: serial]
[device_type: cpu]
[data: ]
[valid: ]
[num_iterations: 800]
[learning_rate: 0.03]
[num_leaves: 31]
[num_threads: 8]
[deterministic: 0]
[force_col_wise: 0]
[force_row_wise: 0]
[histogram_pool_size: -1]
[max_depth: 8]
[min_data_in_leaf: 10]
[min_sum_hessian_in_leaf: 0.001]
[bagging_fraction: 0.9]
[pos_bagging_fraction: 1]
[neg_bagging_fraction: 1]
[bagging_freq: 1]
[bagging_seed: 400]
[feature_fraction: 0.9]
[feature_fraction_bynode: 1]
[feature_fraction_seed: 30056]
[extra_trees: 0]
[extra_seed: 12879]
[early_stopping_round: 0]
[first_metric_only: 0]
[max_delta_step: 0]
[lambda_l1: 0.1]
[lambda_l2: 0.1]
[linear_lambda: 0]
[min_gain_to_split: 0]
[drop_rate: 0.1]
[max_drop: 50]
[skip_drop: 0.5]
[xgboost_dart_mode: 0]
[uniform_drop: 0]
[drop_seed: 17869]
[top_rate: 0.2]
[other_rate: 0.1]
[min_data_per_group: 100]
[max_cat_threshold: 32]
[cat_l2: 10]
[cat_smooth: 10]
[max_cat_to_onehot: 4]
[top_k: 20]
[monotone_constraints: ]
[monotone_constraints_method: basic]
[monotone_penalty: 0]
[feature_contri: ]
[forcedsplits_filename: ]
[refit_decay_rate: 0.9]
[cegb_tradeoff: 1]
[cegb_penalty_split: 0]
[cegb_penalty_feature_lazy: ]
[cegb_penalty_feature_coupled: ]
[path_smooth: 0]
[interaction_constraints: ]
[verbosity: 1]
[saved_feature_importance_type: 0]
[linear_tree: 0]
[max_bin: 255]
[max_bin_by_feature: ]
[min_data_in_bin: 3]
[bin_construct_sample_cnt: 200000]
[data_random_seed: 175]
[is_enable_sparse: 1]
[enable_bundle: 1]
[use_missing: 1]
[zero_as_missing: 0]
[feature_pre_filter: 1]
[pre_partition: 0]
[two_round: 0]
[header: 0]
[label_column: ]
[weight_column: ]
[group_column: ]
[ignore_column: ]
[categorical_feature: ]
[forcedbins_filename: ]
[precise_float_parser: 0]
[parser_config_file: ]
[objective_seed: 16083]
[num_class: 1]
[is_unbalance: 0]
[scale_pos_weight: 1]
[sigmoid: 1]
[boost_from_average: 1]
[reg_sqrt: 0]
[alpha: 0.9]
[fair_c: 1]
[poisson_max_delta_step: 0.7]
[tweedie_variance_power: 1.5]
[lambdarank_truncation_level: 30]
[lambdarank_norm: 1]
[label_gain: ]
[lambdarank_position_bias_regularization: 0]
[eval_at: ]
[multi_error_top_k: 1]
[auc_mu_weights: ]
[num_machines: 1]
[local_listen_port: 12400]
[time_out: 120]
[machine_list_filename: ]
[machines: ]
[gpu_platform_id: -1]
[gpu_device_id: -1]
[gpu_use_dp: 0]
[num_gpu: 1]

end of parameters

pandas_categorical:[]
