tree
version=v4
num_class=1
num_tree_per_iteration=1
label_index=0
max_feature_idx=30
objective=binary sigmoid:1
feature_names=rsi ema_fast ema_slow macd macd_signal range range_pct body body_pct upper_shadow lower_shadow is_bullish return_1 return_3 return_6 return_12 log_return rsi_normalized rsi_overbought rsi_oversold rsi_divergence ema_cross ema_cross_pct ema_cross_signal price_ema_fast_dist price_ema_slow_dist macd_hist macd_hist_change macd_cross_signal macd_strength signal_convergence
feature_infos=[0:99.755467076367083] [140.01794868368825:158.46374932756453] [140.09390840731587:158.4287960737224] [-0.57514457178655221:0.76835340664820251] [-0.5188763570912186:0.66684005555902648] [0:1.4489999999999839] [0:0.0098924731182794597] [0:1.2740000000000009] [0:0.0087871159085422691] [0:0.45400000000000773] [0:0.6290000000000191] [0:1] [-0.010440345742870893:0.0086544548876104077] [-0.010346048081897208:0.011121306408549358] [-0.012740376631571793:0.01214236927980572] [-0.015822511541399464:0.020290175029493485] [-0.010495228483220405:0.0086172197717689965] [-1:0.99510934152734165] [0:1] [0:1] [-56.904350987366826:51.361182180793548] [-0.57514457178655221:0.76835340664820251] [-0.003883435549732969:0.0051884219504909346] [0:1] [-0.0088498120556881627:0.0085436527782316064] [-0.0096167762950344661:0.012337377364785844] [-0.20097651515128728:0.19509250025932751] [-0.09700790187045677:0.083341641193037941] [0:1] [-0.19455333720912688:0.17538495785784011] [0:3]
tree_sizes=1864 1557 1783 1880 1444 1546 1766 1889 1863 1755 1874 1886 1533 1758 1621 1868 1864 1671 1446 1512 1523 1437 1758 1762 1820 1527 1871 1289 1655 1739 1863 1883 1727 1871 1849 1512 992 1856 1730 1645 1866 1761 1642

Tree=0
num_leaves=16
num_cat=0
split_feature=0 22 25 22 2 1 3 14 26 25 7 26 26 27 12
split_gain=23.3942 15.5005 12.838 14.6331 12.8071 11.6534 10.3038 10.0142 13.7788 13.0957 9.7127 9.62453 9.43933 7.4259 6.45586
threshold=46.483334929647519 -0.00038567104086896351 -0.00031917517012375812 7.2690345531559972e-05 154.1414029739588 140.85636019043145 -0.088907911457198438 -0.0020853163235344248 -0.030645154192801331 -0.00056781685227975021 0.17100000000000651 0.011844976445995498 0.033993494119830887 -0.0060999264686280386 0.00029512375183016198
decision_type=2 2 2 2 2 2 2 2 2 2 2 2 2 2 2
left_child=1 6 4 -4 -3 11 13 8 -7 -9 -8 14 -13 -1 -2
right_child=5 2 3 -5 -6 7 10 9 -10 -11 -12 12 -14 -15 -16
leaf_value=-0.005394385682409986 -0.012247678268287975 0.013741205247078253 0.0059270553955061804 0.016920523731056937 0.02611492547708006 -0.015320107529535438 0.0011486342145637565 -0.0087341875427811976 0.077372220412854423 0.0060552681725023153 0.048892466361110484 0.062288344759909929 -0.031628216177350801 0.012140250345996941 0.049939817676834294
leaf_weight=66.248918026685715 14.499763190746309 1499.4755106568336 1039.733019143343 426.4930345416069 243.49602323770523 5.9999020099639919 676.73894754052162 153.24749717116356 10.749824434518812 6132.3998460173607 10.499828517436979 22.499632537364963 2.7499550879001609 642.73950281739235 5.4999101758003226
leaf_count=265 58 5998 4159 1706 974 24 2707 613 43 24530 42 90 11 2571 22
internal_value=0.00808093 0.0106612 0.0125749 0.00912256 0.0154755 0.00598029 0.00626633 0.00579755 0.0440482 0.00569311 0.00190284 0.0311706 0.051518 0.0104897 0.00546607
internal_weight=0 4605.42 3209.2 1466.23 1742.97 6347.65 1396.23 6302.4 16.7497 6285.65 687.239 45.2493 25.2496 708.988 19.9997
internal_count=43813 18422 12837 5865 6972 25391 5585 25210 67 25143 2749 181 101 2836 80
is_linear=0
shrinkage=1


Tree=1
num_leaves=13
num_cat=0
split_feature=17 3 14 1 13 14 7 17 1 24 13 24
split_gain=12.0118 15.8738 10.4855 12.438 10.7456 8.89156 11.4619 9.25452 8.80027 8.55623 6.66653 5.63657
threshold=-0.066191941794772599 0.14350901411980035 -0.00025103381936908414 140.7065367287052 0.0004767322506253891 -6.9835084517411153e-06 0.052500000000009102 -0.3449852814134719 145.07029122529687 -0.00078492240738433836 0.00071411204255178451 0.0010280146361236098
decision_type=2 2 2 2 2 2 2 2 2 2 2 2
left_child=1 5 4 11 9 6 -1 -7 -5 -2 -6 -4
right_child=2 -3 3 8 10 7 -8 -9 -10 -11 -12 -13
leaf_value=0.0047528229999677105 0.021005391056418729 0.084548321303996282 0.050714955265599986 -0.0039871524754670354 0.03592395090273514 -0.011779522628739823 -0.0017463916618904872 6.524894126044875e-06 0.00059267684550649564 -0.0077137194031049062 -0.00239231717093628 -0.023461336290224968
leaf_weight=2555.8924802839756 26.241636276245117 5.4996062815189353 16.238954514265064 1462.2255978137255 23.749762549996376 200.24410931766033 921.95505282282829 977.72504942119122 3704.4656550139189 1018.4790795296431 20.999418437480927 2.7484132498502722
leaf_count=10224 105 22 65 5849 95 801 3688 3911 14818 4074 84 11
internal_value=0 0.0018605 -0.00149015 -0.000552129 -0.00594901 0.00175631 0.00302848 -0.00199524 -0.000702649 -0.00698174 0.0179361 0.0395208
internal_weight=0 4661.32 6275.15 5185.68 1089.47 4655.82 3477.85 1177.97 5166.69 1044.72 44.7492 18.9874
internal_count=43747 18646 25101 20743 4358 18624 13912 4712 20667 4179 179 76
is_linear=0
shrinkage=0.05


Tree=2
num_leaves=15
num_cat=0
split_feature=22 5 26 15 17 24 22 25 2 22 13 24 17 1
split_gain=10.6382 13.7646 11.2344 10.2874 13.9598 12.1066 9.44816 12.7652 10.327 9.41833 7.89361 11.4579 7.21301 6.46926
threshold=0.00016793474169873391 0.029000000000010576 -0.057867885966471314 1.0000000180025095e-35 -0.24886218824605907 0.00010501752462396925 5.9737863269544019e-05 -0.00031917517012375812 147.53296775073099 -0.00090572317829904251 -0.00074828540223709206 4.1787124184288021e-05 -0.68704897876983406 149.68584437942548
decision_type=2 2 2 2 2 2 2 2 2 2 2 2 2 2
left_child=2 10 9 4 -3 -5 7 -4 -8 12 -2 -12 -1 -11
right_child=1 3 6 5 -6 -7 8 -9 -10 13 11 -13 -14 -15
leaf_value=-0.02470761886718854 0.069575763341714295 -0.017257787101190077 0.002727081062179003 -0.0097410686601753227 0.0081328002747753057 -0.0009294537754528829 0.010065585653648575 -0.0017971756732175399 0.0012161978778309184 -0.018974107217447352 -0.035278702555196745 -0.008774426538707282 0.018076341023799191 -0.064796787921511154
leaf_weight=17.999294549226761 2.499915048480033 60.990312740206718 3286.5448158532381 479.48896251618862 458.47058314085007 2088.4576306790113 602.23110720515251 2964.6961908340454 731.4777814000845 19.748859703540802 52.498240754008293 184.74794647097588 20.999246075749397 13.248993054032324
leaf_count=72 10 244 13147 1918 1834 8354 2409 11859 2926 79 210 739 84 53
internal_value=0 -0.00217681 0.00120921 -0.0012782 0.00513381 -0.00257766 0.00139675 0.000580637 0.00521722 -0.0184029 -0.0137121 -0.0146975 -0.00158071 -0.0379406
internal_weight=0 3327.15 7656.95 3087.41 519.461 2567.95 7584.95 6251.24 1333.71 71.9964 239.746 237.246 38.9985 32.9979
internal_count=43938 13309 30629 12350 2078 10272 30341 25006 5335 288 959 949 156 132
is_linear=0
shrinkage=0.05


Tree=3
num_leaves=16
num_cat=0
split_feature=21 5 1 1 14 27 21 2 5 12 9 26 24 24 7
split_gain=12.2922 11.6512 12.594 20.4637 12.6669 10.7788 13.8047 13.8809 11.4506 18.8051 10.1724 8.32032 7.77334 12.8652 5.59529
threshold=0.02728704756179923 0.029000000000010576 149.72551620043976 149.60379238277523 0.0023819876895710972 0.0028391104559469756 -0.034544563779618891 142.90639711847425 0.074500000000000469 -0.0004988427901553848 0.012499999999988633 0.049984847657803803 4.1787124184288021e-05 -0.0002016177348356284 1.0000000180025095e-35
decision_type=2 2 2 2 2 2 2 2 2 2 2 2 2 2 2
left_child=5 12 3 -3 -4 8 7 -7 9 -1 -10 -8 13 -2 -14
right_child=1 2 4 -5 -6 6 11 -9 10 -11 -12 -13 14 -15 -16
leaf_value=0.077498690297115522 0.027318534966303133 -0.00065982960818233415 -0.0064395861021599851 0.0350965131474976 -0.051378428333469096 0.021406422925221581 -0.0070352568680673386 3.4888112172102616e-05 -0.00604660871546105 0.0032365330104102753 0.0016725347879970394 0.038086743438722932 -0.052325341756336456 -0.041382240628066308 -0.0066232206586811912
leaf_weight=8.2491256147623044 7.7468612641096106 2080.4167111515999 776.97998352348804 40.499045878648758 15.749859780073164 82.742153540253639 962.22531734406948 898.71356685459614 709.20530118048191 4135.7845611125231 1069.4211797565222 9.9997028112411481 6.749973163008689 43.989096730947495 157.7492248415947
leaf_count=33 31 8322 3108 162 63 331 3849 3595 2837 16544 4278 40 27 176 631
internal_value=0 -0.00281601 -0.00198219 2.54504e-05 -0.00735783 0.000887794 -0.00233131 0.00184771 0.00195057 0.00339117 -0.00140307 -0.00655441 -0.0140099 -0.0309008 -0.00862072
internal_weight=0 3129.88 2913.65 2120.92 792.73 7876.34 1953.68 981.456 5922.66 4144.03 1778.63 972.225 216.235 51.736 164.499
internal_count=44027 12520 11655 8484 3171 31507 7815 3926 23692 16577 7115 3889 865 207 658
is_linear=0
shrinkage=0.05


Tree=4
num_leaves=12
num_cat=0
split_feature=0 3 4 9 27 3 29 3 29 26 4
split_gain=13.7558 12.7443 15.0031 11.5334 11.6311 11.8969 11.0281 10.9371 10.914 10.5581 10.5203
threshold=46.681654355928387 -0.058106438986115443 -0.091845347314530243 0.22799999999999446 -0.0026708607361743621 -0.10726687275879952 0.0023680556948967222 0.14350901411980035 -0.042886946526178173 0.017615012227183983 -0.10156076083810205
decision_type=2 2 2 2 2 2 2 2 2 2 2
left_child=1 2 10 4 5 -2 -6 8 -3 -4 -1
right_child=3 7 9 -5 6 -7 -8 -9 -10 -11 -12
leaf_value=0.00089415715719131999 0.062767651687518911 -0.023237883889238128 -0.005862278905158981 0.080065345026258561 -0.0036453816687648287 -0.006041563211919042 0.0012529478036953179 0.072220041091748927 0.0036823554786289993 -0.070925905665366648 0.018744597593563461
leaf_weight=422.71743534505367 5.9989003390073767 37.747214868664742 841.45449405908585 3.9999390989541999 1876.1748787462711 1451.4192114025354 2962.1442687511444 5.4864726066589347 3259.6584541797638 5.9998448342084876 102.49244837462902
leaf_count=1691 24 151 3366 16 7505 5806 11849 22 13040 24 410
internal_value=0 0.00180966 -0.00223704 -0.00176978 -0.00182638 -0.00574205 -0.000645572 0.00349301 0.00337058 -0.00635375 0.00439582
internal_weight=0 4675.56 1372.66 6299.74 6295.74 1457.42 4838.32 3302.89 3297.41 847.454 525.21
internal_count=43904 18704 5491 25200 25184 5830 19354 13213 13191 3390 2101
is_linear=0
shrinkage=0.05


Tree=5
num_leaves=13
num_cat=0
split_feature=2 20 8 22 5 22 13 5 24 20 29 20
split_gain=12.5701 8.61166 9.22943 8.91352 13.0968 12.8796 8.21524 8.10287 6.52829 6.36926 6.19731 0.96182
threshold=140.70048889900224 9.2181213782682985 0.0004507766590068852 0.00014462357742711117 0.020499999999998412 5.9737863269544019e-05 0.00029012309204323744 0.057500000000004554 4.6103946274768906e-05 -8.7074988244575717 0.013793863810515979 -1.0000000180025095e-35
decision_type=2 2 2 2 2 2 2 2 2 2 2 2
left_child=7 3 8 5 -5 -2 -4 11 -3 -9 -11 -1
right_child=1 2 6 4 -6 -7 -8 9 -10 10 -12 -13
leaf_value=0.031503503065857606 0.00042511720876488963 -0.00043804651037616807 0.015878596167658257 -0.022287432318645186 -0.0013540066441351765 0.0066295264149720812 -0.0028774066514291562 0.07636491713103935 -0.01231900530830698 -0.0067882747637386838 0.041213968977801989 0.078308331611774709
leaf_weight=2.4967575520277023 5762.5219296067953 165.98776146769524 79.491536304354668 76.226536452770233 3242.5202632844448 978.66427204012871 216.49048465490341 3.4981243610382071 387.74157138168812 22.236640274524692 9.232157886028288 6.7414496392011625
leaf_count=10 23052 664 318 305 12971 3915 866 14 1551 89 37 27
internal_value=0 -0.0001257 -0.00495869 0.000282157 -0.00183829 0.00132685 0.00215397 0.026501 -0.00876872 0.0150259 0.0073932 0.0675716
internal_weight=0 10909.6 849.711 10059.9 3318.75 6741.19 295.982 44.2051 553.729 34.9669 31.4688 9.23821
internal_count=43819 43642 3399 40243 13276 26967 1184 177 2215 140 126 37
is_linear=0
shrinkage=0.05


Tree=6
num_leaves=15
num_cat=0
split_feature=0 15 22 4 25 27 25 22 10 1 0 12 4 29
split_gain=11.5871 12.7899 11.004 11.3323 9.92464 24.5006 15.5275 11.3532 12.9742 10.2921 9.77872 9.24261 12.0064 9.22076
threshold=46.681654355928387 -0.0016242077660755248 0.00079988121451135227 -0.16409875110656644 -0.00056781685227975021 -0.0070251344392432387 -0.00095135976601391249 -0.00023790949997176352 0.044499999999999325 158.13601802022248 60.654142962095669 -0.0009280951782634771 -0.022666964689587045 0.013291836637457564
decision_type=2 2 2 2 2 2 2 2 2 2 2 2 2 2
left_child=1 2 3 -1 5 6 -2 8 -6 -9 -7 12 -3 -13
right_child=4 11 -4 -5 7 10 -8 9 -10 -11 -12 13 -14 -15
leaf_value=0.01475309046663782 0.059860746002708534 -0.0089633655636940247 0.08467041094777146 -0.0054006377506348987 0.011265679576468852 -0.027705731732594559 -0.0033444298970022666 -0.0013123173956326132 -0.018876473308265942 -0.022479394769361956 0.059482397543882931 0.003339600138309369 0.042533466548200352 -0.013003645953998492
leaf_weight=75.743104130029678 14.740105018019674 16.998088389635086 3.231974944472312 830.90071819722652 307.7296579927206 114.73270399868488 26.993338346481323 5749.9193644523621 39.996462345123291 57.743699222803116 2.9999285936355582 3652.4748241007328 32.242087975144386 87.9865353256464
leaf_count=303 59 68 13 3324 1231 459 108 23001 160 231 12 14612 129 352
internal_value=0 0.00196 -0.00335989 -0.00370711 -0.00131875 -0.0136246 0.0191284 -0.00099849 0.00777099 -0.00152479 -0.0252962 0.00323874 0.0247088 0.00295281
internal_weight=0 4699.58 909.876 906.644 6314.86 159.466 41.7334 6155.39 347.726 5807.66 117.733 3789.7 49.2402 3740.46
internal_count=44062 18801 3640 3627 25261 638 167 24623 1391 23232 471 15161 197 14964
is_linear=0
shrinkage=0.05


Tree=7
num_leaves=16
num_cat=0
split_feature=26 22 25 2 27 22 29 22 2 27 27 20 6 26 6
split_gain=8.8814 10.6575 9.85924 12.5164 10.2087 9.57281 10.5529 9.41173 8.82265 7.13078 8.80953 7.35439 6.93197 4.98436 0.233725
threshold=-0.010606928209258648 -0.00039427570272386546 -0.0012071410949139776 155.99990237424109 -0.0074408275167305244 -9.3500529691755135e-05 -0.037165167430695638 -6.9279117359493338e-05 140.70048889900224 -0.0026708607361743621 -0.0030058982725045392 -17.600923951296895 0.0004256377552906926 0.030377016652747946 0.00034830831473061491
decision_type=2 2 2 2 2 2 2 2 2 2 2 2 2 2 2
left_child=1 2 4 -4 -1 6 -3 -7 12 10 -10 -11 14 -14 -2
right_child=8 5 3 -5 -6 7 -8 -9 9 11 -12 -13 13 -15 -16
leaf_value=-0.018082930311654422 0.08326343347730919 -0.021103139066891478 -0.015514350611787232 0.037551784088291094 0.0034263127155628632 -0.016871649338525304 0.0099766968213813728 0.0026983657484731275 -0.0025146895806163298 -0.045840562857859223 -0.013965619752029075 -9.5199698263318512e-05 0.019297171724992446 -0.045840231984422712 0.048277891895710905
leaf_weight=62.238979786634445 2.9821498841047278 27.995801508426666 182.49435901641846 11.499734029173849 466.20139828324318 64.736693918704987 733.34648524224758 1096.7103245854378 1566.5451906323433 8.498618543148039 188.22779478132725 6527.7742142379284 25.204549089074138 2.9961495548486701 4.7318532317876816
leaf_count=249 12 112 730 46 1865 259 2934 4388 6267 34 753 26113 101 12 19
internal_value=0 0.00251548 -0.00265705 -0.0122898 0.000874705 0.00446162 0.00881941 0.00159919 -0.000810058 -0.000918167 -0.00374801 -0.000157545 0.0238102 0.0117916 0.0650375
internal_weight=0 2645.22 722.434 193.994 528.44 1922.79 761.342 1161.45 8326.96 8291.05 1754.77 6536.27 35.9147 28.2007 7.714
internal_count=43894 10583 2890 776 2114 7693 3046 4647 33311 33167 7020 26147 144 113 31
is_linear=0
shrinkage=0.05


Tree=8
num_leaves=16
num_cat=0
split_feature=10 6 29 25 2 27 25 6 0 6 9 10 10 24 16
split_gain=8.88386 9.5861 8.92499 11.6566 8.76907 8.01833 7.43619 19.732 9.7945 7.17647 9.12778 8.47375 6.91712 5.46421 4.87046
threshold=0.035499999999998984 0.0010858493155486706 0.022794027154524901 0.00094129477533738475 140.70048889900224 0.0035129830201829867 -0.00031917517012375812 8.7969792724046342e-05 11.96995353866833 0.0011771423790120281 0.0455000000000041 0.036499999999989548 0.094000000000008313 0.00038995930756455943 -0.00040111059006233947
decision_type=2 2 2 2 2 2 2 2 2 2 2 2 2 2 2
left_child=4 2 12 -4 5 14 7 -6 -8 10 -3 -11 -2 -7 -1
right_child=1 9 3 -5 6 13 8 -9 -10 11 -12 -13 -14 -15 -16
leaf_value=-0.013954401287921234 -0.003254267685232569 0.033506755625088078 -0.032145614559546232 -0.0034147442412753486 0.036006063884866317 -0.048650917390317232 0.071022401871219082 0.0021665767252430175 -0.00042577054608013208 -0.068351779570470811 -0.017440770709028951 0.0025088093022265037 -0.032229957437949354 0.023041990946739251 0.047212115870934997
leaf_weight=3.4958854913711574 1085.8520046472549 38.741838753223419 67.491323128342628 74.742480278015137 43.48388509452343 4.9951450228691083 4.499439910054206 2776.1484503149986 6594.4633019715548 3.9987886399030677 10.998625874519346 220.69588354229927 20.747329831123352 4.9745207279920578 23.39771243929863
leaf_count=14 4344 155 270 299 174 20 18 11107 26380 16 44 883 83 20 94
internal_value=0 -0.00347324 -0.00533444 -0.0171219 0.000640843 0.024884 0.000544638 0.00269399 -0.00037307 0.00497467 0.0221043 0.00113606 -0.00381063 -0.0127636 0.039011
internal_weight=0 1523.27 1248.83 142.234 9455.46 36.8633 9418.6 2819.63 6598.96 274.435 49.7405 224.695 1106.6 9.96967 26.8936
internal_count=43921 6094 4996 569 37827 148 37679 11281 26398 1098 199 899 4427 40 108
is_linear=0
shrinkage=0.05


Tree=9
num_leaves=15
num_cat=0
split_feature=21 6 26 4 10 20 22 21 1 24 1 24 22 21
split_gain=11.6331 11.9427 11.7597 13.0474 8.73123 8.99379 7.71547 9.69997 8.16269 6.42868 5.73818 5.17301 2.15673 3.9407
threshold=0.02728704756179923 8.7969792724046342e-05 -0.057867885966471314 -0.080479980540725166 0.028000000000005801 13.1622464220009 0.00076227244288192247 0.21047457861661203 140.85636019043145 0.0015156155304998262 149.55379709959388 -0.002312638253023129 0.00023166103086737276 0.03930916997170187
decision_type=2 2 2 2 2 2 2 2 2 2 2 2 2 2
left_child=2 12 3 11 5 -4 8 -8 -3 -6 -5 -1 -2 -14
right_child=1 6 4 10 9 -7 7 -9 -10 -11 -12 -13 13 -15
leaf_value=-0.012780082327960813 -0.07857814822757786 0.028206296552471161 0.0024620395290675806 -0.022227028029756391 -0.0023422977473869337 -0.0080890187620430206 0.0072155836851788757 -0.018449923099858805 -0.0034660033271708109 0.043146276253812649 -0.062586621249352908 0.028500723434002485 0.018295139347019394 -0.051482857294934972
leaf_weight=17.246014162898067 4.2450233697891226 20.166915625333786 6027.0178442746401 22.993197157979012 1520.7479311972857 208.48437364399433 335.68288879096508 40.970703452825546 2716.4875759035349 7.4972884505987158 15.230648443102835 12.996535584330557 2.4968084543943387 6.9917290061712265
leaf_count=69 17 81 24112 92 6084 834 1343 164 10867 30 61 52 10 28
internal_value=0 -0.00251255 0.0010947 -0.0194867 0.0012776 0.00210809 -0.00230319 0.00439808 -0.00322771 -0.00210744 -0.0388006 0.00490206 -0.0485529 -0.0326127
internal_weight=0 3127.04 7832.21 68.4664 7763.75 6235.5 3113.31 376.654 2736.65 1528.25 38.2238 30.2425 13.7336 9.48854
internal_count=43844 12510 31334 274 31060 24946 12455 1507 10948 6114 153 121 55 38
is_linear=0
shrinkage=0.05


Tree=10
num_leaves=16
num_cat=0
split_feature=3 15 26 2 4 3 4 15 1 25 20 25 6 10 1
split_gain=7.83215 11.8809 10.3889 12.0452 12.7021 9.5984 9.35243 8.98024 8.49495 8.83869 8.28761 8.15701 8.65633 7.77866 7.49223
threshold=0.02728704756179923 7.0090838400593838e-05 -0.049981031580679909 149.60841148889656 -0.11036381564166611 -0.037423893931403988 0.039991679119541067 0.00059570615377924085 157.49141150318351 -4.6646516116555012e-05 1.2358006729253719 0.00041060208610508333 0.00035095511094229308 0.082000000000007858 152.60304902916008
decision_type=2 2 2 2 2 2 2 2 2 2 2 2 2 2 2
left_child=2 11 3 5 -5 -1 7 -4 9 -3 -10 13 -13 -2 -8
right_child=1 8 6 4 -6 -7 14 -9 10 -11 -12 12 -14 -15 -16
leaf_value=0.0054657368378358585 0.00017271039832775955 -0.032567748050889404 0.00045063638691453137 0.0069325813782793776 -0.055217103117910109 -0.046647375970296438 0.024952317990979977 0.0053167260329196817 -0.028368932811919934 -0.0023929845090745871 0.00083635012652401048 -0.006072088635210659 0.021994311169195199 0.048384535984254934 -0.018165029643032155
leaf_weight=61.724283009767532 409.63928082585335 24.244713574647903 6536.8022663891315 11.495440140366552 26.929663434624672 9.9945226311683637 66.727235123515129 1109.3656851351261 63.984633669257164 2440.4163442701101 38.493438258767128 36.245433300733566 108.68173345923424 8.2460817545652372 11.496072247624396
leaf_count=247 1639 97 26152 46 108 40 267 4438 256 9763 154 145 435 33 46
internal_value=0 -0.00184229 0.00111628 -0.0141065 -0.0365853 -0.00189123 0.00133453 0.00115748 -0.00328584 -0.00269577 -0.0173796 0.00473151 0.0149426 0.00117005 0.0185067
internal_weight=0 3129.95 7834.54 110.144 38.4251 71.7188 7724.39 7646.17 2567.14 2464.66 102.478 562.813 144.927 417.885 78.2233
internal_count=43866 12522 31344 441 154 287 30903 30590 10270 9860 410 2252 580 1672 313
is_linear=0
shrinkage=0.05


Tree=11
num_leaves=16
num_cat=0
split_feature=25 5 12 20 3 5 12 9 2 9 5 24 22 25 15
split_gain=9.40742 16.2816 11.6802 9.87414 10.2198 9.42929 9.03073 8.44882 10.0138 7.88875 10.5404 8.40354 6.55113 6.52494 2.54614
threshold=-0.00031917517012375812 0.074500000000000469 -0.0004988427901553848 9.2181213782682985 -0.077644460819797687 0.014499999999998183 -0.00014717387376805832 0.0019999999999953393 157.80314511368513 0.041000000000011035 0.10450000000000161 -0.0014977311288511543 -0.00085906323435320218 -0.00017861652221117601 -0.00074614914078852113
decision_type=2 2 2 2 2 2 2 2 2 2 2 2 2 2 2
left_child=1 2 14 4 12 -4 -6 13 -9 10 -3 -11 -2 -5 -1
right_child=3 9 5 7 6 -7 -8 8 -10 11 -12 -13 -14 -15 -16
leaf_value=0.023645954954800152 -0.030428402306903302 -0.0077629018867863961 0.025645330270244904 0.016059885960833652 -0.0040292782587398818 0.0043569514430689309 0.00029735579280720011 -0.0032778816876493145 -0.045336642803216823 -0.013429489451684843 0.0011364648494387047 0.007903922652071859 0.037899139673934379 -0.023047353940957364 0.087984736995966636
leaf_weight=2.989576667547226 3.7487222701311138 670.35409671068192 53.441229045391083 11.499191552400587 1574.7182224392891 1752.1979482620955 5141.0085535496473 559.93196465075016 14.24823549389839 53.443172767758369 658.5105773806572 322.40450969338417 25.496453702449799 105.24047257006168 4.7337399870157233
leaf_count=12 15 2682 214 46 6300 7011 20567 2240 57 214 2635 1290 102 421 19
internal_value=0 0.00196705 0.00526528 -0.00117087 -0.00058677 0.00499394 -0.000716553 -0.00686305 -0.0043534 -0.00153877 -0.00334985 0.00484886 0.0287515 -0.0191212 0.0655187
internal_weight=0 3518.07 1813.36 7435.89 6744.97 1805.64 6715.73 690.92 574.18 1704.71 1328.86 375.848 29.2452 116.74 7.72332
internal_count=43825 14077 7256 29748 26984 7225 26867 2764 2297 6821 5317 1504 117 467 31
is_linear=0
shrinkage=0.05


Tree=12
num_leaves=13
num_cat=0
split_feature=2 5 29 5 26 29 20 26 6 9 3 27
split_gain=7.28391 9.8314 7.36243 11.2365 7.72776 7.02974 6.87223 6.97995 5.54888 5.05399 5.89159 1.80275
threshold=140.70048889900224 0.057500000000004554 0.013793863810515979 0.079499999999995921 0.030377016652747946 -0.0087036365430145594 9.6423045310850544 -0.016098158496448037 0.00022226173585886309 0.22799999999999446 0.21047457861661203 0.00032768267054802963
decision_type=2 2 2 2 2 2 2 2 2 2 2 2
left_child=1 11 3 -3 -4 6 7 -2 -8 10 -7 -1
right_child=5 2 4 -5 -6 9 8 -9 -10 -11 -12 -13
leaf_value=0.032398915727500283 0.00032687691157807158 -0.050968488887580168 0.06833336587821634 0.017906259355381909 -0.020627211824710556 -0.00076819279151358558 -0.056625367196789789 0.0053458574762435644 -0.0056991060942682579 0.053393075391321571 -0.021249134531793598 0.084489727273523843
leaf_weight=3.7032336890697461 1505.5613417178392 8.9831648319959658 7.6705130338668805 15.964897215366362 3.2447986304759979 7897.7181068956852 5.246553272008895 1286.4581207036972 181.96074733138084 3.992230311036109 34.99142549932003 5.4201259911060333
leaf_count=15 6025 36 31 64 13 31596 21 5147 728 16 140 22
internal_value=0 0.0200416 0.00787059 -0.00700669 0.0415978 -5.21865e-05 0.00201819 0.00264155 -0.00724131 -0.000830028 -0.000859965 0.0655809
internal_weight=0 44.9867 35.8634 24.9481 10.9153 10915.9 2979.23 2792.02 187.207 7936.7 7932.71 9.12336
internal_count=43854 181 144 100 44 43673 11921 11172 749 31752 31736 37
is_linear=0
shrinkage=0.05


Tree=13
num_leaves=15
num_cat=0
split_feature=12 12 12 7 1 26 29 6 10 6 2 26 7 20
split_gain=7.87883 10.566 9.11953 8.83062 8.70295 10.1771 12.8506 10.3351 7.40894 9.5664 9.50155 7.35765 4.60376 4.44864
threshold=-0.00080253818845193992 -0.00033589941266520812 -0.00030412858291273265 0.052500000000009102 148.74053619817474 -0.0046384856012493926 0.015213251960149126 0.0012979025251718406 0.018499999999988862 0.001212702420607284 143.66040257374132 -0.049981031580679909 0.053000000000011489 -1.5607822827371363
decision_type=2 2 2 2 2 2 2 2 2 2 2 2 2 2
left_child=4 8 3 -3 12 7 -7 -6 9 -2 -10 -4 -1 -14
right_child=1 2 11 -5 5 6 -8 -9 10 -11 -12 -13 13 -15
leaf_value=0.064824445250616022 -0.0023586532321188502 0.01303809174799881 -0.015730855584705078 -0.027543514424757644 0.029567573454242352 -0.059796245655443982 0.011686776488259165 -0.014325694951343816 0.0070049091108163077 0.052417109680637744 -0.013252692923056864 0.00015993569045867566 0.010694969835561834 0.038545631602703093
leaf_weight=4.2281674742698661 775.02648368477821 203.94618548452854 73.122503161430359 13.997100487351416 25.982755109667778 15.243724137544634 10.245579138398169 26.96171410381794 68.481067880988121 7.7480023801326743 358.36880777776241 9207.4399318993092 158.9242337346077 15.746576488018034
leaf_count=17 3101 816 293 56 104 61 41 108 274 31 1434 36838 636 63
internal_value=0 -0.000288236 0.000271806 0.0103746 0.00855994 -0.00526633 -0.0310676 0.00716646 -0.00468905 -0.00179022 -0.00998835 3.36873e-05 0.0146483 0.0132961
internal_weight=0 10708.1 9498.51 217.943 257.333 78.4338 25.4893 52.9445 1209.62 782.774 426.85 9280.56 178.899 174.671
internal_count=43873 42843 38003 872 1030 314 102 212 4840 3132 1708 37131 716 699
is_linear=0
shrinkage=0.05


Tree=14
num_leaves=14
num_cat=0
split_feature=2 4 20 5 6 5 3 3 7 26 20 13 7
split_gain=10.1008 7.05209 12.3128 12.8138 7.93868 14.8449 8.23301 6.84747 8.99057 5.53707 4.7496 4.24395 3.18289
threshold=140.70048889900224 -0.16409875110656644 -2.28417503130273 0.10450000000000161 0.00056076093646091 0.081000000000003083 0.10088224928138347 0.063507391653601544 0.052000000000006714 0.01161548422673349 3.5758928158853718 0.00058780930111335128 0.053999999999987842
decision_type=2 2 2 2 2 2 2 2 2 2 2 2 2
left_child=7 2 11 -4 5 -3 -6 9 -9 10 -1 -2 -11
right_child=1 4 3 -5 6 -7 -8 8 -10 12 -12 -13 -14
leaf_value=0.030548321568217553 0.032186697582105524 0.00031382747814163244 -0.023471942293315309 0.015149188550885435 -0.0031411720232293345 0.015454270186813749 0.0056000947943850125 -0.064213228647323276 0.047106526514470615 0.078564623410516343 -0.022937041274467253 0.08989056051021839 0.016116205166061003
leaf_weight=18.668598473072056 23.490255504846576 7451.6449883282185 30.490747556090355 70.473511517047882 2894.0106121152639 165.22249419987202 296.36858089268208 4.2231702804565421 2.7099435925483704 8.0768290162086469 4.9666992276906958 3.7486371397972098 3.2300790548324576
leaf_count=75 94 29813 122 282 11579 661 1186 17 11 33 20 15 13
internal_value=0 -9.41311e-05 0.0115492 0.00340142 -0.000233032 0.000643501 -0.00232714 0.0244221 -0.0198613 0.0334448 0.0189534 0.0412022 0.0620332
internal_weight=0 10935.4 128.203 100.964 10807.2 7616.87 3190.38 41.8753 6.93311 34.9422 23.6353 27.2389 11.3069
internal_count=43921 43752 513 404 43239 30474 12765 169 28 141 95 109 46
is_linear=0
shrinkage=0.05


Tree=15
num_leaves=16
num_cat=0
split_feature=3 12 3 25 22 1 24 7 22 5 25 15 1 7 1
split_gain=8.94971 10.308 8.9342 8.69293 13.705 13.0669 8.40832 10.674 8.37463 8.0344 7.54493 6.22933 15.0379 8.03265 3.70847
threshold=0.02728704756179923 0.0001086871611412077 0.0055210262845264433 -0.00031917517012375812 -0.00039427570272386546 146.80162992857649 0.002143935064747146 0.22149999999999184 0.00022673338850977978 0.013499999999993408 -0.00083643223716323275 0.00088925860639854648 154.6080968436934 0.075000000000002856 147.34266296582885
decision_type=2 2 2 2 2 2 2 2 2 2 2 2 2 2 2
left_child=2 9 3 4 -1 -5 8 -8 -3 14 -11 13 -13 -4 -2
right_child=1 6 11 5 -6 -7 7 -9 -10 10 -12 12 -14 -15 -16
leaf_value=-0.0016059829285797465 0.0017511298261194911 -0.008382963529859816 0.0040610236387700711 -0.0058842491129031602 0.0048506822659831915 0.0011748145510372553 -0.041586317919681245 0.021799939608544386 0.0042171588151360588 0.058793305227511167 -0.0039717195125941055 0.0069153175886370799 0.042400925750476597 -0.0099723992534021116 -0.052304501191500097
leaf_weight=1449.9618982672691 3.9897107630968121 151.7172519415617 1407.9727374017239 1123.2885205149651 1894.0227432399988 1571.6166005581617 22.745506510138515 8.9965706616640073 986.53607493638992 4.4913225173950186 1934.21643422544 264.43096219003201 33.497247472405434 109.46622520685196 12.20730836689472
leaf_count=5802 16 607 5633 4494 7580 6287 91 36 3947 18 7739 1058 134 438 49
internal_value=0 -0.00189164 0.00127162 0.000346056 0.00204966 -0.00176601 0.00181713 -0.023429 0.00253154 -0.00411381 -0.00381466 0.00434723 0.0109605 0.0030436 -0.0388965
internal_weight=0 3124.9 7854.26 6038.89 3343.98 2694.91 1170 31.7421 1138.25 1954.9 1938.71 1815.37 297.928 1517.44 16.197
internal_count=43929 12503 31426 24163 13382 10781 4681 127 4554 7822 7757 7263 1192 6071 65
is_linear=0
shrinkage=0.05


Tree=16
num_leaves=16
num_cat=0
split_feature=20 27 2 9 0 25 10 25 9 12 25 20 0 0 3
split_gain=8.80984 6.54155 7.0028 6.56838 6.487 13.5056 8.76769 6.17571 10.4498 8.91969 6.13032 6.0687 5.92631 5.05302 2.16133
threshold=9.2181213782682985 -0.0013087047725101372 140.70048889900224 0.024999999999991477 47.576676412999397 -0.00095135976601391249 0.0095000000000027302 -8.3108583731419217e-05 0.0019999999999953393 -5.2255178347893054e-05 0.0020147594741291744 6.2275778558230366 64.157942571041289 30.803772622034867 -0.043878995017507798
decision_type=2 2 2 2 2 2 2 2 2 2 2 2 2 2 2
left_child=1 4 11 -4 6 -6 -1 12 10 -10 -9 -3 13 -2 -14
right_child=7 2 3 -5 5 -7 -8 8 9 -11 -12 -13 14 -15 -16
leaf_value=0.0056650345747756448 -0.016822773808464517 0.036017245028784374 0.00042975344450937723 0.0041499732579879673 0.037377022956701055 -0.0033897099754136833 -0.0016895463542448922 -0.024422537389479373 -0.035329077361158721 -0.0031084606476170667 0.044696992018556342 -0.03231973530366395 0.075577918957115034 0.003330717374846403 0.013716178915039845
leaf_weight=659.86801986396313 35.991443946957588 23.44435699284077 4697.9784975647926 1588.8876094222069 20.198684900999069 2092.4146751761436 1047.724198564887 98.210418850183487 22.244963794946671 477.6394959539175 2.9992996305227271 3.4486224502325049 3.2483670711517334 216.69951863586903 2.9997403174638739
leaf_count=2641 144 95 18796 6357 81 8372 4193 393 89 1911 12 14 13 867 12
internal_value=0 0.000492874 0.00148134 0.00137092 -0.00113946 -0.00299232 0.00115007 -0.00477707 -0.00755836 -0.00457261 -0.0221989 0.0268103 0.00166132 0.000423894 0.0486305
internal_weight=0 10134 6313.76 6286.87 3820.21 2112.61 1707.59 860.033 601.094 499.884 101.21 26.893 258.939 252.691 6.24811
internal_count=43990 40549 25262 25153 15287 8453 6834 3441 2405 2000 405 109 1036 1011 25
is_linear=0
shrinkage=0.05


Tree=17
num_leaves=14
num_cat=0
split_feature=17 22 2 24 27 3 15 24 6 25 15 4 15
split_gain=8.67492 11.0424 10.2353 8.7802 13.8532 8.23458 7.73129 20.9716 7.73986 6.68307 14.7245 5.91589 0.233498
threshold=-0.066191941794772599 0.00097078784660085233 157.80314511368513 -0.00021168666174528256 -0.0064541064413686641 0.21047457861661203 -0.0016242077660755248 -0.00067398224768635509 0.00026512383448022643 0.00083494924946871324 0.00082587511158405136 0.049631970068659118 -0.0011926756313204165
decision_type=2 2 2 2 2 2 2 2 2 2 2 2 2
left_child=1 6 3 4 -2 -5 8 -8 -1 10 -4 -11 -3
right_child=2 12 9 5 -6 -7 7 -9 -10 11 -12 -13 -14
leaf_value=0.021571624137153078 0.0036317530938209637 0.079724911816255808 -0.019010120657419902 -0.00047116652071034704 -0.013741230252308695 -0.023597945326844585 0.013380285027963915 0.00098848798285266744 -0.0038289857173574669 -0.072052603281983083 0.024142108192553201 -0.013398669879877277 0.043475646482202618
leaf_weight=30.729768216609955 177.59637419879436 3.196600466966629 100.44174687564373 5611.4875075668097 321.41747213900089 38.468278348445892 379.5545671582222 3390.3302818983793 859.57211636006832 8.7435888797044772 24.23476779460907 8.9929799586534482 3.4706727713346472
leaf_count=123 711 13 402 22451 1286 154 1519 13567 3440 35 97 36 14
internal_value=0 0.00134317 -0.0015016 -0.00119342 -0.0075498 -0.000630757 0.00124796 0.00223839 -0.00293967 -0.0147423 -0.0105443 -0.043308 0.0642574
internal_weight=0 4666.85 6291.38 6148.97 499.014 5649.96 4660.19 3769.88 890.302 142.413 124.677 17.7366 6.66727
internal_count=43848 18676 25172 24602 1997 22605 18649 15086 3563 570 499 71 27
is_linear=0
shrinkage=0.05


Tree=18
num_leaves=12
num_cat=0
split_feature=10 25 6 8 12 12 26 20 13 22 12
split_gain=8.70357 8.23065 9.7614 10.1056 9.95263 6.43483 9.38274 7.07173 6.28563 3.4862 3.92055
threshold=0.1715000000000089 -0.00031917517012375812 0.00056076093646091 0.00012751055275954739 -0.00054943228142678702 -0.0001500825457422805 0.023344278045918296 9.2181213782682985 -0.0017437871232409139 1.5645385455742964e-05 7.0052048950830517e-05
decision_type=2 2 2 2 2 2 2 2 2 2 2
left_child=1 2 4 -4 -1 6 -3 -7 -2 -10 -11
right_child=8 5 3 -5 -6 7 -8 -9 9 10 -12
leaf_value=0.061931615879286118 -0.017091669071307113 -0.0051541050948435974 -0.012926990804660679 0.00044501124292729149 0.0041218692711461405 0.00058367096016782687 0.0063561959127512785 -0.0048051543232479873 0.083762051810489999 -0.013214616664256549 0.062285987076439502
leaf_weight=7.1869814395904532 3.7454387843608847 1360.3225337713957 158.66433908045292 1265.825363188982 2057.7461244314909 5198.524683073163 202.91036833822727 689.23303578794003 5.4946664273738843 2.9987487494945526 3.2484385818243027
leaf_count=29 15 5443 635 5066 8236 20799 812 2758 22 12 13
internal_value=0 0.000133458 0.00213776 -0.00104331 0.00433446 -0.000804566 -0.00365592 -4.65195e-05 0.0372867 0.0550413 0.0263359
internal_weight=0 10940.4 3489.42 1424.49 2064.93 7450.99 1563.23 5887.76 15.4873 11.7419 6.24719
internal_count=43840 43778 13966 5701 8265 29812 6255 23557 62 47 25
is_linear=0
shrinkage=0.05


Tree=19
num_leaves=13
num_cat=0
split_feature=27 5 27 1 20 16 20 25 29 0 29 20
split_gain=6.25078 8.76043 13.6371 8.64003 8.58833 8.19429 10.9729 7.36533 7.11998 5.53388 5.8224 3.33287
threshold=0.01430946960373527 0.16400000000000151 0.0075176004568764812 142.57584734173585 14.4300491026603 -0.00033595583950937763 -4.2981615625750491 -0.00031917517012375812 -0.028198895300899616 85.2671990201125 0.010172322911258056 6.5497458803562987
decision_type=2 2 2 2 2 2 2 2 2 2 2 2
left_child=1 5 4 11 -3 6 -1 -7 -4 10 -5 -2
right_child=3 2 8 9 -6 7 -8 -9 -10 -11 -12 -13
leaf_value=-0.00047000102635491679 0 0.0032596797591883248 0.053540372121721649 -0.013823686353013818 -0.049703482385763567 0.0024175603676454319 -0.010322707400330602 -0.00074795988004938208 0.01685707292927505 0.045331546960382683 -0.049307442366916115 0.075097205755671692
leaf_weight=733.53436987102032 2.4989603012800208 395.62411841750145 15.737454384565352 62.975467398762703 7.4973963499069205 2538.405466735363 460.56469032168388 6651.5273102670908 85.468829616904259 2.9983448982238761 14.24137160181999 3.2479165941476822
leaf_count=2936 10 1584 63 252 30 10160 1843 26613 342 12 57 13
internal_value=0 -6.68227e-05 0.00636606 -0.0135802 0.00222603 -0.000379909 -0.00427602 0.000125913 0.0227519 -0.0179119 -0.0205981 0.0439433
internal_weight=0 10888.4 504.328 85.9621 403.122 10384 1194.1 9189.93 101.206 80.2152 77.2168 5.74688
internal_count=43915 43571 2019 344 1614 41552 4779 36773 405 321 309 23
is_linear=0
shrinkage=0.05


Tree=20
num_leaves=13
num_cat=0
split_feature=27 2 5 1 3 10 25 7 3 5 22 20
split_gain=6.45376 8.98106 7.16958 14.4279 11.1908 9.24463 8.99487 7.57279 6.54994 6.4956 6.08182 4.58373
threshold=0.01430946960373527 142.6323598749768 0.16400000000000151 147.72622804576733 0.21047457861661203 0.055499999999995005 0.002657016580115397 0.08900000000001286 -0.088907911457198438 0.2130000000000081 -0.0017038821606547635 14.4300491026603
decision_type=2 2 2 2 2 2 2 2 2 2 2 2
left_child=2 -2 4 8 5 -1 -5 -6 -4 10 -3 -11
right_child=1 9 3 6 7 -7 -8 -9 -10 11 -12 -13
leaf_value=8.9754372458186426e-05 0.050895482651297785 -0.051226155442376534 -0.00094441087802234951 -0.0029261884798037121 -0.05114192366482001 -0.0081438546489428446 -0.066252951710740124 0.027076084300115245 0.016440516143673586 -0.044063974086289592 0.0038881199160509293 -0.0074079724039814825
leaf_weight=9999.3033135533333 4.7417041361331931 5.4984287321567527 69.19485105574131 187.55459700524807 16.704780191183094 352.62031954526901 5.4945892840623847 3.4928393065929404 240.295465067029 26.486910998821259 35.730491235852242 13.239987298846243
leaf_count=40013 19 22 277 751 67 1411 22 14 962 106 143 53
internal_value=0 -0.0137327 1.81784e-05 0.00584933 -0.000264026 -0.000190454 -0.00485446 -0.0371732 0.0125404 -0.0177536 -0.00365866 -0.0321194
internal_weight=0 85.6975 10874.7 502.54 10372.1 10351.9 193.049 20.1976 309.49 80.9558 41.2289 39.7269
internal_count=43860 343 43517 2012 41505 41424 773 81 1239 324 165 159
is_linear=0
shrinkage=0.05


Tree=21
num_leaves=12
num_cat=0
split_feature=25 6 0 25 29 26 2 0 22 15 3
split_gain=6.89126 13.4639 9.66789 9.12273 9.05659 10.2643 6.64515 6.62049 6.57688 6.22954 5.96666
threshold=-0.00031917517012375812 0.00018459041194962005 14.183258529082027 -0.00056781685227975021 -0.0068242243748915165 0.0069770749124556984 142.7841773155406 65.182491571378122 -0.00090572317829904251 -0.0023825778973483032 0.21047457861661203
decision_type=2 2 2 2 2 2 2 2 2 2 2
left_child=1 4 3 -3 6 -6 -1 -4 -2 -10 -11
right_child=8 2 7 -5 5 -7 -8 -9 9 10 -12
leaf_value=0.074938538398547097 -0.059253382896143771 -0.015879362597524101 0.0016872181461686773 0.048324395071449373 -0.0022863501663967683 0.052541465551446509 0.021994369405586592 0.072613075024472104 0.056526907916152259 -0.00059869661395960594 -0.019516706177504471
leaf_weight=6.2280065566301337 4.4958221167325965 113.15801653265953 3228.6754823178053 5.495316579937934 79.840227976441383 9.2407578080892545 90.096855357289314 2.9972392171621314 4.455538496375083 7402.8996092230082 41.635670095682144
leaf_count=25 18 453 12923 22 320 37 361 12 18 29620 167
internal_value=0 0.00197292 0.00124479 -0.0127494 0.0150802 0.0035025 0.0256913 0.00176128 -0.000707167 -0.000668775 -0.000705955
internal_weight=0 3535.73 3350.33 118.653 185.406 89.081 96.3249 3231.67 7453.49 7448.99 7444.54
internal_count=43976 14153 13410 475 743 357 386 12935 29823 29805 29787
is_linear=0
shrinkage=0.05


Tree=22
num_leaves=15
num_cat=0
split_feature=12 7 15 14 12 12 20 27 26 26 0 26 14 20
split_gain=4.6395 9.23298 8.0789 10.0576 7.04143 8.71702 8.8668 7.38024 6.53297 6.48553 6.96931 6.03579 5.9083 4.09417
threshold=-0.0010244052672682134 0.16199999999999196 0.00017487517158787383 -0.0028256537331698413 -0.00033589941266520812 -0.00030412858291273265 -9.6754690887166941 -0.012500265904848524 0.028474501616877739 0.030377016652747946 58.23025859096203 -0.0055495753112341116 0.0027148060528157107 5.040181942425467
decision_type=2 2 2 2 2 2 2 2 2 2 2 2 2 2
left_child=1 2 3 -1 7 6 -6 8 -2 10 -3 -9 -11 -7
right_child=4 9 -4 -5 5 13 -8 11 -10 12 -12 -13 -14 -15
leaf_value=-0.017654097216026701 0.0062142327915405441 0.00085815098431284717 -0.024722105840864563 0.059698956400332154 -0.011932275925785066 0.00072769065421713849 0.01490248880811877 -0.00064826211302190426 0.051415119733829374 0.069480599526514517 -0.066210549787393408 -0.0075313491990289085 -0.013429801720667543 -0.0017266473103271685
leaf_weight=4.9926521927118364 46.397826433181763 87.371297284960747 4.7428152412176123 20.681687504053116 36.723773539066315 7046.5534594506025 178.8981881737709 604.86985564231873 9.4886050820350629 5.993912070989607 3.7476744651794425 676.62315946817398 2.9961765110492706 2238.3770713955164
leaf_count=20 186 350 19 83 147 28198 716 2421 38 24 15 2708 12 8957
internal_value=0 0.00936168 0.033352 0.0444342 -0.000110787 0.00036694 0.0102987 -0.00350755 0.0142111 0.00194479 -0.00205388 -0.00428732 0.041769 0.000135433
internal_weight=0 130.526 30.4172 25.6743 10837.9 9500.55 215.622 1337.38 55.8864 100.109 91.119 1281.49 8.99009 9284.93
internal_count=43894 523 122 103 43371 38018 863 5353 224 401 365 5129 36 37155
is_linear=0
shrinkage=0.05


Tree=23
num_leaves=15
num_cat=0
split_feature=10 4 21 21 5 27 6 29 2 21 2 24 4 21
split_gain=5.20111 7.29944 9.0739 11.8933 9.91381 8.17066 7.39937 7.10877 9.7507 13.4731 7.84178 6.95007 13.4156 11.3182
threshold=0.035499999999998984 0.11926898809451664 0.02728704756179923 0.0092968434281743857 0.029000000000010576 0.01430946960373527 0.00040624723357622123 -0.001059743848045795 152.60200027471299 -0.10051008484042255 145.30481242810745 0.00038319703583450176 0.11926898809451664 0.0083931739433609227
decision_type=2 2 2 2 2 2 2 2 2 2 2 2 2 2
left_child=1 2 3 -1 -4 6 -3 11 10 -10 -9 12 -2 -13
right_child=7 5 4 -5 -6 -7 -8 8 9 -11 -12 13 -14 -15
leaf_value=0.00027626767433266129 0.00059521598852444986 -0.0065397589680089609 -0.012637164705992205 0.0055602265330331555 -0.0012611502168519678 -0.063007921445697043 0.015802392525724487 -0.010468096689679483 0.046873803231420146 -0.023097031935194384 0.0010221286129327408 -0.01006190180509493 -0.043100252306454256 0.037154472029264633
leaf_weight=5428.0195990949869 700.13108569383621 46.975144147872925 209.23765116930008 1325.3093033432961 2251.2928638607264 3.4930047988891593 168.07219940423965 244.6154228746891 6.9956580549478522 115.44044563174248 375.32644648849964 20.739320054650307 17.715366676449776 31.456714481115341
leaf_count=21723 2802 188 838 5303 9008 14 673 979 28 462 1502 83 71 126
internal_value=0 0.000581522 0.000366588 0.00131416 -0.00223199 0.00960758 0.0108964 -0.00257648 -0.00606743 -0.0189536 -0.00350647 0.000783612 -0.000493714 0.0183482
internal_weight=0 9432.4 9213.86 6753.33 2460.53 218.54 215.047 1512.42 742.378 122.436 619.942 770.042 717.846 52.196
internal_count=43800 37747 36872 27026 9846 875 861 6053 2971 490 2481 3082 2873 209
is_linear=0
shrinkage=0.05


Tree=24
num_leaves=16
num_cat=0
split_feature=0 8 27 24 5 20 29 29 3 4 27 20 29 1 0
split_gain=6.89273 9.33933 8.91796 10.792 9.25504 12.0534 8.52211 8.26851 8.2008 7.55979 7.48345 7.36303 5.34453 4.76172 2.26223
threshold=47.042241926210053 6.6979685494545545e-06 -0.0026708607361743621 -0.00019595509724554684 0.1744999999999948 -10.623385383338105 -0.02215689337540163 0.0016204290869142144 0.091226584463413488 -0.16409875110656644 -0.003061694418831726 5.5027514839824443 0.0086770802056887232 144.71909520229954 43.390791505653802
decision_type=2 2 2 2 2 2 2 2 2 2 2 2 2 2 2
left_child=1 11 4 6 10 -6 -4 -5 9 -3 -2 12 -1 -10 -13
right_child=2 8 3 7 5 -7 -8 -9 13 -11 -12 14 -14 -15 -16
leaf_value=0.021699797031005066 -0.0041253768869089517 0.013833390754317882 0.036307113465143953 -0.002625726441886171 -0.023363318552277301 0.024112926429453226 -0.018485314769629179 0.0017974464208770251 0 0.00057657290636464189 -0.015284204434685901 -0.062989476403801647 -0.038589873742628573 0.051547636439324335 0
leaf_weight=95.15555077791214 1198.8016794621944 109.90798431634903 7.2475285232067099 1620.5692254751921 17.231031566858292 55.395948246121407 111.20612572133541 3033.4954512417316 6.7213225811719921 4532.9799312353134 172.14648546278477 3.2465481609106055 3.4989992529153815 12.362276703119276 2.4994148910045624
leaf_count=381 4798 440 29 6484 69 222 445 12138 27 18143 689 13 14 50 10
internal_value=0 0.00136189 -0.00116532 -0.000122584 -0.00460846 0.0127307 -0.0150075 0.000256131 0.001029 0.000892343 -0.00553325 0.0161336 0.0194005 0.0334909 -0.0373095
internal_weight=0 4766.37 6216.09 4772.52 1443.58 72.627 118.454 4654.06 4661.97 4642.89 1370.95 104.401 98.6546 19.0836 5.74596
internal_count=43952 19078 24874 19096 5778 291 474 18622 18660 18583 5487 418 395 77 23
is_linear=0
shrinkage=0.05


Tree=25
num_leaves=13
num_cat=0
split_feature=2 5 6 16 5 1 5 6 5 26 29 1
split_gain=5.83947 14.0435 6.16673 12.3523 8.99774 11.3582 8.86351 6.71289 5.42067 6.9448 6.76136 5.23459
threshold=140.70048889900224 0.057500000000004554 0.00056076093646091 -0.00054958327465273011 0.16400000000000151 148.11581668222547 0.083000000000012633 0.00057117614925691939 0.079499999999995921 0.016266689895359971 0.029832593542628159 144.88878760428125
decision_type=2 2 2 2 2 2 2 2 2 2 2 2
left_child=1 -1 3 11 7 -6 -5 -4 9 -3 -10 -2
right_child=2 8 4 6 5 -7 -8 -9 10 -11 -12 -13
leaf_value=0.076025344605098313 0.0031053035601741686 -0.044231966295034356 -0.014064854848394197 0.00055274310306733664 0.0090699555243065992 -0.0060701202940364385 0.019727833552155391 -0.0024313552421739463 0.028746192646798421 0.043287986173571685 -0.054223229591136152 0.075134591119658006
leaf_weight=8.2202720791101438 3.9527681022882444 8.9719343334436399 130.20150804519653 7564.0642061531544 369.01856364309788 185.75448366999626 60.469744563102722 2590.3268018364906 19.576594591140751 2.6837800592184058 2.4860446453094474 7.6439822018146515
leaf_count=34 16 36 521 30269 1478 744 242 10366 79 11 10 31
internal_value=0 0.0186349 7.44067e-06 0.000786373 -0.00180696 0.00399106 0.000706246 -0.00299145 0.00394946 -0.0230814 0.0185715 0.051701
internal_weight=0 41.9386 10911.4 7636.13 3275.3 554.773 7624.53 2720.53 33.7184 11.6557 22.0626 11.5968
internal_count=43837 170 43667 30558 13109 2222 30511 10887 136 47 89 47
is_linear=0
shrinkage=0.05


Tree=26
num_leaves=16
num_cat=0
split_feature=6 6 2 5 15 25 25 2 9 15 12 8 7 0 2
split_gain=6.96476 11.0329 9.79329 11.1431 9.96645 11.0073 9.02921 8.18253 7.63025 7.23408 7.00998 5.88535 5.35477 4.77181 1.9523
threshold=0.00056076093646091 0.00054659305780593479 143.63368825150948 0.081500000000005471 0.0016857312389556569 0.002657016580115397 -0.00031917517012375812 145.12849459329928 0.0035000000000025015 0.0014857983538368871 -0.00033589941266520812 9.5289305207376735e-05 0.055499999999995005 83.978582930062274 144.24407623025726
decision_type=2 2 2 2 2 2 2 2 2 2 2 2 2 2 2
left_child=1 6 4 14 9 -6 8 -8 -1 -2 12 -5 -3 -12 -4
right_child=2 10 3 11 5 -7 7 -9 -10 -11 13 -13 -14 -15 -16
leaf_value=0.008710823057426301 0.0022196023305626647 -0.041707539780587277 -0.071896986701798088 -0.010955735799525095 0.02693302374698189 -0.014263258089953851 -0.0035591049309456908 0.00083141938339550319 0.0017295821542325934 -0.035546384647159347 0.020325261395379778 -0.0021227578337305966 0.0043253520685500712 -0.030249236665157182 -0.015068120813937338
leaf_weight=534.31107322871685 462.57805159687996 7.9971051514148703 6.4982175230979902 203.88076511025429 79.388469770550728 19.980383977293968 1442.875653013587 4006.6066431701183 1472.1553426235914 12.728770747780798 132.92253288626671 2535.8563168644905 25.737394988536835 4.4986957162618628 2.4985842257738113
leaf_count=2140 1852 32 26 816 318 80 5774 16031 5894 51 532 10150 103 18 10
internal_value=0 0.00101382 -0.00172857 -0.00297069 0.00420238 0.0185814 0.000724713 -0.000330287 0.00359216 0.00117593 0.0135557 -0.00278303 -0.00671175 0.018571 -0.0576479
internal_weight=0 7627.1 3323.41 2748.73 574.676 99.3689 7455.95 5449.48 2006.47 475.307 171.156 2739.74 33.7345 137.421 8.9968
internal_count=43827 30524 13303 11002 2301 398 29839 21805 8034 1903 685 10966 135 550 36
is_linear=0
shrinkage=0.05


Tree=27
num_leaves=11
num_cat=0
split_feature=10 1 10 27 1 7 1 3 7 0
split_gain=7.16276 6.82317 6.63469 5.23361 8.91409 6.5675 5.09578 2.89413 2.092 0.00243909
threshold=0.1715000000000089 148.11581668222547 0.14450000000000787 0.01430946960373527 142.67575938371718 0.14399999999999127 147.73978619388114 -0.04577345376033292 0.065999999999988304 53.191467355775508
decision_type=2 2 2 2 2 2 2 2 2 2
left_child=2 8 3 5 -5 -1 7 -4 9 -2
right_child=1 -3 6 4 -6 -7 -8 -9 -10 -11
leaf_value=-0.00011510268074669129 0.085665314745696081 -0.01729268865318909 0.032266172775754699 0.041307626336274016 -0.017418108751310463 0.008575099512595814 -0.073937653152687091 -0.031464031380639294 0.024425775680390078 0.048312995740904668
leaf_weight=10633.755921855569 3.7289180010557157 4.2366712093353263 2.4979112893342972 6.727210894227027 76.660070687532425 221.63952070474625 4.9961096048355103 4.4935684800147992 4.2414101362228394 2.4910646229982376
leaf_count=42559 15 17 10 27 307 888 20 18 17 10
internal_value=0 0.0345017 -7.51712e-05 -3.3465e-05 -0.0124896 6.21006e-05 -0.0367956 -0.00761808 0.0558395 0.0743841
internal_weight=0 14.6981 10950.8 10938.8 83.3873 10855.4 11.9876 6.99148 10.4614 6.21998
internal_count=43888 59 43829 43781 334 43447 48 28 42 25
is_linear=0
shrinkage=0.05


Tree=28
num_leaves=14
num_cat=0
split_feature=2 3 5 15 3 2 22 24 24 24 5 15 3
split_gain=5.97723 6.12126 11.3279 8.51611 5.72368 11.2602 7.59803 5.08559 4.90706 7.33324 5.2819 3.98676 1.87812
threshold=140.70048889900224 0.024356741663225993 0.029000000000010576 -0.0004639695524643605 0.0040433246986566482 147.55622515032002 -9.8649229880220145e-06 4.1787124184288021e-05 -0.00043936069328022015 -0.00020664204080048324 0.067499999999995466 -0.0004639695524643605 -0.074220091400974283
decision_type=2 2 2 2 2 2 2 2 2 2 2 2 2
left_child=8 4 7 -4 6 -6 -2 -3 12 10 -10 -11 -1
right_child=1 2 3 -5 5 -7 -8 -9 9 11 -12 -13 -14
leaf_value=0.02213144603231668 0.00046468764971901647 -0.025210311468368565 0.0080473055766358929 -0.0018570700880338354 0.0075756070189581101 -0.00054641602743736866 -0.0058703535543250642 -0.0081866198745620955 0.017832081950925973 0.071309615003443821 -0.0648640877779222 0.014928200177804614 0.080913148176171623
leaf_weight=2.9648800045251846 5355.504534676671 58.299943000078201 234.40898275375366 2862.5655296444893 789.17307317256927 926.39193366467953 518.85987581312656 183.82702538371086 2.9340848624706259 3.4667818099260357 4.4784831702709198 23.714162349700928 3.6732507497072211
leaf_count=12 21435 234 939 11455 3158 3707 2076 736 12 14 18 97 15
internal_value=0 -0.000137425 -0.00192174 -0.00110509 0.00064695 0.00318753 -9.42821e-05 -0.0123324 0.0188666 0.010885 -0.0320621 0.0230012 0.0574715
internal_weight=0 10929 3339.1 3096.97 7589.93 1715.57 5874.36 242.127 41.2316 34.5935 7.41257 27.1809 6.63813
internal_count=43908 43740 13364 12394 30376 6865 23511 970 168 141 30 111 27
is_linear=0
shrinkage=0.05


Tree=29
num_leaves=15
num_cat=0
split_feature=8 15 6 14 2 15 3 9 9 1 24 1 14 14
split_gain=5.23823 9.30833 8.11179 7.95482 5.91774 7.37552 8.1342 5.16946 8.4618 3.86204 6.56404 4.34114 2.13219 1.32338
threshold=6.6979685494545545e-06 -0.0004639695524643605 0.00064626904134835745 -0.00017414564313916744 157.97949617560838 0.0014211901986592725 0.062252253388805918 0.22799999999999446 0.16799999999999218 147.08158208623385 -0.00032552662753899828 147.72622804576733 0.0011533400268642915 0.00080175173680530076
decision_type=2 2 2 2 2 2 2 2 2 2 2 2 2 2
left_child=1 9 3 -3 7 6 -6 8 -2 10 -1 -11 -9 -7
right_child=4 2 -4 -5 5 13 -8 12 -10 11 -12 -13 -14 -15
leaf_value=0.03300483710265855 0.0001244017405223447 -0.016085181265863148 -0.061023344468478825 0.0092217099268784904 -0.0097579089023157803 -0.087680060458067768 0.046098462809984725 0.080335933605629684 -0.056779935349894187 0.078459761551487928 -0.026805749488248855 0.025694816170343984 0.011974970178753057 -0.029445174160895413
leaf_weight=8.9777626544237155 10518.697981178761 40.181049734354019 4.7451072782278052 132.16882200539112 152.5593985170126 2.9976007491350165 6.4881455451250067 2.4748573303222647 6.2367786020040503 4.2440127581357947 8.7404902279376966 42.908007115125656 2.485403761267662 2.4921763688325882
leaf_count=36 42101 161 19 529 611 12 26 10 25 17 35 172 10 10
internal_value=0 0.00740177 0.0014238 0.00327509 -3.28494e-05 -0.00943363 -0.00736544 0.000113835 8.85894e-05 0.0235632 0.00326746 0.0310154 0.0496698 -0.0650025
internal_weight=0 241.965 177.095 172.35 10694.4 164.537 159.048 10529.9 10524.9 64.8703 17.7183 47.152 4.96026 5.48978
internal_count=43774 969 709 690 42805 659 637 42146 42126 260 71 189 20 22
is_linear=0
shrinkage=0.05


Tree=30
num_leaves=16
num_cat=0
split_feature=12 2 12 27 20 20 20 12 7 15 2 0 15 21 7
split_gain=5.64332 7.79564 7.78864 7.74345 8.10172 7.72733 8.60721 7.37884 9.41336 6.96629 6.67586 5.43734 6.56503 4.91914 4.79485
threshold=-0.00080253818845193992 145.82391302692204 -0.00033589941266520812 -0.0060999264686280386 -7.0154876396720942 -1.73269305431155 -2.6266380037917112 -0.00030412858291273265 0.052500000000009102 -0.0013206017602028217 149.68391308865679 23.311840279797945 -0.0011189696317976392 -0.094017372222339177 0.12149999999999751
decision_type=2 2 2 2 2 2 2 2 2 2 2 2 2 2 2
left_child=1 11 3 4 -2 6 -3 8 -4 -7 -9 13 -13 -1 -5
right_child=2 5 7 14 -6 9 -8 10 -10 -11 -12 12 -14 -15 -16
leaf_value=0.014317571741940227 0.0086097340962695158 -0.00071072758913662314 0.012011614443707963 -0.006825760920740229 -0.0055077427507847195 0.061531285793265139 -0.055663259745667153 0.00059203067164400605 -0.029278463618357703 -0.010774789654601923 -0.0023962677199609282 -0.0025608724652354999 0.024547321054935761 0.073371850403174829 -0.058505605885007451
leaf_weight=7.243744894862175 196.99581032991409 134.45178754627705 199.06347626447678 801.5120320469141 209.00375278294086 8.7373397350311262 7.2384601235389701 6675.7370717078447 14.485509321093557 4.9844017326831809 2594.767391204834 39.171124413609505 50.579378500580788 7.4735579490661603 4.2461961805820456
leaf_count=29 789 539 797 3208 837 35 29 26719 58 20 10385 157 203 30 17
internal_value=0 0.00693749 -0.000514426 -0.00428864 0.00133122 -0.000136446 -0.00366495 -3.15548e-05 0.00915029 0.035241 -0.00024389 0.017479 0.0126915 0.0455054 -0.00712598
internal_weight=0 259.88 10695.8 1211.76 406 155.412 141.69 9484.05 213.549 13.7217 9270.5 104.468 89.7505 14.7173 805.758
internal_count=43852 1042 42810 4851 1626 623 568 37959 855 55 37104 419 360 59 3225
is_linear=0
shrinkage=0.05


Tree=31
num_leaves=16
num_cat=0
split_feature=10 15 0 1 5 7 17 20 25 0 17 25 22 25 17
split_gain=5.1291 6.50115 9.70679 10.7024 7.39533 6.14046 8.59285 6.07963 6.06832 9.30435 6.43471 5.28623 5.09211 10.1573 8.8671
threshold=0.035000000000010807 -0.00020723251070475787 54.280409311839144 150.03946218118384 0.16299999999999673 0.0054999999999978408 -0.27108999026708774 9.2181213782682985 -8.3108583731419217e-05 64.157942571041289 0.25206639440697648 0.0015003976712130087 0.00016793474169873391 0.0010802476475362634 -0.24886218824605907
decision_type=2 2 2 2 2 2 2 2 2 2 2 2 2 2 2
left_child=7 5 4 -4 -3 6 -2 12 9 -9 -10 -7 13 -1 -14
right_child=1 2 3 -5 -6 11 -8 8 10 -11 -12 -13 14 -15 -16
leaf_value=0.0014653952716708815 -0.027063919096768526 -0.01783054719228629 0.0017756592770856779 -0.015052544744360991 0.006046966283155885 0.0020157659633772348 0.0035657891898678087 0.0012834376562807306 -0.012219014611777448 0.065521834840306423 -0.0012597203034026769 0.066091423361277574 -0.020405724301353914 0.03125532879565629 -0.00058467404231901665
leaf_weight=5983.1470151990652 44.713513776659966 207.63955080509186 409.71314705908298 122.35538725554943 37.919182196259499 647.95028783380985 45.973083212971687 226.65815037488937 268.8162617534399 5.4884312599897376 269.03597369790077 2.9410651028156272 57.399543896317482 28.470718383789062 2608.8529157936573
leaf_count=23948 179 831 1640 490 152 2594 184 907 1076 22 1077 12 230 114 10442
internal_value=0 -0.00270622 -0.00590003 -0.00209109 -0.0141202 0.000637147 -0.0115208 0.000423614 -0.00383237 0.00290628 -0.00675018 0.00234329 0.000801949 0.00160886 -0.00101551
internal_weight=0 1519.21 777.627 532.069 245.559 741.578 90.6866 9447.87 769.999 232.147 537.852 650.891 8677.87 6011.62 2666.25
internal_count=43898 6082 3113 2130 983 2969 363 37816 3082 929 2153 2606 34734 24062 10672
is_linear=0
shrinkage=0.05


Tree=32
num_leaves=15
num_cat=0
split_feature=2 1 15 27 9 9 15 15 25 3 15 17 2 27
split_gain=6.28526 5.46292 11.6313 5.95353 5.282 6.37747 4.77904 6.95659 7.15846 4.29423 3.1537 2.62062 1.97807 1.54535
threshold=140.70048889900224 158.30274304649433 0.00048897914937895426 -0.002079915131584171 0.22799999999999446 0.16799999999999218 -0.00025632663361924152 0.00043168386495306971 0.0011315896399735064 -0.033830375865136368 -0.0019861211306294031 0.47034883770596697 146.44059079218061 -0.002778250864205798
decision_type=2 2 2 2 2 2 2 2 2 2 2 2 2 2
left_child=6 4 3 -3 5 -2 10 9 -9 -8 -1 -4 -6 -12
right_child=1 2 11 -5 12 -7 7 8 -10 -11 13 -13 -14 -15
leaf_value=-0.0042343716205458992 3.6282285385337645e-05 0.034867736026123336 -0.075544027857650922 -0.015089347585936334 0.079557749751728107 -0.048466283957756262 0.0092026462591226973 0.05345284974491802 -0.01735124033588625 -0.055047525193514982 0.079708167695848098 -0.012816648507823089 0.014568372990060653 0.03711507477819391
leaf_weight=2.9739485234022167 10881.985477209091 7.7338794320821789 8.2347629070281965 22.726512134075165 2.4681633561849585 6.4815340936183921 4.3967496305704117 9.198900565505026 5.3929394334554663 5.4602995365858096 3.6466231048107156 2.4942933619022361 2.7118754088878632 9.564929917454716
leaf_count=12 43555 31 33 91 10 26 18 38 22 22 15 10 11 39
internal_value=0 -3.77344e-05 -0.0181467 -0.00202637 3.07754e-05 5.61665e-06 0.0195911 0.00525664 0.0271265 -0.026471 0.0404509 -0.0621598 0.0491068 0.0507503
internal_weight=0 10934.8 41.1894 30.4604 10893.6 10888.5 40.6344 24.4489 14.5918 9.85705 16.1855 10.7291 5.18004 13.2116
internal_count=43933 43767 165 122 43602 43581 166 100 60 40 66 43 21 54
is_linear=0
shrinkage=0.05


Tree=33
num_leaves=16
num_cat=0
split_feature=1 4 9 9 2 21 2 1 24 24 1 13 12 10 7
split_gain=5.83247 10.041 10.1271 9.7428 17.7156 9.05844 8.92865 20.9397 10.8965 10.5448 10.5369 17.4062 8.93159 8.55031 6.92252
threshold=145.67984627882325 -0.065735557487373822 0.020499999999998412 0.025499999999993864 145.07131356309785 -0.16138951239818763 149.68391308865679 150.13930200283832 0.0012783575198882426 -0.0018870101401082852 149.64394901161793 0.00018399363490961831 -0.00032908574397810803 0.015500000000002958 0.21699999999999878
decision_type=2 2 2 2 2 2 2 2 2 2 2 2 2 2 2
left_child=1 2 5 13 -5 -1 10 9 -9 -8 12 -12 -2 -3 -4
right_child=6 3 14 4 -6 -7 7 8 -10 -11 11 -13 -14 -15 -16
leaf_value=0.050029292770561153 -0.0036298121439149 -0.0013900699944286192 -0.0039840087855955199 0.0051742536587619662 -0.018533471006457837 0.010485503287760623 -0.074660565237453555 0.00077885135955092397 -0.028926462207534694 -0.011383307273922571 0.052551711699496351 -0.0041438005954362268 0.0031323155019490341 -0.0073430154987546778 0.05848168785112267
leaf_weight=15.450253456830977 563.39788395166397 1448.7252470701933 183.25496900081635 699.55476635694504 88.443822234869003 200.04432117938995 6.4599449187517157 2680.6159089952707 30.92618989944458 337.81496965885162 26.985197573900223 26.489352434873581 3626.1251373440027 1036.6445422917604 4.238960549235343
leaf_count=62 2256 5800 734 2801 354 801 26 10730 124 1352 108 106 14512 4150 17
internal_value=0 -0.00142091 0.00602012 -0.00233898 0.00250095 0.0134094 0.00102096 -0.00103851 0.000435044 -0.0126491 0.00250533 0.0245074 0.00222157 -0.00387563 -0.00245396
internal_weight=0 3676.36 402.989 3273.37 787.999 215.495 7298.81 3055.82 2711.54 344.275 4243 53.4746 4189.52 2485.37 187.494
internal_count=43933 14719 1614 13105 3155 863 29214 12232 10854 1378 16982 214 16768 9950 751
is_linear=0
shrinkage=0.05


Tree=34
num_leaves=16
num_cat=0
split_feature=27 4 5 20 26 2 26 5 4 4 8 20 12 10 20
split_gain=6.42094 7.03632 14.4485 7.72438 5.80667 13.8085 8.11832 5.78191 6.90836 12.2549 6.32406 6.7878 6.13969 4.33529 2.63218
threshold=0.01430946960373527 -0.16409875110656644 0.10500000000000399 1.0000000180025095e-35 -0.049981031580679909 147.59968400539739 -0.026336542636257291 0.18549999999999048 0.028341142894672905 0.072940372538709664 0.00042322520826471212 11.862510135695265 0.00069803228665266126 1.0000000180025095e-35 3.1990889846320063
decision_type=2 2 2 2 2 2 2 2 2 2 2 2 2 2 2
left_child=1 2 3 -1 5 -3 -6 10 12 -10 14 -12 -9 -4 -2
right_child=7 4 13 -5 6 -7 -8 8 9 -11 11 -13 -14 -15 -16
leaf_value=0.015927744411913424 -0.008729443799676103 0.0052526238550582686 -0.030444940044649028 -0.030439913832824891 0.0060883812288926448 -0.029501886701587043 -0.00019867904023697708 -0.089635496067691986 0.057120131076396186 -0.037128027677295249 0.029978869899667422 -0.045182620734436504 -0.026557775500259173 0.028040631743325752 -0.062378397283690684
leaf_weight=14.229463845491408 6.7426106184720975 59.811462551355362 2.9975610673427573 22.976540789008141 540.54103375971317 53.961553886532784 10132.055483937263 4.2331189066171637 6.2348203957080823 6.9753578901290894 18.727956250309948 3.2463393807411185 35.894796758890152 70.579376801848412 3.4962764382362366
leaf_count=57 27 240 12 92 2164 217 40556 17 25 28 75 13 144 283 14
internal_value=0 0.000128441 0.0126482 -0.0125877 -2.92563e-08 -0.0112215 0.000119439 -0.0135992 -0.0236666 0.0072649 0.00298094 0.0181915 -0.0339513 0.0254763 -0.0287776
internal_weight=0 10897.2 110.783 37.206 10786.4 113.773 10672.6 85.5513 53.3381 13.2102 32.2132 21.9743 40.1279 73.5769 10.2389
internal_count=43964 43621 444 149 43177 457 42720 343 214 53 129 88 161 295 41
is_linear=0
shrinkage=0.05


Tree=35
num_leaves=13
num_cat=0
split_feature=10 27 6 6 0 9 10 11 10 10 10 13
split_gain=5.54025 5.97485 5.60563 5.43967 5.4353 5.32134 5.55587 5.25315 5.0535 3.83093 1.98978 0.629629
threshold=0.1715000000000089 0.01430946960373527 0.0012979025251718406 0.00080432358985813338 85.2671990201125 0.12749999999999775 0.12800000000000014 1.0000000180025095e-35 0.21450000000000105 0.010000000000005118 0.23949999999997831 -1.0000000180025095e-35
decision_type=2 2 2 2 2 2 2 2 2 2 2 2
left_child=1 5 3 -3 -4 6 -1 8 -2 -7 -10 -9
right_child=7 2 4 -5 -6 9 -8 11 10 -11 -12 -13
leaf_value=2.3931054464844419e-06 0.049087007011301934 -0.02785720376040754 -0.027651233352923573 0.014948527869047868 0.041067529387765367 0.047390990942254338 -0.025289620508189992 0.038668907942310177 -0.054277739442261642 0.007436557203282782 0.0018318430505651845 0.084345221117213695
leaf_weight=10829.262091711164 3.7072995156049711 10.233574062585829 48.553275868296623 24.695432305335999 2.7411475479602805 9.4522254467010516 21.456131801009178 2.9670302718877792 2.488958477973938 16.945570766925812 3.2274841666221619 2.9787581264972678
leaf_count=43349 15 41 195 99 11 38 86 12 10 68 13 12
internal_value=0 -9.7105e-05 -0.0131843 0.00213486 -0.0236646 6.53899e-06 -4.78562e-05 0.0296544 0.00532612 0.022302 -0.0232557 0.0653048
internal_weight=0 10963.3 86.2234 34.929 51.2944 10877.1 10850.7 15.3695 9.42374 26.3978 5.71644 5.94579
internal_count=43949 43887 346 140 206 43541 43435 62 38 106 23 24
is_linear=0
shrinkage=0.05


Tree=36
num_leaves=8
num_cat=0
split_feature=9 9 15 15 4 10 10
split_gain=4.84102 6.07652 4.51218 10.4731 6.9182 1.97459 0.481661
threshold=0.22799999999999446 0.16799999999999218 -0.0016242077660755248 -0.00074614914078852113 0.15717099553059974 0.025499999999993864 0.0455000000000041
decision_type=2 2 2 2 2 2 2
left_child=1 2 4 -4 -1 -3 -2
right_child=6 5 3 -5 -6 -7 -8
leaf_value=-0.003697466704577131 0.062903792051189442 -0.072464044488742926 0.0040067862595129953 -0.00036777760144589706 0.050522259183130296 -0.010754742557989513 0.02300955427162767
leaf_weight=900.42606034874916 2.6988422572612754 3.4688841998577109 1633.874281078577 8399.0609193742275 5.6115831583738318 2.4840302616357803 2.4426939487457275
leaf_count=3606 11 14 6543 33618 23 10 10
internal_value=0 9.94973e-06 3.85722e-05 0.000344225 -0.00333953 -0.049265 0.0471828
internal_weight=0 10944.9 10939 10032.9 906.038 5.95291 5.14154
internal_count=43835 43814 43790 40161 3629 24 21
is_linear=0
shrinkage=0.05


Tree=37
num_leaves=16
num_cat=0
split_feature=3 1 15 4 3 13 12 9 20 10 7 17 4 7 9
split_gain=5.50184 12.5065 6.43492 6.38406 5.28446 7.87412 13.5847 5.45873 9.47748 6.79912 5.39436 4.11578 4.54418 3.27755 2.53381
threshold=0.10088224928138347 157.37160406235228 -0.0012161004829644437 0.10307722461498295 0.052550257208352498 0.0013974294430545433 0.00036754474866429471 0.027000000000001027 -4.0554081924208942 0.024999999999991477 0.15149999999999866 0.44794936162216392 0.10737781433399982 0.040500000000008647 0.017000000000010122
decision_type=2 2 2 2 2 2 2 2 2 2 2 2 2 2 2
left_child=4 2 13 -4 7 6 -6 9 -9 -1 -7 14 -13 -2 -3
right_child=1 11 3 -5 5 10 -8 8 -10 -11 -12 12 -14 -15 -16
leaf_value=0.00037126846320994166 0.00044773516171644676 -0.08812361934018334 0.015152494617065563 0.0022635042834833999 -0.0046685761260616358 -0.03454285768184686 0.012480135925993726 0.0095112069112516517 0.00076653103107579958 -0.0032301060388257711 0.013138104992428469 -0.031282027990106036 0.039891513328766094 0.068003251972267351 -0.029651612587898276
leaf_weight=5652.9259211570024 2.7127229273319227 3.9881964623928088 133.39999412000179 346.36316388845444 984.85057018697262 31.223448976874352 130.41452592611313 387.56765741109848 1548.8207692950964 1705.1687109023333 6.9673447161912909 7.967025160789488 2.748952716588974 6.0835725963115692 4.7290287464857101
leaf_count=22628 11 16 534 1387 3942 125 522 1552 6201 6826 28 32 11 25 19
internal_value=0 0.00508963 0.00667066 0.00586498 -0.00023734 -0.0034291 -0.00265598 0.000158321 0.00252056 -0.000462734 -0.0256797 -0.0339019 -0.011981 0.0484211 -0.0589993
internal_weight=0 507.993 488.559 479.763 10447.9 1153.46 1115.27 9294.48 1936.39 7358.09 38.1908 19.4332 10.716 8.7963 8.71723
internal_count=43859 2035 1957 1921 41824 4617 4464 37207 7753 29454 153 78 43 36 35
is_linear=0
shrinkage=0.05


Tree=38
num_leaves=15
num_cat=0
split_feature=4 15 27 1 17 1 9 21 1 15 21 2 9 26
split_gain=6.67031 11.148 11.677 12.4739 9.01561 7.33145 6.37158 7.11061 6.87836 6.21451 5.88919 5.3012 8.85415 4.91433
threshold=-0.16409875110656644 -0.00052478200945688103 -0.0049190215511226943 142.71198701110634 -0.3449852814134719 148.82718537954375 0.073499999999995694 0.21047457861661203 145.46359578358093 -0.0010733405838075358 0.14350901411980035 155.75602691170931 0.090999999999993988 0.049984847657803803
decision_type=2 2 2 2 2 2 2 2 2 2 2 2 2 2
left_child=1 4 -3 -4 9 -6 7 10 -9 -1 -2 13 -13 -8
right_child=6 2 3 -5 5 -7 11 8 -10 -11 -12 12 -14 -15
leaf_value=0.012264182054437562 -0.00027722880768830173 0.069442049119511559 0.067863536387137754 -0.039789792457853447 0.023804197089705555 0.075397774403708082 0.01326213324555804 -0.061915258963558609 -0.0098288726864473736 -0.053387757710773101 0.0093076454531364969 0.0065878314238199693 -0.078579410820646664 -0.016710318546021691
leaf_weight=65.833680644631386 10460.963338688016 3.2187717705965069 2.7376491129398373 22.950579538941383 22.656886711716652 10.232073917984961 174.35344791412354 8.2095288783311826 26.812199980020523 3.4956799745559684 162.43779166042805 8.9788224548101407 4.2237989157438269 14.441709354519842
leaf_count=264 41875 13 11 92 91 41 699 33 108 14 651 36 17 58
internal_value=0 0.0112943 -0.0159085 -0.0274736 0.01906 0.0405426 -3.7587e-05 -0.000204885 -0.0226023 0.00866635 -0.000129941 0.00875239 -0.0214292 0.0109201
internal_weight=0 131.125 28.907 25.6882 102.218 32.889 10860.4 10658.4 35.0217 69.3294 10623.4 201.998 13.2026 188.795
internal_count=44003 526 116 103 410 132 43477 42667 141 278 42526 810 53 757
is_linear=0
shrinkage=0.05


Tree=39
num_leaves=14
num_cat=0
split_feature=26 14 4 15 17 24 20 1 29 3 6 3 8
split_gain=6.04352 9.29651 9.48422 8.06656 6.75987 6.55204 4.69191 9.38478 14.7401 4.30078 8.026 6.1856 4.11041
threshold=-0.057867885966471314 -0.00054668219240250327 -0.080479980540725166 -0.001547207819735996 -0.51360156224677322 -0.002312638253023129 13.1622464220009 152.43226141534748 -0.0040273453158413052 0.02728704756179923 8.7969792724046342e-05 0.0055210262845264433 0.00039268085456455433
decision_type=2 2 2 2 2 2 2 2 2 2 2 2 2
left_child=1 2 5 -3 -4 -1 9 12 -9 11 -11 -2 -8
right_child=6 3 4 -5 -6 -7 7 8 -10 10 -12 -13 -14
leaf_value=-0.015762803091606513 0.00021568986899210356 0.083260396262058001 -0.013961662966940508 -0.022881555395663517 -0.052665526817758629 0.030755199241057296 -0.016339228650364756 -0.022035395144302201 0.034188517021510094 -0.039123271877723853 -0.0010448918454999017 0.0036265310713492153 -0.003398102258405194
leaf_weight=18.193253710865978 5734.431201800704 4.1290178596973419 24.550561875104904 2.726551577448844 21.834999263286591 12.477008849382399 125.64577758312225 17.973496109247208 31.70275691151619 13.610423073172567 3036.6495966464281 1731.4911477267742 122.3297925144434
leaf_count=73 22956 17 99 11 88 50 503 72 127 55 12157 6930 490
internal_value=0 -0.0132612 -0.0183083 0.0411581 -0.0325091 0.0031144 0.000185101 -0.00600131 0.0137358 0.000360844 -0.00122027 0.00100751 -0.00998715
internal_weight=0 83.9114 77.0558 6.85557 46.3856 30.6703 10813.8 297.652 49.6763 10516.2 3050.26 7465.92 247.976
internal_count=43628 338 310 28 187 123 43290 1192 199 42098 12212 29886 993
is_linear=0
shrinkage=0.05


Tree=40
num_leaves=16
num_cat=0
split_feature=10 4 22 0 25 29 0 1 25 24 4 5 9 5 26
split_gain=5.43292 7.47092 8.929 9.02101 8.18181 6.52615 6.35891 11.2823 5.99767 7.62522 6.18809 5.54089 7.33518 6.45702 5.17898
threshold=0.035499999999998984 0.11926898809451664 0.00015594411598345424 37.743424023056313 0.0010802476475362634 0.00012675148378756649 76.663050518831639 146.30556487635582 0.00083494924946871324 0.000296725387727105 0.10737781433399982 0.15800000000000128 0.025499999999993864 0.1674999999999898 -0.01672523698852121
decision_type=2 2 2 2 2 2 2 2 2 2 2 2 2 2 2
left_child=1 2 4 -4 -1 8 14 -8 10 -10 -2 12 -7 -13 -3
right_child=5 6 3 -5 -6 11 7 -9 9 -11 -12 13 -14 -15 -16
leaf_value=0.0010436988253646794 -0.00011255781084717339 0.0014473023559240371 -0.020975247618348122 -0.0017851626694127655 0.025487377956515733 -0.0055675397766130324 -0.033160989535498335 0.013318049419511552 -0.022158601741039008 0.029552957663887432 -0.031522209810850903 0.028334912061726572 -0.019491109271911559 -0.0018896628668387096 0.020685815718820499
leaf_weight=6465.4384661465883 744.47123557329178 52.229988515377045 62.437034994363785 2685.9798831194639 34.136657431721687 449.5816965252161 21.455558314919472 32.224098935723305 8.7101980298757535 33.146879032254219 15.726555213332174 20.471655085682869 120.36047707498074 116.8765926361084 109.61756525933743
leaf_count=25882 2981 210 250 10752 137 1800 86 129 35 133 63 82 482 469 439
internal_value=0 0.000378399 0.000163231 -0.00222517 0.00117402 -0.00285141 0.00957471 -0.00524787 0.000230295 0.0185924 -0.000781097 -0.0063517 -0.0085254 0.0026309 0.0145223
internal_weight=0 9463.52 9247.99 2748.42 6499.58 1509.35 215.527 53.6797 802.055 41.8571 760.198 707.29 569.942 137.348 161.848
internal_count=43930 37885 37021 11002 26019 6045 864 215 3212 168 3044 2833 2282 551 649
is_linear=0
shrinkage=0.05


Tree=41
num_leaves=15
num_cat=0
split_feature=10 4 8 5 21 5 10 29 0 6 10 21 27 13
split_gain=6.26662 6.70724 6.44898 8.66031 6.27409 6.07085 5.64396 8.92845 6.05024 6.0066 4.87319 4.73549 4.67917 4.07375
threshold=0.035499999999998984 0.11926898809451664 6.6979685494545545e-06 0.055999999999997392 0.022581530730903413 0.026499999999998639 0.039000000000001485 0.014873840378333489 60.209409372918699 0.00073795958655202261 0.1715000000000089 -0.037423893931403988 0.01430946960373527 -0.0017437871232409139
decision_type=2 2 2 2 2 2 2 2 2 2 2 2 2 2
left_child=1 2 3 -1 -4 -3 7 8 -2 -9 11 -8 -7 -12
right_child=6 5 4 -5 -6 12 10 9 -10 -11 13 -13 -14 -15
leaf_value=0.0050958828883041251 -0.0087055721060903934 -0.064433893554495886 0.00072986181106610257 0.037454564358753571 -0.0021410694039082053 0.010715046616274709 -0.0062009015085026584 -0.04105963286520941 0.015795083622582234 -0.0033706587710146518 -0.020114688570908184 0.00021269618214120821 -0.045278597805831287 0.041199240757072132
leaf_weight=178.6747027784586 186.32459823787212 2.4803858548402777 6294.6880187094212 23.215347692370415 2726.9666068255901 217.5287779122591 452.64060997962952 33.199150681495667 28.72991144657135 15.969548150897024 3.2308222353458396 785.48091605305672 3.4732891321182242 11.085575297474859
leaf_count=716 746 10 25199 93 10916 872 1813 133 115 64 13 3146 14 45
internal_value=0 0.000268017 5.99528e-05 0.00889159 -0.00013742 0.00882127 -0.00319382 -0.00983447 -0.00539178 -0.0290143 -0.00178685 -0.00212893 0.00975226 0.0268914
internal_weight=0 9447.03 9223.54 201.89 9021.65 223.482 1516.66 264.223 215.055 49.1687 1252.44 1238.12 221.002 14.3164
internal_count=43895 37820 36924 809 36115 896 6075 1058 861 197 5017 4959 886 58
is_linear=0
shrinkage=0.05


Tree=42
num_leaves=14
num_cat=0
split_feature=2 20 10 4 26 20 8 5 29 3 29 29 26
split_gain=3.86494 4.80733 3.67846 7.91219 6.98188 6.08427 5.3647 8.06063 5.79578 3.36175 4.53697 3.98535 2.42234
threshold=140.70048889900224 6.6689017580079168 0.035499999999998984 0.11926898809451664 0.070381258225717794 -15.031181313893944 4.0063567555724863e-05 0.061499999999995232 0.014042827182624383 0.052550257208352498 0.013793863810515979 -0.013416438003121615 0.0099248441026238733
decision_type=2 2 2 2 2 2 2 2 2 2 2 2 2
left_child=1 9 3 4 -2 -5 7 -4 -8 11 -11 -1 -3
right_child=2 12 6 5 -6 -7 8 -9 -10 10 -12 -13 -14
leaf_value=-0.0014194337179497176 -0.00024362028552670609 -0.057216624361619207 0.0024804689108165546 0.065529849135562243 -0.031855894658142606 0.0079960962832455375 0.00029743891678668408 -0.017693001619184447 -0.0076696630971389628 -0.044735795316817588 0.027628556734792333 0.041878723743632773 0.0026213256861208935
leaf_weight=6.8927046805620185 9185.8506142944098 2.7371471226215354 78.4525046646595 4.431788057088851 17.202666506171227 216.76758037507534 990.97666019201279 131.82834686338902 295.87524317204952 3.7121691256761533 4.3651369661092758 19.856214955449108 3.4251678436994553
leaf_count=28 36770 11 314 18 69 869 3969 528 1186 15 18 82 14
internal_value=0 0.0148782 -0.000445339 -7.90201e-05 -0.000304291 0.00925857 -0.00274745 -0.01015 -0.00153185 0.0221575 -0.00544287 0.0306447 -0.0246058
internal_weight=0 40.9885 10921.4 9424.25 9203.05 221.199 1497.13 210.281 1286.85 34.8262 8.07731 26.7489 6.16231
internal_count=43891 168 43723 37726 36839 887 5997 842 5155 143 33 110 25
is_linear=0
shrinkage=0.05


end of trees

feature_importances:
ema_fast=36
ema_slow=34
range=33
rsi_divergence=33
price_ema_slow_dist=31
macd=30
return_12=30
lower_shadow=29
macd_hist=28
macd_hist_change=26
macd_signal=25
range_pct=24
ema_cross_pct=24
price_ema_fast_dist=24
rsi=23
upper_shadow=23
return_1=23
macd_strength=23
body=20
ema_cross=15
rsi_normalized=12
return_3=10
return_6=10
body_pct=9
log_return=3
is_bullish=1

parameters:
[boosting: gbdt]
[objective: binary]
[metric: binary_logloss]
[tree_learner: serial]
[device_type: cpu]
[data: ]
[valid: ]
[num_iterations: 800]
[learning_rate: 0.05]
[num_leaves: 16]
[num_threads: 8]
[deterministic: 0]
[force_col_wise: 0]
[force_row_wise: 0]
[histogram_pool_size: -1]
[max_depth: 4]
[min_data_in_leaf: 10]
[min_sum_hessian_in_leaf: 0.001]
[bagging_fraction: 0.9]
[pos_bagging_fraction: 1]
[neg_bagging_fraction: 1]
[bagging_freq: 1]
[bagging_seed: 400]
[feature_fraction: 0.7]
[feature_fraction_bynode: 1]
[feature_fraction_seed: 30056]
[extra_trees: 0]
[extra_seed: 12879]
[early_stopping_round: 0]
[first_metric_only: 0]
[max_delta_step: 0]
[lambda_l1: 0.1]
[lambda_l2: 0.3]
[linear_lambda: 0]
[min_gain_to_split: 0]
[drop_rate: 0.1]
[max_drop: 50]
[skip_drop: 0.5]
[xgboost_dart_mode: 0]
[uniform_drop: 0]
[drop_seed: 17869]
[top_rate: 0.2]
[other_rate: 0.1]
[min_data_per_group: 100]
[max_cat_threshold: 32]
[cat_l2: 10]
[cat_smooth: 10]
[max_cat_to_onehot: 4]
[top_k: 20]
[monotone_constraints: ]
[monotone_constraints_method: basic]
[monotone_penalty: 0]
[feature_contri: ]
[forcedsplits_filename: ]
[refit_decay_rate: 0.9]
[cegb_tradeoff: 1]
[cegb_penalty_split: 0]
[cegb_penalty_feature_lazy: ]
[cegb_penalty_feature_coupled: ]
[path_smooth: 0]
[interaction_constraints: ]
[verbosity: 1]
[saved_feature_importance_type: 0]
[linear_tree: 0]
[max_bin: 255]
[max_bin_by_feature: ]
[min_data_in_bin: 3]
[bin_construct_sample_cnt: 200000]
[data_random_seed: 175]
[is_enable_sparse: 1]
[enable_bundle: 1]
[use_missing: 1]
[zero_as_missing: 0]
[feature_pre_filter: 1]
[pre_partition: 0]
[two_round: 0]
[header: 0]
[label_column: ]
[weight_column: ]
[group_column: ]
[ignore_column: ]
[categorical_feature: ]
[forcedbins_filename: ]
[precise_float_parser: 0]
[parser_config_file: ]
[objective_seed: 16083]
[num_class: 1]
[is_unbalance: 0]
[scale_pos_weight: 1]
[sigmoid: 1]
[boost_from_average: 1]
[reg_sqrt: 0]
[alpha: 0.9]
[fair_c: 1]
[poisson_max_delta_step: 0.7]
[tweedie_variance_power: 1.5]
[lambdarank_truncation_level: 30]
[lambdarank_norm: 1]
[label_gain: ]
[lambdarank_position_bias_regularization: 0]
[eval_at: ]
[multi_error_top_k: 1]
[auc_mu_weights: ]
[num_machines: 1]
[local_listen_port: 12400]
[time_out: 120]
[machine_list_filename: ]
[machines: ]
[gpu_platform_id: -1]
[gpu_device_id: -1]
[gpu_use_dp: 0]
[num_gpu: 1]

end of parameters

pandas_categorical:[]
