tree
version=v4
num_class=1
num_tree_per_iteration=1
label_index=0
max_feature_idx=31
objective=regression
feature_names=rsi bb_middle bb_upper bb_lower atr range range_pct body body_pct upper_shadow lower_shadow is_bullish return_1 return_3 return_6 return_12 log_return rsi_normalized rsi_overbought rsi_oversold rsi_divergence bb_width bb_position bb_position_normalized price_bb_upper_dist price_bb_lower_dist bb_breakout_upper bb_breakout_lower atr_normalized atr_ma atr_ratio signal_convergence
feature_infos=[0:99.755467076367083] [0:158.45214999999999] [0:158.98423446083257] [0:158.37119522484221] [0:0.55142857142856927] [0:1.4489999999999839] [0:0.0098924731182794597] [0:1.2740000000000009] [0:0.0087871159085422691] [0:0.45400000000000773] [0:0.6290000000000191] [0:1] [-0.010440345742870893:0.0086544548876104077] [-0.010346048081897208:0.011121306408549358] [-0.012740376631571793:0.01214236927980572] [-0.015822511541399464:0.020290175029493485] [-0.010495228483220405:0.0086172197717689965] [-1:0.99510934152734165] [0:1] [0:1] [-56.904350987366826:51.361182180793548] [0:0.031342652110744211] [-0.54651378490698344:1.552884196153675] [-2.0930275698139669:2.10576839230735] [-0.0045480417175792053:0.02223832595088774] [-0.0050724392954735378:0.027298010487932362] [0:1] [0:1] [0:0.0037228501986805917] [0:0.42936785714285552] [0:3.4066658717779674] [0:1]
tree_sizes=4830 2890 4288

Tree=0
num_leaves=48
num_cat=0
split_feature=1 2 30 1 4 0 21 21 4 2 1 23 30 1 24 21 4 10 21 21 1 13 8 21 30 21 14 30 30 4 30 24 2 1 30 4 4 24 4 30 21 21 2 30 30 1 21
split_gain=2.94509e-05 9.853e-06 2.23988e-05 1.23336e-05 1.06628e-05 1.02579e-05 1.57246e-05 7.20625e-06 6.63628e-06 3.15867e-05 2.75238e-05 1.06913e-05 5.46976e-06 4.60721e-06 3.99919e-06 3.59371e-06 2.99035e-06 2.65907e-06 2.57483e-06 2.40814e-06 2.39082e-06 2.2448e-06 1.97677e-06 1.9341e-06 4.88393e-06 3.35645e-06 5.23301e-06 7.26846e-06 8.25423e-06 1.50842e-06 1.44159e-06 1.3933e-06 1.28202e-06 1.16764e-06 1.16444e-06 1.55787e-06 1.11561e-06 9.34783e-07 7.37277e-07 9.00228e-07 6.04509e-07 9.79429e-07 4.38293e-07 3.83231e-07 2.61554e-07 1.91118e-07 2.94204e-08
threshold=143.26497500000002 147.55105350820824 0.99696188188568369 148.58550000000002 0.14082142857142901 50.936531339717042 0.0041142348897242097 0.0011073080390873076 0.16607142857142779 144.70683224294658 146.43297500000003 -0.76777081794642255 0.80295740035513208 148.18375 0.0031721329695117264 0.0013927675556801363 0.13171428571428631 0.0045000000000072768 0.0027767423250177662 0.00141970847307243 157.27497500000004 0.0019098946164223254 1.4041689777607182e-05 0.0040535480797600177 1.5450509408985569 0.0022230806254630053 0.00086700422767460605 1.3629480960699916 0.8416033518765389 0.16607142857142779 0.72383824357544291 3.8411339436231064e-05 143.78634646719561 145.30430000000004 1.3247218060831418 0.042785714285716592 0.040357142857145749 0.0059137439962551374 0.098785714285713991 0.68807802728221523 0.0029011400265786589 0.0060655860955499677 143.5794000659404 1.7774673540658397 0.81671295371641539 147.34337500000004 0.0013761179271228588
decision_type=2 2 2 2 2 2 2 2 2 2 2 2 2 2 2 2 2 2 2 2 2 2 2 2 2 2 2 2 2 2 2 2 2 2 2 2 2 2 2 2 2 2 2 2 2 2 2
left_child=7 8 13 -4 5 40 16 -1 23 -10 11 -11 -9 14 17 -15 -7 -3 -6 -19 29 -13 -14 25 30 33 27 28 -27 31 -25 -17 -32 34 35 -2 -24 -34 39 -35 46 -42 43 44 -38 -21 -5
right_child=1 2 3 4 18 6 -8 12 9 10 -12 21 22 15 -16 20 -18 19 -20 45 -22 -23 36 24 -26 26 -28 -29 -30 -31 32 -33 37 38 -36 -37 42 -39 -40 -41 41 -43 -44 -45 -46 -47 -48
leaf_value=-7.1311122615560743e-06 -7.1311122615560743e-06 -7.1311122615560743e-06 -7.1311122615560743e-06 -7.1311122615560743e-06 -7.1311122615560743e-06 -8.561487870198184e-06 -7.1311122615560743e-06 -7.1311122615560743e-06 -7.1311122615560743e-06 -7.1311122615560743e-06 -7.1311122615560743e-06 -1.4750160388489805e-06 -7.1311122615560743e-06 -7.1311122615560743e-06 -7.1311122615560743e-06 -7.1311122615560743e-06 -7.1311122615560743e-06 -7.1311122615560743e-06 -1.0527795073355687e-05 -7.1311122615560743e-06 -7.1311122615560743e-06 -7.1311122615560743e-06 -7.1311122615560743e-06 -7.1311122615560743e-06 -7.1311122615560743e-06 -7.1311122615560743e-06 -7.1311122615560743e-06 -7.1311122615560743e-06 -6.0445514288389778e-06 -7.1311122615560743e-06 -7.1311122615560743e-06 -6.6161244690095975e-06 -8.1872726325138476e-06 -7.1311122615560743e-06 -7.1311122615560743e-06 -7.4880690401774024e-06 -7.1311122615560743e-06 -7.1311122615560743e-06 -7.1311122615560743e-06 -6.9019466719088193e-06 -7.617657955305341e-06 -7.1311122615560743e-06 -7.1311122615560743e-06 -7.1311122615560743e-06 -5.7525977308875108e-06 -8.2787287771954255e-06 -7.0872341209229955e-06
leaf_weight=528 904 680 2327 648 31 2165 169 398 76 31 70 247 97 2717 100 203 30 427 391 31 492 45 68 32 103 653 710 201 2065 36 40 4178 915 94 247 3033 62 48 79 3166 669 51 52 33 2279 886 1528
leaf_count=528 904 680 2327 648 31 2165 169 398 76 31 70 247 97 2717 100 203 30 427 391 31 492 45 68 32 103 653 710 201 2065 36 40 4178 915 94 247 3033 62 48 79 3166 669 51 52 33 2279 886 1528
internal_value=-7.13111e-06 -7.23014e-06 -7.39618e-06 -7.79101e-06 -8.04262e-06 -7.67087e-06 -8.17136e-06 -6.26377e-06 -7.0774e-06 -5.90917e-06 -3.99789e-06 -2.60755e-06 -6.06987e-06 -7.13111e-06 -7.46813e-06 -6.96147e-06 -8.50289e-06 -7.69394e-06 -1.0306e-05 -7.95262e-06 -6.78773e-06 -2.0033e-06 -5.90215e-06 -7.13111e-06 -7.51364e-06 -7.08203e-06 -6.81506e-06 -6.58024e-06 -6.36085e-06 -6.7008e-06 -7.92655e-06 -6.66088e-06 -8.02365e-06 -7.13111e-06 -7.29635e-06 -7.37317e-06 -5.84724e-06 -8.11235e-06 -7.10362e-06 -6.97818e-06 -7.13111e-06 -7.42085e-06 -5.81183e-06 -5.79055e-06 -5.77509e-06 -8.24989e-06 -7.13111e-06
internal_weight=0 30518 17759 8009 5682 5260 2364 3517 12759 469 393 323 2989 9750 2124 7626 2195 2024 422 1344 4909 292 2591 12290 1138 11152 3629 2919 2718 4417 1035 4381 1003 7523 4184 3937 2494 963 3339 3260 2896 720 2426 2374 2341 917 2176
internal_count=34035 30518 17759 8009 5682 5260 2364 3517 12759 469 393 323 2989 9750 2124 7626 2195 2024 422 1344 4909 292 2591 12290 1138 11152 3629 2919 2718 4417 1035 4381 1003 7523 4184 3937 2494 963 3339 3260 2896 720 2426 2374 2341 917 2176
is_linear=0
shrinkage=1


Tree=1
num_leaves=34
num_cat=0
split_feature=3 1 30 30 4 3 17 21 6 28 1 9 28 25 5 1 14 6 10 28 30 23 30 30 1 3 3 4 1 7 3 21 1
split_gain=2.33137e-05 9.40226e-06 3.41755e-05 1.12835e-05 1.04483e-05 9.81829e-06 5.26803e-06 5.77353e-06 3.7548e-06 2.31284e-06 2.07439e-06 1.92343e-06 1.89003e-06 3.66071e-06 1.36828e-06 1.32393e-06 8.90929e-07 2.64601e-06 3.21857e-06 2.60808e-06 3.6959e-06 1.60556e-06 2.86407e-06 4.74234e-06 6.75336e-06 3.50767e-07 4.30379e-06 3.64038e-06 1.11645e-06 2.74354e-07 2.57393e-07 4.47869e-07 9.19805e-08
threshold=142.44376574850895 149.65160000000006 1.0030672425002589 1.7774673540658397 0.093857142857139322 143.52957169389734 0.042518172098595035 0.0024387848437887895 0.00039113520007262121 0.00055106376729333907 156.41667500000003 0.084999999999993761 0.00045691688416449441 0.0012551937745842077 0.099000000000003766 157.49457500000003 -0.00090930970702995928 0.00055761765791044135 0.092500000000001151 0.0012864983768643133 1.3755567475448069 -1.1575346397804429 1.2929877292665466 0.90520768204312463 144.28295 145.13794128384077 147.18118141234348 0.1023571428571393 147.96872500000001 0.00099999999999056421 144.49514700947691 0.00071931369480656131 155.72997500000002
decision_type=2 2 2 2 2 2 2 2 2 2 2 2 2 2 2 2 2 2 2 2 2 2 2 2 2 2 2 2 2 2 2 2 2
left_child=11 3 12 16 6 -5 -4 9 -6 15 -10 29 -3 32 -7 -8 21 25 19 20 -19 -2 23 -23 -25 30 27 -27 -28 -1 -18 -32 -14
right_child=1 2 4 5 8 14 7 -9 10 -11 -12 -13 13 -15 -16 -17 17 18 -20 -21 -22 22 -24 24 -26 26 28 -29 -30 -31 31 -33 -34
leaf_value=0 0 0 0 0 0 0 -1.5193189851025985e-06 0 -2.4949613619637996e-06 0 0 0 9.0905379092597154e-07 0 3.9490877647088142e-06 0 0 -5.273037035415141e-07 0 0 0 0 0 0 1.2599886610145875e-06 5.2471981201077268e-07 -1.9854761571865517e-07 0 0 1.2394651576194329e-06 0 -2.3428540897621368e-07 0
leaf_weight=30 375 3603 1758 49 81 49 736 351 946 84 189 30 689 860 144 127 4054 4500 150 189 491 526 362 402 1040 3004 2832 127 3211 1569 63 1328 144
leaf_count=30 375 3603 1758 49 81 49 736 351 946 84 189 30 689 860 144 127 4054 4500 150 189 491 526 362 402 1040 3004 2832 127 3211 1569 63 1328 144
internal_value=0 -6.58053e-08 -3.36052e-07 3.45325e-09 -1.02552e-06 2.15912e-06 -2.75125e-07 -7.6422e-07 -2.08889e-06 -1.18747e-06 -2.23732e-06 1.15965e-06 3.12928e-08 3.38665e-07 3.30595e-06 -1.34732e-06 0 -4.15218e-08 -2.36845e-07 -3.46198e-07 -4.20293e-07 1.422e-07 3.03941e-07 5.04873e-07 8.2263e-07 0 5.97061e-08 3.84575e-07 0 1.22078e-06 -2.08748e-08 -1.42157e-07 8.20061e-07
internal_weight=0 32464 9568 22896 4272 242 3056 1298 1216 947 1135 1629 5296 1693 193 863 22654 19949 5330 5180 4991 2705 2330 1968 1442 14619 9174 3131 6043 1599 5445 1391 833
internal_count=34093 32464 9568 22896 4272 242 3056 1298 1216 947 1135 1629 5296 1693 193 863 22654 19949 5330 5180 4991 2705 2330 1968 1442 14619 9174 3131 6043 1599 5445 1391 833
is_linear=0
shrinkage=0.01


Tree=2
num_leaves=52
num_cat=0
split_feature=3 2 30 28 2 24 5 3 21 2 21 17 2 29 21 2 29 3 28 21 17 17 9 5 21 21 21 21 10 15 13 2 29 29 17 30 28 3 29 2 21 2 24 30 28 24 24 5 21 6 28
split_gain=2.0949e-05 8.02576e-06 1.66028e-05 1.40124e-05 1.30283e-05 1.19117e-05 1.00913e-05 9.99413e-06 1.29701e-05 1.4296e-05 9.01832e-06 8.45961e-06 5.66459e-06 5.21045e-06 5.77087e-06 6.1474e-06 5.33515e-06 3.89493e-06 4.43728e-06 3.48421e-06 3.36509e-06 3.21312e-06 3.13445e-06 2.90101e-06 2.81451e-06 2.62642e-06 2.41688e-06 5.06369e-06 2.2692e-06 3.04763e-06 2.08638e-06 2.06489e-06 1.79469e-06 1.68751e-06 1.77315e-06 1.59901e-06 1.38797e-06 1.29243e-06 1.4638e-06 1.48257e-06 1.28897e-06 1.13408e-06 1.06348e-06 4.50281e-07 4.29117e-07 7.78179e-08 2.52242e-06 7.86245e-07 4.67493e-07 1.68015e-07 2.91549e-09
threshold=142.44376574850895 147.55105350820824 0.98730229897540134 0.00081586525380422713 148.48720362237026 0.0004774164091010699 0.15649999999999412 143.62247569682916 0.0024866654533719748 147.09304556398243 0.0027946278017429581 -0.54326418123309128 144.62319032690297 0.13332142857142912 0.0056895250070547344 143.52543171404025 0.19145535714285739 148.12494145948492 0.00044384527461369274 0.003649505374537516 -0.6591428321312861 -0.50466538525693694 0.083000000000012633 0.072999999999993306 0.001348775363011794 0.0039095434654039581 0.0017990940718694676 0.0045848290201699936 0.03450000000000842 0.0010816033817689921 -0.00026362606348540035 157.64596993480345 0.094553571428573194 0.037830357142852739 -0.6591428321312861 0.92589010889930223 0.0007530621293193304 145.17990180452071 0.050574999999998947 143.28555484869426 0.00094453379939385591 143.20849149261704 4.8361859787663388e-05 0.78545358439598445 0.0001952892556115485 0.0022945781516102294 0.0010938368676311116 0.19749999999999093 0.0048649810243310164 0.00026752631848784566 0.00092581743245260422
decision_type=2 2 2 2 2 2 2 2 2 2 2 2 2 2 2 2 2 2 2 2 2 2 2 2 2 2 2 2 2 2 2 2 2 2 2 2 2 2 2 2 2 2 2 2 2 2 2 2 2 2 2
left_child=22 6 17 5 -5 25 13 -8 -9 11 -6 -10 -13 26 15 -15 36 19 -19 35 -12 -20 33 -22 -23 30 37 28 29 -28 -4 -26 -32 -1 -35 40 -17 38 -2 -40 -3 -36 -42 -39 -45 46 -7 -48 49 -47 -29
right_child=1 2 3 4 10 45 7 8 9 -11 20 12 -14 14 -16 16 -18 18 21 -21 23 24 -24 -25 31 -27 27 50 -30 -31 32 -33 -34 34 41 -37 -38 43 39 -41 42 -43 -44 44 -46 48 47 -49 -50 -51 -52
leaf_value=0 0 0 0 0 0 0 0 0 0 0 0 0 3.822279114576932e-06 0 0 0 0 0 0 0 0 0 0 -3.1771912018169078e-06 8.3822777659852782e-07 0 5.7557170622523613e-07 -2.441501591866553e-08 0 0 -1.0444295978657852e-06 0 0 0 1.4317412865503273e-06 0 -2.64240011061692e-06 0 0 -4.7814600530693016e-07 0 0 -8.7747560056095685e-07 0 2.0265502552128953e-07 0 4.0524662053942761e-07 0 0 -2.7357798961407194e-07 0
leaf_weight=152 1374 223 64 268 87 2151 237 147 37 66 54 41 428 81 144 42 37 4749 111 248 34 132 30 624 2153 81 4000 489 910 1223 2011 154 45 31 1368 437 335 406 517 1845 58 54 1134 51 2191 30 2062 37 143 849 74
leaf_count=152 1374 223 64 268 87 2151 237 147 37 66 54 41 428 81 144 42 37 4749 111 248 34 132 30 624 2153 81 4000 489 910 1223 2011 154 45 31 1368 437 335 406 517 1845 58 54 1134 51 2191 30 2062 37 143 849 74
internal_value=0 -4.40807e-08 -2.05702e-07 -5.32252e-07 -1.80295e-06 -2.16986e-07 8.5345e-08 1.0804e-06 1.71516e-06 2.44229e-06 -2.4436e-06 3.09312e-06 3.48215e-06 0 -8.62673e-07 -1.45817e-06 -2.00666e-06 0 1.88678e-07 -2.48464e-07 -2.82261e-06 5.25261e-07 1.11465e-06 -3.02195e-06 6.4822e-07 -8.37272e-07 5.89301e-08 2.07069e-07 3.5969e-07 4.41999e-07 -9.2287e-07 7.52478e-07 -9.89784e-07 1.2087e-06 1.31526e-06 -5.08058e-07 -2.4159e-06 0 -1.84514e-07 -3.40322e-07 -6.71439e-07 1.37561e-06 -8.02054e-07 2.78004e-08 1.44899e-07 0 4.27898e-08 3.51957e-07 0 -2.30605e-07 0
internal_weight=0 32614 17939 8540 1067 7473 14675 956 719 572 799 506 469 13719 639 495 414 9399 7299 2100 712 2550 1635 658 2439 2201 13080 6696 6133 5223 2120 2307 2056 1605 1453 1852 377 6384 3736 2362 1415 1422 1192 2648 2242 5272 4250 2099 1022 879 563
internal_count=34249 32614 17939 8540 1067 7473 14675 956 719 572 799 506 469 13719 639 495 414 9399 7299 2100 712 2550 1635 658 2439 2201 13080 6696 6133 5223 2120 2307 2056 1605 1453 1852 377 6384 3736 2362 1415 1422 1192 2648 2242 5272 4250 2099 1022 879 563
is_linear=0
shrinkage=0.01


end of trees

feature_importances:
bb_width=22
atr_ratio=18
bb_middle=13
bb_upper=12
bb_lower=9
atr=9
atr_normalized=8
price_bb_upper_dist=7
rsi_normalized=5
atr_ma=5
range=4
range_pct=3
lower_shadow=3
upper_shadow=2
return_3=2
return_6=2
bb_position_normalized=2
rsi=1
body=1
body_pct=1
return_12=1
price_bb_lower_dist=1

parameters:
[boosting: gbdt]
[objective: regression]
[metric: l2]
[tree_learner: serial]
[device_type: cpu]
[data: ]
[valid: ]
[num_iterations: 500]
[learning_rate: 0.01]
[num_leaves: 70]
[num_threads: 8]
[deterministic: 0]
[force_col_wise: 0]
[force_row_wise: 0]
[histogram_pool_size: -1]
[max_depth: 8]
[min_data_in_leaf: 30]
[min_sum_hessian_in_leaf: 0.001]
[bagging_fraction: 0.7]
[pos_bagging_fraction: 1]
[neg_bagging_fraction: 1]
[bagging_freq: 1]
[bagging_seed: 400]
[feature_fraction: 0.8]
[feature_fraction_bynode: 1]
[feature_fraction_seed: 30056]
[extra_trees: 0]
[extra_seed: 12879]
[early_stopping_round: 0]
[first_metric_only: 0]
[max_delta_step: 0]
[lambda_l1: 0.1]
[lambda_l2: 0.1]
[linear_lambda: 0]
[min_gain_to_split: 0]
[drop_rate: 0.1]
[max_drop: 50]
[skip_drop: 0.5]
[xgboost_dart_mode: 0]
[uniform_drop: 0]
[drop_seed: 17869]
[top_rate: 0.2]
[other_rate: 0.1]
[min_data_per_group: 100]
[max_cat_threshold: 32]
[cat_l2: 10]
[cat_smooth: 10]
[max_cat_to_onehot: 4]
[top_k: 20]
[monotone_constraints: ]
[monotone_constraints_method: basic]
[monotone_penalty: 0]
[feature_contri: ]
[forcedsplits_filename: ]
[refit_decay_rate: 0.9]
[cegb_tradeoff: 1]
[cegb_penalty_split: 0]
[cegb_penalty_feature_lazy: ]
[cegb_penalty_feature_coupled: ]
[path_smooth: 0]
[interaction_constraints: ]
[verbosity: 1]
[saved_feature_importance_type: 0]
[linear_tree: 0]
[max_bin: 255]
[max_bin_by_feature: ]
[min_data_in_bin: 3]
[bin_construct_sample_cnt: 200000]
[data_random_seed: 175]
[is_enable_sparse: 1]
[enable_bundle: 1]
[use_missing: 1]
[zero_as_missing: 0]
[feature_pre_filter: 1]
[pre_partition: 0]
[two_round: 0]
[header: 0]
[label_column: ]
[weight_column: ]
[group_column: ]
[ignore_column: ]
[categorical_feature: ]
[forcedbins_filename: ]
[precise_float_parser: 0]
[parser_config_file: ]
[objective_seed: 16083]
[num_class: 1]
[is_unbalance: 0]
[scale_pos_weight: 1]
[sigmoid: 1]
[boost_from_average: 1]
[reg_sqrt: 0]
[alpha: 0.9]
[fair_c: 1]
[poisson_max_delta_step: 0.7]
[tweedie_variance_power: 1.5]
[lambdarank_truncation_level: 30]
[lambdarank_norm: 1]
[label_gain: ]
[lambdarank_position_bias_regularization: 0]
[eval_at: ]
[multi_error_top_k: 1]
[auc_mu_weights: ]
[num_machines: 1]
[local_listen_port: 12400]
[time_out: 120]
[machine_list_filename: ]
[machines: ]
[gpu_platform_id: -1]
[gpu_device_id: -1]
[gpu_use_dp: 0]
[num_gpu: 1]

end of parameters

pandas_categorical:[]
