tree
version=v4
num_class=1
num_tree_per_iteration=1
label_index=0
max_feature_idx=44
objective=binary sigmoid:1
feature_names=rsi ema_fast ema_slow bb_middle bb_upper bb_lower macd macd_signal atr range range_pct body body_pct upper_shadow lower_shadow is_bullish return_1 return_3 return_6 return_12 log_return rsi_normalized rsi_overbought rsi_oversold rsi_divergence ema_cross ema_cross_pct ema_cross_signal price_ema_fast_dist price_ema_slow_dist bb_width bb_position bb_position_normalized price_bb_upper_dist price_bb_lower_dist bb_breakout_upper bb_breakout_lower macd_hist macd_hist_change macd_cross_signal macd_strength atr_normalized atr_ma atr_ratio signal_convergence
feature_infos=[0:99.755467076367083] [140.01794868368825:158.46374932756453] [140.09390840731587:158.4287960737224] [0:158.45214999999999] [0:158.98423446083257] [0:158.37119522484221] [-0.57514457178655221:0.76835340664820251] [-0.5188763570912186:0.66684005555902648] [0:0.55142857142856927] [0:1.4489999999999839] [0:0.0098924731182794597] [0:1.2740000000000009] [0:0.0087871159085422691] [0:0.45400000000000773] [0:0.6290000000000191] [0:1] [-0.010440345742870893:0.0086544548876104077] [-0.010346048081897208:0.011121306408549358] [-0.012740376631571793:0.01214236927980572] [-0.015822511541399464:0.020290175029493485] [-0.010495228483220405:0.0086172197717689965] [-1:0.99510934152734165] [0:1] [0:1] [-56.904350987366826:51.361182180793548] [-0.57514457178655221:0.76835340664820251] [-0.003883435549732969:0.0051884219504909346] [0:1] [-0.0088498120556881627:0.0085436527782316064] [-0.0096167762950344661:0.012337377364785844] [0:0.031342652110744211] [-0.54651378490698344:1.552884196153675] [-2.0930275698139669:2.10576839230735] [-0.0045480417175792053:0.02223832595088774] [-0.0050724392954735378:0.027298010487932362] [0:1] [0:1] [-0.20097651515128728:0.19509250025932751] [-0.09700790187045677:0.083341641193037941] [0:1] [-0.19455333720912688:0.17538495785784011] [0:0.0037228501986805917] [0:0.42936785714285552] [0:3.4066658717779674] [0:3]
tree_sizes=3473 3479 3458 3468 3497 3475 3514 3491 3474 3519 3289 3476 3500

Tree=0
num_leaves=31
num_cat=0
split_feature=0 43 26 43 7 4 37 14 43 29 5 40 26 30 40 41 8 34 19 1 10 43 1 30 18 0 1 5 0 43
split_gain=23.3951 16.0512 15.5019 16.1466 15.5005 15.0934 14.9122 14.8304 14.3427 22.04 22.0886 14.1167 13.7212 14.181 12.7709 12.7281 12.4316 11.8792 16.532 11.7131 11.2999 11.0304 24.6671 17.5967 14.418 15.7081 12.6086 10.9831 10.4962 9.15046
threshold=46.483334929647519 1.7100580014805662 -0.00038567104086896351 1.1392769124445172 -0.091845347314530243 140.87113248888707 -0.010606928209258648 0.016500000000007734 1.0269563972798057 0.0032441803507884501 151.81253150292818 -0.00051777534634268147 0.00097078784660085233 0.0056895250070547344 0.00041281093835064268 0.00013124514714179061 0.072678571428573355 0.00061342110850591623 0.0013039070926592624 157.27815652441691 0.00019035834959314847 1.5194165041251109 149.55379709959388 0.0043641078732775179 0.00029091193815800059 33.014600049318233 142.28023625291448 143.65309454899096 38.578113676926712 1.0054654831629164
decision_type=2 2 2 2 2 2 2 2 2 2 2 2 2 2 2 2 2 2 2 2 2 2 2 2 2 2 2 2 2 2
left_child=2 5 4 12 19 16 11 14 17 10 -10 20 13 15 -8 -4 -2 -7 -19 -1 -5 24 23 -23 26 -26 -6 -3 -9 -18
right_child=1 27 3 6 21 8 7 28 9 -11 -12 -13 -14 -15 -16 -17 29 18 -20 -21 -22 22 -24 -25 25 -27 -28 -29 -30 -31
leaf_value=0.012155678919032544 0.086395030367620626 -0.0042145527551378029 0.050791891564598762 0.074744670807503202 -0.029458974646191058 0.0014325774788206871 0.013204714909934089 -0.020112402871467108 0.0049667157091453206 -0.065738619542536805 -0.0081772449153746114 -0.018344568872120118 0.082684214024963454 -0.070821497606798484 0.042917383995120337 0.010321917819711023 -0.020807251130597185 0.010249574613480427 0.0010859901045619695 0.071054699572424829 0.026350033465672225 -0.029386386476909859 -0.05622788967826 0.033376123072700596 -0.056569301698021886 -0.0039637206348395009 0.0073302040261129095 0.037555104241462425 0.0086407977278986151 0.047771263650645428
leaf_weight=506.74172392487526 9.9998366832733172 20.499665200710297 19.499681532382965 12.499795854091643 23.999608039855957 707.7384412586689 148.2475788295269 46.499240577220917 1833.7200517952442 11.749808102846144 387.49367147684097 16.999722361564636 6.4998938441276541 5.2499142587184897 47.999216079711914 2455.4598975777626 8.4998611807823199 2689.70607188344 602.24016425013542 8.4998611807823163 351.74425533413887 19.999673366546631 25.249587625265121 24.999591708183289 18.499697864055634 61.748991519212723 706.48846167325974 64.99893844127655 98.498391330242157 10.999820351600645
leaf_count=2027 40 82 78 50 96 2831 593 186 7335 47 1550 68 26 21 192 9822 34 10759 2409 34 1407 80 101 100 74 247 2826 260 394 44
internal_value=0.00808093 0.00598022 0.0106614 0.0125752 0.00626607 0.00568559 0.0191565 0.0115441 0.00551572 0.00230536 0.00267085 0.0259545 0.0106606 0.0104669 0.0205115 0.0106445 0.0412937 0.00730937 0.00857148 0.0131491 0.0280424 0.00223478 -0.0167721 0.00557131 0.00389072 -0.0162185 0.00610971 0.0274791 -0.000558672 0.0176281
internal_weight=0 6347.65 4605.42 3209.2 1396.23 6262.15 722.488 341.244 6232.65 2232.96 2221.21 381.244 2486.71 2480.21 196.247 2474.96 29.4995 3999.68 3291.95 515.242 364.244 880.986 70.2489 44.9993 810.737 80.2487 730.488 85.4986 144.998 19.4997
internal_count=43813 25391 18422 12837 5585 25049 2890 1365 24931 8932 8885 1525 9947 9921 785 9900 118 15999 13168 2061 1457 3524 281 180 3243 321 2922 342 580 78
is_linear=0
shrinkage=1


Tree=1
num_leaves=31
num_cat=0
split_feature=4 8 21 42 41 26 33 29 14 43 28 29 42 26 43 19 43 5 4 4 18 31 30 7 11 1 38 25 41 40
split_gain=18.7587 16.5743 13.0596 17.363 16.9315 16.8405 16.1605 16.7155 12.9339 12.0698 14.0447 12.6483 21.1656 11.5383 9.77898 12.8547 9.52826 9.35085 9.20405 12.1734 11.0015 7.81103 5.97415 10.884 5.63895 5.50205 5.36804 5.28291 4.77184 2.89911
threshold=140.87113248888707 0.072678571428573355 -0.070226282119524711 0.05032857142857123 0.00039541814683641046 0.00097078784660085233 0.0026057318831810236 0.0001058184507281447 0.043999999999996937 1.7100580014805662 0.002143935064747146 -0.00056781685227975021 0.15088571428571665 -0.00040183428994459335 0.9514539875713961 -5.9514853293529672e-05 1.0159132459379532 143.34376882594779 141.93950776202965 143.23982348728063 -0.00011101244373867834 0.079493735582380473 0.010996306553754697 0.10737781433399982 0.097499999999996603 142.67575938371718 0.0035129830201829867 -1.0000000180025095e-35 0.00094166860886647048 0.00081868441913116573
decision_type=2 2 2 2 2 2 2 2 2 2 2 2 2 2 2 2 2 2 2 2 2 2 2 2 2 2 2 2 2 2
left_child=1 29 3 4 6 18 7 -2 13 10 11 12 -4 -6 15 -3 -13 25 20 -20 -5 -10 23 -19 -12 -11 27 -16 -26 -1
right_child=2 14 9 5 8 -7 -8 -9 21 17 24 16 -14 -15 26 -17 -18 22 19 -21 -22 -23 -24 -25 28 -27 -28 -29 -30 -31
leaf_value=0.045224477262443045 0.007262874334941498 0.023766925027845977 -0.024366975164587371 -0.041848446117002343 0.0073753952546561754 0.084970240882587394 -0.058408763425678072 -0.027291116637211441 0.016239491909004717 0.023977868967769912 -0.086562254197274896 0.00011921948088644102 0.023275940800900428 0.045618419563235917 0.0089750769998379713 -0.079658990769647733 -0.0039844642780277597 0.027422577380499271 0.010811462734176217 -0.00056365732791967076 0.017132530972656771 -0.049138644066187107 0.07219282846208662 -0.045515831791132833 0.0086358182943915267 -0.033799227061251706 -0.0043323508757002922 0.076602981292749006 -0.045552323956951975 0.089443998083855975
leaf_weight=7.7446251809597042 910.43598745763302 5.9996717870235443 129.24849861860275 26.748080864548683 29.246145352721214 5.7401836216449729 9.7488096505403501 36.248145803809166 10.248491019010546 5.9999731779098537 5.2475585639476803 3749.1830420941114 28.249539583921432 62.987054631114006 4.9989142566919353 5.749479606747629 2269.2280999720097 55.23069828748703 253.48630695044994 3240.3159338980913 10.999462410807608 7.9988717585802069 6.2477968633174887 5.4981482475996009 5.9972812086343792 12.249945238232611 6.7473988085985175 7.4965925663709632 11.494302585721014 9.4841294884681684
leaf_count=31 3642 24 517 107 117 23 39 145 41 24 21 14997 113 252 20 23 9077 221 1014 12962 44 32 25 22 24 49 27 30 46 38
internal_value=0 0.0310226 -0.000199526 0.00182293 0.00741352 0.00013513 0.00526471 0.00593179 0.025949 -0.00168219 -0.00193998 -0.00179437 -0.0157805 0.0335672 0.00890987 -0.026668 -0.00142727 0.016989 -3.74722e-06 0.000260498 -0.0245297 -0.0122586 0.0256538 0.0206729 -0.0410869 -0.0145044 0.0309167 0.050231 -0.0267453 0.0702308
internal_weight=0 48.2208 10888.1 4604.2 1066.91 3537.29 956.433 946.684 110.481 6283.87 6198.65 6175.91 157.498 92.2332 30.9921 11.7492 6018.41 85.2266 3531.55 3493.8 37.7475 18.2474 66.9766 60.7288 22.7391 18.2499 19.2429 12.4955 17.4916 17.2288
internal_count=43747 193 43554 18418 4268 14150 3826 3787 442 25136 24795 24704 630 369 124 47 24074 341 14127 13976 151 73 268 243 91 73 77 50 70 69
is_linear=0
shrinkage=0.05


Tree=2
num_leaves=31
num_cat=0
split_feature=3 8 43 29 25 8 37 7 31 19 28 3 10 16 26 5 0 28 1 24 5 42 13 43 0 33 42 28 24 33
split_gain=14.5799 22.3649 12.5147 12.2666 11.0554 14.6359 10.759 10.4854 10.3794 10.3118 16.173 12.9411 11.842 10.1508 10.0016 13.0422 9.95666 9.88824 9.23643 8.65471 8.61163 7.3597 7.33964 7.00253 6.47189 6.24229 5.64967 2.89321 2.57022 1.55116
threshold=140.71552500000004 0.075999999999998499 1.0075218826192158 -0.00020745659248760088 0.02728704756179923 0.027357142857144575 -0.057867885966471314 -0.080479980540725166 -0.1391695413538919 6.2034328890292492e-05 0.00010501752462396925 157.55022500000004 0.00019655717521614184 0.00015332795741773711 5.9737863269544019e-05 146.70995210322914 43.574521531543851 -0.002312638253023129 149.55379709959388 7.9931734540684198 149.14392612352773 0.03554821428571401 0.020499999999998412 1.7100580014805662 40.061705415452202 0.0049863884819699106 0.082537500000000319 -0.00057683222384791101 -2.28417503130273 2.7734017596418232e-05
decision_type=2 2 2 2 2 2 2 2 2 2 2 2 2 2 2 2 2 2 2 2 2 2 2 2 2 2 2 2 2 2
left_child=1 29 3 -3 6 -6 7 17 21 13 12 -12 -11 19 15 -10 -16 23 25 -7 -19 27 -23 -2 -15 -9 -4 -8 -20 -1
right_child=4 2 26 -5 5 9 8 18 14 10 11 -13 -14 24 16 -17 -18 20 28 -21 -22 22 -24 -25 -26 -27 -28 -29 -30 -31
leaf_value=0.04886263902844349 0.0063723528095652755 0.021614323339665502 0.0039640539338484226 -0.068173972357080684 -0.068571023572680384 0.0015189843055282344 0.070610510237549731 -0.062238662086571674 -0.002572954839973197 -0.039314414500884506 -0.0010443514722073377 -0.022898692700390872 -0.0097585061465306541 -0.020120316259430542 0.014342267287297062 0.0021030656265448719 0.0029538741481860338 0.071061527706823446 -0.036242034183102387 -0.052283520617390972 -0.008281865014738831 0.0036663839309915981 0.034020980782046392 -0.055408365594706549 0.021761939881970786 -0.0019470695395944174 0.067059870747365455 0.0248804065158739 -0.081450901677906168 0.085472199571376861
leaf_weight=5.7218667566776302 10.249285906553274 6.4979542791843405 7.489399388432501 8.7391692996025103 8.2496799230575544 445.70913264155388 7.4967872947454453 5.4997341930866268 2588.5691542029381 36.999188870191574 2048.3871451169252 69.995162546634674 413.73664221167564 9.9958471059799177 226.48112201690674 3516.993064597249 1270.9640523344278 7.49958787858486 5.7471580356359473 7.4998760372400275 5.9984031766653061 83.736333981156349 26.245779797434807 7.9995379894971839 96.490389063954353 19.246465310454369 6.9890156686306 7.4993309378623945 9.7440829724073392 11.204464450478552
leaf_count=23 41 26 30 35 33 1783 30 22 10355 148 8194 280 1655 40 906 14069 5084 30 23 30 24 335 105 32 386 77 28 30 39 45
internal_value=0 0.0280513 0.00169315 -0.029666 6.59329e-05 -0.00244018 0.00107452 -0.0181484 0.00125446 -0.00226203 -0.0036028 -0.00176987 -0.0122039 0.00388301 0.00101871 0.000119749 0.00468049 0.00319339 -0.0350769 0.000606273 0.0356326 0.0155437 0.0109799 -0.0205917 0.0177684 -0.0157444 0.0350157 0.0483891 -0.0653394 0.0737498
internal_weight=0 46.6419 29.7155 15.2371 10937 3137.06 7799.97 71.9843 7727.99 3128.81 2569.12 2118.38 450.736 559.695 7603.01 6105.56 1497.45 31.7468 40.2374 453.209 13.498 124.978 109.982 18.2488 106.486 24.7462 14.4784 14.9961 15.4912 16.9263
internal_count=43938 187 119 61 43751 12549 31202 288 30914 12516 10277 8474 1803 2239 30414 24424 5990 127 161 1813 54 500 440 73 426 99 58 60 62 68
is_linear=0
shrinkage=0.05


Tree=3
num_leaves=31
num_cat=0
split_feature=4 29 42 7 2 43 1 8 41 42 30 30 4 43 4 37 29 43 42 10 30 4 43 43 8 6 33 33 7 34
split_gain=21.4085 14.4629 21.1442 15.7053 14.3104 19.0634 16.7335 12.8939 12.0351 22.96 12.1965 13.3664 11.5686 12.8228 12.4407 11.607 11.3001 11.108 11.8113 10.1381 9.89493 9.78199 9.75937 9.57121 9.33032 19.1633 12.5354 9.18185 8.78185 7.67963
threshold=140.87113248888707 -0.00031917517012375812 0.05032857142857123 -0.024934583711609046 145.19475226967657 0.99500724599536583 156.42709986366199 0.075999999999998499 0.00013124514714179061 0.028699999999998133 0.00071931369480656131 0.0014196719182015035 141.93950776202965 1.0200872893415152 143.23982348728063 -0.015801996588383698 -1.3789236840008019e-05 1.7100580014805662 0.038219642857141987 0.00051972703591731827 0.00065623591309086889 158.12940870618817 0.97135914266369272 0.81223320949847133 0.058500000000002224 -0.053454720411323813 0.002443031197479613 0.0014925675180759237 0.0040731700456313209 0.0012788314724902141
decision_type=2 2 2 2 2 2 2 2 2 2 2 2 2 2 2 2 2 2 2 2 2 2 2 2 2 2 2 2 2 2
left_child=7 2 3 24 5 -5 -6 -1 16 10 20 -12 13 -4 29 -15 -3 21 -19 -16 -10 -11 27 -18 26 -26 -2 -9 -25 -14
right_child=1 8 12 4 6 -7 -8 22 9 17 11 -13 14 15 19 -17 23 18 -20 -21 -22 -23 -24 28 25 -27 -28 -29 -30 -31
leaf_value=0.064132625126164439 0.00072385908820212668 0.054254775723565109 -0.056589848152700864 -0.028793236023369435 0.030603470185235251 0.019622137457230907 -0.0078643277736330595 -0.059202897817489247 -0.017485291801993801 -0.0013458995659426326 -0.050987346596824384 0.026064690815233223 0.0091086472050566185 0.06284724861993439 0.0031307113749169321 -0.031911942188367577 -0.038163528084935922 0.072179698097690911 0.010212888580611576 -0.0030239371118954798 0.038672040790475114 -0.015998809423381315 0.038979253290069356 0.068295799845521907 0.0014594140612236744 0.067778711996838534 -0.050585286294881064 0.026216111323907932 -0.010037537652404468 0.039437066814675625
leaf_weight=19.830009192228317 214.47404113411903 18.489153042435646 18.241302087903026 32.747183531522751 196.67464345693588 53.228113204240799 32.740272387862206 6.9787026345729846 47.748039618134499 7085.899318665266 46.494503363966942 6.2487940043210974 192.72767551243305 5.4986118674278259 1306.4293318986893 7.4971961975097638 8.9990743994712847 8.4917232990264875 77.932739749550819 1371.3243400156498 9.247718393802641 115.73691821098328 14.20648807287216 6.7495171129703504 36.739514887332916 15.48358006775379 12.494248434901236 5.4884623140096664 7.2493542581796646 23.497672200202942
leaf_count=80 858 74 73 131 787 213 131 28 191 28345 186 25 771 22 5226 30 36 34 312 5486 37 463 57 27 147 62 50 22 29 94
internal_value=0 -0.000309231 0.00233085 0.0109262 0.0185722 0.00111106 0.0250908 0.0336507 -0.00155904 -0.00171043 -0.0244029 -0.0417319 0.00058174 -0.0296299 0.000910579 0.00797324 0.0252559 -0.00136773 0.0164357 -1.93195e-05 -0.00823426 -0.0015823 0.0106479 0.00159196 0.0022673 0.0213099 -0.00209964 -0.0212914 0.0275926 0.0124443
internal_weight=0 10959.1 3519.8 594.582 315.39 85.9753 229.415 46.5037 7439.29 7397.8 109.739 52.7433 2925.22 31.2371 2893.98 12.9958 41.4871 7288.06 86.4245 2677.75 56.9958 7201.64 26.6737 22.9979 279.191 52.2231 226.968 12.4672 13.9989 216.225
internal_count=44027 43840 14081 2379 1262 344 918 187 29759 29593 439 211 11702 125 11577 52 166 29154 346 10712 228 28808 107 92 1117 209 908 50 56 865
is_linear=0
shrinkage=0.05


Tree=4
num_leaves=31
num_cat=0
split_feature=4 0 8 26 43 17 7 43 1 18 26 38 29 29 40 41 4 9 40 8 7 33 1 42 14 8 42 26 7 28
split_gain=14.5369 13.8303 13.3055 11.7699 17.1536 20.1224 15.0786 12.6991 18.4796 14.993 11.7898 11.0896 18.6064 13.2994 11.3222 19.418 12.4171 11.1431 10.9143 10.7043 10.3696 18.4502 13.405 9.3404 8.78456 8.68349 17.5219 8.53012 7.79809 6.73475
threshold=140.87113248888707 46.681654355928387 0.075999999999998499 -0.00039427570272386546 1.1427601380498016 0.00046901946070476713 -0.091845347314530243 1.481504937487143 149.55379709959388 0.00029091193815800059 0.00097078784660085233 -0.0026708607361743621 -0.0009326644651101464 -0.00081858501765135871 0.0023680556948967222 0.00038271958567802697 158.43214912945572 0.096499999999991828 -0.042886946526178173 0.11889285714285742 -0.10156076083810205 0.0017694437141893874 157.27815652441691 0.12520535714285622 0.016500000000007734 0.1568214285714303 0.15088571428571665 -0.00010023897080667647 0.026074686906717121 0.00038995930756455943
decision_type=2 2 2 2 2 2 2 2 2 2 2 2 2 2 2 2 2 2 2 2 2 2 2 2 2 2 2 2 2 2
left_child=2 3 -1 6 10 24 20 9 -9 -8 18 12 23 17 15 -15 -16 -13 -5 28 22 -22 -2 -3 -6 26 -14 -7 -4 -27
right_child=1 11 19 4 5 27 7 8 -10 -11 -12 13 25 14 16 -17 -18 -19 -20 -21 21 -23 -24 -25 -26 29 -28 -29 -30 -31
leaf_value=0.058646096681383979 -0.00012844922857495526 -0.0013824285433985592 -0.031967991541032553 -0.026257089294162612 0.018243993359529694 -0.0070556569703216533 -0.0021093655149236968 -0.0071989513409951829 -0.058301656173008753 -0.026003283537093996 0.072560897027778001 -0.066482915281443428 -0.0064385786767076382 -0.0092748549351145317 0.0015620817624562465 0.00098666876837184662 -0.060423160156595115 0 0.0016214331138927646 0.065629751329056032 -0.024469713914977223 0.029114042210053648 0.071724318375735438 0.063602555620272491 0.0066940117911197866 -0.0050347559980565889 -0.040025765643360356 -0.051914414078743101 0.029052696270093839 0.022575534493771213
leaf_weight=19.697973266243935 414.70331141352654 8.7487084567546862 14.701885089278226 35.487404406070709 343.26201875507832 49.984547033905983 696.19104467332363 49.481983184814453 27.70281670987606 72.485200867056847 5.7089515179395667 13.99838010966778 1302.6879649311304 832.70579269528389 2920.0896261781454 1030.9405345618725 7.9983180761337271 11.49806436896324 2517.9604126065969 5.7161702513694754 19.748087197542191 82.739371329545975 6.4923724234104148 14.247645914554594 320.12941953539848 43.747075706720352 39.998768985271454 13.497586011886595 7.9414872080087653 43.97770157456398
leaf_count=80 1659 35 59 142 1374 200 2785 198 111 290 23 56 5211 3331 11681 4124 32 46 10073 23 79 331 26 57 1281 175 160 54 32 176
internal_value=0 -0.000364902 0.0271656 0.00169904 0.00332262 0.0101016 -0.00219284 -0.00632307 -0.0256569 -0.00437213 0.00139492 -0.00189805 -0.00572646 -0.000741851 -0.000548769 -0.00359591 0.001389 -0.0366899 0.00123101 0.00499496 0.00446877 0.0187266 0.000983994 0.0387643 0.0126798 -0.00644788 -0.00744577 -0.0167388 -0.0103133 0.0087597
internal_weight=0 10926.2 48.0575 4655.57 3286.03 726.874 1369.54 845.861 77.1848 768.676 2559.16 6270.64 1453.41 4817.23 4791.73 1863.65 2928.09 25.4964 2553.45 28.3595 523.683 102.487 421.196 22.9964 663.391 1430.41 1342.69 63.4821 22.6434 87.7248
internal_count=43904 43710 194 18626 13147 2909 5479 3384 309 3075 10238 25084 5814 19270 19168 7455 11713 102 10215 114 2095 410 1685 92 2655 5722 5371 254 91 351
is_linear=0
shrinkage=0.05


Tree=5
num_leaves=31
num_cat=0
split_feature=4 8 37 41 30 38 32 7 4 17 41 9 28 3 43 10 16 2 18 16 1 43 9 7 38 43 43 19 17 9
split_gain=15.6518 9.0441 8.88229 15.1219 12.2697 11.7951 13.4632 12.28 11.0235 10.8967 10.6348 10.4009 11.1027 10.2596 9.66414 15.9891 9.0531 8.82497 8.3106 7.63468 12.8591 7.38478 7.03428 7.00696 6.98191 6.87914 6.33587 10.2812 6.05736 4.8585
threshold=140.87113248888707 0.072678571428573355 -0.011048450611154012 0.00059490772314790233 0.0011268113398288889 -0.0026708607361743621 -1.0995196467911827 -0.13408299904986329 142.34402411122855 -0.00065161845491590309 0.00067666974633850399 0.17650000000000435 -0.0016538169944346102 142.45445000000004 1.3422448911491951 0.00031789190324011096 -0.0009280951782634771 149.7157628508231 0.00092153484439549971 -0.00035931453869347813 142.44647882110237 1.2550850663870161 0.083999999999988986 -0.16409875110656644 -0.0028333576354149692 1.7100580014805662 0.99500724599536583 -8.7092269322630575e-05 -0.00050700626445049346 0.16400000000000151
decision_type=2 2 2 2 2 2 2 2 2 2 2 2 2 2 2 2 2 2 2 2 2 2 2 2 2 2 2 2 2 2
left_child=1 -1 3 4 9 7 -7 10 28 -2 -4 16 23 -10 17 -16 29 -6 -18 20 -8 -14 -11 -13 -3 -21 27 -26 -9 -5
right_child=2 24 5 11 14 6 19 8 13 22 -12 12 21 -15 15 -17 18 -19 -20 25 -22 -23 -24 -25 26 -27 -28 -29 -30 -31
leaf_value=0.057349031045227587 0.042791126482024239 0.054422610401784033 -0.028926869547488028 0.076562825687650063 0.0084125051631783708 0.053866116153558255 0.053055281145017542 -0.011391050689358362 0.025826935953118788 -0.010339877507309634 0.053741973810716451 0.020637616105981582 0.030822005964535243 -0.0050228609539166545 0.065831701476580518 0.012962971998904213 -0.0058589575409158552 -0.00032420768772908865 0.03317057655977617 7.9462480836207364e-05 -0.012133944185244966 0.0023713770970967838 -0.065666401602529914 -0.018877952789124679 0.0143171550521749 0.016849374847303044 0.0230689301575914 -0.081757339621642611 -0.058097675462356384 0.0075119790290217141
leaf_weight=17.317757502198219 9.2408962994813901 7.2059912532568005 4.9991993159055736 4.9966322928667051 896.53571216762066 11.494199156761168 7.7470854073762885 13.743245974183084 27.244725868105888 115.7282482534647 15.74438740313053 15.246581688523291 59.2246915102005 1673.2624944448471 16.709843769669533 99.857994899153709 811.45210514962673 424.93130870163441 13.738749697804449 6320.708864480257 195.47299699485302 37.733342796564102 5.9986245185136786 40.954861685633659 5.9828892052173615 61.658507034182549 12.157680749893187 4.9599238187074679 14.747373625636099 5.4993157535791397
leaf_count=71 37 29 20 20 3587 46 31 55 109 463 63 61 237 6694 67 400 3247 1700 55 25285 782 151 24 164 24 247 49 20 59 22
internal_value=0 0.0285532 -0.000143422 0.00243378 0.00548665 -0.000933813 3.34463e-05 -0.00458334 -0.00504548 -0.00914349 0.0335357 -0.00240521 0.00955835 -0.00452417 0.00682309 0.0206344 -0.00460469 0.00559953 -0.00519915 -6.05682e-05 -0.00959936 0.0198152 -0.013159 -0.00805157 0.0117997 0.000242517 -0.00145793 -0.0291227 -0.035861 0.0412681
internal_weight=0 47.6242 10904.7 2557.85 1569 8346.82 6597.08 1749.74 1729 130.968 20.7436 988.846 153.159 1700.51 1438.03 116.568 835.687 1321.47 825.191 6585.59 203.22 96.958 121.727 56.2014 30.3065 6382.37 23.1005 10.9428 28.4906 10.4959
internal_count=43819 193 43626 10235 6278 33391 26391 7000 6917 524 83 3957 613 6803 5754 467 3344 5287 3302 26345 813 388 487 225 122 25532 93 44 114 42
is_linear=0
shrinkage=0.05


Tree=6
num_leaves=31
num_cat=0
split_feature=6 30 42 31 29 30 38 34 42 6 43 38 4 7 4 42 43 9 24 31 43 7 7 24 26 19 42 38 5 16
split_gain=13.0013 22.2762 11.1097 24.535 15.3605 14.663 17.7543 12.7754 11.6229 14.4002 12.5811 10.5102 10.4956 19.022 16.3961 15.6021 12.328 11.748 10.3896 10.3424 13.5067 17.8939 16.7136 12.229 10.1695 9.28808 9.1878 9.89699 12.1864 9.66544
threshold=0.02728704756179923 0.00085189993895070921 0.05032857142857123 0.2924273098041556 -0.00010396151099255993 0.0019655792745082688 0.0028391104559469756 0.0011968274364114629 0.049551785714285361 -0.0073643519775004043 0.65948926264589647 0.0029539786120317221 152.18510710314473 0.054460201576770471 151.94488719262174 0.032978571428570448 1.0159132459379532 0.029000000000010576 0.82417013982678722 0.80707074283397395 0.88609975739121716 0.001772804369895978 0.014354097119892108 9.2181213782682985 0.00013775978810021694 -8.7092269322630575e-05 0.051985714285711394 -0.0013087047725101372 157.28125324688367 -0.0002550977599888315
decision_type=2 2 2 2 2 2 2 2 2 2 2 2 2 2 2 2 2 2 2 2 2 2 2 2 2 2 2 2 2 2
left_child=2 -2 3 4 8 6 7 -5 10 -10 -1 -8 14 15 17 -14 -17 18 -3 26 21 -21 -23 -22 -6 -19 29 28 -28 -4
right_child=1 12 19 5 24 -7 11 -9 9 -11 -12 -13 13 -15 -16 16 -18 25 -20 20 23 22 -24 -25 -26 -27 27 -29 -30 -31
leaf_value=0.062182785448609924 -0.03579891014585463 -0.022279971143635915 0.013405508885021435 0.00021993300938021791 0.052305603802787426 0.028045098646119093 -0.059220806557804588 0.026800240183557547 0.048428194663253932 -0.019546962606806086 0.0071556546389090377 -0.011868376547423697 0.055889542323782272 0.0020639445038496667 0.034578195651287322 -0.010530430073976726 -0.03205539629684169 0.0075189045083826249 0.005613059472652916 0.0076460250005411113 0.0043707842982108535 0.056809805267438077 -0.0014939407277919604 -0.019712174857902286 -0.017650362335788254 -0.0015902715639559803 -0.003877139354403346 0.001418322931613073 0.022225071612366573 -0.016000366118072446
leaf_weight=10.468756005167959 49.741461038589478 115.73283690214157 33.242386877536774 908.09503231942654 33.388877898454666 44.207297205924988 12.498931571841238 47.498639121651649 36.222831159830093 9.7404062747955305 719.14468479156494 184.68302871286869 6.9980424493551245 231.46444702148438 32.249169766902924 169.98688951134682 110.46713054180145 323.6044956445694 46.493180245161057 178.17797754704952 314.39274002611637 41.247966378927231 17.249601423740387 63.218319296836853 5.9795355200767508 2062.6441628485918 1750.8271386921406 3238.808319568634 45.739820376038551 168.2309997677803
leaf_count=42 199 463 133 3633 134 177 50 190 145 39 2879 739 28 926 129 680 442 1295 186 713 1258 165 69 253 24 8252 7005 12958 183 673
internal_value=0 -0.00263124 0.00117052 0.00437554 0.0110668 -0.000176424 -0.00126535 0.00154903 0.00950855 0.0339034 0.00796047 -0.0149238 -0.00209624 -0.00858493 -0.000789309 -0.0171748 -0.0190351 -0.00124016 -0.0142566 6.75487e-05 0.00620555 0.0155682 0.0395588 0.000321511 0.0415357 -0.000352597 -0.000651594 -0.000231553 -0.00320861 -0.0111195
internal_weight=0 3149.38 7863.06 2011.93 814.945 1196.98 1152.78 955.594 775.577 45.9632 729.613 197.182 3099.64 518.917 2580.72 287.452 280.454 2548.47 162.226 5851.14 614.287 236.676 58.4976 377.611 39.3684 2386.25 5236.85 5035.38 1796.57 201.473
internal_count=44062 12600 31462 8052 3263 4789 4612 3823 3105 184 2921 789 12401 2076 10325 1150 1122 10196 649 23410 2458 947 234 1511 158 9547 20952 20146 7188 806
is_linear=0
shrinkage=0.05


Tree=7
num_leaves=31
num_cat=0
split_feature=4 33 42 7 4 8 5 41 37 29 14 18 10 37 29 19 16 40 16 3 0 30 30 19 17 38 30 34 40 34
split_gain=13.8033 10.4974 18.6917 20.624 11.9557 10.4931 10.3837 12.5841 10.3983 10.2444 16.6729 10.1611 9.65775 9.6562 9.6361 11.6852 9.02946 8.54445 7.68043 7.00807 6.70084 5.3237 6.10661 4.90752 4.83693 4.54101 3.84925 3.55232 3.34354 1.67418
threshold=140.87113248888707 0.0012521279588898597 0.042385714285716962 -0.041612321161158213 141.93950776202965 0.075999999999998499 142.98372559941518 0.00030673607819248016 0.028474501616877739 -0.00059258122064336221 0.029000000000010576 -0.0011407682571124009 0.00018459041194962005 -0.021718694856017934 -0.00031917517012375812 0.00054774990940664747 -0.00013786384571257135 0.0022291948140092384 -0.00033589941266520812 148.67120000000003 25.603898453042039 0.0027941049946262281 0.0041792904508239463 -0.00025632663361924152 0.00013444564835307651 -0.0016771140559927141 0.0013761117672128054 0.00056631003538163262 0.00081868441913116573 0.00020883856820529787
decision_type=2 2 2 2 2 2 2 2 2 2 2 2 2 2 2 2 2 2 2 2 2 2 2 2 2 2 2 2 2 2
left_child=5 9 3 20 13 26 8 -8 -6 10 12 -11 -2 27 15 -13 -15 19 -16 -5 29 23 -23 -7 -14 -12 28 -4 -1 -3
right_child=1 2 4 17 6 21 7 -9 -10 11 25 14 24 16 18 -17 -18 -19 -20 -21 -22 22 -24 -25 -26 -27 -28 -29 -30 -31
leaf_value=0.0049187253752572034 0.043063473091660566 -0.02880290309501728 -0.010538916307454294 0.021993415202879452 0.0075266181781080514 0.018715746355310064 0.019648221428281043 0.00020465286500669671 0.043378939903132019 -0.058797956253585019 -0.080716225760537857 0.0041235337649334356 -0.0095473846199663481 -0.011571670555105051 -0.008298617624602999 0.048752071169485794 -0.063961746118698523 -0.031505333492482038 -0.0010457832402237749 0.048935170458102452 0.014771470865226805 0.059070182238325934 -0.011031254316585949 -0.036651474699184124 -0.053709032561309655 -0.022394932354010914 0.07855068174027266 0.047332743662902375 0.061938464315628043 -0.068738707063364976
leaf_weight=5.5982628017663973 8.2457471936941129 5.7460556030273455 5.2413512468337995 82.070971339941025 340.87288561463356 6.985649272799491 85.471254169940948 3050.2521081566811 21.492371678352356 7.4983705729246131 11.247566118836405 550.55914317071438 75.21863879263401 16.97603178024292 388.18274469673634 14.998434439301489 16.480537593364716 5.7439620345830908 6171.13979190588 35.168813914060593 5.4928186535835257 7.6423839777708036 4.9676186591386795 8.9147784709930438 6.748213291168212 5.2489877343177787 9.189752057194708 4.9980581849813461 5.0408709943294525 6.4965899437665939
leaf_count=23 33 23 21 329 1364 28 342 12205 86 30 45 2203 301 68 1553 60 66 23 24688 141 22 31 20 36 27 21 38 20 21 26
internal_value=0 -0.000122597 0.00205026 0.0199176 0.00133841 0.0266274 0.00166475 0.000736836 0.00967824 -0.00122863 -0.0166019 -0.000997692 -0.00805547 -0.0246165 -0.000935336 0.00532432 -0.0376415 0.027209 -0.00147589 0.0301527 -0.0302325 0.00694328 0.0311913 -0.0120492 -0.0133051 -0.0627072 0.0545019 0.0174104 0.0327257 -0.0507853
internal_weight=0 10921.6 3682.5 140.719 3541.78 48.3393 3498.09 3135.72 362.365 7239.09 106.709 7132.38 90.2126 43.696 7124.88 565.558 33.4566 122.984 6559.32 117.24 17.7355 28.5104 12.61 15.9004 81.9669 16.4966 19.8289 10.2394 10.6391 12.2426
internal_count=43894 43697 14736 564 14172 197 13997 12547 1450 28961 427 28534 361 175 28504 2263 134 493 26241 470 71 115 51 64 328 66 82 41 44 49
is_linear=0
shrinkage=0.05


Tree=8
num_leaves=31
num_cat=0
split_feature=3 8 43 29 10 4 12 16 43 42 41 0 2 4 2 18 43 43 26 1 43 5 8 40 34 1 18 12 30 21
split_gain=11.9571 15.3428 8.37306 7.60333 19.2864 12.963 10.3857 12.4626 9.52717 8.92429 15.9474 9.61255 8.97488 20.5133 16.2688 13.7849 12.7132 12.4214 11.6971 8.48812 8.43851 8.03566 6.40353 7.92571 6.12792 10.2016 5.92906 4.96917 4.73667 4.71942
threshold=140.71552500000004 0.075999999999998499 1.041301285063027 -0.00031917517012375812 8.7969792724046342e-05 141.93950776202965 0.00035673712444161325 -0.0004988427901553848 1.0537682939754929 0.028699999999998133 0.00013124514714179061 42.984413927899034 149.68391308865679 150.00662309962851 149.03624263870577 0.0023819876895710972 0.71950160318079459 1.445133909367051 0.0002599603692018902 143.95471718060335 0.99097248899893997 150.96092566162679 0.042785714285716592 -0.009219087632694507 0.00012631995297164667 147.12100929399688 0.00031288932517692386 0.00033458338132658419 0.0028562656311328367 -0.12140331664484476
decision_type=2 2 2 2 2 2 2 2 2 2 2 2 2 2 2 2 2 2 2 2 2 2 2 2 2 2 2 2 2 2
left_child=1 -1 26 4 20 8 7 -7 28 10 11 -5 14 16 17 -15 -14 -11 -16 -8 22 -13 23 -2 29 -26 -3 -4 -6 -12
right_child=3 2 27 9 5 6 19 -9 -10 12 24 21 13 15 18 -17 -18 -19 -20 -21 -22 -23 -24 -25 25 -27 -28 -29 -30 -31
leaf_value=0.064801269602015085 -0.013730180596769538 0.0067951738794853047 -0.00076160918093703294 0.062228193992984848 -0.019988460852164196 0.062112999395831772 0.0069908678789019716 0.0033922221161757286 0.01153199484191977 -0.00089043228077040804 -0.014060073003247115 -0.024197322587224259 -0.090747016717218007 -0.0017893745990541481 0.017778472323788031 -0.045666251474925423 -0.019160003964690812 0.011849733064385692 -0.00013493601876986673 -0.0044639127091456567 0.066622610841951577 0.028062637883292919 -0.019990495271727811 0.052193972546493987 -0.054566733891928322 -0.017341693783593123 -0.050220498082494319 0.061897262777198925 -0.069265653936929739 0.042572205283676924
leaf_weight=16.020163267850876 6.2427339702844646 10.686856970191007 5.205829054117201 8.2122537642717344 8.7182234972715431 8.9817067235708219 198.41333229839802 2340.9483649879694 8.9719238728284818 4670.8485530018806 10.498090937733648 14.987256765365602 6.4977430999279013 1903.6553017795086 221.72237767279148 17.982574254274368 120.98089177906513 199.36711159348488 153.73583595454693 867.57030373811722 14.19781620800495 14.237461835145949 7.4958242177963248 15.487387701869013 25.989599943161011 65.469429507851601 7.6691991686820975 7.3890159279108047 12.44700728356838 5.4974872022867194
leaf_count=67 25 43 21 33 35 36 794 9368 36 18686 42 60 26 7616 887 72 484 798 615 3472 57 57 30 62 104 262 31 30 50 22
internal_value=0 0.0252223 0.00443253 -3.19281e-05 0.00189321 0.00147391 0.00176376 0.00362142 -0.0311115 -0.000935571 -0.0132207 0.014773 -0.000690697 -0.00349691 0.000404587 -0.00220493 -0.0229163 -0.000367642 0.0104322 -0.00232667 0.0349739 0.00110063 0.0192538 0.0330498 -0.0230248 -0.0280225 -0.0168982 0.0358026 -0.0493923 0.00523668
internal_weight=0 46.9711 30.9509 10929.2 3489.47 3446.05 3415.91 2349.93 30.1372 7439.68 144.892 37.437 7294.79 2049.12 5245.67 1921.64 127.479 4870.22 375.458 1065.98 43.4238 29.2247 29.2259 21.7301 107.455 91.459 18.3561 12.5948 21.1652 15.9956
internal_count=43921 192 125 43729 13965 13791 13670 9404 121 29764 580 150 29184 8198 20986 7688 510 19484 1502 4266 174 117 117 87 430 366 74 51 85 64
is_linear=0
shrinkage=0.05


Tree=9
num_leaves=31
num_cat=0
split_feature=6 30 9 37 30 19 3 8 14 30 30 30 42 33 19 16 5 37 41 14 1 3 1 24 13 28 8 16 0 18
split_gain=11.4 22.7608 12.581 11.0376 12.2521 10.1408 10.0203 10.0348 8.91126 13.8562 11.9714 17.8758 17.5105 13.0095 9.97085 10.3882 9.84948 11.769 11.6691 9.77734 8.87357 8.65768 13.9789 8.96848 11.546 8.50654 8.35429 7.9674 7.2154 12.8554
threshold=0.02728704756179923 0.00085189993895070921 0.029000000000010576 -0.057867885966471314 0.0077551150953699983 7.0090838400593838e-05 157.49457500000003 0.045642857142856853 0.028000000000005801 0.0045117461062418882 0.0017455284778228549 0.0022930195330747327 0.042385714285716962 0.0017481940347412993 0.0010229266305612497 0.00020356959285716683 145.68033481085735 0.041618700677541871 0.00079835879182396771 0.13849999999997922 142.51606747217323 148.00455000000002 147.75410692545594 0.82417013982678722 0.0079999999999955679 -0.0002016177348356284 0.087428571428571702 0.0001560581079620427 54.103326198028434 0.00011148482554224072
decision_type=2 2 2 2 2 2 2 2 2 2 2 2 2 2 2 2 2 2 2 2 2 2 2 2 2 2 2 2 2 2
left_child=3 28 21 4 27 20 7 -7 10 16 14 12 -12 -13 15 -5 17 -10 -18 -11 -4 22 25 -23 -25 -3 -22 -1 29 -2
right_child=1 2 5 8 -6 6 -8 -9 9 19 11 13 -14 -15 -16 -17 18 -19 -20 -21 26 23 -24 24 -26 -27 -28 -29 -30 -31
leaf_value=-0.025842281511210371 -0.039858820952648526 0.040357069116765405 0.047288450891408658 0.00097657665244283028 0.0037165512176364902 0.0093943583457412119 -0.020049266725586087 -0.0028509067518595567 -0.010593063997215197 0.0085564907409209426 0.033994260811114112 -0.0054127226007864467 0.0078191531816957909 0.0041985780980673794 0.018636750787193394 -0.0064828225689499254 0.0016763854404062365 0.057838413829262136 -0.014775609607316584 0.077322324941017095 0.0090916586592780547 -0.013626374700418099 -0.068341134175616755 -0.0057096904666835277 0.055640550534322958 -0.020668243595270669 -0.0044298552480210984 -0.082792599896490113 -0.06248242994870451 0.036992044136924411
leaf_weight=28.675810068845749 22.730013921856884 5.9991735816001883 12.202232971787451 2830.6898441314697 31.707238256931305 181.48796063661575 78.444638103246689 2107.4364460855722 474.16536001861095 182.69579011201859 68.083780765533447 508.81308087706566 1054.8549484610558 1140.9454187750816 71.234471559524536 558.72005876898766 733.26242886483669 6.2482073307037345 126.21237853169441 5.2455905973911277 318.69457051157951 69.468194484710693 15.244245320558546 19.243799388408664 12.497333064675329 81.228969931602478 177.38837656378746 7.9748277515172949 17.485880136489868 6.9952414631843558
leaf_count=115 91 24 49 11329 127 726 314 8432 1898 731 273 2036 4221 4566 285 2236 2934 25 505 21 1275 278 61 77 50 325 710 32 70 28
internal_value=0 -0.00248848 -0.00195792 0.00108292 -0.0189015 -0.00110523 -0.0024825 -0.00187743 0.00125982 -0.00216062 0.00209901 0.00454699 0.00941349 0.00123111 0.000136154 -0.000251732 -0.00394682 -0.00968079 -0.000735182 0.0105425 0.00529889 -0.0139655 -0.0242114 -0.00352867 0.0183874 -0.0163725 0.00424667 -0.0385617 -0.0369114 -0.0215425
internal_weight=0 3126.55 3079.34 7829.53 68.3579 2875.65 2367.37 2288.92 7761.17 1527.83 6233.34 2772.7 1122.94 1649.76 3460.64 3389.41 1339.89 480.414 859.475 187.941 508.285 203.682 102.472 101.209 31.7411 87.2281 496.083 36.6506 47.2111 29.7253
internal_count=43844 12510 12321 31334 274 11506 9472 9158 31060 6114 24946 11096 4494 6602 13850 13565 5362 1923 3439 752 2034 815 410 405 127 349 1985 147 189 119
is_linear=0
shrinkage=0.05


Tree=10
num_leaves=29
num_cat=0
split_feature=41 8 31 33 30 30 14 26 30 19 11 34 16 28 29 43 18 6 9 43 30 41 31 29 1 29 43 16
split_gain=7.96162 14.2598 14.3349 9.05396 13.2535 13.1531 8.47081 9.35855 11.0281 11.5838 10.4817 11.5718 10.7699 9.39573 8.30542 11.1949 9.86784 8.29959 7.05333 9.27487 11.1471 7.27968 14.6107 10.6089 7.01235 6.95371 6.94375 1.23735
threshold=0.00013124514714179061 0.027357142857144575 0.022110444033509504 0.0010010748101169555 0.00069948803318085754 0.00065623591309086889 0.035499999999998984 0.00016793474169873391 0.00099064853933499854 7.0090838400593838e-05 0.045000000000001712 0.0031126136976507208 -0.0004988427901553848 0.00038319703583450176 -1.3789236840008019e-05 0.81223320949847133 6.7290675726194862e-05 0.0055210262845264433 0.15800000000000128 1.3629480960699916 0.0020803350556541527 0.00081583581934317393 0.76993847247743663 0.001880055160590042 147.72622804576733 0.00042733816056893383 0.75174854919933998 -6.7047945988552007e-06
decision_type=2 2 2 2 2 2 2 2 2 2 2 2 2 2 2 2 2 2 2 2 2 2 2 2 2 2 2 2
left_child=14 2 -2 4 5 -4 7 10 13 -10 12 -12 -3 -9 24 16 -16 -17 21 26 -21 23 -23 -8 -1 -6 -20 -26
right_child=1 6 3 -5 25 -7 18 8 9 -11 11 -13 -14 -15 15 17 -18 -19 19 20 -22 22 -24 -25 27 -27 -28 -29
leaf_value=0.010883037015411415 0.056910696332985324 0.064059627050189777 -0.012071014784501038 0.029440529807151658 -0.039630871859852174 0.060205778193922269 -0.0020754124504525581 -0.02054664519216259 0.0063729304230066113 -0.0022662804138954191 -0.0016684886246391417 0.024996842793804167 0.0032549101106308376 0.039801562079170634 -0.088159458059534943 0.071483222888417922 0.0070424339567434881 -0.0032043630783702608 0.059646957158972724 0.033745898894695057 -0.017089201242734043 -0.018281758031317347 0.013052871258413699 -0.042121946254026786 0.088729581087959336 0.017957233706229352 0.0081951490138930418 0.05103724052959157
leaf_weight=9.471709072589876 6.716464325785636 7.2035961747169486 76.466506466269493 9.7337219119071943 68.437268242239952 6.745419204235076 963.39857603609562 104.64160090684891 468.78395488858223 2246.0192629992962 1847.8721512854099 41.486273691058159 4509.2654979974031 6.7293070703744879 4.9706265926361102 6.4887337982654563 5.6570376455783844 8.2471653968095762 6.7344000637531272 12.485202670097349 73.626896128058434 198.89403808116913 45.488066017627716 16.745035797357559 5.4337377846240997 5.495418742299079 191.39630623161793 6.4289484024047834
leaf_count=38 27 29 306 39 274 27 3855 419 1876 8987 7395 166 18046 27 20 26 23 33 27 50 295 796 182 67 22 22 766 26
internal_value=0 0.000189975 -0.014021 -0.0169382 -0.0198596 -0.00608678 0.000420251 0.000988313 -0.00140731 -0.000772466 0.00204602 -0.00107904 0.00335441 -0.016823 0.0208588 0.0012864 -0.0374247 0.0296063 -0.00305219 0.00403301 -0.00963014 -0.00470112 -0.0124259 -0.00276891 0.0437799 -0.0352643 0.00999841 0.0693177
internal_weight=0 10914.4 173.595 166.878 157.145 83.2119 10740.8 9232 2826.17 2714.8 6405.83 1889.36 4516.47 111.371 46.698 25.3636 10.6277 14.7359 1508.77 284.243 86.1121 1224.53 244.382 980.144 21.3344 73.9327 198.131 11.8627
internal_count=43866 43678 695 668 629 333 42983 36945 11309 10863 25636 7561 18075 446 188 102 43 59 6038 1138 345 4900 978 3922 86 296 793 48
is_linear=0
shrinkage=0.05


Tree=11
num_leaves=31
num_cat=0
split_feature=0 6 4 9 44 6 6 5 42 43 5 40 28 41 12 30 41 7 9 42 24 37 9 43 44 31 34 43 34 30
split_gain=12.0427 11.8191 11.0789 10.4384 13.8845 9.39682 12.2791 13.863 12.5614 11.4905 13.9218 10.8252 9.95003 9.45946 8.77244 11.5502 10.5647 10.1628 17.1969 10.8421 10.007 8.53593 8.35864 8.72375 8.19604 13.7531 10.0314 7.13868 5.37764 4.29349
threshold=46.483334929647519 0.14350901411980035 158.12940870618817 0.0064999999999884048 1.0000000180025095e-35 0.21047457861661203 0.10821316876894117 156.94423002335617 0.20630892857142732 0.96354088664304849 146.04261885135153 -0.0226536585419508 -0.00021168666174528256 0.00055096577643809865 0.00032778857798510116 0.0015889767703515093 0.00032389818879509705 -0.16409875110656644 0.10500000000000399 0.11666607142857124 -1.326224781039169 0.023890944576539144 0.11700000000000445 1.4010505347553479 2.5000000000000004 0.71296477258618285 0.00033825263466915554 0.87132403256136293 0.0016933995399376659 0.0015975556620870088
decision_type=2 2 2 2 2 2 2 2 2 2 2 2 2 2 2 2 2 2 2 2 2 2 2 2 2 2 2 2 2 2
left_child=1 3 5 4 27 6 11 8 -8 10 -7 13 -13 -2 15 20 -17 18 -16 -19 -5 24 -11 -24 25 26 -4 -1 29 -26
right_child=2 -3 21 14 -6 9 7 -9 -10 22 -12 12 -14 -15 17 16 -18 19 -20 -21 -22 -23 23 -25 28 -27 -28 -29 -30 -31
leaf_value=-0.041884906120114196 0.064283803803505651 0.070528948159314681 -0.064443854711906279 0.0034168694352074282 0.049855284115196914 0.061948420004913254 0.0071173155125871662 -0.058018855331114609 0.053414766268578023 -0.097136366053318046 -0.037012940896865285 -0.0087520982253053575 -0.001283763193021424 0.0096779648413687497 -0.052520807119780771 0.017018667057952623 0.0041018524123595541 -0.00090900250709324577 0.027649440336457116 -0.013486888143803817 -0.00539468704659381 -0.068956058629156727 -0.074602632209300052 -0.0040994227744958452 0.0012115984871637472 -0.056003266299961607 0.0036084179723457573 0.024494970479490324 -0.017145808512836463 0.062044549533501338
leaf_weight=8.2176506817340833 10.496229887008665 6.1473308801650992 6.2458099424839011 666.25546845793724 25.148418873548508 6.7471456974744779 347.41068390011787 7.7455079704523078 15.246193304657934 5.9986226707696941 7.2473883032798767 487.28468200564384 5298.6867228150368 32.987166583538055 7.4987707138061515 173.76608945429325 1810.3961904942989 1031.0512121319771 54.223276481032372 205.65430589020252 623.37495900690556 7.7313348203897467 6.7451870292425182 12.718961417675017 5.4916453361511248 20.967547804117203 36.22814092040062 7.7200862467288962 8.2381744682788831 6.4939319491386414
leaf_count=33 42 25 25 2667 101 27 1390 31 61 24 29 1950 21203 132 30 696 7246 4127 217 823 2496 31 27 51 22 84 145 31 33 26
internal_value=0 0.00178305 -0.00157436 0.00168884 0.026755 -0.00132018 -0.00116433 0.00765952 0.00909164 -0.0256184 0.0104453 -0.00172597 -0.00191374 0.023091 0.00146192 0.0028418 0.00523638 -0.00201335 0.0177593 -0.00300557 -0.000838627 -0.018851 -0.0455982 -0.0290439 -0.0140844 -0.0229411 -0.00640911 -0.00946712 0.013429 0.034826
internal_weight=0 4619.45 6330.71 4613.31 41.0862 6239.31 6199.86 370.402 362.657 39.4573 13.9945 5829.45 5785.97 43.4834 4572.22 3273.79 1984.16 1298.43 61.722 1236.71 1289.63 91.3966 25.4628 19.4641 83.6653 63.4415 42.474 15.9377 20.2238 11.9856
internal_count=43825 18492 25333 18467 165 24967 24809 1482 1451 158 56 23327 23153 174 18302 13105 7942 5197 247 4950 5163 366 102 78 335 254 170 64 81 48
is_linear=0
shrinkage=0.05


Tree=12
num_leaves=31
num_cat=0
split_feature=4 34 17 14 14 8 6 43 34 17 18 16 8 43 38 38 19 7 8 18 37 24 9 17 37 7 18 43 8 19
split_gain=11.4948 9.4507 16.3367 11.5369 10.9769 10.0225 13.6573 8.32975 9.12639 8.83161 8.17139 9.20997 7.51969 8.54116 7.66615 6.58401 8.83472 11.78 9.59528 6.46135 6.2978 5.93732 7.34906 6.89148 5.86688 8.1996 7.53987 5.11015 4.18741 4.44094
threshold=140.87113248888707 0.00013346093938205401 -2.0323275839728702e-05 0.0030000000000001141 0.013999999999995795 0.027357142857144575 -0.024877600303241817 1.0831466330104795 0.00043513648347177794 5.0594486093680231e-05 -0.00022894363810999072 2.3260489199872229e-05 0.072678571428573355 0.9031571147326064 -0.0027237581044851317 -0.0013087047725101372 0.002187739933662503 0.17108615808236291 0.07335714285714294 -9.5544552767279342e-05 -0.057867885966471314 3.2755281829616441 0.0064999999999884048 -7.7200522885678677e-05 -0.026336542636257291 -0.045932629949923698 -0.00037271036294783672 0.76370463082787388 0.11889285714285742 0.0011005359825946306
decision_type=2 2 2 2 2 2 2 2 2 2 2 2 2 2 2 2 2 2 2 2 2 2 2 2 2 2 2 2 2 2
left_child=12 2 3 24 27 6 19 9 -9 -8 20 -12 -1 -14 -15 16 18 -18 -7 -3 -5 23 -23 -17 25 -2 -26 -4 29 -16
right_child=1 5 4 10 -6 15 7 8 -10 -11 11 -13 13 14 28 21 17 -19 -20 -21 -22 22 -24 -25 26 -27 -28 -29 -30 -31
leaf_value=0.05111953487044394 -0.010463449580947153 -0.011108228925775501 0.015453224735420011 -0.02404870251278194 -0.0087460987312965015 -0.00028127125032436344 -0.0088978647843650487 0.057654237606205784 -0.020959733365327464 -0.034855997985773296 0.027339610151111624 -0.041802802370294587 -0.044925590774896808 0.07297612047643369 -0.026351641666300937 0.0055057951836477064 0.014055102650924196 -0.022356871192008691 -0.0061815292426747048 0.055492589529505226 8.6329923999766084e-05 -0.059906627179425687 -0.0012130905747256217 0.00057816332375420327 0.0045117519251397578 0.04535940048776918 0.027768515484552243 0.069348323948487292 0.046961778353799777 0.028977008547537816
leaf_weight=16.952013120055199 8.495889335870741 5.4903737157583228 6.2176348865032223 27.886485561728477 8.7415971755981428 1483.7633465528488 68.110289320349693 7.2332919239997846 7.2374855279922485 64.413895815610886 45.189686685800552 5.2474896013736716 5.7149354219436672 5.6578793823719087 9.6279550045728666 922.5393525660038 147.93608692288399 25.951696366071701 1289.4609624892473 9.9558428972959501 779.35729545354843 5.2479180246591559 2653.3705299198627 3085.4115288704634 161.4706583917141 26.704612985253334 44.650257229804993 18.210833519697189 4.9026255309581748 5.6381780952215186
leaf_count=72 34 22 25 112 35 5937 273 29 29 258 181 21 23 23 39 3692 592 104 5160 40 3120 21 10617 12346 647 107 179 73 20 23
internal_value=0 -7.88588e-05 0.00424505 0.00319481 0.0387773 -0.00058016 -0.0128933 -0.0176187 0.0181187 -0.0215694 0.000470883 0.0199786 0.0242933 0.00960155 0.0219869 -0.000371454 -0.0023397 0.00858237 -0.00302663 0.0315785 -0.000744105 0.000497927 -0.00133308 0.00171375 0.012851 0.031753 0.00958494 0.0559535 0.00714695 -0.00553635
internal_weight=0 10908.3 1132.17 1099 33.1701 9776.12 162.441 146.995 14.4708 132.524 857.681 50.4372 48.4936 31.5416 25.8266 9613.68 2947.11 173.888 2773.22 15.4462 807.244 6666.57 2658.62 4007.95 241.321 35.2005 206.121 24.4285 20.1688 15.2661
internal_count=43854 43654 4534 4401 133 39120 651 589 58 531 3434 202 200 128 105 38469 11793 696 11097 62 3232 26676 10638 16038 967 141 826 98 82 62
is_linear=0
shrinkage=0.05


end of trees

feature_importances:
atr_ratio=38
bb_width=24
bb_upper=20
atr=20
atr_ma=18
macd_signal=17
price_ema_slow_dist=15
ema_fast=14
atr_normalized=14
return_1=12
return_6=12
return_12=12
bb_lower=11
range=11
ema_cross_pct=11
price_bb_lower_dist=11
macd_hist=11
rsi=10
macd_hist_change=10
macd=9
lower_shadow=9
price_ema_fast_dist=9
price_bb_upper_dist=9
macd_strength=9
bb_middle=7
return_3=7
rsi_divergence=7
bb_position=7
range_pct=6
ema_slow=4
body_pct=3
body=2
upper_shadow=2
rsi_normalized=2
ema_cross=2
signal_convergence=2
bb_position_normalized=1

parameters:
[boosting: gbdt]
[objective: binary]
[metric: binary_logloss]
[tree_learner: serial]
[device_type: cpu]
[data: ]
[valid: ]
[num_iterations: 800]
[learning_rate: 0.05]
[num_leaves: 31]
[num_threads: 8]
[deterministic: 0]
[force_col_wise: 0]
[force_row_wise: 0]
[histogram_pool_size: -1]
[max_depth: 6]
[min_data_in_leaf: 20]
[min_sum_hessian_in_leaf: 0.001]
[bagging_fraction: 0.9]
[pos_bagging_fraction: 1]
[neg_bagging_fraction: 1]
[bagging_freq: 1]
[bagging_seed: 400]
[feature_fraction: 0.9]
[feature_fraction_bynode: 1]
[feature_fraction_seed: 30056]
[extra_trees: 0]
[extra_seed: 12879]
[early_stopping_round: 0]
[first_metric_only: 0]
[max_delta_step: 0]
[lambda_l1: 0.1]
[lambda_l2: 0.1]
[linear_lambda: 0]
[min_gain_to_split: 0]
[drop_rate: 0.1]
[max_drop: 50]
[skip_drop: 0.5]
[xgboost_dart_mode: 0]
[uniform_drop: 0]
[drop_seed: 17869]
[top_rate: 0.2]
[other_rate: 0.1]
[min_data_per_group: 100]
[max_cat_threshold: 32]
[cat_l2: 10]
[cat_smooth: 10]
[max_cat_to_onehot: 4]
[top_k: 20]
[monotone_constraints: ]
[monotone_constraints_method: basic]
[monotone_penalty: 0]
[feature_contri: ]
[forcedsplits_filename: ]
[refit_decay_rate: 0.9]
[cegb_tradeoff: 1]
[cegb_penalty_split: 0]
[cegb_penalty_feature_lazy: ]
[cegb_penalty_feature_coupled: ]
[path_smooth: 0]
[interaction_constraints: ]
[verbosity: 1]
[saved_feature_importance_type: 0]
[linear_tree: 0]
[max_bin: 255]
[max_bin_by_feature: ]
[min_data_in_bin: 3]
[bin_construct_sample_cnt: 200000]
[data_random_seed: 175]
[is_enable_sparse: 1]
[enable_bundle: 1]
[use_missing: 1]
[zero_as_missing: 0]
[feature_pre_filter: 1]
[pre_partition: 0]
[two_round: 0]
[header: 0]
[label_column: ]
[weight_column: ]
[group_column: ]
[ignore_column: ]
[categorical_feature: ]
[forcedbins_filename: ]
[precise_float_parser: 0]
[parser_config_file: ]
[objective_seed: 16083]
[num_class: 1]
[is_unbalance: 0]
[scale_pos_weight: 1]
[sigmoid: 1]
[boost_from_average: 1]
[reg_sqrt: 0]
[alpha: 0.9]
[fair_c: 1]
[poisson_max_delta_step: 0.7]
[tweedie_variance_power: 1.5]
[lambdarank_truncation_level: 30]
[lambdarank_norm: 1]
[label_gain: ]
[lambdarank_position_bias_regularization: 0]
[eval_at: ]
[multi_error_top_k: 1]
[auc_mu_weights: ]
[num_machines: 1]
[local_listen_port: 12400]
[time_out: 120]
[machine_list_filename: ]
[machines: ]
[gpu_platform_id: -1]
[gpu_device_id: -1]
[gpu_use_dp: 0]
[num_gpu: 1]

end of parameters

pandas_categorical:[]
