tree
version=v4
num_class=1
num_tree_per_iteration=1
label_index=0
max_feature_idx=38
objective=binary sigmoid:1
feature_names=rsi ema_fast ema_slow bb_middle bb_upper bb_lower atr range range_pct body body_pct upper_shadow lower_shadow is_bullish return_1 return_3 return_6 return_12 log_return rsi_normalized rsi_overbought rsi_oversold rsi_divergence ema_cross ema_cross_pct ema_cross_signal price_ema_fast_dist price_ema_slow_dist bb_width bb_position bb_position_normalized price_bb_upper_dist price_bb_lower_dist bb_breakout_upper bb_breakout_lower atr_normalized atr_ma atr_ratio signal_convergence
feature_infos=[0:99.755467076367083] [140.01794868368825:158.46374932756453] [140.09390840731587:158.4287960737224] [0:158.45214999999999] [0:158.98423446083257] [0:158.37119522484221] [0:0.55142857142856927] [0:1.4489999999999839] [0:0.0098924731182794597] [0:1.2740000000000009] [0:0.0087871159085422691] [0:0.45400000000000773] [0:0.6290000000000191] [0:1] [-0.010440345742870893:0.0086544548876104077] [-0.010346048081897208:0.011121306408549358] [-0.012740376631571793:0.01214236927980572] [-0.015822511541399464:0.020290175029493485] [-0.010495228483220405:0.0086172197717689965] [-1:0.99510934152734165] [0:1] [0:1] [-56.904350987366826:51.361182180793548] [-0.57514457178655221:0.76835340664820251] [-0.003883435549732969:0.0051884219504909346] [0:1] [-0.0088498120556881627:0.0085436527782316064] [-0.0096167762950344661:0.012337377364785844] [0:0.031342652110744211] [-0.54651378490698344:1.552884196153675] [-2.0930275698139669:2.10576839230735] [-0.0045480417175792053:0.02223832595088774] [-0.0050724392954735378:0.027298010487932362] [0:1] [0:1] [0:0.0037228501986805917] [0:0.42936785714285552] [0:3.4066658717779674] [0:2]
tree_sizes=1835 1754 1848 1857 1735 1808 1747 1849 1529 1865 1760 1860 1864 1747 1860 1871 1848 1767 1740 1545 1680 1859 1832 1851 1849 1613 1872 1417 1412 1756 1756 1705 1830 1857 1626 1891 1863 1880 1740 1862 1844 1623 1854 1711 1883 1580 1860 1843

Tree=0
num_leaves=16
num_cat=0
split_feature=31 7 4 4 4 6 5 24 36 2 2 24 24 31 7
split_gain=33.3665 30.4308 25.8128 24.0013 21.9943 15.9644 15.2278 21.1713 15.9235 14.1338 21.5633 7.86557 9.75699 6.8839 2.57643
threshold=0.0010834849339036244 0.019499999999993637 158.12940870618817 140.87113248888707 141.04318987564031 0.066857142857138299 142.44376574850895 0.0012354378071374754 0.046799999999999904 144.52937660439019 147.28073920706743 -0.00010991533206053354 0.00024599666938209783 0.0013563885319269563 0.069000000000002629
decision_type=2 2 2 2 2 2 2 2 2 2 2 2 2 2 2
left_child=2 9 3 5 -5 -1 7 -3 -8 13 -11 14 -13 -2 -4
right_child=1 6 11 4 -6 -7 8 -9 -10 10 -12 12 -14 -15 -16
leaf_value=0.089439225722788146 0.023580932409984504 0.021093830404961746 -0.079021887203519617 -0.051227135608062926 0.00062908353125197634 0.015211678412538492 0.015824382719459663 -0.048582659955980212 0.0036831867309394706 -0.015437618436388547 0.045104091308926481 -0.0082197764314922359 -0.042073767394768466 0.091648861436649104 -0.0066164610229118423
leaf_weight=11.749982491135595 6.7499899417161968 224.4996654689312 7.9999880790710431 20.249969825148582 6451.4903865158558 20.999968707561493 291.74956525862217 10.999983608722685 3720.7444556504488 22.249966844916344 39.999940395355225 75.749887123703957 31.249953433871269 14.249978765845297 2.4999962747097015
leaf_count=47 27 898 32 81 25806 84 1167 44 14883 89 160 303 125 57 10
internal_value=0.00242017 0.00590065 0.000256818 0.000681124 0.000460484 0.0431475 0.00530626 0.0176725 0.00457314 0.0358125 0.0230831 -0.0229552 -0.0184368 0.0715498 -0.0648272
internal_weight=0 4331.24 6621.99 6504.49 6471.74 32.75 4247.99 235.5 4012.49 83.2499 62.2499 117.5 107 21 10.5
internal_count=43813 17325 26488 26018 25887 131 16992 942 16050 333 249 470 428 84 42
is_linear=0
shrinkage=1


Tree=1
num_leaves=15
num_cat=0
split_feature=31 4 1 3 24 5 28 1 7 31 35 24 16 37
split_gain=30.0597 29.7588 18.8974 22.5598 24.3704 20.2829 17.6905 18.6775 13.4114 14.6842 13.0523 12.1356 3.99258 10.3518
threshold=0.00066957932737729997 158.43214912945572 143.95471718060335 144.23382500000005 -0.00024306288459463536 144.10313754955803 0.00036315092482388627 145.07029122529687 0.021000000000000799 0.0013563885319269563 0.00013124514714179061 0.0012354378071374754 0.00011148482554224072 1.0831466330104795
decision_type=2 2 2 2 2 2 2 2 2 2 2 2 2 2
left_child=1 6 8 4 -4 -5 10 -8 9 -2 -1 -10 13 -3
right_child=2 12 3 5 -6 -7 7 -9 11 -11 -12 -13 -14 -15
leaf_value=0.054132550119260207 0.0073787116047716291 -0.070289694217257809 0.006841371831593542 0.033133935749058367 -0.032313691215060024 0.001199599244301155 -0.0084281932976692769 -0.0011642585306109073 0.0077025969211628135 0.080629266538022215 0.0016558701503064665 -0.033678194019258818 -0.082671320439932694 0.045774726464336842
leaf_weight=22.994006097316742 15.999008953571321 4.9998092651367214 63.248500674962997 49.999848157167435 102.24915876984596 4988.9349141269922 1220.7300447970629 3255.2389840781689 1140.711510553956 12.975287869572638 26.247487992048264 17.493494510650635 12.24787826836109 2.499425858259201
leaf_count=92 64 20 253 200 409 19956 4883 13021 4563 52 105 70 49 10
internal_value=0 -0.00309293 0.00222592 0.000921802 -0.0172137 0.00152339 -0.00281768 -0.00315137 0.00792026 0.0415259 0.0268446 0.00704744 -0.0639358 -0.0281283
internal_weight=0 4544.96 6391.61 5204.43 165.498 5038.93 4525.21 4475.97 1187.18 28.9743 49.2415 1158.21 19.7471 7.49924
internal_count=43747 18180 25567 20818 662 20156 18101 17904 4749 116 197 4633 79 30
is_linear=0
shrinkage=0.05


Tree=2
num_leaves=16
num_cat=0
split_feature=4 28 37 0 35 36 1 3 23 36 15 23 26 36 9
split_gain=23.9145 22.4499 33.0195 35.9411 20.6976 21.3757 20.2964 17.0926 12.6737 11.5837 8.35785 11.3115 7.45307 7.24075 2.22619
threshold=158.12940870618817 0.0017889447707391721 1.3001712411513007 70.446012834296553 0.00045885183955375201 0.20630892857142732 147.36070263093231 140.71552500000004 0.03930916997170187 0.058148214285714428 -0.00043050620449514016 0.019908697995433048 -0.0011515416291227095 0.048694642857142319 0.055999999999997392
decision_type=2 2 2 2 2 2 2 2 2 2 2 2 2 2 2
left_child=1 2 7 -4 6 -6 -3 -1 10 13 12 -12 -2 -10 -11
right_child=8 4 3 -5 5 -7 -8 -9 9 14 11 -13 -14 -15 -16
leaf_value=0.04786065375057897 -0.040960460376636837 0.013603250509593733 0.018162589870466001 -0.08279707114040824 0.00012359476332326154 0.025629775309498434 0.0022287176128993279 -0.0033749492502903136 -0.03517905326496646 -0.077559695996722078 -0.024900230231542596 0.013304829147091453 0.030515709562370999 0.030805254626075931 -0.029020775980858324
leaf_weight=15.976550921797751 3.9999595284462002 707.40670700371265 262.99045406281948 8.7499805539846403 4287.3539732843637 83.496420696377754 894.2387133538723 4551.1650604307652 10.990333467721941 16.742499381303791 87.22008390724659 23.744834899902344 18.498323708772659 5.9914923310279837 5.4977922588586798
leaf_count=64 16 2830 1052 35 17150 334 3577 18205 44 67 349 95 74 24 22
internal_value=0 0.000353707 -0.0021748 0.0147321 0.00240648 0.000618285 0.00726978 -0.00318711 -0.0183847 -0.0434805 -0.0107417 -0.0164864 0.0163396 -0.0103214 -0.067216
internal_weight=0 10811.4 4838.88 271.74 5972.5 4370.85 1601.65 4567.14 172.685 39.2221 133.463 110.965 22.4983 16.9818 22.2403
internal_count=43938 43247 19356 1087 23891 17484 6407 18269 691 157 534 444 90 68 89
is_linear=0
shrinkage=0.05


Tree=3
num_leaves=16
num_cat=0
split_feature=28 37 19 2 6 28 6 35 28 37 28 4 28 4 19
split_gain=30.45 29.1717 33.0729 23.839 35.4042 31.8592 25.7501 28.0387 17.362 27.6656 15.8722 14.8238 11.633 10.2702 3.81443
threshold=0.0017455284778228549 1.2929877292665466 0.33006098599013173 147.55622515032002 0.14082142857142901 0.0049692735396918075 0.16607142857142779 0.0004715635531738162 0.00036315092482388627 0.56085388399127944 0.003382787020524948 144.58155782419553 0.010996306553754697 144.49798218296718 0.40892025668593085
decision_type=2 2 2 2 2 2 2 2 2 2 2 2 2 2 2
left_child=1 8 11 6 5 -5 7 -2 13 -10 -6 -3 -8 -1 -4
right_child=3 2 14 4 10 -7 12 -9 9 -11 -12 -13 -14 -15 -16
leaf_value=0.052214237830967049 0.011371711953820718 -0.0082380008766283243 -0.020699758984694117 -0.00067210399463753397 0.0044630009200074009 0.024358158421873718 0.025338854699258631 0.00084487851239724125 -0.053769086220542744 -0.0040932056345139847 -0.025987732989786912 0.022064396357183116 -0.010519144155914758 0.0037747917470735571 -0.075742859685078906
leaf_weight=20.713448941707611 892.58831411600113 47.741831302642822 7.2491994351148632 2532.6635155677795 53.249360412359238 133.4954519867897 202.46762679517269 2190.6294029206038 27.999480560421944 4422.821221396327 191.73966854810715 223.22126647830009 24.242005914449692 25.492420956492424 9.7331315428018552
leaf_count=83 3571 191 29 10131 213 534 810 8763 112 17692 767 893 97 102 39
internal_value=0 -0.00310054 0.0122982 0.0022044 -0.00108884 0.000574393 0.00510825 0.0039013 -0.00409284 -0.00441493 -0.0192699 0.01663 0.0213856 0.0262238 -0.0544605
internal_weight=0 4784.97 287.945 6221.08 2911.15 2666.16 3309.93 3083.22 4497.03 4450.82 244.989 270.963 226.71 46.2059 16.9823
internal_count=44027 19141 1152 24886 11645 10665 13241 12334 17989 17804 980 1084 907 185 68
is_linear=0
shrinkage=0.05


Tree=4
num_leaves=15
num_cat=0
split_feature=31 4 4 1 4 5 6 5 4 37 6 2 28 6
split_gain=21.0611 24.3958 17.9144 17.5761 34.6054 23.1972 15.9482 14.8108 12.2704 11.5683 25.2555 17.0134 3.59452 6.59494
threshold=0.00070546983470150119 158.43214912945572 143.8504269299535 145.07029122529687 144.90464349511771 144.61524003357383 0.16135714285714089 143.59931356351498 142.90623011382965 0.64720555354776244 0.02492857142856764 148.24585614587087 0.0011859476951492176 0.062714285714287762
decision_type=2 2 2 2 2 2 2 2 2 2 2 2 2 2
left_child=1 3 6 4 -1 -5 7 -2 -8 11 -11 -4 -3 -14
right_child=2 12 9 5 -6 -7 8 -9 -10 10 -12 -13 13 -15
leaf_value=-0.0042265813886813008 0.0061302365849871506 -0.083548982163414984 -0.036276450391210247 0.082204049261482962 -0.030153439431912062 -0.00053079600748959005 0.092070753723003274 0.066046929147375463 0.023895225081478993 -0.078942382064058528 0.001362506589406 0.0059929289175720962 0.0033958621033782646 -0.069042608897345092
leaf_weight=1154.8904727101326 818.54458963871002 8.7252166867256182 50.226393297314644 8.1907573342323285 145.24006892740726 3446.7699621766806 8.2439056336879712 10.248253658413885 40.717907965183258 9.4997052699327451 5219.3532414585352 43.241185307502747 5.2363528311252576 5.7276285439729691
leaf_count=4620 3275 35 201 33 581 13788 33 41 163 38 20879 173 21 23
internal_value=0 -0.00243015 0.00198768 -0.00219283 -0.00714843 -0.000320299 0.00860785 0.00692491 0.0363725 0.000890768 0.00120731 -0.016498 -0.0576016 -0.0330578
internal_weight=0 4774.78 6200.08 4755.09 1300.13 3454.96 877.755 828.793 48.9618 5322.32 5228.85 93.4676 19.6892 10.964
internal_count=43904 19101 24803 19022 5201 13821 3512 3316 196 21291 20917 374 79 44
is_linear=0
shrinkage=0.05


Tree=5
num_leaves=16
num_cat=0
split_feature=28 37 36 6 30 36 3 2 5 37 23 17 16 5 28
split_gain=20.8037 31.339 25.6651 23.18 21.4496 18.5065 45.4203 18.7705 16.6494 28.0768 15.3974 14.9618 15.4967 7.93531 6.45591
threshold=0.0017889447707391721 1.3162207674924546 0.022089285714282782 0.06657142857142874 0.19754958036933082 0.20630892857142732 147.74157500000004 144.71504294653127 140.67924339346493 0.56085388399127944 -0.04577345376033292 -0.0019232131980224108 0.0012127820509801881 145.68033481085735 0.00099064853933499854
decision_type=2 2 2 2 2 2 2 2 2 2 2 2 2 2 2
left_child=1 8 14 11 -4 7 -7 -5 10 -10 -1 13 -13 -2 -3
right_child=3 2 4 5 -6 6 -8 -9 9 -11 -12 12 -14 -15 -16
leaf_value=-0.0481524842778581 0.00056283750751661484 -0.080087386501967173 0.030367403654584381 0.004728611509344398 0 0.045058660691772286 -0.03911549676884845 -0.0024161205338686211 -0.053108419140402388 -0.0032827973734628813 0.060579550319731328 0.0092060101785905717 -0.015188801482580042 -0.044737697038182332 0
leaf_weight=3.4962815642356899 16.232909440994263 8.2331130653619748 144.67775799334049 1300.276653945446 94.700147166848183 62.18326798081398 20.997458100318909 3131.5846955925226 28.222301200032234 4626.7979908138514 17.374102577567101 1408.2069690227509 67.245320588350296 20.247171685099602 2.745397374033927
leaf_count=14 65 33 579 5202 379 249 84 12527 113 18509 70 5634 269 81 11
internal_value=0 -0.00246027 0.0147455 0.0019198 0.0182778 0.00011965 0.0234468 -0.000314088 -0.00338774 -0.00359365 0.0407592 0.0072779 0.00807439 -0.02406 -0.0584952
internal_weight=0 4926.25 250.356 6026.97 239.378 4515.04 83.1807 4431.86 4675.89 4655.02 20.8704 1511.93 1475.45 36.4801 10.9785
internal_count=43819 19708 1002 24111 958 18062 333 17729 18706 18622 84 6049 5903 146 44
is_linear=0
shrinkage=0.05


Tree=6
num_leaves=15
num_cat=0
split_feature=31 28 5 3 23 5 1 38 37 2 27 24 15 23
split_gain=22.4843 16.3973 15.5146 20.278 23.8414 22.3299 14.6358 35.6633 13.7526 13.8119 12.6994 10.1787 9.01977 8.41668
threshold=0.00069767843781940342 0.00036315092482388627 142.44376574850895 142.02020000000005 0.18184317425011901 141.72389687360615 142.67575938371718 1.0000000180025095e-35 0.56085388399127944 158.30318343848947 0.0010293482816840101 -5.9091861669301917e-05 1.0000000180025095e-35 0.031575611973082125
decision_type=2 2 2 2 2 2 2 2 2 2 2 2 2 2
left_child=1 11 3 5 -5 -2 7 -4 13 -10 -8 -1 -13 -3
right_child=2 8 6 4 -6 -7 10 -9 9 -11 -12 12 -14 -15
leaf_value=-0.064367969362806726 0.0015836247864563073 -0.0073695210069067334 -0.055461461769783983 0.026635684527904442 -0.049989537595923977 -0.093236383650183219 0.0011088244071334591 0.036306375139581015 -0.0025015476200791892 -0.037692536491319761 0.012343762920258078 0.056435695109117168 0.010664963895571727 -0.076299519693775478
leaf_weight=2.4908937662839881 112.90173436701298 9.4690597951412219 32.74406698346138 188.8275932520628 10.242014825344084 6.2480632811784735 5642.1337362676859 14.995861425995825 4645.1732273697853 27.863546714186668 263.66794720292091 20.698531568050385 25.889251112937927 9.9775436073541623
leaf_count=10 452 38 131 756 41 25 22572 60 18583 112 1055 83 104 40
internal_value=0 -0.00259473 0.00196774 0.0127286 0.0224987 -0.003401 0.00138776 -0.0260686 -0.00290096 -0.00271913 0.00161525 0.0260179 0.0317647 -0.0446236
internal_weight=0 4741.56 6271.76 318.219 199.07 119.15 5953.54 47.7399 4692.48 4673.04 5905.8 49.0787 46.5878 19.4466
internal_count=44062 18970 25092 1274 797 477 23818 191 18773 18695 23627 197 187 78
is_linear=0
shrinkage=0.05


Tree=7
num_leaves=16
num_cat=0
split_feature=28 37 36 6 4 37 36 4 16 37 4 2 24 24 15
split_gain=18.6426 24.6626 25.4202 23.0825 19.2661 22.5388 17.2432 34.9248 16.2061 15.3408 12.9991 15.3591 12.9073 10.1026 5.98424
threshold=0.0017889447707391721 1.3162207674924546 0.022089285714282782 0.06657142857142874 140.87113248888707 0.56085388399127944 0.23758214285714355 148.11024656209574 0.00065385026064557217 0.74422393187158897 147.63069823918531 150.15555090094793 -0.00032362799255111264 -4.6555322984924691e-05 -0.00035275848552895889
decision_type=2 2 2 2 2 2 2 2 2 2 2 2 2 2 2
left_child=1 4 14 10 12 -6 9 -8 -4 -5 13 -12 -1 -2 -3
right_child=3 2 8 6 5 -7 7 -9 -10 -11 11 -13 -14 -15 -16
leaf_value=-0.042425274600429233 0.0053761310091655313 0 0.021987106235900736 0.013535263389366173 -0.048453353432035058 -0.0031210377747424522 0.065399968628236313 -0.027094629969281088 -0.014505693042723831 -0.00091591014319039685 -0.0036847835998174354 0.010233696813021722 0.058629132617216209 0.017376586218329333 -0.081977529030347218
leaf_weight=3.2487548291683224 328.48923625051975 2.9965097159147263 202.53286741673946 191.46749411523342 27.368139982223511 4621.2992205023766 27.392030283808708 15.489558905363081 34.718511939048767 4297.0828827917576 430.21177704632282 364.69190649688244 19.267956882715225 396.62904158234596 7.9571128040552122
leaf_count=13 1315 12 811 766 110 18488 110 62 139 17191 1721 1459 78 1587 32
internal_value=0 -0.00234603 0.0129832 0.00179809 -0.00316668 -0.00339641 3.93947e-06 0.0314543 0.0165301 -0.000293036 0.00712925 0.00267086 0.042587 0.0119791 -0.0600124
internal_weight=0 4919.39 248.205 6051.45 4671.18 4648.67 4531.43 42.8816 237.251 4488.55 1520.02 794.904 22.5167 725.118 10.9536
internal_count=43894 19683 994 24211 18689 18598 18129 172 950 17957 6082 3180 91 2902 44
is_linear=0
shrinkage=0.05


Tree=8
num_leaves=13
num_cat=0
split_feature=4 31 36 37 1 4 35 4 23 6 6 1
split_gain=22.5948 14.8641 19.2137 22.8598 18.5664 25.3884 17.8449 17.3904 14.6371 21.3701 10.6564 7.93957
threshold=158.12940870618817 0.00066957932737729997 0.046799999999999904 0.83972807279080686 145.07029122529687 144.90464349511771 0.00031629444434253369 147.77341381438325 -0.091295026775739516 0.12150000000000057 0.10628571428571122 157.71251914086008
decision_type=2 2 2 2 2 2 2 2 2 2 2 2
left_child=1 4 3 -3 5 -1 -4 -6 11 10 -10 -2
right_child=8 2 6 -5 7 -7 -8 -9 9 -11 -12 -13
leaf_value=-0.0045741659374221319 -0.01465511883602158 -0.016996135980250803 -0.011700485904443128 0.013028261977005032 0.0051982766254513868 -0.027234330054263425 0.0014915766630992828 -0.0025484512946081363 -0.018830856357046698 -0.088213445310856675 0.049321195072481179 0.081436009174029086
leaf_weight=1097.9118701815605 2.7486495524644843 69.975323349237442 268.63216349482536 597.40483371913433 1085.5916829407215 139.90872816741467 5367.632636770606 2176.0624461025 149.17759843170643 10.985354512929915 5.4943629354238501 5.2487577199935913
leaf_count=4393 11 280 1075 2391 4344 560 21476 8706 598 44 22 21
internal_value=0 0.000243831 0.00181278 0.00983652 -0.00194865 -0.00716158 0.0008578 2.25054e-05 -0.0179204 -0.0212375 -0.0161578 0.0460614
internal_weight=0 10803.1 6303.64 667.38 4499.47 1237.82 5636.26 3261.65 173.655 165.657 154.672 7.99741
internal_count=43921 43225 25222 2671 18003 4953 22551 13050 696 664 620 32
is_linear=0
shrinkage=0.05


Tree=9
num_leaves=16
num_cat=0
split_feature=28 37 27 6 35 3 37 17 1 36 1 32 1 24 36
split_gain=17.9294 22.608 32.517 19.2623 17.7135 17.5438 21.0185 16.3952 16.6226 16.1133 41.2969 17.2677 13.5537 11.7839 9.96118
threshold=0.0017889447707391721 1.2491707546283244 5.9815787354022335e-05 0.06657142857142874 0.0003023975620132114 140.71552500000004 0.56085388399127944 -0.0017632100373741186 145.99502625053938 0.20630892857142732 147.78402622787004 0.00079781480812279859 147.36070263093231 -8.9770135084505555e-05 0.079075000000004503
decision_type=2 2 2 2 2 2 2 2 2 2 2 2 2 2 2
left_child=1 5 13 7 -4 14 -7 8 -2 11 -11 -5 -9 -3 -1
right_child=3 2 4 9 -6 6 -8 12 -10 10 -12 -13 -14 -15 -16
leaf_value=0.077505912998143134 0.010764980755258176 0.033177048797035168 -0.046135994063447011 0.0044866623665778104 -0.00027594769951898946 -0.045588966755894467 -0.003195163579937892 0.012977749286273606 -0.04088958858388772 0.040333790179287052 -0.042773736584487569 -0.0023179804743363739 0.0032206001109357871 0.0097214823689042371 -0.001386599943658853
leaf_weight=10.206832721829413 26.459745794534683 113.53826236724854 24.382687076926231 1332.8265451043844 151.14670741558075 29.228974863886833 4489.0204351991415 671.19311226904392 35.241894260048866 66.377824068069458 18.740071162581444 3097.4521102905273 776.60667164623737 109.07968659698963 5.4647647291421881
leaf_count=42 106 455 98 5332 605 118 17960 2687 141 267 75 12392 3107 437 22
internal_value=0 -0.00228072 0.0091219 0.00178452 -0.00685637 -0.0032881 -0.00347795 0.00667396 -0.0183902 0.000144101 0.0216577 -0.000265031 0.00776298 0.0218248 0.0489211
internal_weight=0 4932.07 398.147 6024.9 175.529 4533.92 4518.25 1509.5 61.7016 4515.4 85.1179 4430.28 1447.8 222.618 15.6716
internal_count=43844 19737 1595 24107 703 18142 18078 6041 247 18066 342 17724 5794 892 64
is_linear=0
shrinkage=0.05


Tree=10
num_leaves=15
num_cat=0
split_feature=31 4 16 35 36 35 1 35 12 2 5 6 36 36
split_gain=18.7382 17.2907 13.7402 13.8359 13.6762 26.9096 29.6254 18.2328 20.2627 18.7322 11.3466 6.20139 4.44543 6.0268
threshold=0.00066198672911642797 158.43214912945572 0.0023819876895710972 0.00032564682911061948 0.046799999999999904 0.00031629444434253369 144.06740542161063 0.00027840251378092093 0.0014999999999929516 148.24585614587087 142.44376574850895 0.075357142857140305 0.05369642857142861 0.048694642857142319
decision_type=2 2 2 2 2 2 2 2 2 2 2 2 2 2
left_child=1 2 3 -1 7 6 -6 9 -9 -2 -7 -4 13 -3
right_child=4 12 11 -5 5 10 -8 8 -10 -11 -12 -13 -14 -15
leaf_value=0.00097842587058605333 -0.010190850269491345 -0.056285880051912256 0.076242114588684295 -0.0048377566672340045 0.027118129279472294 0.011283224393662729 -0.020161813028189837 0.038912120706249179 0.0098066241950984668 0.014775338835563909 0.0011329096002740302 0.01311811625637873 -0.0775842983559068 0.017610964940728006
leaf_weight=1600.6479837447405 194.38259017467499 5.6752048879861849 3.9994060993194571 2799.6928761899471 37.4544777572155 291.43930667638779 252.32738722860813 75.640629768371582 304.86200848221779 121.93846863508224 5166.8200976103544 93.682486236095428 8.6120084971189481 4.2209936380386353
leaf_count=6407 778 23 16 11202 150 1168 1010 303 1221 488 20673 375 35 17
internal_value=0 -0.00250546 -0.00229944 -0.00271649 0.00169442 0.000887394 -0.0139429 0.00831238 0.0156843 -0.000482805 0.00168005 0.0161833 -0.0504106 -0.0227242
internal_weight=0 4516.53 4498.02 4400.34 6444.86 5748.04 289.782 696.824 380.503 316.321 5458.26 97.6819 18.5082 9.8962
internal_count=43866 18075 18000 17609 25791 23001 1160 2790 1524 1266 21841 391 75 40
is_linear=0
shrinkage=0.05


Tree=11
num_leaves=16
num_cat=0
split_feature=4 28 36 4 5 35 17 24 29 35 7 27 2 1 0
split_gain=18.5179 15.8913 18.7235 28.1503 20.0275 18.4656 21.3786 16.0199 10.8145 7.64785 10.8846 8.89246 4.83276 8.14851 5.79365
threshold=158.12940870618817 0.0017889447707391721 0.050564285714285416 148.31487581004436 150.4427936263327 0.00045885183955375201 -0.0017632100373741186 0.00073234284381896151 0.20293200928409547 0.00077397198413912678 0.13249999999999321 -0.0010132984694052483 158.30318343848947 158.13601802022248 38.14920097422381
decision_type=2 2 2 2 2 2 2 2 2 2 2 2 2 2 2
left_child=1 2 4 -4 -1 6 -3 -7 12 10 -10 -11 13 -2 -14
right_child=8 5 3 -5 -6 7 -8 -9 9 11 -12 -13 14 -15 -16
leaf_value=0.0042677414040366837 0.0093893035998443859 -0.021387370097199574 -0.0091175902913742373 0.00092055894171237185 -0.007802095643648573 -0.00091197528338615849 0.0075442379872766628 0.0095785475165129953 -0.022394364807170331 0.0099324630380120162 0.068257977092470987 -0.08752292626435984 0.071765032100877549 -0.050233844772109452 -0.0048894173964392686
leaf_weight=1549.734823346138 25.47025965154171 65.929081976413727 1598.2641112059355 1232.8295382857323 440.41098599135876 3960.9541636556387 1533.476578310132 400.4092770665884 113.20053891837597 2.496011182665824 2.9984774440526953 8.6946751922368986 4.9936933368444425 6.9918673485517493 3.4959815740585327
leaf_count=6204 102 264 6396 4933 1763 15848 6138 1603 455 10 12 35 20 28 14
internal_value=0 8.54649e-06 -0.00212343 -0.00473791 0.0015834 0.00173716 0.00633223 4.60024e-05 -0.0166868 -0.0238946 -0.0196708 -0.0639186 0.00513937 -0.00303197 0.0382656
internal_weight=0 10782 4821.24 2831.09 1990.15 5960.77 1599.41 4361.36 168.342 127.39 116.199 11.1907 40.9518 32.4621 8.48967
internal_count=43825 43149 19296 11329 7967 23853 6402 17451 676 512 467 45 164 130 34
is_linear=0
shrinkage=0.05


Tree=12
num_leaves=16
num_cat=0
split_feature=4 0 28 28 1 4 35 23 36 36 38 36 36 32 23
split_gain=19.3396 16.6848 17.2377 17.1782 17.7144 16.489 14.5888 14.4596 13.8435 11.5985 9.98809 10.4314 7.70294 4.64966 2.95244
threshold=158.12940870618817 45.761633091774321 0.0043641078732775179 0.0030247127237722983 147.4143383083989 142.62497716248353 0.00058588256084480866 0.038585123874639755 0.071307142857143263 0.056189285714286344 1.5000000000000002 0.066442857142858774 0.043944642857143286 0.0018628877141423435 0.079230109834583132
decision_type=2 2 2 2 2 2 2 2 2 2 2 2 2 2 2
left_child=1 3 6 5 -5 -1 -3 10 -4 12 11 -2 -9 -12 -11
right_child=7 2 8 4 -6 -7 -8 9 -10 14 13 -13 -14 -15 -16
leaf_value=0.023120437075777055 -0.020588139508859855 -0.00093191691655514696 -0.02184510131337589 0.0027761547208079171 -0.0096790533962442683 0.0037184649158934213 -0.0070597906763322053 -0.036988676349883509 0.010105403824609274 -0.084310670407071589 0.064327978765036084 0.012971169401035315 0.033309374293144303 -0.0072880202008197247 -0.039064841905637714
leaf_weight=113.84542183578014 95.349595710635185 4695.6497690826654 35.989476144313812 646.60151465237141 507.9244276881218 3112.9933937340975 1228.9766286760569 9.4494904279708845 443.13568985462189 12.885852396488191 6.2351962774991971 29.360504150390625 5.9607535153627387 2.4980990886688232 10.131551265716551
leaf_count=457 383 18791 144 2588 2032 12459 4917 38 1775 52 25 118 24 10 41
internal_value=0 0.000157732 -0.00146647 0.00253728 -0.00268286 0.00441281 -0.00220757 -0.0167322 0.00764113 -0.0438006 -0.00866968 -0.0124751 -0.00808892 0.0415135 -0.0662259
internal_weight=0 10785.1 6403.75 4381.36 1154.53 3226.84 5924.63 171.871 479.125 38.4276 133.443 124.71 15.4102 8.7333 23.0174
internal_count=43854 43163 25627 17536 4620 12916 23708 691 1919 155 536 501 62 35 93
is_linear=0
shrinkage=0.05


Tree=13
num_leaves=15
num_cat=0
split_feature=28 37 35 37 36 35 31 36 6 1 36 14 24 15
split_gain=15.0447 21.0035 18.7153 26.3007 15.5297 12.6315 10.5589 10.5776 10.0107 9.15419 9.12375 7.64122 4.90662 3.35457
threshold=0.00036315092482388627 0.56085388399127944 0.00018322849351958874 0.65948926264589647 0.23758214285714355 0.00013124514714179061 0.0011265505683707904 0.053474999999998225 0.02492857142856764 143.82398806325025 0.03124999999999762 6.6973853455332141e-06 3.4337604925058626e-05 2.6293217514239412e-05
decision_type=2 2 2 2 2 2 2 2 2 2 2 2 2 2
left_child=5 6 3 -3 -4 12 7 -2 11 -8 -10 -7 13 -1
right_child=1 2 4 -5 -6 8 9 -9 10 -11 -12 -13 -14 -15
leaf_value=0.087868831287171462 -0.0091907090904521996 0.037627739135259637 -0.00012196457052544904 -0.023633710749816166 0.030676289307697491 0.012681017573560589 0.076192454613185745 -0.076436414875986347 0.071833835725590739 -0.019785818837174132 -0.0039868539964490321 -0.064168835733417431 0.0037271249006601854 0.033122690578901812
leaf_weight=10.117362082004552 10.130592718720438 19.225019633769989 10656.13861978054 153.08181813359261 40.788440436124802 4.9957195222377795 2.7329926341772071 17.759583175182343 6.9038110524415952 13.201621592044829 7.4922610074281693 6.745875209569931 4.7015396803617469 7.1516320109367362
leaf_count=41 41 77 42647 613 165 20 11 72 28 53 30 27 19 29
internal_value=0 -0.000409305 -0.000267221 -0.0166001 -1.33372e-06 0.0275214 -0.0348404 -0.0532552 0.00289134 -0.000680613 0.0313969 -0.0298939 0.0552668 0.0675724
internal_weight=0 10913.1 10869.2 172.307 10696.9 48.1082 43.8248 27.8902 26.1377 15.9346 14.3961 11.7416 21.9705 17.269
internal_count=43873 43679 43502 690 42812 194 177 113 105 64 58 47 89 70
is_linear=0
shrinkage=0.05


Tree=14
num_leaves=16
num_cat=0
split_feature=31 1 3 3 36 1 5 8 28 1 36 3 36 0 26
split_gain=13.3858 11.8389 24.1581 25.6895 17.7181 13.0863 20.0742 13.0321 11.4681 13.0289 32.7788 21.9229 8.59645 8.0548 6.6727
threshold=0.00066957932737729997 143.95471718060335 144.23382500000005 144.15190000000004 0.045899999999999212 143.88967151418765 143.84029885833732 0.00015348654274917618 0.00036315092482388627 145.07029122529687 0.028699999999998133 149.60760000000002 0.022089285714282782 50.232544510551186 4.1787124184288021e-05
decision_type=2 2 2 2 2 2 2 2 2 2 2 2 2 2 2
left_child=8 5 3 -3 -4 7 -7 -2 12 10 -10 -11 14 -14 -1
right_child=1 2 4 -5 -6 6 -8 -9 9 11 -12 -13 13 -15 -16
leaf_value=0.060926974665482539 0.036127951959283366 -0.0044044057487120473 0.0097341964923314608 -0.046117747292911015 0.00012470923648918205 0.041155419944187227 -0.049414607602615492 0.0039185849973503223 -0.058417849189374565 0.0027173209077631473 -0.0053611027980650476 -0.0055858127662244987 -0.035456721141015932 0.024546172765121169 0.0071221299366539788
leaf_weight=16.227691382169727 32.276820242404938 117.18627013266087 537.26996217668056 54.729839220643044 4509.1188365966082 48.722376853227615 6.4953909218311301 1105.9901465177536 29.676348447799683 1970.6939035356045 1180.4783137589693 1330.7969139814377 9.4757149070501345 12.724297896027563 10.743916317820547
leaf_count=66 130 469 2152 219 18044 195 26 4429 119 7886 4725 5328 38 51 44
internal_value=0 0.0015531 0.000520229 -0.0178863 0.00115327 0.00604696 0.0298417 0.00486315 -0.00199011 -0.00225753 -0.00669701 -0.000622218 0.0219059 -8.52502e-05 0.0407251
internal_weight=0 6411.79 5218.3 171.916 5046.39 1193.48 55.2178 1138.27 4560.82 4511.65 1210.15 3301.49 49.1716 22.2 26.9716
internal_count=43921 25664 20884 688 20196 4780 221 4559 18257 18058 4844 13214 199 89 110
is_linear=0
shrinkage=0.05


Tree=15
num_leaves=16
num_cat=0
split_feature=28 37 30 35 36 28 0 4 3 6 24 36 4 4 23
split_gain=14.3812 20.8821 31.6386 17.5423 29.496 26.2313 14.588 14.3563 34.0792 21.4972 14.2088 14.0811 24.7583 21.2005 10.9074
threshold=0.0017889447707391721 1.243931938639651 0.16368698388420835 0.00060453015805960158 0.10861785714285706 0.0029992342442889675 70.446012834296553 144.00080747701074 143.73022500000005 0.10542857142856833 -0.00078377571383527096 0.051482142857144454 150.80157381377697 148.31487581004436 -0.013810693721922005
decision_type=2 2 2 2 2 2 2 2 2 2 2 2 2 2 2
left_child=1 11 14 4 5 -2 -4 9 -9 -5 -6 12 -1 -13 -3
right_child=3 2 6 7 10 -7 -8 8 -10 -11 -12 13 -14 -15 -16
leaf_value=0.0032834324419980412 0.0055076555483591092 0.032401567770379024 -0.0032417887409853306 -0.0055797998562570296 -0.038513559840387096 -0.0051900805692565851 -0.057552367313621414 -0.065315092596423249 -0.0027363964466335954 0.014162054899494167 0.036373830826423918 -0.0094745665222656095 -0.010505934988252488 -0.00040152225320961318 0.01061011634122357
leaf_weight=1487.8172037750483 2619.5042418986559 106.80696932971478 154.86982841789722 240.87191200256348 6.2483696192502967 730.93211114406586 13.296091660857199 21.738312423229218 2019.2261408567429 317.92714054882526 90.449394881725311 1432.5989349037409 416.24424746632576 1180.070693820715 135.19689172506332
leaf_count=5956 10485 429 620 964 25 2925 54 87 8081 1274 362 5734 1667 4724 542
internal_value=0 -0.00201789 0.00876449 0.00162107 0.00396165 0.00316612 -0.00777911 -0.00147289 -0.00342467 0.00560913 0.0311729 -0.0030031 0.00025465 -0.00538661 0.020359
internal_weight=0 4926.9 410.17 6046.9 3447.13 3350.44 168.166 2599.76 2040.96 558.799 96.6978 4516.73 1904.06 2612.67 242.004
internal_count=43929 19726 1645 24203 13797 13410 674 10406 8168 2238 387 18081 7623 10458 971
is_linear=0
shrinkage=0.05


Tree=16
num_leaves=16
num_cat=0
split_feature=11 4 4 6 37 7 1 0 28 26 30 6 3 37 15
split_gain=13.1742 13.4867 11.2952 14.0816 12.1456 12.7224 11.1632 10.3225 11.5544 10.8061 9.9126 14.1371 12.2349 9.79531 2.37984
threshold=0.023999999999986702 143.75104036843035 140.87113248888707 0.07950000000000608 0.56085388399127944 0.011999999999986246 143.82398806325025 19.580413418748595 0.0037694912294632204 -0.0010482138571987628 0.73315933897594299 0.11199999999999986 143.79505000000003 1.0343806087602272 -0.00010183714251182917
decision_type=2 2 2 2 2 2 2 2 2 2 2 2 2 2 2
left_child=2 7 3 14 6 -6 -4 9 -9 -2 11 -3 -12 -5 -1
right_child=1 10 4 13 5 -7 -8 8 -10 -11 12 -13 -14 -15 -16
leaf_value=0.0051255830915552681 0.042029424849943688 0.0052830591962390525 0.038904284134574099 -0.051381398449581499 0.014394386249365424 -0.0012504906948505494 -0.037573215285796914 0.007803897806561687 0.028109502888015832 -0.069824874983284879 -0.049682148397428863 -0.0039709481032657902 -0.0038611948344902097 0.029646848005917117 0.068698135132351276
leaf_weight=2.6753585338592574 2.4970762133598328 1587.8610236644745 4.9075401425361624 6.4862933903932554 131.63247409462929 7827.7708578854799 37.171403244137764 309.89939722418785 92.940610989928246 7.2378667742013914 14.988941386342047 554.29196928441525 386.21701246500015 7.7453261464834213 13.851652234792709
leaf_count=11 10 6355 20 26 528 31333 151 1241 373 29 60 2219 1546 31 57
internal_value=0 0.00289017 -0.00101374 0.0290506 -0.00113352 -0.000988082 -0.0278517 0.0112817 0.0125681 -0.0382435 0.00151793 0.00287665 -0.00567116 -0.00586106 0.0601677
internal_weight=0 2955.93 8032.24 30.7586 8001.48 7959.4 42.0789 412.575 402.84 9.73494 2543.36 2142.15 401.206 14.2316 16.527
internal_count=43990 11833 32157 125 32032 31861 171 1653 1614 39 10180 8574 1606 57 68
is_linear=0
shrinkage=0.05


Tree=17
num_leaves=15
num_cat=0
split_feature=17 37 3 28 2 8 32 28 8 8 32 3 27 11
split_gain=12.9835 16.0885 31.605 20.9396 15.9176 15.3017 18.6695 14.1854 13.1111 16.954 23.5783 15.921 12.6119 12.2198
threshold=-8.7092269322630575e-05 1.0030672425002589 149.60760000000002 0.0043641078732775179 149.50609086162791 0.00069108500348717585 0.00082297361861693097 0.0040079792592851446 8.7969792724046342e-05 0.00040139651795005924 0.0010209787886709535 156.00800000000004 -0.00036068610645346896 0.10749999999998751
decision_type=2 2 2 2 2 2 2 2 2 2 2 2 2 2
left_child=8 5 4 -4 -3 6 -2 -7 11 10 -10 12 -1 -11
right_child=1 2 3 -5 -6 7 -8 -9 9 13 -12 -13 -14 -15
leaf_value=0.038132945908221055 -0.0039995575493534516 -0.0015158358354216278 -0.01635184814988597 0.016051249324201558 0.053882130372987481 -0.01595577235892771 0.0043377266038949194 0.0054682125052975383 -0.00040691002435158945 0.0043898642338157379 -0.021370699781728494 0.082205518254049759 7.1256096299210248e-05 -0.031503018626851384
leaf_weight=32.847938120365143 972.8399101048708 1719.700792402029 631.08670134842396 53.122489288449287 12.747311785817145 244.37979881465435 2152.8758108317852 110.60422845184803 2003.7094389945269 2774.8158860057592 143.6869582682848 8.988462492823599 67.263215646147728 23.460183814167976
leaf_count=132 3897 6884 2527 213 51 978 8617 444 8023 11107 575 36 270 94
internal_value=0 -0.00155925 -0.00469436 -0.0137936 -0.00108453 0.0006105 0.00173472 -0.00921124 0.00189388 0.00150957 -0.00182407 0.0190349 0.0128854 0.00407667
internal_weight=0 5897.36 2416.66 684.209 1732.45 3480.7 3125.72 354.984 5054.77 4945.67 2147.4 109.1 100.111 2798.28
internal_count=43848 23611 9675 2740 6935 13936 12514 1422 20237 19799 8598 438 402 11201
is_linear=0
shrinkage=0.05


Tree=18
num_leaves=15
num_cat=0
split_feature=36 1 5 32 0 5 35 37 37 8 7 29 14 35
split_gain=11.744 39.5533 30.0866 12.6252 12.3899 13.5999 15.2216 12.5979 21.6827 15.4067 12.2745 10.7559 9.61314 3.95387
threshold=0.20630892857142732 147.78402622787004 144.83226984878664 0.0005938487187860654 45.761633091774321 142.44376574850895 0.0010789050155078012 0.74074063281953573 0.63068933186941478 0.00019655717521614184 0.016500000000007734 0.82520583118649959 -0.0004988427901553848 0.0011896770715812976
decision_type=2 2 2 2 2 2 2 2 2 2 2 2 2 2
left_child=4 2 11 -3 5 6 -1 8 -6 -9 -7 -2 -5 -4
right_child=1 3 13 12 7 10 -8 9 -10 -11 -12 -13 -14 -15
leaf_value=0.011298878616997739 0.013628660229633167 0.052664325010224847 0.002574099757156821 0.016691135424325022 -0.019837076999156194 0.01577359249748712 0.073714652703067859 -0.0097852423964627112 0.010922110370591308 -0.0010898355286054441 0.00099827478906399226 -0.064774537489963424 -0.070876761980439684 0.072204644806025037
leaf_weight=201.32142189145088 20.885264545679096 2.7450546622276333 2.9879272580146781 3.2455115318298402 65.947189778089523 145.68523518741131 10.188352957367895 563.5423609316349 405.95135734975338 5417.3204046338797 4054.8597283661366 5.1866473257541648 15.472112953662867 34.371809169650078
leaf_count=809 85 11 12 13 266 585 41 2257 1625 21683 16231 21 62 139
internal_value=0 0.0187445 0.0387603 -0.038981 0.000103859 0.00214786 0.0145236 -0.00128988 0.00656074 -0.00191378 0.00151776 -0.00158002 -0.0543547 0.0673645
internal_weight=0 84.8943 63.4316 21.4627 10864.8 4412.05 211.51 6452.76 471.899 5980.86 4200.54 26.0719 18.7176 37.3597
internal_count=43840 343 257 86 43497 17666 850 25831 1891 23940 16816 106 75 151
is_linear=0
shrinkage=0.05


Tree=19
num_leaves=13
num_cat=0
split_feature=4 35 24 7 29 19 38 35 24 15 6 29
split_gain=15.9486 11.6595 18.0514 18.25 10.6226 16.958 12.6181 10.0089 16.7353 13.2608 8.79883 6.36298
threshold=158.12940870618817 0.00018322849351958874 0.00017647571204674038 0.011999999999986246 0.44278676502513453 0.23115575820761539 1.0000000180025095e-35 0.00077397198413912678 -0.00085906323435320218 -0.00047465332634344376 0.07400000000000316 -0.094131926003979904
decision_type=2 2 2 2 2 2 2 2 2 2 2 2
left_child=1 2 3 -1 6 -6 -3 9 -9 11 -11 -2
right_child=7 4 -4 -5 5 -7 -8 8 -10 10 -12 -13
leaf_value=0.019289602650482129 -0.03338920467351985 0.0046098710204643305 -0.08323779210135264 -0.016625012693816148 -0.0035411051181156576 0.0018551000517600961 -0.00054070582652462418 0.029245316943351113 -0.083048712262523292 -0.021253669738190789 0.017867668981254969 0.042776435495921188
leaf_weight=45.10837984085083 2.7465418279171017 2530.4769720137119 8.1999885439872724 153.60675479471684 3079.2917712777853 2755.0318381488323 2228.2096788883209 3.9954021722078314 11.856076583266256 119.06673327088356 15.410946741700171 14.723776131868361
leaf_count=182 11 10131 33 617 12326 11028 8922 16 48 480 62 59
internal_value=0 0.000206249 -0.0115354 -0.00832998 0.000438281 -0.000988708 0.00219303 -0.0153138 -0.0531794 -0.0111024 -0.0165551 0.0290339
internal_weight=0 10799.9 206.915 198.715 10593 5834.32 4758.69 167.799 15.8515 151.948 134.478 17.4703
internal_count=43915 43239 832 799 42407 23354 19053 676 64 612 542 70
is_linear=0
shrinkage=0.05


Tree=20
num_leaves=15
num_cat=0
split_feature=36 1 5 1 6 1 31 7 4 14 5 28 4 0
split_gain=13.6225 27.5898 30.7592 17.7321 13.1744 22.4128 12.3283 21.5236 16.8666 12.0403 11.0196 5.49555 5.45374 3.6791
threshold=0.20630892857142732 147.78402622787004 144.83226984878664 145.22251966716917 0.20149999999999887 148.50870021662215 0.0010727800113399606 0.016500000000007734 140.87113248888707 -0.0004988427901553848 146.74243166349112 0.0047675747318846736 154.68090160984895 78.242647269260274
decision_type=2 2 2 2 2 2 2 2 2 2 2 2 2 2
left_child=4 2 3 -2 6 10 8 -8 -1 -3 -6 -11 -7 -4
right_child=1 9 13 -5 5 12 7 -9 -10 11 -12 -13 -14 -15
leaf_value=0.0344120476024233 0.016781647531034637 0.037871137447556436 0.071045734387503987 -0.081219353806992842 -0.013023457773502837 -0.093145740087515833 0.031160228366695755 0.0018204066632761615 -0.0013765961556660559 0 0.048729255025076537 -0.065726257260437779 -0.037192659965864808 0
leaf_weight=32.74163830280304 22.575319677591327 4.4970003962516811 33.638736754655838 5.4623013585805884 39.47067828476429 9.2474657148122805 63.294723153114319 4180.6721634864807 6521.1617549359798 3.4834415465593329 8.4970783293247205 12.432474061846731 13.720025330781935 2.4551999270915976
leaf_count=134 92 18 137 22 158 37 255 16736 26108 14 34 50 55 10
internal_value=0 0.0201365 0.0363923 -0.00208644 2.09109e-05 -0.0214083 0.000164593 0.00226604 -0.00119242 -0.0295151 -0.00133167 -0.050445 -0.0617062 0.0667402
internal_weight=0 84.5445 64.1316 28.0376 10868.8 70.9352 10797.9 4243.97 6553.9 20.4129 47.9678 15.9159 22.9675 36.0939
internal_count=43860 343 261 114 43517 284 43233 16991 26242 82 192 64 92 147
is_linear=0
shrinkage=0.05


Tree=21
num_leaves=16
num_cat=0
split_feature=28 37 0 35 5 36 38 36 11 1 5 6 23 23 0
split_gain=12.5705 20.2833 21.4488 15.6956 20.7953 20.9301 18.7066 14.8314 13.0216 12.6121 62.1407 23.6627 11.6505 8.92896 2.96843
threshold=0.0017889447707391721 1.3001712411513007 66.496561096581772 0.00033497104385841195 144.33373806932386 0.041250000000001626 1.0000000180025095e-35 0.23758214285714355 0.10149999999998728 145.67984627882325 145.78902050280382 0.086142857142855342 0.022055803613511674 -0.046688891687239213 70.446012834296553
decision_type=2 2 2 2 2 2 2 2 2 2 2 2 2 2 2
left_child=1 9 12 4 13 -6 8 -8 -5 11 -11 -1 -3 -2 -4
right_child=3 2 14 6 5 -7 7 -9 -10 10 -12 -13 -14 -15 -16
leaf_value=-0.0049948424497181371 0.0009991150606510769 0.010201744032310469 -0.016412293500168804 0.0053487345501321455 -0.014452167352782331 0.014442821622497562 -0.0013887851077528648 0.034034279175219971 -0.032563081546438381 0.049105554397092632 -0.0017398553693256517 -0.036069007150219039 0.040330473913230976 0.054457254618476086 -0.067336195448022204
leaf_weight=1376.5266143381596 11.166416108608244 228.91483202576637 7.2258940786123258 1982.0404330641031 83.324428990483284 243.51858605444431 3641.9177597612143 29.44698278605938 22.441297054290771 60.945696398615837 3147.1914800256491 64.193787008523941 38.196291297674179 36.352231919765472 7.9831475615501404
leaf_count=5513 45 920 29 7935 334 975 14579 121 90 246 12600 257 153 146 33
internal_value=0 -0.00172103 0.0112685 0.00167952 0.011598 0.0069935 0.00102035 -0.0010951 0.00490701 -0.00251593 -0.000761641 -0.00640398 0.014644 0.042503 -0.0455394
internal_weight=0 4931.18 282.32 6050.21 374.362 326.843 5675.85 3671.36 2004.48 4648.86 3208.14 1440.72 267.111 47.5186 15.209
internal_count=43976 19751 1135 24225 1500 1309 22725 14700 8025 18616 12846 5770 1073 191 62
is_linear=0
shrinkage=0.05


Tree=22
num_leaves=16
num_cat=0
split_feature=4 23 28 6 19 2 5 2 6 0 16 5 28 23 2
split_gain=15.1798 12.4011 11.0686 21.0623 17.6443 12.4943 52.4726 9.55745 9.22978 7.97793 8.25162 5.60537 9.16967 3.97369 3.47129
threshold=158.12940870618817 0.03930916997170187 0.0018759980582357914 0.06657142857142874 -0.54312365494641057 145.68085451008474 145.78902050280382 145.548636838487 0.16135714285714089 72.397468081108215 2.730599258349287e-05 157.93673369399366 0.0017988862126966066 0.034368929475846251 157.97949617560838
decision_type=2 2 2 2 2 2 2 2 2 2 2 2 2 2 2
left_child=2 9 5 4 -4 7 -7 -1 -5 10 -2 14 -13 -11 -3
right_child=1 11 3 8 -6 6 -8 -9 -10 13 -12 12 -14 -15 -16
leaf_value=-0.004572676647929568 -0.00088893442550271777 -0.021217701345191617 -0.0081096841314803603 -0.00073646811800868062 0.0093971651500548009 0.046620041854545873 -0.0007024953134937297 -0.029079914480401727 0.0076295784588421376 0.069405894618976657 -0.028242399828760381 -0.048874211589618521 0.026020121615256128 0 -0.07185806639198479
leaf_weight=1571.0436518937349 80.55789652466774 6.8798805475235012 162.83407877385616 3971.1592819094658 1145.1960311383009 59.278410375118256 3482.2309713810682 40.986798048019409 359.19009853899479 4.4955757260322562 43.293396458029747 8.792473763227461 6.7177448868751517 2.7455452978610992 14.707286342978476
leaf_count=6294 324 28 653 15891 4587 239 13942 164 1445 18 175 36 27 11 60
internal_value=0 -0.0150185 0.000104666 0.00163768 0.0071973 -0.00156772 8.64209e-05 -0.00521659 -3.62752e-05 -0.00751909 -0.0106971 -0.0405782 -0.0149767 0.0417854 -0.0573731
internal_weight=0 168.19 10791.9 5638.38 1308.03 5153.54 3541.51 1612.03 4330.35 131.092 123.851 37.0974 15.5102 7.24112 21.5872
internal_count=43894 679 43215 22576 5240 20639 14181 6458 17336 528 499 151 63 29 88
is_linear=0
shrinkage=0.05


Tree=23
num_leaves=16
num_cat=0
split_feature=36 35 24 1 1 7 5 1 3 8 36 28 5 1 1
split_gain=10.1324 33.1951 30.2044 26.5917 37.5624 36.8233 25.8886 25.466 21.4998 19.0678 18.4267 15.5008 11.5886 10.335 7.464
threshold=0.089180357142857117 0.0006538762029342863 -0.00085906323435320218 149.68584437942548 149.55379709959388 0.011999999999986246 152.17617101345874 150.13930200283832 149.60760000000002 0.00032334149740166895 0.051482142857144454 0.0024385025177270166 148.96292796328046 148.70049768257266 152.15023969419744
decision_type=2 2 2 2 2 2 2 2 2 2 2 2 2 2 2
left_child=3 2 13 4 10 14 -4 -7 -6 12 -1 -11 -3 -2 -5
right_child=1 9 6 5 8 7 -8 -9 -10 11 -12 -13 -14 -15 -16
leaf_value=0.0043560844741992906 -0.079757811929871164 -0.059572042608996338 0.0070067155430753106 0.016051155750036978 0.058035645679128257 -0.02037069785655091 0.027252191203938153 -0.0042510395287900194 0.011492401672292957 -0.01217234488708494 -0.0016463161467265936 0.0012260283501578074 0.0057278842848881998 -0.0028712682393473212 0.061095419168120516
leaf_weight=1921.6929486989975 11.741934552788736 21.987703785300258 725.84849500656128 19.133531540632248 42.229159027338028 279.09856060147285 203.9302039295435 2074.8174291998148 64.223459243774414 252.60130095481873 3814.8589621037245 1464.3886461853981 8.7465492039918882 7.9961115121841422 22.281327962875366
leaf_count=7698 47 88 2906 77 169 1117 817 8313 257 1011 15274 5869 35 32 90
internal_value=0 0.00262677 0.0101539 -0.000903701 0.000911495 -0.00534156 0.0114814 -0.00617528 0.0303012 -0.00144938 0.000360199 -0.000732347 -0.0403073 -0.0503671 0.0411495
internal_weight=0 2697.24 949.517 8238.34 5843 2395.33 929.779 2353.92 106.453 1747.72 5736.55 1716.99 30.7343 19.738 41.4149
internal_count=43800 10805 3802 32995 23398 9597 3723 9430 426 7003 22972 6880 123 79 167
is_linear=0
shrinkage=0.05


Tree=24
num_leaves=16
num_cat=0
split_feature=0 4 37 1 6 4 8 26 1 4 26 4 29 37 36
split_gain=11.9582 15.6716 13.932 19.2122 13.1437 12.1443 11.5625 11.6882 11.3199 10.4805 23.5925 10.7836 7.65564 6.60564 1.21723
threshold=45.761633091774321 142.62497716248353 0.89406620579960105 142.39579702611056 0.031178571428571094 158.43214912945572 0.00018803727293915847 -0.0001814788703054498 144.19797599320529 142.94981449943364 -0.00013773902621892138 143.8504269299535 0.64385984045746147 1.2606815326544281 0.05369642857142861
decision_type=2 2 2 2 2 2 2 2 2 2 2 2 2 2 2
left_child=1 2 3 -1 -4 6 8 -8 -2 10 -3 -11 13 -7 -14
right_child=5 9 4 -5 -6 12 7 -9 -10 11 -12 -13 14 -15 -16
leaf_value=-0.017614625946963842 -0.024867335438198076 -0.00026121932217793253 -0.042568567975229017 0.068862509036275721 0.032024323822484074 0.017700117731587726 -0.0071120848447719619 6.5991699951331297e-05 -0.0051265063075738998 0.010507068202128095 -0.04980556640466554 0.00096436607552024428 -0.032895876766115349 -0.068588954073880756 -0.076680164994875469
leaf_weight=42.055561050772667 85.53440959751606 98.688433364033699 5.7398217320442191 7.2315518856048575 100.35055162012577 8.352322995662691 634.64729578793049 5248.9770921170712 520.38580054044724 321.50871689617634 31.911216080188751 3850.7669328302145 6.3017542213201505 2.6448009312152854 7.8702970892190933
leaf_count=169 343 396 23 31 403 34 2541 21019 2086 1289 128 15420 26 11 33
internal_value=0 0.00183438 0.0174317 -0.00408243 0.027645 -0.00152581 -0.0013865 -0.000704358 -0.00796538 0.00126417 -0.0126445 0.00170641 -0.0360241 -0.00210971 -0.060024
internal_weight=0 4458.25 155.377 49.2871 106.09 6514.71 6489.54 5883.62 605.92 4302.88 130.6 4172.28 25.1692 10.9971 14.1721
internal_count=43952 17859 626 200 426 26093 25989 23560 2429 17233 524 16709 104 45 59
is_linear=0
shrinkage=0.05


Tree=25
num_leaves=14
num_cat=0
split_feature=4 28 35 5 36 35 35 23 31 0 22 36 17
split_gain=13.8586 11.1556 18.9825 18.3446 14.0312 9.74173 8.92249 13.4827 11.3673 8.29034 7.83964 7.68647 6.17608
threshold=158.12940870618817 0.00036315092482388627 0.00018322849351958874 147.42883631889353 0.050564285714285416 0.00013124514714179061 0.00077397198413912678 -0.14280229523703267 0.0016496606785067912 50.414353860697268 -10.888915261683517 0.060521428571427408 7.8790923985216934e-05
decision_type=2 2 2 2 2 2 2 2 2 2 2 2 2
left_child=1 5 3 -3 -4 12 8 -8 10 -7 -2 -10 -1
right_child=6 2 4 -5 -6 9 7 -9 11 -11 -12 -13 -14
leaf_value=0.063999987651191956 0.035160016634088673 -0.039470816943242143 0.0039072272048756868 -0.0045277351004719014 -0.00052855371000159286 -0.029734492541861474 0.020785945794526528 -0.077815793589392335 0.0018148836242826546 0.0285710357478298 -0.017301182896384937 0.084422800177709242 0
leaf_weight=16.314648762345318 6.9522850066423407 57.028851509094238 2269.2863725572824 114.985999584198 8287.7819671332836 10.475762799382212 4.2423217147588721 11.586540594696997 8.4845818579196912 13.545390471816061 133.81892456114292 4.4851824790239325 4.6841199845075598
leaf_count=68 28 229 9090 462 33185 42 17 48 34 55 542 18 19
internal_value=0 0.00025858 0.000151667 -0.0163062 0.000422652 0.0250166 -0.0141346 -0.0499443 -0.0101954 0.00206262 -0.0144638 0.033529 0.0497016
internal_weight=0 10774.1 10729.1 172.015 10557.1 45.0199 169.57 15.8289 153.741 24.0212 140.771 12.9698 20.9988
internal_count=43837 43150 42966 691 42275 184 687 65 622 97 570 52 87
is_linear=0
shrinkage=0.05


Tree=26
num_leaves=16
num_cat=0
split_feature=31 24 37 5 24 6 36 3 5 28 28 37 3 36 12
split_gain=9.00259 14.5917 14.4633 29.4817 18.7991 12.6505 23.6067 15.754 14.6499 13.5813 18.4235 10.9206 15.763 8.70731 7.31348
threshold=0.00046443316956375859 0.00014462357742711117 0.94342569198767856 150.7009651389391 2.7249394892604035e-05 0.028999999999999412 0.046799999999999904 144.11050000000003 147.00719048956697 0.00079255886613891944 0.0013927266478618082 1.4285224603747573 153.62337500000001 0.03253035714285616 0.0030000000000001141
decision_type=2 2 2 2 2 2 2 2 2 2 2 2 2 2 2
left_child=1 2 4 -4 -1 9 8 -8 -7 14 -11 13 -13 -3 -2
right_child=5 11 3 -5 -6 6 7 -9 -10 10 -12 12 -14 -15 -16
leaf_value=-0.00070003448583305899 0.041073785183853309 -0.031829649235233272 0.0014205076908734096 -0.022445088879221829 0.013713650897671157 0.0006807928204409612 0.0051586177487208404 -0.00089140039388476116 0.014106286593310195 -0.040285373359030929 0.018347505282164073 0.017999266326612983 -0.047305347542532378 -0.0058840637056858927 -0.010063895342060427
leaf_weight=525.53290343284607 12.708575040102007 33.280199393630028 568.86799374222755 166.61222825944424 392.82402986288071 330.83011388778687 1345.6131761968136 5354.5225170552731 543.71994230151176 59.255362749099731 16.437545105814934 85.638960719108582 9.9032449126243574 1481.0373367071152 13.702589705586432
leaf_count=2108 51 134 2278 669 1574 1327 5394 21439 2180 238 66 343 40 5931 55
internal_value=0 -0.00204067 0.00124549 -0.00395886 0.00544062 0.00109359 0.00133258 0.000320093 0.00905816 -0.0163443 -0.0272015 -0.00543173 0.0108425 -0.00647697 0.0137916
internal_weight=0 3263.7 1653.84 735.48 918.357 7676.79 7574.69 6700.14 874.55 102.104 75.6929 1609.86 95.5422 1514.32 26.4112
internal_count=43827 13077 6629 2947 3682 30750 30340 26833 3507 410 304 6448 383 6065 106
is_linear=0
shrinkage=0.05


Tree=27
num_leaves=12
num_cat=0
split_feature=28 36 37 5 8 24 1 32 15 7 36
split_gain=11.0892 12.3515 12.6537 13.0349 11.6879 7.4628 6.44729 5.55818 4.95267 6.04795 3.28919
threshold=0.00036315092482388627 0.022089285714282782 0.56085388399127944 144.98849874246201 6.0166878297608443e-05 -6.255957889657111e-05 148.29202645707767 0.00053094742080279477 5.4575471877371669e-05 0.022000000000005574 0.022089285714282782
decision_type=2 2 2 2 2 2 2 2 2 2 2
left_child=5 6 3 -3 -4 -1 -2 -8 10 -10 -7
right_child=1 2 4 -5 -6 8 7 -9 9 -11 -12
leaf_value=-0.057229338028010973 -0.069656928775246638 0.034396079763817276 0.019298972743491283 -0.03959219704460186 -7.4805366947276058e-05 0.058252909475619077 0.012823416521770242 -0.046141201886872076 -0.018014357441359152 0.043670299823708875 0.019701729518016905
leaf_weight=2.189320132136344 8.8851170688867587 6.5405455231666556 78.106614649295807 35.491134494543076 10764.778481453657 15.336053907871248 7.9460627585649473 6.7992346286773682 9.6536368876695615 6.1240051537752143 13.225766405463217
leaf_count=9 36 27 314 145 43115 64 32 28 39 26 53
internal_value=0 -0.000122425 -4.12376e-05 -0.0273261 6.29779e-05 0.0242606 -0.0360057 -0.0130821 0.0292019 0.00474136 0.041658
internal_weight=0 10908.5 10884.9 42.0317 10842.9 46.5288 23.6304 14.7453 44.3395 15.7776 28.5618
internal_count=43888 43697 43601 172 43429 191 96 60 182 65 117
is_linear=0
shrinkage=0.05


Tree=28
num_leaves=12
num_cat=0
split_feature=4 2 36 23 32 28 36 28 6 28 23
split_gain=10.6008 20.3717 25.3786 23.2426 14.6893 12.0798 17.9299 15.1533 6.60151 14.7864 11.809
threshold=157.86367253919698 157.62151727704668 0.040828571428573775 0.01382941666304305 0.0040680486737935838 0.0017889447707391721 0.051482142857144454 0.0027941049946262281 0.08232142857142781 0.0020209612770375105 0.0050941365073242659
decision_type=2 2 2 2 2 2 2 2 2 2 2
left_child=1 5 -3 -4 8 6 -1 -7 10 -10 -2
right_child=4 2 3 -5 -6 7 -8 -9 9 -11 -12
leaf_value=0.0017519822594610985 -0.021988747654511285 -0.070610271008003295 0.071441699035819234 -0.00024484553210776019 -0.08132621774236326 0.004093982673770191 -0.0044675816258596054 -0.00096808406621010546 0.066949840047837481 -0.0032712371140891194 0
leaf_weight=2054.5479975491762 120.18585620820522 4.9922164380550376 28.468001827597618 17.489828065037727 6.672042340040206 3063.82067912817 2645.2307245731354 2844.54092669487 8.7270507812499982 41.050608471035957 123.89610867202282
leaf_count=8237 483 20 114 70 28 12268 10593 11393 35 166 501
internal_value=0 0.000300068 0.0317501 0.0437954 -0.00921707 0.000145765 -0.00174339 0.00165273 -0.00741359 0.00886807 -0.0108431
internal_weight=0 10659.1 50.95 45.9578 300.532 10608.1 4699.78 5908.36 293.86 49.7777 244.082
internal_count=43908 42695 204 184 1213 42491 18830 23661 1185 201 984
is_linear=0
shrinkage=0.05


Tree=29
num_leaves=15
num_cat=0
split_feature=17 37 4 27 4 4 1 28 5 37 37 11 8 1
split_gain=10.7659 14.2119 14.1975 26.3444 22.7175 12.0454 20.8012 11.625 18.2323 18.278 14.9695 14.6472 11.1765 11.0938
threshold=-8.7092269322630575e-05 0.78765427127241849 149.82128515870605 0.0013057868803148904 148.99359146907014 141.93950776202965 142.34129540321291 0.0029467294061524883 147.22858964815279 1.7100580014805662 0.80295740035513208 0.027000000000001027 0.0019321316785147165 146.49451479811776
decision_type=2 2 2 2 2 2 2 2 2 2 2 2 2 2
left_child=7 5 4 -4 -3 -2 -7 11 10 -10 -9 13 -13 -1
right_child=1 2 3 -5 -6 6 -8 8 9 -11 -12 12 -14 -15
leaf_value=-0.002333841616029919 0.065925240533103766 -0.0022178230660198374 -0.009264521611658437 0.013448935575800331 0.011691941237059597 -0.06674164616861207 0.0046913680960642898 -0.020737600449860966 -0.0066886978678274631 -0.041616090773420211 0.0049916322911893749 0.010523891405624299 -0.067546270447619822 0.0038103836329252804
leaf_weight=1163.512143984437 7.6299409270286551 3325.7555670589209 1247.4869378805161 141.11214901506901 321.34376488626003 9.9824365824460966 819.01065319776535 61.347749024629593 532.88072347640991 40.447768852114677 652.3538538813591 620.89442408084869 4.2406031638383856 1977.2920654863119
leaf_count=4664 34 13320 5001 566 1286 40 3283 246 2133 162 2614 2487 17 7921
internal_value=0 -0.00162518 -0.00263091 -0.00693593 -0.000984527 0.0043973 0.00377722 0.00152223 -0.0025694 -0.00921685 0.00273722 0.0029273 0.00992218 0.00152629
internal_weight=0 5872.32 5035.7 1388.6 3647.1 836.623 828.993 5052.97 1287.03 573.328 713.702 3765.94 625.135 3140.8
internal_count=43774 23530 20173 5567 14606 3357 3323 20244 5155 2295 2860 15089 2504 12585
is_linear=0
shrinkage=0.05


Tree=30
num_leaves=15
num_cat=0
split_feature=4 35 23 37 36 5 28 23 36 36 28 6 23 23
split_gain=13.2384 10.4761 16.1748 16.5706 10.2295 27.6596 21.8165 8.25313 10.5621 7.55755 6.9263 8.30538 7.22467 0.942148
threshold=158.12940870618817 0.00018322849351958874 0.029198204396877262 0.65948926264589647 0.050564285714285416 150.4427936263327 0.0011859476951492176 0.03930916997170187 0.058148214285714428 0.048694642857142319 0.0014022380847982399 0.032357142857142064 0.0050941365073242659 0.079230109834583132
decision_type=2 2 2 2 2 2 2 2 2 2 2 2 2 2
left_child=1 2 3 -1 5 -3 -6 10 9 -9 11 -2 -12 -10
right_child=7 4 -4 -5 6 -7 -8 8 13 -11 12 -13 -14 -15
leaf_value=0.028023355204403751 0.014643191481862659 0.0059916036422772642 -0.082861305802563734 -0.014021917380097979 -0.008374639376496313 -0.0076502296410576199 0.00023525490908040127 -0.031294891573621204 -0.069985392144822037 0.03467916396455014 -0.0057860067543844193 -0.028195506625337558 0.032034359034543936 -0.035958650861986553
leaf_weight=26.508869335055351 13.312138989567755 1804.3355897367001 7.3562751710414878 172.61435167491436 815.19414681196213 466.28120911121368 7480.8675395995378 10.484405830502512 12.56708236038685 6.8291150629520407 49.351922005414963 53.126644983887672 16.415409922599792 8.7915696650743467
leaf_count=110 54 7230 30 695 3265 1869 29958 43 52 28 199 216 66 37
internal_value=0 -1.24385e-05 -0.0111603 -0.00826542 0.000203343 0.00317854 -0.000608036 -0.0140297 -0.0344526 -0.0037054 -0.00780255 -0.0192102 0.00337809 -0.0578258
internal_weight=0 10773.2 206.479 199.123 10566.7 2270.62 8296.06 170.878 38.6722 17.3135 132.206 66.4388 65.7673 21.3587
internal_count=43852 43157 835 805 42322 9099 33223 695 160 71 535 270 265 89
is_linear=0
shrinkage=0.05


Tree=31
num_leaves=15
num_cat=0
split_feature=4 36 6 4 31 28 36 6 6 23 28 0 18 1
split_gain=9.30444 21.3769 14.7096 10.1301 18.3514 9.92125 18.173 15.7094 9.30334 7.16077 6.9811 5.93119 5.47959 4.00947
threshold=140.87113248888707 0.084085714285716373 0.12150000000000057 141.04318987564031 0.00091820413345009867 0.0017889447707391721 0.051262499999998067 0.066857142857138299 0.055428571428575227 -0.04577345376033292 0.0015889767703515093 45.941372368820907 0.00040712089504563057 140.7065367287052
decision_type=2 2 2 2 2 2 2 2 2 2 2 2 2 2
left_child=1 9 10 4 12 6 -5 -7 -6 11 -3 -1 -2 -11
right_child=3 2 -4 5 8 7 -8 -9 -10 13 -12 -13 -14 -15
leaf_value=0.045714241909323536 -0.076400100378942085 0.020719291106677362 0.058846573919666814 0.0018620504036687545 -0.045077524267794024 0.0058069572882062572 -0.0042861837964767412 -6.0695050983597898e-05 0.020050137030083168 0.082403347932751503 -0.063388703837224655 -0.051209339396356683 0 0.03320610949897021
leaf_weight=2.9774953424930599 14.23000553250313 2.4808511734008816 3.9840217530727378 2125.5845559239388 7.2186243534088161 1529.1579014956951 2753.8500872552395 4455.5657047629356 19.674235969781876 12.298045083880426 10.973447293043135 2.7425175160169601 3.2440354973077765 10.603528335690497
leaf_count=12 57 10 16 8523 29 6130 11033 17844 79 50 44 11 13 47
internal_value=0 0.0224184 -0.0200071 -2.73112e-05 -0.0237915 6.80898e-05 -0.00160281 0.00143459 0.00134466 0.0490709 -0.0459487 0 -0.0632527 0.0614262
internal_weight=0 46.0599 17.4383 10908.5 44.3669 10864.2 4879.43 5984.72 26.8929 28.6216 13.4543 5.72001 17.474 22.9016
internal_count=43898 190 70 43708 178 43530 19556 23974 108 120 54 23 70 97
is_linear=0
shrinkage=0.05


Tree=32
num_leaves=16
num_cat=0
split_feature=36 36 3 4 1 1 7 1 6 3 4 23 3 1 37
split_gain=10.9684 35.2431 24.5821 25.6993 22.7547 29.3657 25.0157 21.5681 19.0948 17.3727 16.7312 13.1331 14.4465 12.4945 12.3285
threshold=0.089635714285716428 0.096876785714286665 153.62337500000001 155.72823460522793 149.68584437942548 149.55379709959388 0.011999999999986246 150.13930200283832 0.026285714285719009 149.60760000000002 144.00080747701074 -0.039766362680495597 145.76657500000002 152.29394170351097 1.7100580014805662
decision_type=2 2 2 2 2 2 2 2 2 2 2 2 2 2 2
left_child=4 11 10 -4 5 8 13 -8 -1 -7 -3 14 -13 -6 -2
right_child=1 2 3 -5 6 9 7 -9 -10 -11 -12 12 -14 -15 -16
leaf_value=-0.019842414167503711 0.026461637608716965 0.006471398521178404 0.029544966867282876 0 0.0043613555955099095 0.052421979565248404 -0.018529853194747769 -0.0038088211210556598 0.00076944896586071633 0.010316857602913001 -0.0051568518039568911 -0.0024387557563024381 0.016282768675586791 0.062679199035744246 -0.060303628493144829
leaf_weight=114.29550403356552 183.82681974768639 398.22068051993847 131.09707193076611 167.02695606648922 19.050591632723808 40.910957202315331 283.72915807366371 2096.3407794237137 5656.8813559710979 65.703835055232048 1363.9132581800222 174.54974186420441 243.93696166574955 19.527687817811966 3.7418967485427848
leaf_count=461 736 1598 525 671 77 164 1136 8407 22660 263 5464 699 977 80 15
internal_value=0 0.0028512 -0.000255249 0.013002 -0.000834809 0.000841323 -0.00491808 -0.00557634 0.000355899 0.0268093 -0.00251417 0.0134475 0.00841822 0.0347798 0.0245041
internal_weight=0 2666.31 2060.26 298.124 8296.44 5877.79 2418.65 2380.07 5771.18 106.615 1762.13 606.055 418.487 38.5783 187.569
internal_count=43933 10685 8258 1196 33248 23548 9700 9543 23121 427 7062 2427 1676 157 751
is_linear=0
shrinkage=0.05


Tree=33
num_leaves=16
num_cat=0
split_feature=36 35 24 28 36 15 3 36 3 23 1 19 2 1 1
split_gain=9.79503 39.0668 27.1487 24.1527 22.2184 20.7254 16.5042 16.3041 15.6638 16.8763 10.8922 8.91155 10.4048 8.47123 7.08701
threshold=0.089635714285716428 0.00065774023339087507 -0.00085906323435320218 0.0024385025177270166 0.096876785714286665 0.0013974294430545433 148.11432500000004 0.084528571428570856 140.71552500000004 -0.04577345376033292 149.68584437942548 0.29896836911506264 150.40562690944157 154.76061967062697 150.57625633756501
decision_type=2 2 2 2 2 2 2 2 2 2 2 2 2 2 2
left_child=7 2 14 6 -5 -4 -3 8 9 -1 -10 12 -9 -13 -2
right_child=1 3 5 4 -6 -7 -8 11 10 -11 -12 13 -14 -15 -16
leaf_value=-0.014896045569617898 -0.059383591002150488 -0.02370425754018235 0.012924974175497265 0.0195074190772405 -0.0013179081418299317 -0.063798404190902117 0.0069124635750103351 -0.0074696446570457157 0.0009275542339109707 0.065919168173166884 -0.0032132092081880214 -0.00064958064737862008 -0.025277682038254021 0.046257559160771455 0.014524481321096759
leaf_weight=9.2013284415006655 16.723437383770946 183.56974042952061 922.65046438574791 141.31670738756657 1330.7892967760563 8.4890798181295377 56.209783717989922 307.92641912400723 5527.9163127690554 17.843668773770332 2226.5368222892284 83.693702533841133 115.39111161231995 10.442935571074484 3.2496832758188239
leaf_count=37 67 735 3696 566 5336 34 225 1233 22147 77 8928 335 462 42 13
internal_value=0 0.0027877 0.0109143 -0.00171392 0.000667834 0.0121783 -0.0164232 -0.000696744 -0.000121834 0.037648 -0.000258238 -0.00928889 -0.0123974 0.0044197 -0.0460884
internal_weight=0 2663 951.113 1711.89 1472.11 931.14 239.78 8298.95 7781.5 27.045 7754.45 517.454 423.318 94.1366 19.9731
internal_count=43933 10672 3810 6862 5902 3730 960 33261 31189 114 31075 2072 1695 377 80
is_linear=0
shrinkage=0.05


Tree=34
num_leaves=14
num_cat=0
split_feature=36 3 28 35 1 28 36 35 23 15 23 30 7
split_gain=11.2214 31.9812 7.98766 11.83 11.4317 11.0749 16.2332 14.1962 9.47176 7.25287 10.3707 5.44607 1.18451
threshold=0.23758214285714355 147.74157500000004 0.0017889447707391721 0.00071337797593207513 147.02955566167336 0.0028361809903757018 0.071048214285713646 0.00066186684207563404 0.042960479557834226 0.00051506638197529331 0.066630639752617085 -0.30876816277032887 0.25799999999999562
decision_type=2 2 2 2 2 2 2 2 2 2 2 2 2
left_child=2 9 3 8 -5 7 -7 -4 -1 12 -11 -3 -2
right_child=1 11 5 4 -6 6 -8 -9 -10 10 -12 -13 -14
leaf_value=-0.00052621658940531159 0.081252764814451067 0 0.0046857829998563794 -0.060375737325943528 -0.006208587736760255 -0.0089635526060594366 0.00083776465909149119 -0.0046588519563279971 -0.0089227984150784517 -0.036250253596116951 0.049109965589953605 -0.078585941685043223 0.026994502748445337
leaf_weight=4517.9581695199013 13.492327481508257 2.4704643040895462 2762.724457487464 16.19667637348175 26.947296038269997 519.12205901741982 2247.7531840652227 473.67181788384914 363.49965596199036 4.6031946390867224 11.042038410902022 6.4373927861452085 3.1353923827409735
leaf_count=18114 56 10 11069 65 108 2079 9004 1896 1459 19 46 26 13
internal_value=0 0.0261559 9.62998e-05 -0.0013937 -0.0273954 0.00132275 -0.0009929 0.00331009 -0.0011571 0.0496629 0.0222176 -0.0551376 0.0731582
internal_weight=0 41.1808 10927.9 4924.6 43.144 6003.27 2766.88 3236.4 4881.46 32.273 15.6452 8.90786 16.6277
internal_count=43964 170 43794 19746 173 24048 11083 12965 19573 134 65 36 69
is_linear=0
shrinkage=0.05


Tree=35
num_leaves=16
num_cat=0
split_feature=3 4 28 27 31 23 28 24 24 1 35 35 37 3 36
split_gain=8.71735 28.1638 25.9681 24.7063 34.7675 27.6923 24.1711 23.3858 38.8845 23.008 19.7724 25.2022 19.6404 16.837 13.7687
threshold=146.58855000000003 147.43516385639381 0.0010787723669585451 -0.00014497935649542072 0.0012630862930179908 0.04458264384921052 0.00067979986868979363 -3.7157584245202229e-05 -0.00022465677254844421 144.15461287354336 0.0011117989153256525 0.00051339243961618828 1.0200872893415152 146.43297500000003 0.035103571428572268
decision_type=2 2 2 2 2 2 2 2 2 2 2 2 2 2 2
left_child=2 3 6 4 -2 -5 9 8 -3 -1 11 -4 -9 -12 -8
right_child=1 7 10 5 -6 -7 14 12 -10 -11 13 -13 -14 -15 -16
leaf_value=-0.011143012631937461 -0.022959657473514295 -0.0018978794466057568 0.0032490012521303232 0.028251840334268932 0.014139797213103565 -0.00076576330772453935 -0.038431501342234935 0.00037834066278119192 0.010342876523627899 0.028157030375326741 0.01794649865778768 -0.0051957630277320371 -0.0074661805049238365 -0.056380569234899106 -0.013427660007055062
leaf_weight=84.620273545384407 104.59039860963821 1407.750830411911 1758.4549372792244 264.26954539120197 158.26189707219601 116.86869467794895 66.238405615091324 2106.6731878221035 1198.6878296881914 65.447203129529953 196.49137249588966 1772.2236459702253 1278.6382676512003 7.4919510930776587 377.55783712863922
leaf_count=340 419 5638 7050 1058 634 468 266 8442 4804 267 794 7098 5128 30 1513
internal_value=0 0.00123126 -0.00165263 0.0111652 -0.000536627 0.019295 -0.0113621 0.000158884 0.00372253 0.00585219 -0.00010121 -0.000982848 -0.00257756 0.0150154 -0.0172393
internal_weight=0 6635.74 4328.53 643.991 262.852 381.138 593.864 5991.75 2606.44 150.067 3734.66 3530.68 3385.31 203.983 443.796
internal_count=43949 26591 17358 2579 1053 1526 2386 24012 10442 607 14972 14148 13570 824 1779
is_linear=0
shrinkage=0.05


Tree=36
num_leaves=16
num_cat=0
split_feature=11 36 23 28 11 27 37 28 6 23 36 31 7 37 4
split_gain=10.3967 13.0298 13.4392 12.013 10.3759 10.3235 9.84935 9.39378 20.2519 17.7062 13.8452 18.6715 10.6319 8.89923 7.91832
threshold=0.023999999999986702 0.041642857142858251 0.093999050688154298 0.0021138426571575509 0.093000000000003538 0.002657016580115397 1.7774673540658397 0.00065623591309086889 0.035714285714288765 -0.031871613392979718 0.031987499999997136 0.001093933757246441 0.01299999999999102 0.56085388399127944 158.06489151145624
decision_type=2 2 2 2 2 2 2 2 2 2 2 2 2 2 2
left_child=7 3 4 14 -3 -4 -5 8 12 -10 11 -9 -1 -12 -2
right_child=1 2 5 6 -6 -7 -8 10 9 -11 13 -13 -14 -15 -16
leaf_value=0.023277281031721928 0.027931301925057661 0.0014438277959486628 0.017779262682040328 -0.047889663995765407 -0.016996017523653737 -0.0090854505735719245 0.043584949093923013 -0.020133692606901912 -0.082148661459104613 0.030165016417442798 -0.024701322632873599 0.021897965695196302 -0.0057336919489697716 -0.00069603197254098801 -0.030827053516171068
leaf_weight=37.581130340695381 101.0402242988348 2495.9650863111019 204.3875053524971 10.699996039271353 78.255947560071945 41.804216668009758 3.4934111386537543 178.12172044813633 3.2457132041454306 97.56298716366291 38.582496732473373 30.217861175537109 187.86024272441864 7420.8431001752615 5.4362784475088111
leaf_count=153 406 10001 821 43 314 169 14 717 13 391 159 122 757 29733 22
internal_value=0 0.00264943 0.00195011 0.0187425 0.000871633 0.0131106 -0.023214 -0.000826979 0.00746801 0.0260686 -0.00118346 -0.0138948 -0.000762302 -0.000824535 0.024619
internal_weight=0 2941.08 2820.41 120.67 2574.22 246.192 14.1934 7994.02 326.25 100.809 7667.77 208.34 225.441 7459.43 106.477
internal_count=43835 11790 11305 485 10315 990 57 32045 1314 404 30731 839 910 29892 428
is_linear=0
shrinkage=0.05


Tree=37
num_leaves=16
num_cat=0
split_feature=11 11 31 15 5 2 37 35 14 37 1 4 28 0 12
split_gain=9.67799 10.964 11.0524 12.3123 11.5534 9.58545 13.1295 12.9091 8.63776 9.68356 9.11959 24.0366 22.0171 8.84143 6.69974
threshold=0.026499999999998639 0.047000000000011262 0.00048503982485629751 0.00016850676086643815 142.44376574850895 147.43713568194781 1.6057678742814805 0.0011896770715812976 -0.0005833312591400629 1.4010505347553479 146.49451479811776 147.77341381438325 0.0010887539369341238 20.311145483079432 0.014499999999998183
decision_type=2 2 2 2 2 2 2 2 2 2 2 2 2 2 2
left_child=8 2 3 -2 -4 6 -3 -7 9 13 12 -12 -10 -1 -11
right_child=1 5 4 -5 -6 7 -8 -9 10 14 11 -13 -14 -15 -16
leaf_value=0.036178530518172623 -0.015893547814320046 0.00047980294666053808 0.026925013240062086 0.0031342472861560899 0.0061926945357414411 -0.0053498786337454057 0.036565097789248928 -0.040601374532371511 -0.012663466828769388 -0.03204401506515759 0.0066703205013304567 -0.0016970183347089181 -0.0013714321554988331 0.0069684939144706156 0.00019045266205410915
leaf_weight=28.461434975266457 114.27624617516994 408.56673654913902 71.954497084021568 325.58689652383327 1182.9272683560848 318.43555974960327 26.685259640216827 28.390397116541862 525.03724390268326 24.183495357632637 1096.1455647051334 3949.5436502546072 2463.7770826667547 333.9482309371233 42.782476931810379
leaf_count=114 458 1641 290 1305 4740 1276 107 114 2107 97 4394 15831 9875 1338 172
internal_value=0 0.00274957 0.00501356 -0.00175983 0.00740755 -0.00212451 0.00277325 -0.0083401 -0.000803718 0.00609392 -0.00117566 0.00011607 -0.00336451 0.00935942 -0.0111698
internal_weight=0 2476.82 1694.74 439.863 1254.88 782.078 435.252 346.826 8463.88 429.376 8034.5 5045.69 2988.81 362.41 66.966
internal_count=43859 9931 6793 1763 5030 3138 1748 1390 33928 1721 32207 20225 11982 1452 269
is_linear=0
shrinkage=0.05


Tree=38
num_leaves=15
num_cat=0
split_feature=36 1 5 1 32 12 28 28 23 3 36 14 22 16
split_gain=9.88188 21.3454 28.9198 15.8451 12.8886 9.46924 11.8513 16.7186 10.8532 8.68725 14.0402 6.30281 4.4181 1.98
threshold=0.20630892857142732 147.78402622787004 144.83226984878664 145.26107867974108 0.0005938487187860654 0.035000000000010807 0.0018759980582357914 0.0028361809903757018 0.042960479557834226 143.26497500000002 0.11666607142857124 -0.0004988427901553848 -17.600923951296895 0.0019879129797097943
decision_type=2 2 2 2 2 2 2 2 2 2 2 2 2 2
left_child=5 2 3 -2 -3 6 8 -8 -1 10 -7 -6 -11 -4
right_child=1 4 13 -5 11 9 7 -9 -10 12 -12 -13 -14 -15
leaf_value=-0.00063371821617068023 0.0088028648763142561 0.066664943663358775 0.068311131819854501 -0.093145517511928344 0.01379267272290277 -0.0011265623450672541 0.004998304883466957 -0.0011193414385852433 -0.0094137349688203607 -0.034122232282849677 0.032277126355521824 -0.056497371711594052 -0.0050087660984074502 0.03312553174942591
leaf_weight=4527.6000039428473 22.277902647852901 2.7460694015026119 27.180742174386978 4.2335155159234992 3.24076628684998 134.15061880648136 2464.8045723289251 2031.6982350498438 382.35183615982533 13.193922489881514 40.286350980401039 14.775620549917218 1297.3661848008633 9.5759076178073865
leaf_count=18158 92 11 113 17 13 538 9877 8137 1535 53 162 60 5197 40
internal_value=0 0.0169693 0.0315545 -0.00740455 -0.0261048 -0.000211294 0.0003721 0.00222866 -0.00132307 -0.00392286 0.00648714 -0.04247 -0.00532868 0.0601615
internal_weight=0 84.0305 63.2681 26.5114 20.7625 10891.5 9406.45 4496.5 4909.95 1485 174.437 18.0164 1310.56 36.7566
internal_count=44003 346 262 109 84 43657 37707 18014 19693 5950 700 73 5250 153
is_linear=0
shrinkage=0.05


Tree=39
num_leaves=16
num_cat=0
split_feature=11 36 28 6 11 35 28 36 5 1 1 22 28 2 31
split_gain=7.14802 15.0031 9.99351 16.4053 10.3688 9.28009 17.5164 13.7017 10.9751 34.7841 10.5589 9.2765 9.03699 8.55174 6.23107
threshold=0.027000000000001027 0.046485714285712333 0.0012570733347193207 0.081142857142855837 0.047000000000011262 0.00060103966145131163 0.0019235523850800848 0.10861785714285706 154.58019919805599 155.55353877021668 145.67984627882325 5.808427600398514 0.0011555203159181572 157.80314511368513 0.00040653234027768849
decision_type=2 2 2 2 2 2 2 2 2 2 2 2 2 2 2
left_child=5 11 3 -3 -4 6 10 -8 12 -10 -1 13 -7 -2 -13
right_child=1 2 4 -5 -6 8 7 -9 9 -11 -12 14 -14 -15 -16
leaf_value=-0.0052694473943639018 0.014099364470085425 -0.0057293231166439364 0.0050598653072184609 -0.067886530263728512 -0.0023878021129390965 0.084205268890889751 0.0031144210765677921 0.026063483032511593 0.039889956585200573 -0.0093496804129387465 1.9499062455966059e-05 0.020709479989086441 -0.0054626710610603509 -0.063947387675518094 0.075070399270860996
leaf_weight=1334.0452461242676 131.15312522649765 159.7167983353138 1349.961941331625 11.227125108242033 709.2434846162796 2.4833828955888739 2288.2286060899496 67.031416162848473 56.432889699935913 95.952451348304749 3191.2500029504299 14.157111853361132 1456.5111501663923 3.2097486704587928 10.667021095752714
leaf_count=5351 527 640 5411 45 2847 10 9169 269 226 385 12800 57 5835 13 43
internal_value=0 0.00257999 0.00150802 -0.0100694 0.00248258 -0.000514854 0.000281695 0.00378141 -0.00393103 0.00876406 -0.00153439 0.01741 -0.00527563 0.011911 0.0456811
internal_weight=0 2389.34 2230.15 170.944 2059.21 8491.94 6880.56 2355.26 1611.38 152.385 4525.3 159.187 1458.99 134.363 24.8241
internal_count=43628 9583 8943 685 8258 34045 27589 9438 6456 611 18151 640 5845 540 100
is_linear=0
shrinkage=0.05


Tree=40
num_leaves=16
num_cat=0
split_feature=0 4 30 4 26 14 2 27 31 8 8 23 2 4 6
split_gain=12.6695 14.7383 13.3217 22.8291 11.5629 13.3489 11.1547 22.3948 13.8962 10.174 9.37214 18.2911 8.44722 8.4342 8.20737
threshold=45.761633091774321 142.62497716248353 -0.092923652034554258 143.20849149261704 -0.0001814788703054498 -0.0002500885736276825 141.76616280503669 -0.00097197051295297551 0.0031721329695117264 8.7969792724046342e-05 0.00020002621067356796 0.023737967828537879 149.68391308865679 147.21578648930546 0.16607142857142779
decision_type=2 2 2 2 2 2 2 2 2 2 2 2 2 2 2
left_child=1 6 9 -4 5 13 7 -1 -8 -3 11 -6 -12 -2 -7
right_child=4 2 3 -5 10 14 8 -9 -10 -11 12 -13 -14 -15 -16
leaf_value=-0.045905466500850756 -0.0090215337058924833 0.01953221932715675 -0.064835953069374605 -0.0047420464862313943 0 -0.015687183275744136 0.019782211383544249 0.021780480630359113 0.076267034063715711 0.0021514420490260167 0.0014772109124035898 -0.017290171040147993 -0.0030793398053425825 0.0074897714156581426 0.028603813091551168
leaf_weight=17.900463864207268 141.1559185385704 86.206434950232506 16.449751123785973 319.71212892234325 447.02904596924782 333.41994953155518 84.197947576642036 36.869592159986496 12.867354750633238 3884.7608299404383 3768.6188673228025 234.51436769962311 1391.6999994218349 170.34615112841129 10.142941355705259
leaf_count=72 566 349 66 1282 1795 1336 342 149 52 15570 15103 942 5582 683 41
internal_value=0 0.00226932 0.00172252 -0.00781217 -0.00119099 -0.0074912 0.0175821 -1.68731e-05 0.0277387 0.00253651 -0.0004799 -0.00599067 0.000243391 0 -0.0142831
internal_weight=0 4458.96 4307.13 336.162 6496.93 655.065 151.835 54.7701 97.0653 3970.97 5841.86 681.543 5160.32 311.502 343.563
internal_count=43930 17882 17267 1348 26048 2626 615 221 394 15919 23422 2737 20685 1249 1377
is_linear=0
shrinkage=0.05


Tree=41
num_leaves=14
num_cat=0
split_feature=24 4 36 15 5 28 28 12 23 37 36 19 4
split_gain=10.2903 12.2272 13.58 16.7878 16.4464 8.39677 13.0243 8.16584 7.95101 6.60279 5.64528 5.27447 0.542707
threshold=0.00076227244288192247 157.78255350578743 0.071048214285713646 0.00038125955150025709 142.61458795829023 0.010996306553754697 0.009154222750355984 0.035000000000010807 0.13304809775787876 1.481504937487143 0.19145535714285739 -0.54312365494641057 148.99359146907014
decision_type=2 2 2 2 2 2 2 2 2 2 2 2 2
left_child=5 2 3 -2 -4 6 7 -1 -3 -8 11 -7 -12
right_child=1 8 4 -5 -6 10 9 -9 -10 -11 12 -13 -14
leaf_value=0.0001559651223672593 -0.05949101594794335 0.011666912786302389 -0.021321189133875589 0.01288863119790158 0.016019196883690068 -0.026162538291446776 0.018659550541203856 -0.003944441414102876 -0.072010196065843524 0.081985171569909338 -0.077583387297268339 0.037216243785477499 -0.024194728430116687
leaf_weight=9113.6877200007439 14.989897534251215 3.6391789317131025 31.772878184914589 15.740072458982466 310.63685239851475 13.953349307179455 17.797753483057026 1398.9760988801718 7.4364026039838791 5.9698006808757773 5.1904860436916342 3.7414520829916009 2.7121815085411072
leaf_count=36542 60 15 128 63 1248 56 72 5609 31 24 21 15 11
internal_value=0 0.00795315 0.00955777 -0.0218459 0.0124657 -0.000373262 -0.000300964 -0.000387417 -0.0427356 0.0364277 -0.0288192 -0.0109752 -0.0638633
internal_weight=0 384.215 373.14 30.73 342.41 10562 10536.4 10512.7 11.0756 23.7676 25.5975 17.6948 7.90267
internal_count=43895 1545 1499 123 1376 42350 42247 42151 46 96 103 71 32
is_linear=0
shrinkage=0.05


Tree=42
num_leaves=16
num_cat=0
split_feature=11 36 14 36 5 37 36 23 2 23 11 36 16 4 1
split_gain=8.77624 11.0788 10.0348 11.294 12.6598 11.0141 10.5706 8.71504 9.13144 8.34363 7.8828 14.1429 7.75758 6.49901 4.92221
threshold=0.027000000000001027 0.04744285714285966 -0.0005833312591400629 0.14441964285714595 148.37787024951476 1.3875781641044516 0.052974999999999238 -0.051515672658936744 157.80314511368513 0.12570070684074611 0.047000000000011262 0.089180357142857117 -0.0022405317124762898 145.07724990204602 148.18016122208221
decision_type=2 2 2 2 2 2 2 2 2 2 2 2 2 2 2
left_child=2 7 5 9 -5 12 -7 14 -9 -4 11 -3 -1 -12 -2
right_child=1 10 3 4 -6 6 -8 8 -10 -11 13 -13 -14 -15 -16
leaf_value=0.033900024533318147 -0.044331768250344045 -0.00045290726812868045 -0.0014072007239345015 -0.021396157765272303 0.0076084827658573816 0.018348335288838235 -0.024026118249653707 0.019267984436892191 -0.053999662072978905 0.011261240855600681 0.0042174919511984293 0.0095049582758211515 0.0075518253601609192 -0.0059229528380074087 0.018732858352517045
leaf_weight=31.147170901298523 9.1795798838138563 899.71024096012115 7786.3278991878033 138.58125793933868 49.908746853470802 19.894003555178642 50.053010031580925 164.830356746912 3.9123303443193427 131.49566870927811 223.83311715722084 585.55286614596844 327.10439477860928 519.8996324390173 3.7305581718683234
leaf_count=125 37 3605 31218 558 200 80 201 663 16 527 899 2349 1311 2087 15
internal_value=0 0.00232671 -0.00108829 -0.00148492 -0.0135839 0.00635778 -0.0115914 0.0142044 0.0173286 -0.00119323 0.00134574 0.0034572 0.00993877 -0.00283702 -0.0242043
internal_weight=0 2410.65 8534.51 8106.31 188.49 428.199 69.947 181.653 168.743 7917.82 2229 1485.26 358.252 743.733 12.9101
internal_count=43891 9671 34220 32503 758 1717 281 731 679 31745 8940 5954 1436 2986 52
is_linear=0
shrinkage=0.05


Tree=43
num_leaves=15
num_cat=0
split_feature=36 1 5 6 1 36 35 14 5 17 37 35 35 16
split_gain=8.55851 19.5308 25.6987 10.1675 17.4474 10.8835 11.9972 9.55268 9.55211 9.51667 9.13827 6.869 3.49891 2.40903
threshold=0.20630892857142732 147.78402622787004 144.83226984878664 0.20149999999999887 148.70049768257266 0.19145535714285739 0.0013584911259425685 -0.0005282162975723258 145.60856276282206 0.0013311062901717465 1.4285224603747573 0.0014958636334048887 0.0011896770715812976 -1.3921566116348315e-05
decision_type=2 2 2 2 2 2 2 2 2 2 2 2 2 2
left_child=3 2 9 5 10 6 -1 -3 -7 -2 -5 -6 -4 -9
right_child=1 7 12 4 11 8 -8 13 -10 -11 -12 -13 -14 -15
leaf_value=0.00025809690238109625 0.024936095726768082 0.034041899332666749 0 -0.019979830472372683 -0.025588801367067007 0.0023616958887925014 0.056557749516847701 -0.026929288644519656 -0.052590411939337625 -0.033077017347483771 0.023747596815795025 -0.08473399878375526 0.063338524418534922 -0.077401696700663589
leaf_weight=10732.541167706251 12.809452936053278 4.4828130453825024 2.9656614512205115 27.72271765768528 12.830645874142649 12.434208005666735 9.1757641136646253 11.007559314370155 17.966312989592552 14.670549541711805 20.439880877733231 10.443839460611342 31.969188883900642 4.6430920213460896
leaf_count=43029 53 18 12 111 52 50 37 45 72 60 82 42 135 19
internal_value=0 0.0162314 0.0302008 9.56071e-05 -0.0186617 0.000222836 0.000310095 -0.0256585 -0.0294965 -0.00515776 -0.000874217 -0.0539297 0.0585307 -0.0446445
internal_weight=0 82.5483 62.4149 10843.6 71.4371 10772.1 10741.7 20.1335 30.4005 27.48 48.1626 23.2745 34.9349 15.6507
internal_count=43817 342 260 43475 287 43188 43066 82 122 113 193 94 147 64
is_linear=0
shrinkage=0.05


Tree=44
num_leaves=16
num_cat=0
split_feature=31 7 24 2 37 8 7 37 4 4 36 17 24 24 37
split_gain=8.72931 21.3622 12.9242 16.1247 12.2327 15.6846 16.8116 12.5281 11.7145 10.9101 10.5946 8.31796 14.4144 10.4886 6.77031
threshold=0.0010834849339036244 0.019499999999993637 -0.00026374142452261553 145.41711390666237 1.0054654831629164 0.00061790020749363567 0.081500000000005471 1.7100580014805662 147.75628853625176 148.26335402207215 0.05790535714286079 -0.0010733405838075358 -0.00051425653731317306 -0.00058623055354961433 0.88066687497260299
decision_type=2 2 2 2 2 2 2 2 2 2 2 2 2 2 2
left_child=4 2 3 -2 5 6 -1 8 -6 -7 -9 13 -13 -3 -4
right_child=1 11 14 -5 7 9 -8 10 -10 -11 -12 12 -14 -15 -16
leaf_value=0.00079169859385126186 0.052042036929495827 0.0040324892881921795 0.021946915500578156 -0.035222309664151574 -0.00099750263192466943 -0.015259378966913296 0.016378959456824618 0.00026996030765689299 -0.0079634747631455484 0.0023185036347052237 0.041942257637478352 -0.0069781023988736372 0.0045193141189639654 -0.0042192662088146064 0.058909558305030585
leaf_weight=3554.0706736892462 7.8307218402624157 582.65696609020233 29.317268222570419 14.663385003805159 1229.8733562529087 248.84537859261036 181.89170096814632 38.547441929578781 1202.7758662998676 133.10336419939995 26.352587178349495 308.66332851350307 2235.3202116638422 1125.4846611768007 26.992676913738251
leaf_count=14253 32 2336 119 59 4929 999 729 155 4825 533 106 1238 8966 4512 110
internal_value=0 0.00178406 0.0275448 -0.00346167 -0.00110325 0.000565924 0.00155854 -0.00386509 -0.00445252 -0.00907134 0.0176895 0.00129885 0.00311384 -0.0013897 0.0403252
internal_weight=0 4330.93 78.8041 22.4941 6615.46 4117.91 3735.96 2497.55 2432.65 381.949 64.9 4252.13 2543.98 1708.14 56.3099
internal_count=43901 17372 320 91 26529 16514 14982 10015 9754 1532 261 17052 10204 6848 229
is_linear=0
shrinkage=0.05


Tree=45
num_leaves=14
num_cat=0
split_feature=4 36 37 37 4 4 27 36 23 29 23 28 37
split_gain=8.28699 16.8673 16.7683 9.76697 9.85466 8.4658 11.954 8.08547 7.06555 5.49266 4.83703 3.75587 1.53055
threshold=140.87113248888707 0.084085714285716373 1.041301285063027 0.56085388399127944 145.15227561747966 141.93950776202965 -0.00097197051295297551 0.088741071428571336 -0.082009111298077628 0.42504398098679308 -0.043878995017507798 0.001912913425710221 1.1166437414337129
decision_type=2 2 2 2 2 2 2 2 2 2 2 2 2
left_child=1 10 11 4 9 6 -5 -7 -6 -2 -1 -3 -12
right_child=3 2 -4 5 8 7 -8 -9 -10 -11 12 -13 -14
leaf_value=0 0.072388757838235743 0 0.069352732181886187 -0.055354920038724269 0.028078592869184169 -0.00037716021655510775 -0.0061372502453645042 0.0027879887599768912 -0.039087596020190803 -0.015352880504655095 0.066040388621579058 -0.05961928745600447 0.022257412296030621
leaf_weight=4.7224349826574352 3.5725618600845328 3.7205895930528667 3.9682250767946234 15.199479162693022 3.7270349264144889 8107.5408169478178 69.431235134601593 2682.2753679603338 36.245212599635124 2.4391374737024307 16.358143404126171 9.4885454624891263 4.9158264547586432
leaf_count=19 15 15 16 61 15 32501 279 10761 150 10 73 38 20
internal_value=0 0.0220622 -0.015151 0.00018158 -0.0227317 0.000281395 -0.0154353 0.000407413 -0.0320417 0.0337906 0.0474941 -0.0433642 0.0575323
internal_weight=0 43.1738 17.1774 10920.4 45.9839 10874.4 84.6307 10789.8 39.9722 6.0117 25.9964 13.2091 21.274
internal_count=43973 181 69 43792 190 43602 340 43262 165 25 112 53 93
is_linear=0
shrinkage=0.05


Tree=46
num_leaves=16
num_cat=0
split_feature=36 5 7 2 36 5 1 36 2 3 1 1 4 2 27
split_gain=6.54375 20.899 23.6399 22.4709 20.3865 21.0338 18.4837 10.4219 17.6601 45.4897 13.6832 34.1738 25.9629 10.5067 8.75126
threshold=0.050564285714285416 150.4427936263327 0.016500000000007734 151.71903456608541 0.042987499999999006 147.29062204090167 144.23411717529896 0.069907142857144042 144.65852942401722 144.91692500000002 148.18016122208221 147.78402622787004 148.62546437512654 144.61135554237583 0.0001122162280124075
decision_type=2 2 2 2 2 2 2 2 2 2 2 2 2 2 2
left_child=1 4 14 -4 6 -6 -1 8 13 -10 11 -9 -12 -2 -3
right_child=7 2 3 -5 5 -7 -8 10 9 -11 12 -13 -14 -15 -16
leaf_value=-0.013657772558125631 0.0032188935427265213 0.031825254587127635 -0.030710951993839941 -0.0042888459535204131 0.0040151748845630927 0.020193386312722123 0.0034516465628322461 0.00027551488019645639 -0.042058206015919281 -0.0034449936105262024 0.032022371978993998 -0.020702195031128471 0.0029902322769215783 0.051502260218874996 -0.0086940901648932412
leaf_weight=189.88018363714218 759.16294035315514 52.232724890112877 99.584074079990387 432.90442299842834 480.81105111539364 351.22831547260284 925.32727758586407 2880.1352039724588 78.57617050409317 2469.3749309182167 80.165808886289597 207.72469213604927 1939.1852565556765 11.226340904831885 16.531313121318817
leaf_count=764 3045 211 400 1740 1928 1407 3719 11555 315 9896 321 833 7772 45 67
internal_value=0 0.00243363 -0.00569351 -0.00929165 0.00495639 0.0108793 0.00051322 -0.000456795 -0.00264028 -0.00465041 0.000957071 -0.00112946 0.00415974 0.00397471 0.0217267
internal_weight=0 2548.5 601.253 532.488 1947.25 832.039 1115.21 8425.55 3318.34 2547.95 5107.21 3087.86 2019.35 770.389 68.764
internal_count=44018 10236 2418 2140 7818 3335 4483 33782 13301 10211 20481 12388 8093 3090 278
is_linear=0
shrinkage=0.05


Tree=47
num_leaves=16
num_cat=0
split_feature=17 3 2 4 36 6 27 36 4 4 36 8 3 6 5
split_gain=8.52189 12.8367 46.6958 19.1231 16.3963 21.5222 13.8859 11.6176 24.8733 16.7871 16.66 15.245 14.8747 11.5574 9.96249
threshold=-8.7092269322630575e-05 149.60760000000002 149.50609086162791 149.68848842940255 0.068021428571427692 0.090642857142860592 0.00098286391113919518 0.046799999999999904 147.39054512083194 143.81892818405061 0.03124999999999762 0.00038488444913093822 147.412025 0.050857142857139041 143.10970645344977
decision_type=2 2 2 2 2 2 2 2 2 2 2 2 2 2 2
left_child=7 2 3 -2 13 -6 -4 8 10 14 -1 -11 -10 -3 -9
right_child=1 4 6 -5 5 -7 -8 9 12 11 -12 -13 -14 -15 -16
leaf_value=-0.028205761184903217 -0.00057214549698220748 -0.0040490400826783714 0.06023163164752221 0.055952321393025653 0.0066437409031646277 -0.01024738324318775 0 0.00506571208166408 0.044205053234152969 -0.005138427204463324 0.0013847007122663791 0.0016275456786471129 0.011458349085961623 -0.01560835684335171 0.021743209132718308
leaf_weight=55.762365624308586 4138.0797574371099 457.66519312560558 41.361666679382324 14.711823120713232 497.84610088169575 303.06741414964199 12.695010006427763 442.51843719184399 37.973029896616936 1289.6433009952307 306.07620075345039 2340.9383176714182 468.32914999127388 423.26293320953846 114.48589476943016
leaf_count=225 16591 1841 172 59 1995 1216 51 1780 153 5170 1229 9378 1883 1700 459
internal_value=0 -0.00123565 0.000234806 -0.000361853 -0.00492801 0.000219456 0.0462809 0.00156264 0.00682779 0.000464721 -0.00312599 -0.000769182 0.0139884 -0.00963478 0.0085483
internal_weight=0 5888.69 4206.85 4152.79 1681.84 800.914 54.0567 5055.73 868.141 4187.59 361.839 3630.58 506.302 880.928 557.004
internal_count=43902 23625 16873 16650 6752 3211 223 20277 3490 16787 1454 14548 2036 3541 2239
is_linear=0
shrinkage=0.05


end of trees

feature_importances:
atr_ma=78
bb_upper=63
bb_width=56
ema_fast=54
atr_ratio=47
bb_lower=37
atr=35
ema_cross=35
atr_normalized=34
bb_middle=27
ema_slow=25
ema_cross_pct=25
price_bb_upper_dist=20
rsi=16
range=16
range_pct=13
upper_shadow=12
return_3=11
price_ema_slow_dist=11
return_12=9
return_1=8
return_6=8
price_bb_lower_dist=8
rsi_normalized=6
price_ema_fast_dist=6
bb_position=6
lower_shadow=5
bb_position_normalized=5
signal_convergence=4
rsi_divergence=3
body=1
log_return=1

parameters:
[boosting: gbdt]
[objective: binary]
[metric: binary_logloss]
[tree_learner: serial]
[device_type: cpu]
[data: ]
[valid: ]
[num_iterations: 500]
[learning_rate: 0.05]
[num_leaves: 16]
[num_threads: 8]
[deterministic: 0]
[force_col_wise: 0]
[force_row_wise: 0]
[histogram_pool_size: -1]
[max_depth: 4]
[min_data_in_leaf: 10]
[min_sum_hessian_in_leaf: 0.001]
[bagging_fraction: 0.9]
[pos_bagging_fraction: 1]
[neg_bagging_fraction: 1]
[bagging_freq: 1]
[bagging_seed: 400]
[feature_fraction: 0.8]
[feature_fraction_bynode: 1]
[feature_fraction_seed: 30056]
[extra_trees: 0]
[extra_seed: 12879]
[early_stopping_round: 0]
[first_metric_only: 0]
[max_delta_step: 0]
[lambda_l1: 0.5]
[lambda_l2: 0.3]
[linear_lambda: 0]
[min_gain_to_split: 0]
[drop_rate: 0.1]
[max_drop: 50]
[skip_drop: 0.5]
[xgboost_dart_mode: 0]
[uniform_drop: 0]
[drop_seed: 17869]
[top_rate: 0.2]
[other_rate: 0.1]
[min_data_per_group: 100]
[max_cat_threshold: 32]
[cat_l2: 10]
[cat_smooth: 10]
[max_cat_to_onehot: 4]
[top_k: 20]
[monotone_constraints: ]
[monotone_constraints_method: basic]
[monotone_penalty: 0]
[feature_contri: ]
[forcedsplits_filename: ]
[refit_decay_rate: 0.9]
[cegb_tradeoff: 1]
[cegb_penalty_split: 0]
[cegb_penalty_feature_lazy: ]
[cegb_penalty_feature_coupled: ]
[path_smooth: 0]
[interaction_constraints: ]
[verbosity: 1]
[saved_feature_importance_type: 0]
[linear_tree: 0]
[max_bin: 255]
[max_bin_by_feature: ]
[min_data_in_bin: 3]
[bin_construct_sample_cnt: 200000]
[data_random_seed: 175]
[is_enable_sparse: 1]
[enable_bundle: 1]
[use_missing: 1]
[zero_as_missing: 0]
[feature_pre_filter: 1]
[pre_partition: 0]
[two_round: 0]
[header: 0]
[label_column: ]
[weight_column: ]
[group_column: ]
[ignore_column: ]
[categorical_feature: ]
[forcedbins_filename: ]
[precise_float_parser: 0]
[parser_config_file: ]
[objective_seed: 16083]
[num_class: 1]
[is_unbalance: 0]
[scale_pos_weight: 1]
[sigmoid: 1]
[boost_from_average: 1]
[reg_sqrt: 0]
[alpha: 0.9]
[fair_c: 1]
[poisson_max_delta_step: 0.7]
[tweedie_variance_power: 1.5]
[lambdarank_truncation_level: 30]
[lambdarank_norm: 1]
[label_gain: ]
[lambdarank_position_bias_regularization: 0]
[eval_at: ]
[multi_error_top_k: 1]
[auc_mu_weights: ]
[num_machines: 1]
[local_listen_port: 12400]
[time_out: 120]
[machine_list_filename: ]
[machines: ]
[gpu_platform_id: -1]
[gpu_device_id: -1]
[gpu_use_dp: 0]
[num_gpu: 1]

end of parameters

pandas_categorical:[]
