tree
version=v4
num_class=1
num_tree_per_iteration=1
label_index=0
max_feature_idx=44
objective=binary sigmoid:1
feature_names=rsi ema_fast ema_slow bb_middle bb_upper bb_lower macd macd_signal atr range range_pct body body_pct upper_shadow lower_shadow is_bullish return_1 return_3 return_6 return_12 log_return rsi_normalized rsi_overbought rsi_oversold rsi_divergence ema_cross ema_cross_pct ema_cross_signal price_ema_fast_dist price_ema_slow_dist bb_width bb_position bb_position_normalized price_bb_upper_dist price_bb_lower_dist bb_breakout_upper bb_breakout_lower macd_hist macd_hist_change macd_cross_signal macd_strength atr_normalized atr_ma atr_ratio signal_convergence
feature_infos=[0:99.755467076367083] [140.01794868368825:158.46374932756453] [140.09390840731587:158.4287960737224] [0:158.45214999999999] [0:158.98423446083257] [0:158.37119522484221] [-0.57514457178655221:0.76835340664820251] [-0.5188763570912186:0.66684005555902648] [0:0.55142857142856927] [0:1.4489999999999839] [0:0.0098924731182794597] [0:1.2740000000000009] [0:0.0087871159085422691] [0:0.45400000000000773] [0:0.6290000000000191] [0:1] [-0.010440345742870893:0.0086544548876104077] [-0.010346048081897208:0.011121306408549358] [-0.012740376631571793:0.01214236927980572] [-0.015822511541399464:0.020290175029493485] [-0.010495228483220405:0.0086172197717689965] [-1:0.99510934152734165] [0:1] [0:1] [-56.904350987366826:51.361182180793548] [-0.57514457178655221:0.76835340664820251] [-0.003883435549732969:0.0051884219504909346] [0:1] [-0.0088498120556881627:0.0085436527782316064] [-0.0096167762950344661:0.012337377364785844] [0:0.031342652110744211] [-0.54651378490698344:1.552884196153675] [-2.0930275698139669:2.10576839230735] [-0.0045480417175792053:0.02223832595088774] [-0.0050724392954735378:0.027298010487932362] [0:1] [0:1] [-0.20097651515128728:0.19509250025932751] [-0.09700790187045677:0.083341641193037941] [0:1] [-0.19455333720912688:0.17538495785784011] [0:0.0037228501986805917] [0:0.42936785714285552] [0:3.4066658717779674] [0:3]
tree_sizes=1646 1875 1754 1749 1422 1416 1867 1771 1742 1635 1882 1641 1752 1751 1436 1426 1211 1759 1857 1869 1750 1761 1511 1866 1442 1844 1864 1875 1423 1555 1622 1308 1411

Tree=0
num_leaves=14
num_cat=0
split_feature=30 5 37 4 8 44 8 42 10 4 3 8 30
split_gain=31.3759 28.5561 28.4917 23.5205 23.3601 23.5662 20.2745 18.8998 18.6065 16.0149 17.1617 9.08999 8.92784
threshold=0.0017889447707391721 144.49514700947691 0.0026239860633193034 140.87113248888707 0.09807142857142892 1.0000000180025095e-35 0.14328571428571332 0.20630892857142732 0.00013851182971403168 158.12940870618817 146.80400000000006 0.066857142857138299 0.0016244996272728441
decision_type=2 2 2 2 2 2 2 2 2 2 2 2 2
left_child=3 2 8 11 5 -3 -4 -6 -2 10 -5 -1 -11
right_child=1 4 6 9 7 -7 -8 -9 -10 12 -12 -13 -14
leaf_value=0.056554659443458499 0.0472364819217874 0.011150659069340825 0.0013093320955378455 -0.0020584221369263382 -0.0018323872088820119 0.0029924123650990064 0.018480176825258748 0.017120978853729363 0.011318420132232786 -0.016296932580504079 0.0021540466658389905 0.013030485271675957 0.015645509653144891
leaf_weight=8.499987334012987 12.999980628490446 382.74942965805531 560.24916516244411 1398.2479164451361 1043.2484454363585 1902.4971650540829 69.249896809458733 49.24992661178112 683.24898187816143 72.749891594052315 2309.4965585768223 9.2499862164258939 8.4999873340129835
leaf_count=34 52 1531 2241 5593 4173 7610 277 197 2733 291 9238 37 34
internal_value=0.00242017 0.00410083 0.00783154 0.000437423 0.00263531 0.00436109 0.00320025 -0.000971421 0.0120124 0.000274093 0.000564417 0.0345926 -0.0128821
internal_weight=0 4703.49 1325.75 3806.74 3377.74 2285.25 629.499 1092.5 696.249 3788.99 3707.74 17.75 81.2499
internal_count=34041 18814 5303 15227 13511 9141 2518 4370 2785 15156 14831 71 325
is_linear=0
shrinkage=1


Tree=1
num_leaves=16
num_cat=0
split_feature=0 9 9 1 29 4 28 31 21 18 43 16 30 16 18
split_gain=23.1399 21.7835 15.5789 19.9234 23.6074 15.3983 14.5472 12.5423 13.3542 9.74744 9.67915 9.63587 8.6723 8.19622 2.99587
threshold=45.761633091774321 0.023999999999986702 0.016500000000007734 147.53614571973742 -0.00038630961178821556 158.43214912945572 -0.00017626322621124677 0.44278676502513453 -0.40706070989173193 0.0003532949188189694 0.98561578864188648 9.4477775205104044e-05 0.00036315092482388627 -9.72573490124473e-05 0.00024403163521413698
decision_type=2 2 2 2 2 2 2 2 2 2 2 2 2 2 2
left_child=2 11 3 4 -1 6 -3 8 -4 -7 -5 12 -2 -9 -13
right_child=1 5 7 10 -6 9 -8 13 -10 -11 -12 14 -14 -15 -16
leaf_value=0.022699772226005121 0.01078928572879548 -0.0056206591107861225 -0.0009982879590939252 0.018021317808473769 -0.014107587276957802 -0.010468187281573078 -0.00028434620121609125 0.0058013626611965168 0.0032638979346216175 -0.053284872997203817 0.047546593507144561 -0.017414997447747636 -0.0094434054275092036 -0.0069347670783485157 -0.042118485524492336
leaf_weight=26.246442750096321 20.2497618496418 515.74559542536736 968.99052742123604 41.749011263251305 37.998265609145164 13.499421596527101 4231.7275050729513 55.499602541327477 2078.2240205407143 7.4997175484895697 13.499921098351477 10.749986827373506 250.99915905296803 241.74805247783661 9.2499888241291028
leaf_count=105 81 2063 3876 167 152 54 16927 222 8313 30 54 43 1004 967 37
internal_value=0 -0.00146739 0.0017149 0.0123481 0.000918775 -0.000979904 -0.000865011 0.00133302 0.00190761 -0.0264359 0.0255076 -0.00942919 -0.00791166 -0.00454325 -0.0294417
internal_weight=0 5059.72 3463.96 119.494 64.2447 4768.47 4747.47 3344.46 3047.21 20.9991 55.2489 291.249 271.249 297.248 20
internal_count=34095 20239 13856 478 257 19074 18990 13378 12189 84 221 1165 1085 1189 80
is_linear=0
shrinkage=0.03


Tree=2
num_leaves=15
num_cat=0
split_feature=33 42 26 1 43 42 3 8 10 42 1 42 37 43
split_gain=18.2262 24.7729 19.3266 16.5139 16.003 36.1779 15.3687 15.8924 13.031 12.8428 40.0764 12.1855 12.1276 11.6925
threshold=0.0010834849339036244 0.043664285714284046 -0.00025912996792315236 148.3695410243412 0.63068933186941478 0.041642857142858251 157.98762500000001 0.035714285714288765 0.00018459041194962005 0.20630892857142732 147.78402622787004 0.19145535714285739 -0.0044812997142656356 0.92589010889930223
decision_type=2 2 2 2 2 2 2 2 2 2 2 2 2 2
left_child=4 2 3 -2 5 -1 7 -6 -4 11 -11 -3 -7 -8
right_child=1 9 8 -5 6 12 13 -9 -10 10 -12 -13 -14 -15
leaf_value=0.02715063517516415 -0.011047876000201046 0.0013493199610925904 0.03549170503294518 0.024119532208091758 -0.0051975233398302758 -0.044403351053430108 -1.3310010526392109e-06 0.00022578878345297794 0.01344267609232009 0.032575744683433452 -0.026058720606357232 -0.018333372575895918 -0.015022480962739036 -0.020965283788355025
leaf_weight=14.24601326882839 43.498768776655197 3127.1886110901833 32.994389683008194 16.249749824404716 545.48899337649345 20.249622821807861 41.246867552399635 4454.9722900539637 93.749077081680298 37.247260019183159 14.248969197273253 28.249580651521683 35.499713003635406 57.742134153842926
leaf_count=57 174 12509 132 65 2182 81 165 17820 375 149 57 113 142 231
internal_value=0 0.00203458 0.012657 -0.00136075 -0.000794829 -0.0150129 -0.000598211 -0.000365504 0.0192764 0.00141479 0.0162368 0.00117043 -0.0259285 -0.0122866
internal_weight=0 3393.43 186.492 59.7485 5169.45 69.9953 5099.45 5000.46 126.743 3206.93 51.4962 3155.44 55.7493 98.989
internal_count=34252 13574 746 239 20678 280 20398 20002 507 12828 206 12622 223 396
is_linear=0
shrinkage=0.03


Tree=3
num_leaves=15
num_cat=0
split_feature=30 43 8 21 1 30 43 44 3 2 6 29 43 7
split_gain=22.8516 27.403 24.82 23.7623 23.337 19.0567 16.4697 15.9792 28.4752 24.0116 14.9733 12.4115 10.1879 8.9786
threshold=0.0018759980582357914 1.3076689526292757 0.066857142857138299 0.33006098599013173 147.27528484408489 0.00036315092482388627 0.56085388399127944 1.5000000000000002 157.36795000000004 144.71504294653127 0.025566185067432915 0.00049078170492836137 0.9180606008879052 1.0000000180025095e-35
decision_type=2 2 2 2 2 2 2 2 2 2 2 2 2 2
left_child=1 5 4 10 12 13 -7 9 -9 -4 -3 -6 -2 -1
right_child=2 3 7 -5 11 6 -8 8 -10 -11 -12 -13 -14 -15
leaf_value=0.037153226737859014 0.015076819453709965 0.0080229052304171752 0.0066914695375040086 -0.030744024633267357 0.0051404488222248114 -0.027904285969617717 -0.0021729603617162453 -0.0018411583136695867 -0.032074807421110532 -0.00018025150987868824 0.032777436685344309 -0.0037137086460553334 0.0061934537185210862 0.0055783828631075323
leaf_weight=15.246532306075094 230.24196764826775 191.49287545681 637.72028288245201 12.749781027436255 356.73918229341507 22.242728307843208 3833.6623985469341 1088.983141079545 28.497968897223473 1615.9671260565519 24.749942064285278 236.49747501313686 238.99106575548649 17.747413009405136
leaf_count=61 921 766 2551 51 1427 89 15335 4356 114 6464 99 946 956 71
internal_value=0 -0.00153397 0.00156961 0.00854195 0.00556736 -0.00212867 -0.00232433 0.00030839 -0.00262326 0.00176352 0.0109115 0.00160554 0.0105656 0.0204626
internal_weight=0 4117.89 4433.64 228.993 1062.47 3888.9 3855.91 3371.17 1117.48 2253.69 216.243 593.237 469.233 32.9939
internal_count=34207 16472 17735 916 4250 15556 15424 13485 4470 9015 865 2373 1877 132
is_linear=0
shrinkage=0.03


Tree=4
num_leaves=12
num_cat=0
split_feature=4 33 4 1 42 7 42 4 7 7 43
split_gain=18.9617 18.6336 21.7355 21.2005 20.4823 21.3808 17.4483 14.8693 8.61689 4.66863 1.14957
threshold=140.87113248888707 0.00072812910410377594 158.43214912945572 145.07029122529687 0.046799999999999904 -0.024356789258353041 0.084085714285716373 143.8504269299535 -0.03199989243620855 0.012550861349775471 1.0118793313268497
decision_type=2 2 2 2 2 2 2 2 2 2 2
left_child=6 2 3 -2 5 -3 8 -6 -1 -4 -10
right_child=1 4 9 -5 7 -7 -8 -9 10 -11 -12
leaf_value=0.0084281266464286894 -0.0051835553457749177 -0.0019136612335825941 -0.052271501898834123 -0.00013016718450681002 0.0049299046995546934 0.011652599722634016 -0.0068418141391638279 -0.00020838148133882158 0.056163467064651189 -0.019409346337607644 0.035073097800950838
leaf_weight=7.7488252669572821 1025.2234419286251 156.48535405099392 7.7441021651029613 2757.688599973917 588.70042262971401 312.21535588800907 12.999418020248411 3628.875091984868 9.2365775704383903 9.4901552349328977 7.9971755892038336
leaf_count=31 4101 626 31 11031 2355 1249 52 14516 37 38 32
internal_value=0 -9.48905e-05 -0.00165621 -0.0015008 0.00117059 0.0071185 0.0210663 0.000508423 0.0356155 -0.0349885 0.0473153
internal_weight=0 8486.42 3800.15 3782.91 4686.28 468.701 37.982 4217.58 24.9826 17.2343 17.2338
internal_count=34099 33947 15201 15132 18746 1875 152 16871 100 69 69
is_linear=0
shrinkage=0.03


Tree=5
num_leaves=12
num_cat=0
split_feature=4 4 30 8 4 8 43 41 33 40 40
split_gain=23.7322 16.4865 16.7573 17.9631 17.7863 15.209 13.5484 12.8547 14.6466 8.41952 4.04603
threshold=158.12940870618817 140.87113248888707 0.0017354808275957779 0.066285714285711061 145.80090848220379 0.079857142857145555 1.0075218826192158 0.00077397198413912678 0.0014762099314171188 -0.012498035166589493 0.0088675168448743881
decision_type=2 2 2 2 2 2 2 2 2 2 2
left_child=1 5 4 -4 -3 10 -7 8 9 -2 -1
right_child=7 2 3 -5 -6 6 -8 -9 -10 -11 -12
leaf_value=0.047073059383347146 -0.038278522400908885 -0.0045493278857330387 0.0044198087489727049 0.00021930954010917147 1.6237991892749133e-05 -0.0304999586588518 0.024543953008787811 -0.040112468721201631 0.018543864124653593 -0.010174181413726776 0.017701562541120819
leaf_weight=13.211751461029055 10.498142540454863 1117.9543349593878 1233.9142089933157 3563.6148334592581 2447.4174118340015 7.4998599886894208 7.9990904778242111 13.245575845241545 14.749547362327574 100.69705697894096 7.4951416850090018
leaf_count=53 42 4472 4936 14255 9790 30 32 53 59 403 30
internal_value=0 0.000230713 0.000142533 0.0013005 -0.00141476 0.0203481 -0.001975 -0.0122458 -0.00920294 -0.0129503 0.0369891
internal_weight=0 8399.11 8362.9 4797.53 3565.37 36.2058 15.499 139.19 125.945 111.195 20.7069
internal_count=34155 33598 33453 19191 14262 145 62 557 504 445 83
is_linear=0
shrinkage=0.03


Tree=6
num_leaves=16
num_cat=0
split_feature=33 43 30 42 40 43 42 6 41 30 42 16 1 40 21
split_gain=22.7108 26.7189 27.9304 18.2784 15.5042 22.1384 14.3965 14.3869 11.0103 22.4203 19.1884 10.1406 8.16895 5.6552 4.2931
threshold=0.0010727800113399606 0.63068933186941478 0.00096775485399085148 0.037042857142856843 -0.047490252805294765 0.96143348212138158 0.20630892857142732 -0.037423893931403988 0.00018971891828089955 0.00036315092482388627 0.05032857142857123 -3.3383185580881929e-05 149.88631134494571 0.00012675148378756649 -0.60794759671581555
decision_type=2 2 2 2 2 2 2 2 2 2 2 2 2 2 2
left_child=1 2 12 7 5 -5 -6 14 9 -3 -10 -9 -1 -4 -2
right_child=3 8 13 4 6 -7 -8 11 10 -11 -12 -13 -14 -15 -16
leaf_value=-0.0067902571717585155 0.014335429134067552 0.014374786900245998 -0.043575889453031702 -0.033867519046545773 0.001733450931859289 -0.0018535248580891881 0.018778814374918053 0.014338130286486573 0.0022925053655587654 -0.013189437702225189 -0.0018851288671146403 0.041630945444253172 0.029979206862208941 -0.021744644531915769 -0.013029003090591436
leaf_weight=13.244094222784044 7.4973672330379513 31.995244920253754 23.229396715760231 25.497409701347351 3166.5316058695316 79.994846075773239 44.977995276451111 32.990262046456337 1378.1651047468185 147.98609185218811 3503.6254253089428 20.235503152012825 8.726861968636511 23.245829060673714 14.747616708278654
leaf_count=53 30 128 93 102 12667 320 180 132 5513 592 14015 81 35 93 59
internal_value=0 -0.00122764 -0.0198071 0.00193595 0.00160199 -0.00969374 0.00197484 0.0165097 -0.000974657 -0.00825694 -0.000705069 0.0249456 0.00788697 -0.03293 -0.0036051
internal_weight=0 5130.22 68.4462 3392.47 3317 105.492 3211.51 75.4707 5061.77 179.981 4881.79 53.2258 21.971 46.4752 22.245
internal_count=34093 20522 274 13571 13269 422 12847 302 20248 720 19528 213 88 186 89
is_linear=0
shrinkage=0.03


Tree=7
num_leaves=15
num_cat=0
split_feature=30 3 13 37 26 29 40 3 17 1 3 0 16 17
split_gain=34.0392 19.7152 19.4176 17.1851 19.6244 17.0532 15.3835 14.3224 14.2498 12.2645 10.6723 8.22515 5.9698 5.01122
threshold=0.0017889447707391721 147.48505000000003 0.096999999999994216 0.0084033998414249286 -0.00096281976236099168 0.00028478343369044222 0.031026215603084703 148.11432500000004 -0.00025055436571125295 145.67984627882325 158.07975000000005 61.089213475456823 4.8120548931107627e-05 0.00076260008778084043
decision_type=2 2 2 2 2 2 2 2 2 2 2 2 2 2
left_child=5 3 7 11 -5 6 9 -3 12 -1 -10 -2 -7 -4
right_child=1 2 13 4 -6 8 -8 -9 10 -11 -12 -13 -14 -15
leaf_value=-0.0036479325551848577 0.0046931287579054732 -0.0052888749241978622 -0.036576319671517699 0.029704551829493109 -0.00031038414374552815 -0.032687263747632686 -0.042323506405533423 0.0010959089091708107 -0.0043710525728812167 0.00057093770319402611 -0.028042173060834914 0.011275778432265461 -0.0029217459199030005 -0.0067713660562214242
leaf_weight=912.89934211969376 1330.5720881968737 381.73487791419029 15.997070804238321 19.741275444626808 895.20189248025417 23.746277704834938 7.7493586987256995 1834.6637665629387 932.93461981415749 1929.7750036418438 17.229046791791916 196.98935323953629 8.499612554907797 7.9998680353164664
leaf_count=3652 5323 1527 64 79 3581 95 31 7339 3732 7720 69 788 34 32
internal_value=0 0.00173451 -0.000296725 0.0035987 0.00034348 -0.0020778 -0.00090153 -2.96908e-06 -0.00548635 -0.000783101 -0.00481215 0.00554602 -0.0250329 -0.02697
internal_weight=0 4682.9 2240.4 2442.5 914.943 3832.83 2850.42 2216.4 982.41 2842.67 950.164 1527.56 32.2459 23.9969
internal_count=34066 18733 8962 9771 3660 15333 11403 8866 3930 11372 3801 6111 129 96
is_linear=0
shrinkage=0.03


Tree=8
num_leaves=15
num_cat=0
split_feature=4 30 8 7 3 7 44 6 24 0 8 13 37 13
split_gain=23.4803 15.9416 22.5828 17.8014 15.4225 13.8349 12.9813 12.8784 8.95499 9.6775 6.52325 6.1994 3.77706 0.290346
threshold=158.12940870618817 0.0017889447707391721 0.06657142857142874 0.099039434440380131 140.71552500000004 -0.040803826580237935 1.5000000000000002 0.038585123874639755 -0.084078021100779651 61.55127987689302 0.032928571428567269 0.011000000000009892 0.0069770749124556984 0.025499999999993864
decision_type=2 2 2 2 2 2 2 2 2 2 2 2 2 2
left_child=1 4 3 -3 -1 -6 -4 8 10 -10 -2 12 -9 -13
right_child=7 2 6 -5 5 -7 -8 11 9 -11 -12 13 -14 -15
leaf_value=0.036245931863954202 0.025905216637493299 0.0053139709562352077 0.0013026942697989313 -0.024492861734387614 -0.0076726850341519628 -0.00098099127506714318 -0.0025903746075510914 -0.028914798597636054 -0.021197831002614839 0.01443558891435215 -0.0030382361072448238 -0.048638770858484164 0.00051188061991373768 -0.033432786014837276
leaf_weight=9.4474867433309537 7.9951257407665244 1137.5875871628523 2298.5503553301096 17.997658863663673 302.73236607015133 3407.2243444919586 1159.4555722028017 7.4917200356721896 45.709154471755028 7.7401164621114722 44.472133979201317 7.990746513009074 7.4972652941942215 8.9882341325283033
leaf_count=38 32 4551 9195 72 1211 13630 4638 30 183 31 178 32 30 36
internal_value=0 3.22226e-05 0.0012107 0.00484091 -0.00142875 -0.00152842 -1.88017e-06 -0.012436 -0.00731875 -0.0159301 0.00143761 -0.0290718 -0.0142786 -0.041483
internal_weight=0 8333 4613.59 1155.59 3719.4 3709.96 3458.01 137.884 105.917 53.4493 52.4673 31.968 14.989 16.979
internal_count=33887 33335 18456 4623 14879 14841 13833 552 424 214 210 128 60 68
is_linear=0
shrinkage=0.03


Tree=9
num_leaves=14
num_cat=0
split_feature=33 10 43 4 4 18 5 9 5 6 6 40 43
split_gain=19.0117 19.2821 14.849 19.0402 12.7983 13.7963 11.0205 18.8221 15.0982 8.97945 6.53654 5.22555 4.09132
threshold=0.0012402104782773943 9.5310212080929269e-05 0.56085388399127944 147.88319664582249 158.12940870618817 0.0023819876895710972 145.17990180452071 0.13849999999999343 146.28128384142678 0.038585123874639755 -0.042969236853849672 -0.0031918408355206662 0.88241472826105893
decision_type=2 2 2 2 2 2 2 2 2 2 2 2 2
left_child=2 10 3 -1 5 -4 7 -3 -8 -6 -2 -5 -12
right_child=1 6 4 11 9 -7 8 -9 -10 -11 12 -13 -14
leaf_value=0.01128410578468113 0.0045858429056493998 0.0023741224660736048 -0.00097445481216384858 -0.052899201037246553 -0.0061594501821275625 0.011474562046906035 -0.0070424344040581456 0.013527491051518056 0.0012799446470901281 -0.026952602165752293 0.022456644807227203 -0.020945809598945157 0.051884795247998099
leaf_weight=10.168286710977556 8.9909927248954791 843.0634201914072 5390.619234919548 10.720815405249597 69.660199478268623 80.997195705771446 222.4796933978796 162.44428497552872 1641.6068550646305 25.695472002029419 10.991887345910074 9.7408497929573041 8.4814946204423887
leaf_count=41 36 3373 21564 43 279 324 890 650 6567 103 44 39 34
internal_value=0 0.0018977 -0.00109561 -0.0218294 -0.000979819 -0.000789003 0.00165142 0.00418248 0.000284082 -0.0118609 0.0263455 -0.0383546 0.0360183
internal_weight=0 2898.06 5597.6 30.63 5566.97 5471.62 2869.59 1005.51 1864.09 95.3557 28.4644 20.4617 19.4734
internal_count=33987 11594 22393 123 22270 21888 11480 4023 7457 382 114 82 78
is_linear=0
shrinkage=0.03


Tree=10
num_leaves=16
num_cat=0
split_feature=30 30 1 8 2 42 41 26 38 3 6 42 30 2 30
split_gain=20.2788 18.2673 17.67 16.7803 15.6309 25.8901 23.4342 14.9005 18.0134 17.6663 12.5825 11.5348 15.9374 9.99281 9.93037
threshold=0.0017889447707391721 0.0022502547430523078 145.12405302978237 0.10899999999999772 147.43713568194781 0.20630892857142732 0.0011896770715812976 -0.00022465677254844421 0.0015674266034129086 145.93222500000002 -0.010794499122482646 0.026953571428569443 0.00036315092482388627 142.6323598749768 0.0019970455767887702
decision_type=2 2 2 2 2 2 2 2 2 2 2 2 2 2 2
left_child=2 3 11 10 5 -3 -6 8 -4 -9 -2 12 -1 -13 -5
right_child=1 4 7 14 6 -7 -8 9 -10 -11 -12 13 -14 -15 -16
leaf_value=0.013812323450627396 0.0083398228711382937 0.0013521516349759371 -0.012012028398892132 0.0073020616545845067 -0.0014372530081436989 0.023474983009740987 -0.021240559582036207 0.0088657078028709316 0.0051008939386077336 -0.0005084569611230735 0.0023159752122833212 0.0027689153356565241 -0.031617327254949604 -0.0057432022551423129 -0.019233321429717273
leaf_weight=8.7479309290647489 549.63120067119598 1727.9924890995026 195.22595520317554 17.749384388327599 1518.3900551050901 48.686311945319176 55.492887586355209 195.67359060049057 76.740346536040306 2355.1541175842285 726.66687013208866 145.2004059702158 29.738173142075539 831.40231762826443 41.99736225605011
leaf_count=35 2199 6913 781 71 6074 195 222 783 307 9422 2907 581 119 3326 168
internal_value=0 0.00121835 -0.00172253 0.00418398 3.46336e-05 0.00196393 -0.00214131 -0.000500476 -0.00717198 0.000210416 0.00491381 -0.00511677 -0.0211868 -0.0044741 -0.0113032
internal_weight=0 4686.61 3837.88 1336.04 3350.56 1776.68 1573.88 2822.79 271.966 2550.83 1276.3 1015.09 38.4861 976.603 59.7467
internal_count=34103 18749 15354 5345 13404 7108 6296 11293 1088 10205 5106 4061 154 3907 239
is_linear=0
shrinkage=0.03


Tree=11
num_leaves=14
num_cat=0
split_feature=33 4 40 40 3 3 2 3 2 10 30 5 43
split_gain=23.7527 21.4202 21.1757 14.786 15.8157 36.6544 15.1689 36.9839 12.2054 10.7719 9.30622 6.10753 3.77232
threshold=0.00066957932737729997 158.43214912945572 -0.0090344051027521702 -0.047490252805294765 144.11050000000003 144.23382500000005 143.69183518184676 145.61192500000001 146.53671111455634 0.0010005837016361446 0.0019333459880424171 142.48279228488732 1.0511177256834416
decision_type=2 2 2 2 2 2 2 2 2 2 2 2 2
left_child=1 2 10 6 9 -6 11 -8 -4 -5 -1 -2 -3
right_child=3 12 8 4 5 -7 7 -9 -10 -11 -12 -13 -14
leaf_value=-0.014316709384190112 -0.015763644046161821 -0.050534869739190691 -0.0035508491141030838 0.0039391744056472148 -0.021965068771431877 0.0010972811412500831 0.043092812628137397 -0.013237117326647806 0.00022379691316493897 0.01442857331087599 0.0046804766611602995 -0.054485217833103533 -0.019404289633196955
leaf_weight=159.22108101844788 7.4966489225625983 8.2133453041315061 1219.8004814982414 867.99314145743847 62.737347215414047 3828.909173861146 11.997959062457083 70.733153581619263 2090.7706994712353 98.186008512973785 26.748256608843803 8.2485373616218549 7.6979075223207465
leaf_count=637 30 33 4880 3473 251 15318 48 283 8364 393 107 33 31
internal_value=0 -0.00188173 -0.00172116 0.00134295 0.00157704 0.000723057 -0.0101441 -0.00490564 -0.00116628 0.00501239 -0.0115651 -0.0368754 -0.0362967
internal_weight=0 3512.45 3496.54 4956.3 4857.83 3891.65 98.4763 82.7311 3310.57 966.179 185.969 15.7452 15.9113
internal_count=33881 14052 13988 19829 19435 15569 394 331 13244 3866 744 63 64
is_linear=0
shrinkage=0.03


Tree=12
num_leaves=15
num_cat=0
split_feature=33 41 5 40 8 43 10 5 29 30 3 3 1 6
split_gain=18.6942 17.3436 15.7356 22.3777 17.3233 14.6476 23.5512 22.1165 13.9498 16.1057 13.8995 13.0014 12.7023 5.29546
threshold=0.00077435859706457037 0.00097527438927315011 142.33360305074436 0.0067388563931745481 0.17114285714285926 1.0030672425002589 0.00069108500348717585 151.58017101118412 0.0010293482816840101 0.0034939751255995736 147.74157500000004 142.02020000000005 156.92052706005697 0.028494500678661442
decision_type=2 2 2 2 2 2 2 2 2 2 2 2 2 2
left_child=1 5 3 11 -5 6 -1 -7 9 -4 13 -2 -10 -3
right_child=2 10 8 4 -6 7 -8 -9 12 -11 -12 -13 -14 -15
leaf_value=0.0003847725168805662 0.0071538561390301495 0.0049294764249452772 0.0015789414204460419 -0.012920060435113272 0.026820730061412085 -0.0023277550420286518 -0.012792233049311548 -0.011823330434419832 0.010780801885345874 -0.0030516667736023139 -0.012974468572843534 0.026222291133461303 -0.027169856818247868 0.027536907011169308
leaf_weight=2338.2853777110577 64.698814198374748 13.247942119836805 3262.88684271276 49.737799867987633 11.975857540965078 1191.3989865779877 128.48528556525707 271.14400535821915 175.4573028832674 852.06114366650581 12.998692139983175 65.46634741127491 7.990334525704383 35.746699258685112
leaf_count=9355 259 53 13054 199 48 4766 514 1085 702 3409 52 262 32 143
internal_value=0 -0.0014641 0.00135753 0.00975806 -0.00506733 -0.00171365 -0.000301827 -0.00409227 0.000981185 0.000619224 0.0142368 0.0168055 0.00906982 0.021552
internal_weight=0 3991.31 4490.27 191.879 61.7137 3929.31 2466.77 1462.54 4298.4 4114.95 61.9933 130.165 183.448 48.9946
internal_count=33933 15968 17965 768 247 15720 9869 5851 17197 16463 248 521 734 196
is_linear=0
shrinkage=0.03


Tree=13
num_leaves=15
num_cat=0
split_feature=16 37 43 3 33 8 42 14 3 26 43 17 7 24
split_gain=17.2006 14.2574 12.3594 21.1773 10.8413 9.67204 11.0592 11.6131 8.75224 7.14591 5.72261 5.04689 3.74638 3.09867
threshold=-0.0005833312591400629 -0.057867885966471314 0.56085388399127944 145.07362500000002 0.00066957932737729997 0.059285714285716197 0.16913928571428441 0.033500000000003645 152.60925000000003 -7.978800436427877e-05 0.92192893375997131 -0.00014682411913519153 0.024372060267649143 -10.888915261683517
decision_type=2 2 2 2 2 2 2 2 2 2 2 2 2 2
left_child=5 8 3 -3 -4 9 7 -7 10 13 -2 -8 -11 -1
right_child=1 2 4 -5 -6 6 11 -9 -10 12 -12 -13 -14 -15
leaf_value=-0.0074031029293020198 -0.029594076565972675 0.025568152758874949 -0.0015828120928140029 -0.028585247022152937 0.0006412386293865415 0.0054934636355146215 0.02707178409177536 -0.0074914861216951083 -0.042141671099139771 0.04307226949878163 -0.0024597758376037151 0.001605426221242592 0.014560951525177605 0.017398820537746877
leaf_weight=7.9976335167884853 9.4932350218296033 7.9172895103693 3507.1925607472658 30.67431378364563 4505.2716258466244 282.19125705957413 25.716921016573906 78.980886876583099 9.7459649294614774 11.997522771358492 25.740219548344612 9.9892460703849775 7.4981178343296042 9.4974964112043363
leaf_count=32 38 32 14031 123 18025 1129 103 316 39 48 103 40 30 38
internal_value=0 -0.000509007 -0.000414199 -0.0172867 -0.000331915 0.00562001 0.00423429 0.00264176 -0.0172977 0.0202535 -0.0100433 0.0201033 0.0326451 0.00595875
internal_weight=0 8096.04 8051.06 38.5916 8012.46 433.869 396.878 361.172 44.9794 36.9908 35.2335 35.7062 19.4956 17.4951
internal_count=34127 32391 32211 155 32056 1736 1588 1445 180 148 141 143 78 70
is_linear=0
shrinkage=0.03


Tree=14
num_leaves=12
num_cat=0
split_feature=30 43 41 42 1 44 42 1 7 5 7
split_gain=14.5912 18.3764 17.0699 27.3595 20.779 19.2067 16.5816 31.6761 16.2918 14.782 13.3306
threshold=0.0015975556620870088 1.7100580014805662 0.00060103966145131163 0.089635714285716428 152.43226141534748 1.0000000180025095e-35 0.20630892857142732 147.78402622787004 -0.022124665243165583 140.67924339346493 0.018263338017544661
decision_type=2 2 2 2 2 2 2 2 2 2 2
left_child=1 9 3 5 -5 -2 8 -8 -4 -1 -11
right_child=2 -3 6 4 -6 -7 7 -9 -10 10 -12
leaf_value=0.030418424750208173 0.0065038294800508116 0.03342757040437952 0.0011344730760151683 0.0055501463738063025 0.021110776646997179 -3.9953738477375911e-05 0.025438332053949103 -0.020598082204031594 -0.0041952171925098017 -0.00079522570174726164 -0.0051141001879988291
leaf_weight=12.370621070265768 488.81117796897888 12.995105892419813 954.31761687994003 328.43161565065384 101.22532354295254 2306.094712883234 50.35254879295826 17.991953670978546 1122.0360002815723 2240.5503760874271 903.2840071618557
leaf_count=50 1956 52 3818 1314 405 9226 202 72 4489 8964 3614
internal_value=0 -0.00175742 0.00080938 0.00218916 0.00923531 0.00110401 -0.00126374 0.0132383 -0.00174437 -0.00190641 -0.00203745
internal_weight=0 3169.2 5369.26 3224.56 429.657 2794.91 2144.7 68.3445 2076.35 3156.21 3143.83
internal_count=34162 12680 21482 12901 1719 11182 8581 274 8307 12628 12578
is_linear=0
shrinkage=0.03


Tree=15
num_leaves=12
num_cat=0
split_feature=4 42 4 9 42 42 5 7 6 30 7
split_gain=17.5854 15.8814 27.8891 27.9474 27.2641 23.2413 22.865 12.3922 9.0259 13.555 13.078
threshold=158.12940870618817 0.088741071428571336 149.85422911040553 0.01299999999999102 0.096876785714286665 0.051482142857144454 153.47594127720129 1.0000000180025095e-35 -0.091295026775739516 0.0042989364730503651 -0.02728391416541023
decision_type=2 2 2 2 2 2 2 2 2 2 2
left_child=1 2 5 -4 7 -1 -6 -3 -2 10 -10
right_child=8 4 3 -5 6 -7 -8 -9 9 -11 -12
leaf_value=0.0037434355631061206 0.020757329231130616 0.0125604973671935 0.023068028201204332 -0.0042866793296589406 -0.00085214896778204314 -0.00077866239002800399 0.0095846437152656162 0.0033144592485563696 -0.036902381889095837 -0.050362663990639017 -0.0062411259848525703
leaf_weight=1546.0013938397169 7.4856383353471747 292.1880012601614 33.975906819105148 1677.3220476359129 1383.5120511054993 3019.620984941721 218.44919966161251 237.95189872384071 13.989462718367575 7.7154084593057624 107.27538534998894
leaf_count=6186 30 1169 136 6710 5536 12081 874 952 56 31 430
internal_value=0 0.00028779 -0.000471669 -0.00373788 0.0025248 0.000752089 0.000570705 0.00842031 -0.0105565 -0.0124411 -0.00988531
internal_weight=0 8409.02 6276.92 1711.3 2132.1 4565.62 1601.96 530.14 136.466 128.98 121.265
internal_count=34191 33644 25113 6846 8531 18267 6410 2121 547 517 486
is_linear=0
shrinkage=0.03


Tree=16
num_leaves=10
num_cat=0
split_feature=30 43 42 42 19 42 40 34 31
split_gain=16.479 15.4582 14.8765 14.3984 7.40181 7.35282 6.95727 5.98095 5.41008
threshold=0.00036315092482388627 0.56085388399127944 0.022089285714282782 0.23758214285714355 -0.00088450405838474955 0.022089285714282782 -0.003740146484770794 0.00017275219254562723 0.61920673075443766
decision_type=2 2 2 2 2 2 2 2 2
left_child=5 4 8 -4 -2 7 -6 -1 -3
right_child=1 2 3 -5 6 -7 -8 -9 -10
leaf_value=0.04564677144338114 0.0065536021452755888 -0.0099241911824314594 -0.00016898414834807949 0.020252554929046054 -0.040098321100329341 0.0042080777006722201 -0.010338387057040386 0.010466535230209593 -0.04533950601405453
leaf_weight=11.907776400446894 7.4922830909490576 7.9943138211965588 8462.2768098711967 30.885940089821815 15.406230106949808 14.747796207666395 13.973417356610296 7.4962579458951941 8.2404661029577237
leaf_count=48 30 32 33857 124 62 59 56 30 33
internal_value=0 -0.000234044 -0.000149357 -9.3654e-05 -0.0195387 0.0205553 -0.0262927 0.0325743 -0.0285782
internal_weight=0 8546.27 8509.4 8493.16 36.8719 34.1518 29.3796 19.404 16.2348
internal_count=34331 34194 34046 33981 148 137 118 78 65
is_linear=0
shrinkage=0.03


Tree=17
num_leaves=15
num_cat=0
split_feature=33 30 43 42 42 3 26 33 8 5 1 42 34 34
split_gain=13.8789 15.029 20.791 17.8112 13.9394 19.885 17.7949 22.488 21.7774 12.727 10.3397 8.10903 7.44551 3.96858
threshold=0.00083270321293440303 0.00036315092482388627 0.56085388399127944 0.03124999999999762 0.046799999999999904 143.60347500000003 -0.00026886403360434566 0.0012269742388044183 0.04178571428571385 143.28365324137732 143.43816109900456 0.024962500000000536 0.00018806178225905959 0.00059991072860247029
decision_type=2 2 2 2 2 2 2 2 2 2 2 2 2 2
left_child=1 11 13 -4 6 10 8 -8 -2 -7 -6 12 -1 -3
right_child=4 2 3 -5 5 9 7 -9 -10 -11 -12 -13 -14 -15
leaf_value=0.041209020297697241 -0.026816161382327137 -0.015097808554906141 -0.010926955063827345 -0.00074205507869549688 0.0046419010325132303 -0.03302528690463586 0.0039311138231703426 0.020880068532094145 0.0041205796311211762 -1.3866367448053192e-05 0.0182265993921506 -0.00047530965081075911 0.0044068939929471059 -0.045269373352281962
leaf_weight=14.866494312882425 27.492552638053894 7.4560547322034862 160.42375789582729 4058.748512595892 490.88206405937672 10.245240628719328 188.68371015787125 112.86186663806438 77.22566930949688 3294.2564554959536 56.212949857115746 12.997291997075079 7.7463281750679007 10.410562649369238
leaf_count=60 110 30 642 16238 1965 41 755 452 309 13180 225 52 31 42
internal_value=0 -0.00110511 -0.00126948 -0.00113077 0.00131489 0.00075628 0.00659898 0.0102991 -0.00402634 -0.000120111 0.00605241 0.0182159 0.0289557 -0.0333006
internal_weight=0 4272.65 4237.04 4219.17 4257.86 3851.6 406.264 301.546 104.718 3304.5 547.095 35.6101 22.6128 17.8666
internal_count=34132 17095 16952 16880 17037 15411 1626 1207 419 13221 2190 143 91 72
is_linear=0
shrinkage=0.03


Tree=18
num_leaves=16
num_cat=0
split_feature=30 1 3 9 9 38 5 40 2 2 1 5 6 40 8
split_gain=19.172 18.7632 29.2509 23.6186 23.527 15.6262 15.5619 22.2721 18.7532 11.7418 11.3659 12.6636 10.932 9.93561 9.50933
threshold=0.0011859476951492176 145.22251966716917 145.35115000000002 0.048499999999990002 0.010000000000005118 -7.2785672569909165e-05 142.44376574850895 0.0067388563931745481 142.40274613247439 144.85913112987586 158.07792211412504 157.93673369399366 0.14350901411980035 -0.0046208559671531814 0.054642857142861247
decision_type=2 2 2 2 2 2 2 2 2 2 2 2 2 2 2
left_child=1 5 3 -3 -4 13 7 14 -9 -7 12 -12 -8 -1 -2
right_child=6 2 4 -5 -6 9 10 8 -10 -11 11 -13 -14 -15 -16
leaf_value=-0.015186689286493551 -0.0036833461524009292 0.046349093963326579 0.02324728491355451 -0.013774087531855573 -0.0023449827046206476 -0.010669272024541128 0.00033117876086660231 -0.010128124261185175 0.012555547294618002 -0.030670126479042378 -0.037936119101136347 -0.0049703481005049129 0.0086091272087341162 0.00093691700183666819 0.016290386468573979
leaf_weight=42.239378809928894 24.232303619384766 20.135836094617847 32.967776253819466 7.9995384961366645 1128.4602275788784 215.39193643629551 6329.7319591194391 90.717886924743652 50.932531177997589 30.229732796549797 13.438561975955961 46.107333272695541 146.66158710420132 178.18010707199574 166.54630574584007
leaf_count=169 97 81 132 32 4515 862 25325 363 204 121 54 185 587 713 667
internal_value=0 -0.00287463 -0.000872095 0.0291842 -0.00161013 -0.00797579 0.000721505 0.00705091 -0.00194144 -0.0131775 0.000398813 -0.0126132 0.000519491 -0.00215573 0.0137359
internal_weight=0 1655.6 1189.56 28.1354 1161.43 466.041 6868.37 332.429 141.65 245.622 6535.94 59.5459 6476.39 220.419 190.779
internal_count=34107 6625 4760 113 4647 1865 27482 1331 567 983 26151 239 25912 882 764
is_linear=0
shrinkage=0.03


Tree=19
num_leaves=16
num_cat=0
split_feature=13 4 41 30 7 37 17 41 41 13 41 3 2 30 7
split_gain=17.0239 11.1502 11.1167 17.636 11.2657 10.9855 10.6719 11.9887 8.80022 9.12843 6.73869 6.56046 15.0526 9.19076 3.14546
threshold=0.026499999999998639 158.12940870618817 0.00060103966145131163 0.0018759980582357914 -0.019435637299018468 -0.049981031580679909 -0.00044733328825335977 0.00020925511307094048 0.001044972998105777 0.045000000000001712 0.0012321540110976782 157.79437500000003 156.52551485706866 0.001778371122140653 0.010190642746656773
decision_type=2 2 2 2 2 2 2 2 2 2 2 2 2 2 2
left_child=1 2 3 -1 -4 8 14 -8 9 -2 -10 12 -7 -13 -3
right_child=5 6 4 -5 -6 11 7 -9 10 -11 -12 13 -14 -15 -16
leaf_value=-0.0015122529890027327 -0.0028340036393991247 -0.00079878814409471005 -0.0002189210624099124 0.0021116692845664017 -0.0059339091733885329 0.0023154740593881429 0.011124212303703678 -0.018354324832189843 0.020474851035373592 -0.037588721354919877 -0.010518500774851461 0.0083928586436223251 0.017848098382316952 -0.026691104345291896 0.024462906841118914
leaf_weight=3370.3601125627756 12.243318513035776 8.7438591569662112 567.32953704893589 1883.6895698010921 688.34043222665787 1812.9358276575804 14.222038716077803 83.983945697546005 9.990886867046358 15.741881757974623 15.980606645345686 11.221944510936739 57.730919674038887 15.690856650471686 8.231555908918379
leaf_count=13486 49 35 2270 7537 2754 7254 57 337 40 63 64 45 231 63 33
internal_value=0 -0.000983588 -0.000819126 -0.000212382 -0.00335485 0.0022041 -0.0102263 -0.014034 -0.011097 -0.0226812 0.00138769 0.00258559 0.00279922 -0.0120205 0.0114893
internal_weight=0 6624.9 6509.72 5254.05 1255.67 1951.54 115.181 98.206 53.9567 27.9852 25.9715 1897.58 1870.67 26.9128 16.9754
internal_count=34318 26509 26047 21023 5024 7809 462 394 216 112 104 7593 7485 108 68
is_linear=0
shrinkage=0.03


Tree=20
num_leaves=15
num_cat=0
split_feature=33 9 43 1 14 37 1 17 0 1 3 26 2 2
split_gain=22.2714 13.6452 13.0479 30.5849 18.4305 15.2797 13.502 15.9002 15.2712 11.3913 21.4319 12.669 3.41261 11.1213
threshold=0.00065532505000927483 0.0064999999999884048 1.0054654831629164 150.72853399336086 0.099000000000003766 0.0061597699327822783 145.3005066209237 -0.00025055436571125295 78.896701684464702 143.95471718060335 144.23382500000005 0.0011195192864075787 148.24585614587087 144.82763337337286
decision_type=2 2 2 2 2 2 2 2 2 2 2 2 2 2
left_child=2 12 6 4 -4 -5 8 -8 -1 11 -11 -3 13 -2
right_child=1 9 3 5 -6 -7 7 -9 -10 10 -12 -13 -14 -15
leaf_value=-0.0028600165612256505 0.03648373891932398 0.0047835668278528613 -0.0020616587082328691 -0.0039942070438462917 0.042820839428837139 -0.018448220419358632 -0.010863242414285955 0.0019774250842877397 -0.023253924212255639 -0.011117542726248923 0.00099220347142317598 -0.01917126827867004 0.037213834521566541 -0.011279021672708802
leaf_weight=600.97133137285709 8.974170416593557 914.04237774014473 1008.0854424536228 107.86366058886051 7.9973560124635688 171.88291741907597 91.979804411530495 1446.9503629803658 34.744814679026604 135.7085847556591 3974.8745776712894 19.974806100130081 9.4779342114925367 7.9870567917823783
leaf_count=2405 36 3659 4033 432 32 688 368 5790 139 543 15904 80 38 32
internal_value=0 0.00138543 -0.00173343 -0.00411621 -0.00169291 -0.0128961 -0.000311826 0.00120604 -0.0039898 0.00127143 0.000590895 0.00426207 0.0227666 0.0140133
internal_weight=0 5071.04 3470.48 1295.83 1016.08 279.747 2174.65 1538.93 635.716 5044.6 4110.58 934.017 26.4392 16.9612
internal_count=34179 20292 13887 5185 4065 1120 8702 6158 2544 20186 16447 3739 106 68
is_linear=0
shrinkage=0.03


Tree=21
num_leaves=15
num_cat=0
split_feature=30 43 0 42 43 5 8 18 2 43 42 30 42 34
split_gain=12.8852 35.3504 27.3263 16.4084 23.6164 18.6374 15.4522 18.1967 18.4437 14.0735 15.6854 13.0885 12.3498 6.4693
threshold=0.0017889447707391721 1.2929877292665466 66.496561096581772 0.051482142857144454 0.56085388399127944 150.7009651389391 0.066857142857138299 0.0012127820509801881 147.46504461079584 0.74422393187158897 0.14743214285714393 0.0015889767703515093 0.044649999999998621 0.0021362171129110938
decision_type=2 2 2 2 2 2 2 2 2 2 2 2 2 2
left_child=1 3 11 5 -5 -1 7 8 -2 10 -8 -3 -11 -9
right_child=6 2 -4 4 -6 -7 9 13 -10 12 -12 -13 -14 -15
leaf_value=0.0022338195229207264 0.0088233933928690417 0.0088979388099486249 -0.029605320608900001 -0.038222634593416425 -0.0032994670876411395 -0.0058640998530519886 0.015573697299525164 0.0054855420526274913 0.0012396191217767941 0.023731715022809657 -0.005292143626430745 0.026696261927636713 -0.00034275875018902394 -0.019180151786867463
leaf_weight=1195.7495499849319 559.40880788862705 169.43323595821857 14.22285947203636 17.296656429767609 2066.6687261462212 325.00005966424942 104.71377953886986 12.249074965715407 598.30620124936104 18.985746398568153 46.46387904882431 47.975565001368523 3349.2960026115179 39.241881608963013
leaf_count=4785 2239 678 57 70 8269 1301 419 49 2394 76 186 192 13402 157
internal_value=0 -0.00113621 0.0102146 -0.00186721 -0.00359622 0.000500422 0.00120355 0.00412895 0.00490803 0.000197329 0.00914308 0.0128706 -0.000204068 -0.0132568
internal_weight=0 3836.35 231.632 3604.71 2083.97 1520.75 4728.67 1209.21 1157.72 3519.46 151.178 217.409 3368.28 51.491
internal_count=34274 15352 927 14425 8339 6086 18922 4839 4633 14083 605 870 13478 206
is_linear=0
shrinkage=0.03


Tree=22
num_leaves=13
num_cat=0
split_feature=5 42 3 7 1 43 1 5 5 5 42 19
split_gain=16.1938 19.8073 29.2742 17.3898 18.4337 30.5229 13.4645 15.5297 12.8741 10.4315 10.2018 10.1547
threshold=142.44376574850895 0.20630892857142732 147.74157500000004 0.15717099553059974 142.39579702611056 0.8356836963785822 158.07792211412504 157.93673369399366 144.83226984878664 142.48279228488732 0.046485714285712333 -0.00083761700012952012
decision_type=2 2 2 2 2 2 2 2 2 2 2 2
left_child=3 6 8 4 5 -1 9 -8 -3 -2 -6 -4
right_child=1 2 11 -5 10 -7 7 -9 -10 -11 -12 -13
leaf_value=-0.019433899815714972 -0.017645148851870015 0.0043154191914684852 0.005123616919908403 -0.032689297704097911 0.041752692565611517 0.0069926203078175767 -0.040881233096625891 -0.0066100008878941423 0.042138591564476788 -0.00028518728153160939 0.013161706333166471 -0.040978632800276464
leaf_weight=47.705204024910927 30.982009723782539 11.687195405364035 9.2451779544353503 9.9937441945075971 12.361056774854658 216.9987478107214 13.621552214026449 86.18869574368 28.13100790977478 7966.7874421328306 118.57826608419418 7.4932610988616934
leaf_count=191 124 47 37 40 50 869 55 346 113 31877 475 30
internal_value=0 -0.000366498 0.0172772 0.00577266 0.0067758 0.00220208 -0.000490734 -0.0114256 0.031227 -0.000353471 0.0159729 -0.0156969
internal_weight=0 8154.14 56.5566 405.637 395.643 264.704 8097.58 99.8102 39.8182 7997.77 130.939 16.7384
internal_count=34254 32629 227 1625 1585 1060 32402 401 160 32001 525 67
is_linear=0
shrinkage=0.03


Tree=23
num_leaves=16
num_cat=0
split_feature=33 4 30 42 7 43 41 42 3 13 1 40 29 24 26
split_gain=15.3244 17.0418 17.0119 17.4132 13.8072 13.6055 13.3907 19.9263 12.6121 12.5612 9.40962 9.26163 7.0919 2.69131 1.77593
threshold=0.00069767843781940342 143.8504269299535 0.00036315092482388627 0.022089285714282782 0.00048939333871787327 1.6471246609540009 0.00018322849351958874 0.046799999999999904 143.66957500000004 0.022500000000007962 156.42709986366199 -0.0068242243748915165 -0.00036068610645346896 0.23564744466674628 -2.2221382764109138e-05
decision_type=2 2 2 2 2 2 2 2 2 2 2 2 2 2 2
left_child=2 8 4 13 14 -5 12 -8 9 -2 -6 -10 -3 -4 -1
right_child=1 6 3 5 10 -7 7 -9 11 -11 -12 -13 -14 -15 -16
leaf_value=0.023063567973484043 0.0018287930039686392 -0.0024421155332138818 -0.017827088191944136 -0.0016599822334983402 -0.023105840689989023 0.015355492268407218 0.0066240388801638459 -0.00015976155288597311 0.0037843169884851967 0.010402258409979374 0.021159190770849809 0.045624542221097499 -0.039386948975624135 -0.04422623617606649 0.044771084420240685
leaf_weight=7.6406387686729458 448.02385661005974 8.2379240095615405 7.7307918071746853 3596.4149049967527 8.2475497126579302 42.467509850859642 435.14273780584335 3702.5328015983105 8.2440869212150591 234.9405276030302 8.4350994378328306 11.747955262660978 11.240362137556074 8.4661943167448026 11.15487118065357
leaf_count=31 1794 33 31 14391 33 170 1742 14815 33 941 34 47 45 34 45
internal_value=0 0.00116644 -0.00139759 -0.00159973 0.0191825 -0.00145933 0.000434985 0.000553367 0.00548582 0.00478574 -0.000569445 0.0288298 -0.0241876 -0.0323611 0.0366048
internal_weight=0 4860.11 3690.56 3655.08 35.4782 3638.88 4157.15 4137.68 702.956 682.964 16.6826 19.992 19.4783 16.197 18.7955
internal_count=34219 19450 14769 14626 143 14561 16635 16557 2815 2735 67 80 78 65 76
is_linear=0
shrinkage=0.03


Tree=24
num_leaves=12
num_cat=0
split_feature=4 33 37 42 8 4 8 8 33 7 30
split_gain=15.4194 12.7788 17.3235 16.6064 25.5661 15.6534 13.6083 10.129 10.3083 11.3421 9.86055
threshold=158.12940870618817 0.00066198672911642797 -0.0093606552021257526 0.046799999999999904 0.040714285714286251 145.1076687096996 0.045000000000004758 0.14082142857142901 0.0016167848223565978 -0.0087386015048133911 0.00069948803318085754
decision_type=2 2 2 2 2 2 2 2 2 2 2
left_child=1 2 10 4 -3 -4 -5 8 9 -2 -1
right_child=7 3 5 6 -6 -7 -8 -9 -10 -11 -12
leaf_value=0.017618952928160399 -0.029626769529200341 -0.0012807864295124774 -0.0043038930937504081 -0.0082206205515143165 0.011885338992548808 0.00029482925090525185 0.00074014094344594487 -0.040568567712939103 0.015901532091140841 -0.0060383690409742813 -0.015391124134525203
leaf_weight=8.4963754266500455 22.942336946725845 239.06287755072117 915.08654978871346 157.86689648032188 296.94515635073185 2442.9227901995182 4255.742256551981 8.9182507246732694 14.236504971981047 91.008390799164772 105.1250446587801
leaf_count=34 92 957 3663 632 1189 9774 17030 36 57 366 421
internal_value=0 4.58477e-05 -0.00134911 0.00102489 0.00601014 -0.000957742 0.000418414 -0.0100852 -0.00785134 -0.0108791 -0.0128565
internal_weight=0 8421.25 3471.63 4949.62 536.008 3358.01 4413.61 137.105 128.187 113.951 113.621
internal_count=34251 33700 13892 19808 2146 13437 17662 551 515 458 455
is_linear=0
shrinkage=0.03


Tree=25
num_leaves=16
num_cat=0
split_feature=4 42 4 5 31 43 9 37 40 30 37 25 31 41 11
split_gain=16.2815 15.2705 26.2377 17.8953 15.0512 13.0033 12.8491 11.2217 9.94525 10.4933 9.12965 8.68536 14.2829 7.22515 5.44452
threshold=158.12940870618817 0.20630892857142732 148.1520730431433 144.83226984878664 0.44278676502513453 0.56085388399127944 0.011999999999986246 -0.0062237993780188136 -0.012264925918483596 0.001778371122140653 -0.0097644990836056982 -0.0078072717419672691 0.68254444217908516 0.0003201650464874258 0.021000000000000799
decision_type=2 2 2 2 2 2 2 2 2 2 2 2 2 2 2
left_child=1 4 3 -3 6 -6 -1 8 9 -2 -4 13 -13 -9 -10
right_child=7 2 10 -5 5 -7 -8 11 14 -11 -12 12 -14 -15 -16
leaf_value=0.01414217541675423 -0.03983328046547556 0.0048531699938870751 0.0035302368924288383 0.043341324448770084 -0.029464449049809226 -0.0011298682106715449 0.0010971924403706146 -0.0541193962087042 0.001015397368983192 0.0011178271852979123 -0.037007842739711937 0.0058634268218612333 -0.022935584401939265 -0.013700658817955839 0.030385026805481198
leaf_weight=68.970309406518936 7.9669892489910152 19.100669473409653 11.22641681134701 25.809498012065887 14.333511933684347 4540.290538713336 3727.0434855818748 9.2037398666143435 12.219893097877504 17.196956098079681 8.4830214530229551 24.384733185172081 41.102634266018867 7.7242411673068991 10.723449900746344
leaf_count=277 32 77 45 104 58 18166 14916 37 49 69 34 98 166 31 43
internal_value=0 5.37379e-05 0.0145476 0.0271792 -5.85792e-05 -0.00122163 0.0013361 -0.0106114 0.000845281 -0.0120462 -0.0140608 -0.017314 -0.0121886 -0.0364102 0.0150865
internal_weight=0 8415.26 64.6196 44.9102 8350.64 4554.62 3796.01 130.523 48.1073 25.1639 19.7094 82.4153 65.4874 16.928 22.9433
internal_count=34202 33677 260 181 33417 18224 15193 525 193 101 79 332 264 68 92
is_linear=0
shrinkage=0.03


Tree=26
num_leaves=16
num_cat=0
split_feature=2 43 21 34 1 10 30 42 5 43 42 3 30 44 28
split_gain=10.3426 31.5538 26.5078 27.2888 22.6572 21.7098 19.1272 19.3695 17.7663 17.2235 16.2107 12.3345 10.9121 10.427 4.47126
threshold=149.68391308865679 0.92589010889930223 0.0084527215748327247 0.0034931011335423176 149.55379709959388 0.00013851182971403168 0.0013927266478618082 0.026953571428569443 156.94423002335617 0.56085388399127944 0.028699999999998133 149.60760000000002 0.0018431905541578567 2.5000000000000004 4.0538761020545296e-06
decision_type=2 2 2 2 2 2 2 2 2 2 2 2 2 2 2
left_child=4 6 5 -4 9 -3 7 -2 -8 12 -11 14 -1 -13 -6
right_child=1 2 3 -5 11 -7 8 -9 -10 10 -12 13 -14 -15 -16
leaf_value=-0.038453200942447065 0.028995904251565771 0.026476348704007991 -0.010771970129563819 0.011244435011695196 0.007524066452396126 -0.001538717007594208 0.0084113251624909381 -0.0039554785368054943 -0.0055743199494254232 -0.01168359560769555 0.00091190796244344709 0.010850668165981047 0.00065195151823181988 -0.026294091063990437 0.032421111445391101
leaf_weight=16.249628707766536 16.472624659538269 25.448066383600235 584.0090234130621 55.10553365945816 8.7477492392063123 747.16722793877125 489.90149860084057 368.49193640053272 97.621670767664909 93.081604987382889 5943.1195900738239 51.965140491724014 10.235374316573141 7.4949341863393775 32.99711138010025
leaf_count=66 67 102 2338 221 35 2990 1960 1475 391 373 23784 208 41 30 132
internal_value=0 -0.00148105 -0.00434593 -0.0088646 0.000845538 -0.000602169 0.00267477 -0.00251622 0.00608074 0.00060965 0.00071661 0.0149033 -0.0233906 0.00600988 0.0273661
internal_weight=0 2384.22 1411.73 639.115 6163.89 772.615 972.488 384.965 587.523 6062.69 6036.2 101.205 26.485 59.4601 41.7449
internal_count=34213 9544 5651 2559 24669 3092 3893 1542 2351 24264 24157 405 107 238 167
is_linear=0
shrinkage=0.03


Tree=27
num_leaves=16
num_cat=0
split_feature=30 14 30 42 42 3 1 34 44 3 1 3 8 1 18
split_gain=14.5346 16.623 17.2363 20.0314 16.2431 16.9138 27.4468 20.85 15.9242 15.9167 33.9558 19.3901 11.7669 12.6087 9.27499
threshold=0.0017152894475999886 0.03450000000000842 0.0028361809903757018 0.071048214285713646 0.051482142857144454 150.74007500000002 148.78652918195135 0.00046190940032222224 1.0000000180025095e-35 148.18245000000005 148.63010539882521 143.60347500000003 0.16607142857142779 147.76888667507686 0.0027148060528157107
decision_type=2 2 2 2 2 2 2 2 2 2 2 2 2 2 2
left_child=4 2 8 -4 5 6 -1 -7 -2 11 -11 -6 14 -14 -3
right_child=1 12 3 -5 9 7 -8 -9 -10 10 -12 -13 13 -15 -16
leaf_value=0.00085465059380638382 0.0087050072478823924 -0.0037905455785638034 -0.0067932279110964403 0.0014594026796366545 0.0024232358365588891 0.0014616157690721427 0.013722327130681803 -0.012953463723710057 0.0025390466041527279 0.01623464849951272 -0.0022185939418058525 -0.0075662541231502536 0.01168254724671792 -0.0099526113056154983 0.025203746297678499
leaf_weight=1112.6987902969122 470.58784799277782 856.1473875939846 334.33031265437603 1266.0297105759382 219.08432638645172 210.26705357432365 172.1218605786562 157.49788771569729 1907.4271861165762 101.22846646606922 772.88135066628456 855.92366576194763 96.433402851223946 31.953049287199974 9.7251746207475644
leaf_count=4453 1884 3426 1338 5067 877 842 690 631 7633 405 3094 3425 387 128 39
internal_value=0 0.00127412 0.00214161 -0.000263726 -0.00122817 0.00095832 0.00258361 -0.00470912 0.00376144 -0.00308342 -7.33026e-05 -0.00552752 -0.00219358 0.00626399 -0.00345281
internal_weight=0 4972.63 3978.38 1600.36 3601.7 1652.59 1284.82 367.765 2378.02 1949.12 874.11 1075.01 994.259 128.386 865.873
internal_count=34319 19902 15922 6405 14417 6616 5143 1473 9517 7801 3499 4302 3980 515 3465
is_linear=0
shrinkage=0.03


Tree=28
num_leaves=12
num_cat=0
split_feature=2 41 42 5 5 30 7 12 7 8 8
split_gain=10.6221 12.6127 20.022 18.1218 16.2069 15.822 23.0201 11.2418 5.983 11.7013 11.1217
threshold=157.80314511368513 0.00018322849351958874 0.05032857142857123 150.4427936263327 157.56788705067677 0.00036315092482388627 0.00048939333871787327 4.8872954754747195e-05 -0.04874323419698335 0.12150000000000057 0.10628571428571122
decision_type=2 2 2 2 2 2 2 2 2 2 2
left_child=1 5 3 -3 -4 6 -1 -7 -2 10 -10
right_child=8 2 4 -5 -6 7 -8 -9 9 -11 -12
leaf_value=0.03746734905247253 0.012313833267878145 0.0045881926510405908 -0.00064908400713857572 -0.0033035753878941313 0.022205295336329603 -0.0023577675363972619 -0.023980961194139231 -0.020151267165225733 -0.0082391580967108302 -0.042359213249380641 0.027341931043121902
leaf_weight=14.289453908801081 13.237567141652105 1389.4190533906221 6409.6050329506397 321.99683360755444 27.741678401827812 56.88822814822197 8.4779893755912763 74.124051257967949 172.50845775008202 8.3940791487693769 7.962397724390029
leaf_count=58 53 5561 25651 1289 111 228 34 297 693 34 32
internal_value=0 5.61521e-05 0.000217286 0.00310131 -0.000549097 -0.00844661 0.0144413 -0.0124708 -0.00689943 -0.00827934 -0.00660995
internal_weight=0 8302.54 8148.76 1711.42 6437.35 153.78 22.7674 131.012 202.103 188.865 180.471
internal_count=34041 33229 32612 6850 25762 617 92 525 812 759 725
is_linear=0
shrinkage=0.03


Tree=29
num_leaves=13
num_cat=0
split_feature=19 0 9 43 29 2 43 30 38 18 14 31
split_gain=11.0403 22.1636 21.4713 23.76 16.9746 13.7221 11.952 23.0514 12.2783 10.9457 10.0125 8.12823
threshold=-8.7092269322630575e-05 52.283669942647329 0.023000000000010349 0.73729057939510656 0.00096052828718795375 144.10886326810328 1.2227708325387272 0.0019970455767887702 -0.011431666784997054 -0.0010621761975275754 0.016500000000007734 0.30796678781986192
decision_type=2 2 2 2 2 2 2 2 2 2 2 2
left_child=4 9 5 -4 6 -3 8 -8 -1 11 -11 -2
right_child=1 2 3 -5 -6 -7 7 -9 -10 10 -12 -13
leaf_value=0.017689392300894665 -0.00077686256175647902 -0.028198400529750922 0.010438928082214928 0.00015576136645834371 0.034889155725220604 -0.006031712425428425 0.012993007409387801 0.0010903659913070072 0.00025028395000786552 -0.0065082504696999024 -0.0001524923909290527 -0.035514179629851698
leaf_weight=36.46382012963295 9.4881797879934329 29.936832696199417 215.76622737944126 3168.340661033988 13.226287573575972 154.9940908998251 213.25791858136654 468.19704759120941 3187.061515852809 628.34954276680946 347.30918869376183 17.492043063044548
leaf_count=146 38 120 864 12680 53 621 854 1874 12757 2516 1390 70
internal_value=0 -0.000838403 0.000268042 0.000813156 0.00133152 -0.00967614 0.00121442 0.00482372 0.00045011 -0.00477885 -0.00424958 -0.0235509
internal_weight=0 4571.68 3569.04 3384.11 3918.21 184.931 3904.98 681.455 3223.53 1002.64 975.659 26.9802
internal_count=33983 18299 14285 13544 15684 741 15631 2728 12903 4014 3906 108
is_linear=0
shrinkage=0.03


Tree=30
num_leaves=14
num_cat=0
split_feature=4 7 18 4 4 41 32 6 6 12 43 43 13
split_gain=12.05 11.7236 10.7635 10.5293 14.8347 14.5064 8.43884 7.87525 13.848 9.31501 7.69714 6.59516 5.00529
threshold=158.12940870618817 0.039991679119541067 0.0023819876895710972 140.87113248888707 141.04318987564031 0.00056615579483039133 0.71629811548526234 0.019908697995433048 0.038585123874639755 0.00036850506483752585 1.1292009608890736 1.4638050260113642 0.011999999999986246
decision_type=2 2 2 2 2 2 2 2 2 2 2 2 2
left_child=2 7 3 5 -5 -1 10 9 -9 -2 -4 -8 -3
right_child=1 12 6 4 -6 -7 11 8 -10 -11 -12 -13 -14
leaf_value=0.032493629875884694 -0.012965677256375251 -0.013197212839229261 0.01321599401783807 -0.019922065497293178 -6.9714667878338778e-05 -0.0043432999628888131 0.021443506411623063 0.028422695825528182 -0.018696326037352395 0.015567687923643856 -0.02505658114341338 0.003095816305309953 -0.039351881659170439
leaf_weight=20.591058373451233 70.100106403231621 14.361025586724283 8.2224642932415026 33.718595057725906 8233.6126205474138 17.483033940196037 46.948388993740082 14.68465691804886 8.6419201791286451 11.71160042285919 10.227349132299421 28.978243142366409 13.512888044118879
leaf_count=84 282 58 33 135 32953 70 188 59 35 47 41 116 55
internal_value=0 -0.00905481 3.56555e-05 -7.86394e-05 -0.000151766 0.0155988 0.010094 -0.00440133 0.0108235 -0.00880255 -0.00790123 0.01452 -0.0262671
internal_weight=0 133.012 8399.78 8305.41 8267.33 38.0741 94.3764 105.138 23.3266 81.8117 18.4498 75.9266 27.8739
internal_count=34156 536 33620 33242 33088 154 378 423 94 329 74 304 113
is_linear=0
shrinkage=0.03


Tree=31
num_leaves=11
num_cat=0
split_feature=4 8 42 1 42 1 30 43 38 25
split_gain=15.4925 13.5736 13.0813 27.5382 11.7621 27.3854 24.4392 10.672 7.69418 1.57644
threshold=140.87113248888707 0.077428571428568627 0.23758214285714355 147.72622804576733 0.050564285714285416 150.52254063002141 0.0017889447707391721 0.99696188188568369 6.4656187985582584e-05 -0.016852497748359948
decision_type=2 2 2 2 2 2 2 2 2 2
left_child=1 9 4 8 5 -2 -6 -3 -4 -1
right_child=2 7 3 -5 6 -7 -8 -9 -10 -11
leaf_value=0.026128864329646628 0.0039311678543768186 -0.023632127919910251 0.048515912344626128 -0.026527435109574352 -0.0032147046118133154 -0.0042896379459377351 0.00065855222847512127 0.021026029882074162 0.014036665083238802 0.047197617223913566
leaf_weight=8.6692220121622103 1517.8738750517368 8.2327568084001559 14.547496050596239 8.7359301298856717 2237.0931811332703 479.43434710800648 4250.7771921008825 10.734455913305281 10.618893921375273 9.353071600198744
leaf_count=35 6076 33 59 35 8954 1921 17012 43 43 39
internal_value=0 0.0193974 1.77492e-05 0.018534 -5.65309e-05 0.00195599 -0.000676616 0.00142022 0.034422 0.0378205
internal_weight=0 36.9895 8519.08 33.9023 8485.18 1997.31 6487.87 18.9672 25.1664 18.0223
internal_count=34250 150 34100 137 33963 7997 25966 76 102 74
is_linear=0
shrinkage=0.03


Tree=32
num_leaves=12
num_cat=0
split_feature=4 8 4 31 41 9 7 34 24 9 29
split_gain=11.3484 13.2758 11.4797 15.244 11.2372 12.6447 10.5579 8.99708 5.69315 3.13281 1.00955
threshold=140.87113248888707 0.077428571428568627 141.04318987564031 0.47964260216104404 0.00018322849351958874 0.013499999999993408 0.11926898809451664 0.0004216068718753608 2.0081767587798152 0.070500000000009791 -8.3108583731419217e-05
decision_type=2 2 2 2 2 2 2 2 2 2 2
left_child=1 10 3 7 5 -4 -6 -2 -3 -5 -1
right_child=2 8 4 9 6 -7 -8 -9 -10 -11 -12
leaf_value=0.026308202005693553 -0.020328116035809342 0.013608304772734479 0.0047918187067865371 -0.052882142828322286 -2.8477212364355791e-05 -0.012888331628317429 0.0064036384193989927 0.020622507368525375 -0.017882490234226649 -0.023394941155792531 0.045491938054936905
leaf_weight=7.8990049660205832 8.9916567504405993 12.223215550184252 51.585456401109695 7.7461255937814695 8021.243031963706 120.72402819991112 236.1212457716465 9.7398930042982084 8.4864365011453611 7.7457045167684555 8.0809660702943784
leaf_count=32 36 49 207 31 32106 484 946 39 34 31 34
internal_value=0 0.0165793 -7.37467e-05 -0.0173378 -2.6865e-06 -0.0075788 0.000155313 0.000796882 0.000490078 -0.0390534 0.0368531
internal_weight=0 36.6896 8463.9 34.2234 8429.67 172.309 8257.36 18.7315 20.7097 15.4918 15.98
internal_count=34029 149 33880 137 33743 691 33052 75 83 62 66
is_linear=0
shrinkage=0.03


end of trees

feature_importances:
atr_ma=40
bb_width=35
atr_ratio=33
bb_upper=27
ema_fast=26
bb_middle=25
atr=23
bb_lower=20
macd_signal=20
ema_slow=14
price_bb_upper_dist=14
macd_strength=14
atr_normalized=14
macd=11
range=11
macd_hist=10
upper_shadow=7
return_6=7
ema_cross_pct=7
price_ema_slow_dist=7
price_bb_lower_dist=7
rsi=6
range_pct=6
bb_position=6
signal_convergence=6
return_1=5
return_3=5
lower_shadow=4
rsi_normalized=4
rsi_divergence=4
macd_hist_change=4
return_12=3
body_pct=2
ema_cross=2
price_ema_fast_dist=2
body=1
bb_position_normalized=1

parameters:
[boosting: gbdt]
[objective: binary]
[metric: binary_logloss]
[tree_learner: serial]
[device_type: cpu]
[data: ]
[valid: ]
[num_iterations: 500]
[learning_rate: 0.03]
[num_leaves: 16]
[num_threads: 8]
[deterministic: 0]
[force_col_wise: 0]
[force_row_wise: 0]
[histogram_pool_size: -1]
[max_depth: 4]
[min_data_in_leaf: 30]
[min_sum_hessian_in_leaf: 0.001]
[bagging_fraction: 0.7]
[pos_bagging_fraction: 1]
[neg_bagging_fraction: 1]
[bagging_freq: 1]
[bagging_seed: 400]
[feature_fraction: 0.7]
[feature_fraction_bynode: 1]
[feature_fraction_seed: 30056]
[extra_trees: 0]
[extra_seed: 12879]
[early_stopping_round: 0]
[first_metric_only: 0]
[max_delta_step: 0]
[lambda_l1: 0.1]
[lambda_l2: 0.3]
[linear_lambda: 0]
[min_gain_to_split: 0]
[drop_rate: 0.1]
[max_drop: 50]
[skip_drop: 0.5]
[xgboost_dart_mode: 0]
[uniform_drop: 0]
[drop_seed: 17869]
[top_rate: 0.2]
[other_rate: 0.1]
[min_data_per_group: 100]
[max_cat_threshold: 32]
[cat_l2: 10]
[cat_smooth: 10]
[max_cat_to_onehot: 4]
[top_k: 20]
[monotone_constraints: ]
[monotone_constraints_method: basic]
[monotone_penalty: 0]
[feature_contri: ]
[forcedsplits_filename: ]
[refit_decay_rate: 0.9]
[cegb_tradeoff: 1]
[cegb_penalty_split: 0]
[cegb_penalty_feature_lazy: ]
[cegb_penalty_feature_coupled: ]
[path_smooth: 0]
[interaction_constraints: ]
[verbosity: 1]
[saved_feature_importance_type: 0]
[linear_tree: 0]
[max_bin: 255]
[max_bin_by_feature: ]
[min_data_in_bin: 3]
[bin_construct_sample_cnt: 200000]
[data_random_seed: 175]
[is_enable_sparse: 1]
[enable_bundle: 1]
[use_missing: 1]
[zero_as_missing: 0]
[feature_pre_filter: 1]
[pre_partition: 0]
[two_round: 0]
[header: 0]
[label_column: ]
[weight_column: ]
[group_column: ]
[ignore_column: ]
[categorical_feature: ]
[forcedbins_filename: ]
[precise_float_parser: 0]
[parser_config_file: ]
[objective_seed: 16083]
[num_class: 1]
[is_unbalance: 0]
[scale_pos_weight: 1]
[sigmoid: 1]
[boost_from_average: 1]
[reg_sqrt: 0]
[alpha: 0.9]
[fair_c: 1]
[poisson_max_delta_step: 0.7]
[tweedie_variance_power: 1.5]
[lambdarank_truncation_level: 30]
[lambdarank_norm: 1]
[label_gain: ]
[lambdarank_position_bias_regularization: 0]
[eval_at: ]
[multi_error_top_k: 1]
[auc_mu_weights: ]
[num_machines: 1]
[local_listen_port: 12400]
[time_out: 120]
[machine_list_filename: ]
[machines: ]
[gpu_platform_id: -1]
[gpu_device_id: -1]
[gpu_use_dp: 0]
[num_gpu: 1]

end of parameters

pandas_categorical:[]
