tree
version=v4
num_class=1
num_tree_per_iteration=1
label_index=0
max_feature_idx=30
objective=regression
feature_names=rsi ema_fast ema_slow macd macd_signal range range_pct body body_pct upper_shadow lower_shadow is_bullish return_1 return_3 return_6 return_12 log_return rsi_normalized rsi_overbought rsi_oversold rsi_divergence ema_cross ema_cross_pct ema_cross_signal price_ema_fast_dist price_ema_slow_dist macd_hist macd_hist_change macd_cross_signal macd_strength signal_convergence
feature_infos=[0:99.755467076367083] [140.01794868368825:158.46374932756453] [140.09390840731587:158.4287960737224] [-0.57514457178655221:0.76835340664820251] [-0.5188763570912186:0.66684005555902648] [0:1.4489999999999839] [0:0.0098924731182794597] [0:1.2740000000000009] [0:0.0087871159085422691] [0:0.45400000000000773] [0:0.6290000000000191] [0:1] [-0.010440345742870893:0.0086544548876104077] [-0.010346048081897208:0.011121306408549358] [-0.012740376631571793:0.01214236927980572] [-0.015822511541399464:0.020290175029493485] [-0.010495228483220405:0.0086172197717689965] [-1:0.99510934152734165] [0:1] [0:1] [-56.904350987366826:51.361182180793548] [-0.57514457178655221:0.76835340664820251] [-0.003883435549732969:0.0051884219504909346] [0:1] [-0.0088498120556881627:0.0085436527782316064] [-0.0096167762950344661:0.012337377364785844] [-0.20097651515128728:0.19509250025932751] [-0.09700790187045677:0.083341641193037941] [0:1] [-0.19455333720912688:0.17538495785784011] [0:3]
tree_sizes=3728 2824 2498 3378 2862 2585 3251 2938 3053 3345 2731 2697 3616 3236 3789 2257

Tree=0
num_leaves=36
num_cat=0
split_feature=2 2 6 2 3 0 22 3 6 3 26 26 2 2 26 5 2 2 10 2 1 26 3 10 2 22 22 26 7 26 2 1 7 26 1
split_gain=0.000121019 4.71003e-05 4.3854e-05 5.68734e-05 0.000102873 8.226e-05 2.66219e-05 2.37918e-05 2.03138e-05 1.90164e-05 1.83494e-05 1.79999e-05 1.70861e-05 3.06914e-05 1.66543e-05 1.58474e-05 1.51694e-05 1.02077e-05 9.52591e-06 5.73859e-06 5.60159e-06 1.34036e-05 1.01252e-05 7.69359e-06 8.52637e-06 6.41102e-06 5.45485e-06 2.9648e-06 2.76631e-06 2.47852e-06 1.78511e-06 4.72772e-06 1.19032e-06 8.49082e-07 1.67398e-07
threshold=143.26603706533533 147.43713568194781 0.0010629162945603274 144.52937660439019 0.040025899413294048 78.242647269260274 -3.4199956515751908e-05 0.081314247663598863 0.00057575811293870385 0.18184317425011901 0.002766268529471459 -0.022725041306010055 152.19253520283795 149.27556512936479 -0.019973286934880128 0.058000000000006942 148.24885302684933 158.06780291792651 0.014499999999998183 145.86469682090788 146.80162992857649 0.012532102841774176 0.035011434129529569 0.027000000000001027 147.29731155249263 9.3052867589587428e-05 -0.00040183428994459335 -0.057914993519553148 0.0054999999999978408 -0.041963415725887646 157.16986240761523 148.5381254042619 0.062500000000000014 0.070381258225717794 155.39401190477068
decision_type=2 2 2 2 2 2 2 2 2 2 2 2 2 2 2 2 2 2 2 2 2 2 2 2 2 2 2 2 2 2 2 2 2 2 2
left_child=8 2 20 -4 19 -6 12 11 10 27 26 -8 13 16 34 -13 -3 -16 -15 -5 21 22 -2 24 -22 -23 -1 -10 -29 -28 31 -9 -31 -30 -14
right_child=1 6 3 4 5 -7 7 30 9 -11 -12 15 14 18 17 -17 -18 -19 -20 -21 23 25 -24 -25 -26 -27 29 28 33 32 -32 -33 -34 -35 -36
leaf_value=-1.4344699791774568e-05 -1.4344699791774568e-05 -1.523888535371381e-05 -1.4344699791774568e-05 -9.5589421315134482e-06 2.1670194750554931e-05 -1.4344699791774568e-05 -1.4344699791774568e-05 -1.4344699791774568e-05 -1.4344699791774568e-05 -1.4344699791774568e-05 -1.4344699791774568e-05 -1.5759430547997651e-05 -1.4344699791774568e-05 -1.4344699791774568e-05 -1.0385352237021573e-05 -1.9879246072683548e-05 -1.1195056242007752e-05 -1.4344699791774568e-05 -2.0986420122754021e-05 -1.4344699791774568e-05 -1.0429686498872132e-05 -1.8956806856587127e-05 -1.1881398347366367e-05 -1.4344699791774568e-05 -1.4344699791774568e-05 -1.4344699791774568e-05 -1.4344699791774568e-05 -1.4344699791774568e-05 -3.692543362042207e-06 -8.9826488154424899e-06 -1.4344699791774568e-05 -1.1647126042018476e-05 -1.4344699791774568e-05 -1.4344699791774568e-05 -1.5066092775236991e-05
leaf_weight=168 6223 1609 240 225 203 39 359 269 12.999999999999998 43 919 4708 234 1175 2019 3580 1246 120 999 221 1277 835 1521 464 765 1015 9.9999999999999982 44 1205 1065 86 805 22 14.999999999999998 289
leaf_count=168 6223 1609 240 225 203 39 359 269 13 43 919 4708 234 1175 2019 3580 1246 120 999 221 1277 835 1521 464 765 1015 10 44 1205 1065 86 805 22 15 289
internal_value=-1.43447e-05 -1.48421e-05 -1.36286e-05 -7.29469e-06 -2.45469e-06 1.36406e-05 -1.59171e-05 -1.69628e-05 -8.96629e-06 -5.06348e-06 -1.27e-05 -1.75463e-05 -1.43447e-05 -1.55976e-05 -1.26683e-05 -1.79012e-05 -1.43447e-05 -1.11038e-05 -1.83862e-05 -1.43447e-05 -1.43447e-05 -1.44229e-05 -1.42205e-05 -1.29348e-05 -1.19302e-05 -1.68915e-05 -1.01353e-05 -4.22355e-06 -4.06847e-06 -9.35424e-06 -1.43447e-05 -1.31219e-05 -9.13079e-06 -3.78782e-06 -1.43447e-05
internal_weight=0 30526 13028 928 688 242 17498 9807 3504 1320 2184 8647 7691 5029 2662 8288 2855 2139 2174 446 12100 9594 7744 2506 2042 1850 1265 1277 1264 1097 1160 1074 1087 1220 523
internal_count=34030 30526 13028 928 688 242 17498 9807 3504 1320 2184 8647 7691 5029 2662 8288 2855 2139 2174 446 12100 9594 7744 2506 2042 1850 1265 1277 1264 1097 1160 1074 1087 1220 523
is_linear=0
shrinkage=1


Tree=1
num_leaves=32
num_cat=0
split_feature=1 6 1 3 1 3 25 6 1 1 3 24 10 9 17 24 3 1 25 3 1 7 17 27 20 25 5 8 1 3 1
split_gain=7.93759e-05 4.77777e-05 2.58028e-05 3.17793e-05 1.97763e-05 1.65061e-05 3.20402e-05 1.37177e-05 1.26723e-05 9.82278e-06 9.58507e-06 1.18892e-05 9.0179e-06 7.71349e-06 7.28047e-06 6.17141e-06 6.15256e-06 4.76628e-06 5.19105e-06 6.14336e-06 4.62555e-06 4.3864e-06 4.28643e-06 3.95241e-06 3.83631e-06 3.27512e-06 3.12765e-06 4.89636e-06 2.61059e-06 1.51392e-05 8.54052e-06
threshold=147.34266296582885 0.00095017242677241721 145.75745778979962 0.14350901411980035 143.18888694293969 0.063507391653601544 0.00028478343369044222 0.00057575811293870385 146.80162992857649 156.54445804660284 0.031575611973082125 0.0006431176965364312 0.045000000000001712 0.17150000000002311 -0.17518279783141136 0.00067607224490683743 -0.061950501466483836 156.14451779987132 0.0013057868803148904 0.086075149808834808 148.40480806178203 0.099000000000003766 0.73807221750716956 0.0091163884010404279 -9.4765164721634729 0.0032441803507884501 0.03450000000000842 1.2868066930115451e-05 152.30026215062409 0.01081033044268054 149.72803958764507
decision_type=2 2 2 2 2 2 2 2 2 2 2 2 2 2 2 2 2 2 2 2 2 2 2 2 2 2 2 2 2 2 2
left_child=1 4 3 13 15 6 7 28 10 20 14 -12 23 22 -6 16 -1 18 -7 -20 -9 -18 -3 -10 -8 -21 -26 -28 30 -30 -2
right_child=5 2 -4 -5 8 17 24 9 12 -11 11 -13 -14 -15 -16 -17 21 -19 19 25 -22 -23 -24 -25 26 -27 27 -29 29 -31 -32
leaf_value=0 0 1.1543238006444864e-05 0 0 0 0 0 0 3.6102779558243593e-06 0 2.6337934254221971e-06 0 0 0 -1.8509281781217736e-06 0 4.2678463704710768e-06 0 0 5.7132427689658614e-06 -3.9724887294109717e-06 0 0 0 0 0 0 -4.8985149288592672e-06 2.5102969156819541e-06 -1.1355684790895596e-06 -2.1095965357997422e-06
leaf_weight=403 4260 1026 483 86 2932 1063 114 763 1732 243 1790 625 109 11.999999999999998 4073 255 2292 210 136 537 1849 33 9.9999999999999982 30 733 32 103 3408 2306 556 1889
leaf_count=403 4260 1026 483 86 2932 1063 114 763 1732 243 1790 625 109 12 4073 255 2292 210 136 537 1849 33 10 30 733 32 103 3408 2306 556 1889
internal_value=0 1.58796e-06 6.77086e-06 9.26454e-06 7.90447e-07 -1.31269e-06 -1.68591e-06 -5.68633e-07 0 -2.3806e-06 -2.29624e-07 8.4388e-07 2.41426e-06 1.09613e-05 -1.02799e-06 2.9925e-06 3.43913e-06 2.31889e-07 1.57662e-06 3.58515e-06 -3.09489e-06 4.03218e-06 1.13243e-05 3.28542e-06 -4.03933e-06 5.06273e-06 -4.19141e-06 -4.69432e-06 0 7.53906e-07 -3.42781e-07
internal_weight=0 15891 1617 1134 14274 18202 16224 11866 11291 2855 9420 2415 1871 1048 7005 2983 2728 1978 1768 705 2612 2325 1036 1762 4358 569 4244 3511 9011 2862 6149
internal_count=34093 15891 1617 1134 14274 18202 16224 11866 11291 2855 9420 2415 1871 1048 7005 2983 2728 1978 1768 705 2612 2325 1036 1762 4358 569 4244 3511 9011 2862 6149
is_linear=0
shrinkage=0.03


Tree=2
num_leaves=28
num_cat=0
split_feature=1 2 5 2 2 5 1 22 22 6 17 22 24 2 1 26 17 10 10 22 7 25 1 2 17 22 1
split_gain=0.000111522 4.57958e-05 4.75068e-05 5.91845e-05 3.96183e-05 3.03916e-05 2.15765e-05 1.35777e-05 2.24142e-05 9.24203e-06 8.67279e-06 5.78551e-06 8.16129e-06 1.03655e-05 6.8304e-06 1.6174e-05 6.25313e-06 5.29208e-06 5.69626e-06 4.95139e-06 4.7279e-06 4.10253e-06 3.16949e-06 2.04708e-06 1.42876e-06 5.3985e-07 4.47807e-08
threshold=142.57584734173585 147.43713568194781 0.15649999999999412 144.52937660439019 145.86469682090788 0.13550000000000753 144.95626565648516 0.00054830487376490743 -2.7965760090930881e-05 0.00012668210717467238 -0.65868751950735749 0.0001138430409189842 0.00091771607213454775 147.25799465249705 146.80162992857649 0.00042291467018346426 0.012116119443213337 0.0024999999999977267 0.23949999999997831 0.00017647571204674038 0.00099999999999056421 -0.00066649658292880704 157.37160406235228 148.7421673642846 0.54271190197265062 0.0012354378071374754 146.73063724979218
decision_type=2 2 2 2 2 2 2 2 2 2 2 2 2 2 2 2 2 2 2 2 2 2 2 2 2 2 2
left_child=10 2 11 -4 6 7 -5 8 21 -10 -1 14 13 -13 15 -2 -16 -7 24 -6 -12 -3 23 -9 -19 -22 -14
right_child=1 5 3 4 19 17 -8 22 9 -11 20 12 26 -15 16 -17 -18 18 -20 -21 25 -23 -24 -25 -26 -27 -28
leaf_value=0 0 -9.3444863529336026e-07 0 0 0 0 2.6525154041042238e-05 0 0 -2.5346977825391956e-06 0 2.2586061532072216e-06 -3.1182023639864351e-07 0 0 -2.486220772712076e-06 3.9007621052203811e-06 -7.403923480059604e-06 0 5.4596432385879956e-06 8.775549882498171e-06 5.7981547997643764e-07 0 3.2136574598171214e-06 0 0 0
leaf_weight=31 4219 2481 390 96 203 180 226 269 408 7889 21 4262 414 388 1057 3114 477 1154 12.999999999999998 149 1415 4537 54 655 38 17 83
leaf_count=31 4219 2481 390 96 203 180 226 269 408 7889 21 4262 414 388 1057 3114 477 1154 13 149 1415 4537 54 655 38 17 83
internal_value=0 -3.4541e-07 7.42501e-07 6.92307e-06 1.24343e-05 -1.44301e-06 2.0831e-05 -8.60041e-07 -1.20387e-06 -2.25972e-06 8.06096e-06 5.89523e-08 9.92461e-07 1.63391e-06 -1.4463e-07 -8.00138e-07 1.03311e-06 -6.1329e-06 -6.86874e-06 0 8.46966e-06 0 1.45617e-06 2.30863e-06 -7.21061e-06 8.70386e-06 0
internal_weight=0 32756 15078 1064 674 17678 322 16293 15315 8297 1484 14014 5147 4650 8867 7333 1534 1385 1205 352 1453 7018 978 924 1192 1432 497
internal_count=34240 32756 15078 1064 674 17678 322 16293 15315 8297 1484 14014 5147 4650 8867 7333 1534 1385 1205 352 1453 7018 978 924 1192 1432 497
is_linear=0
shrinkage=0.03


Tree=3
num_leaves=39
num_cat=0
split_feature=2 6 2 10 1 2 1 21 2 21 21 2 26 21 26 5 29 21 1 26 29 7 21 2 1 2 2 21 29 6 2 13 10 8 7 21 8 1
split_gain=0.00010247 4.37715e-05 2.87103e-05 1.91071e-05 1.57214e-05 1.42584e-05 2.14966e-05 3.97952e-05 2.72688e-05 3.06708e-05 2.60576e-05 2.03315e-05 3.79465e-05 1.71725e-05 1.37867e-05 1.22262e-05 1.14594e-05 9.47325e-06 1.53169e-05 1.30664e-05 8.56934e-06 7.77068e-06 6.59332e-06 6.5593e-06 8.66649e-06 5.88717e-06 5.03674e-06 5.42354e-06 4.42669e-06 8.94833e-06 4.36098e-06 4.11556e-06 4.05407e-06 2.80824e-06 1.64345e-06 1.1597e-06 4.64938e-07 1.38372e-06
threshold=147.46504461079584 0.00095017242677241721 143.14255680623779 0.019999999999996024 146.85027693021974 149.78055214355075 151.08382149624055 0.01081033044268054 152.60879719655625 0.071604566709709175 0.062252253388805918 148.79346491485589 -0.012857299607301927 -0.069189252979157331 -0.068911604746175623 0.030999999999991704 0.012101081027570302 0.031575611973082125 146.49451479811776 -0.004476395257332527 -0.015038607939558945 0.0054999999999978408 0.043754346108585203 144.20070137101823 146.37232350853859 149.56077520848086 148.70069808721004 0.046293944264121485 -0.010959717559381141 0.00030972885260344732 156.2946397481343 -0.0011928776099750513 0.049499999999994777 0.00064129173890413698 0.099000000000003766 -0.10726687275879952 0.00050519150748714789 149.55576324874787
decision_type=2 2 2 2 2 2 2 2 2 2 2 2 2 2 2 2 2 2 2 2 2 2 2 2 2 2 2 2 2 2 2 2 2 2 2 2 2 2
left_child=1 2 16 -3 14 11 10 28 -9 -10 15 12 26 36 -5 -7 34 18 19 -4 -17 -16 33 -19 -25 31 27 -2 30 -30 -8 -15 -20 -14 35 -1 37 -13
right_child=5 3 17 4 -6 6 7 8 9 -11 -12 13 22 25 21 20 -18 23 32 -21 -22 -23 -24 24 -26 -27 -28 -29 29 -31 -32 -33 -34 -35 -36 -37 -38 -39
leaf_value=0 3.9593272000196934e-06 0 0 0 0 0 -2.06946251645206e-06 0 -7.5777148921281219e-06 0 0 -2.6220810591548121e-06 -3.8589334263735741e-06 0 0 0 0 0 1.9589825185066165e-06 -2.2932076508243184e-06 -9.3325245543266141e-06 1.2205960452681831e-05 0 4.1299003637125578e-06 0 0 0 0 0 2.5472893447524207e-06 0 4.1695576796626383e-06 0 0 0 4.9974395011995388e-06 0 0
leaf_weight=111 888 671 2807 27 128 206 928 610 1688 503 253 272 3484 42 17 338 626 840 2254 3944 1244 840 839 1293 859 723 47 137 1173 1848 382 1681 101 159 36 2092 86 21
leaf_count=111 888 671 2807 27 128 206 928 610 1688 503 253 272 3484 42 17 338 626 840 2254 3944 1244 840 839 1293 859 723 47 137 1173 1848 382 1681 101 159 36 2092 86 21
internal_value=0 1.7104e-06 9.53978e-07 6.65118e-06 9.51523e-06 -1.57469e-06 -2.46809e-06 -1.12354e-06 -3.99942e-06 -5.62551e-06 -5.69548e-06 -2.38531e-07 -1.57564e-06 1.3283e-06 1.0938e-05 -7.08095e-06 3.70913e-06 5.3422e-08 -1.48801e-07 -1.15352e-06 -7.97621e-06 1.17421e-05 -3.11259e-06 1.6713e-06 2.57408e-06 2.87563e-06 2.05158e-06 2.97022e-06 4.40261e-08 1.14204e-06 -1.98388e-07 3.84869e-06 1.45742e-06 -3.68074e-06 4.7126e-06 4.82106e-06 -7.43401e-07 -1.46297e-06
internal_weight=0 16646 14963 1683 1012 17552 9173 7132 2801 2191 2041 8379 5554 2825 884 1788 2865 12098 9106 6751 1582 857 4482 2992 2152 2446 1072 1025 4331 3021 1310 1723 2355 3643 2239 2203 379 293
internal_count=34198 16646 14963 1683 1012 17552 9173 7132 2801 2191 2041 8379 5554 2825 884 1788 2865 12098 9106 6751 1582 857 4482 2992 2152 2446 1072 1025 4331 3021 1310 1723 2355 3643 2239 2203 379 293
is_linear=0
shrinkage=0.03


Tree=4
num_leaves=33
num_cat=0
split_feature=2 5 2 2 2 4 3 2 5 2 29 2 3 4 29 26 2 14 0 4 29 0 29 3 20 2 7 0 2 2 2 2
split_gain=6.91733e-05 4.82707e-05 5.13481e-05 4.88561e-05 3.25884e-05 7.29125e-05 4.17138e-05 2.88535e-05 2.19221e-05 1.82322e-05 1.80465e-05 1.74782e-05 1.44685e-05 1.34381e-05 1.18682e-05 1.16284e-05 1.37071e-05 1.13029e-05 1.05466e-05 1.03144e-05 1.58384e-05 9.48101e-06 8.47323e-06 6.4103e-06 4.36156e-06 4.2908e-06 4.13597e-06 3.35334e-06 2.69392e-06 6.37798e-06 5.29399e-09 6.67242e-08
threshold=149.68598405982715 0.16400000000000151 145.86469682090788 144.4270665892698 151.05992245183924 0.021685773936105452 0.011313086310053679 143.14255680623779 0.04000000000000626 148.79346491485589 0.00012675148378756649 151.95132887584055 -0.069189252979157331 0.12706310484548419 -0.054702536309999092 -0.016394217457966279 152.60879719655625 0.0005992602236998269 82.029982818162921 -0.014750244879061944 -0.01227072458490561 82.87476983397552 0.032290941542491208 -0.0032637380910074394 14.4300491026603 143.19781421060244 0.087000000000003311 17.910380489432047 151.72595120246663 156.2946397481343 150.64866593257568 149.71836014707938
decision_type=2 2 2 2 2 2 2 2 2 2 2 2 2 2 2 2 2 2 2 2 2 2 2 2 2 2 2 2 2 2 2 2
left_child=1 7 3 25 5 8 15 10 -2 19 14 -8 -11 18 -1 28 -17 -18 -13 20 -9 -5 24 -21 -10 -3 -14 -16 -6 -30 31 -7
right_child=4 2 -4 21 6 30 11 9 22 12 -12 13 26 -15 27 16 17 -19 -20 23 -22 -23 -24 -25 -26 -27 -28 -29 29 -31 -32 -33
leaf_value=0 0 4.1291101453577916e-06 0 2.3745508266633409e-05 0 0 0 0 -1.1931867782643276e-05 0 0 -5.8741212714525079e-06 4.0920459231515535e-06 0 0 0 3.9997445473112024e-06 0 0 1.6869341979887921e-06 -2.2284569022158838e-06 0 0 0 0 0 0 6.5660676276515794e-06 -3.797929687189072e-06 0 0 3.1091585147120037e-07
leaf_weight=12.999999999999998 355 226 658 281 38 61 306 1629 1155 302 1513 2160 1911 103 52 893 2198 416 170 2044 4960 10.999999999999998 9.9999999999999982 9260 25 197 120 1420 580 241 119 670
leaf_count=13 355 226 658 281 38 61 306 1629 1155 302 1513 2160 1911 103 52 893 2198 416 170 2044 4960 11 10 9260 25 197 120 1420 580 241 119 670
internal_value=0 9.43493e-07 6.60977e-06 1.21842e-05 -2.0614e-06 -5.31243e-06 -5.43019e-07 4.79195e-07 -9.28456e-06 0 3.23093e-06 -3.68658e-06 2.55756e-06 -4.66518e-06 5.65727e-06 7.42232e-07 1.90003e-06 3.09219e-06 -5.2835e-06 -2.52995e-07 -1.25505e-06 2.26599e-05 -1.13349e-05 6.57408e-08 -1.16632e-05 0 3.73141e-06 6.28818e-06 -4.92621e-07 -1.79032e-06 0 8.07059e-08
internal_weight=0 24597 1373 715 9500 2395 7105 23224 1545 20226 2998 2739 2333 2433 1485 4366 3507 2614 2330 17893 6589 292 1190 11304 1180 423 2031 1472 859 821 850 731
internal_count=34097 24597 1373 715 9500 2395 7105 23224 1545 20226 2998 2739 2333 2433 1485 4366 3507 2614 2330 17893 6589 292 1190 11304 1180 423 2031 1472 859 821 850 731
is_linear=0
shrinkage=0.03


Tree=5
num_leaves=29
num_cat=0
split_feature=1 2 5 5 2 2 20 2 4 0 29 2 22 2 22 22 17 4 15 4 0 0 13 29 4 7 22 20
split_gain=7.82443e-05 4.24185e-05 3.34253e-05 3.32279e-05 4.2666e-05 0.000129479 3.21047e-05 2.60851e-05 2.84407e-05 1.89626e-05 1.72393e-05 1.40129e-05 1.4599e-05 1.37114e-05 1.01025e-05 1.22381e-05 9.9715e-06 8.08551e-06 7.48239e-06 6.06562e-06 8.00861e-06 4.84485e-06 4.01018e-06 2.41361e-06 2.2689e-06 1.15369e-06 1.05558e-06 1.5664e-07
threshold=142.57584734173585 149.56077520848086 0.12149999999999751 0.15649999999999412 144.52937660439019 145.86469682090788 -13.739102420634323 151.42269471882662 0.026658599190774561 35.201234486966619 0.022794027154524901 148.79346491485589 -0.00046807693385150323 147.55622515032002 7.2690345531559972e-05 0.0004204682035027013 -0.21933747147696597 0.032667751549748193 -0.0013763970983479699 -0.048789608136874711 78.242647269260274 17.910380489432047 0.0012396408284376383 -0.042886946526178173 0.13533121061319517 0.00099999999999056421 0.00017647571204674038 -17.600923951296895
decision_type=2 2 2 2 2 2 2 2 2 2 2 2 2 2 2 2 2 2 2 2 2 2 2 2 2 2 2 2
left_child=10 3 7 11 -5 6 -6 8 9 -3 21 13 -13 17 18 -16 -15 -2 -9 -4 24 -1 -14 -23 -21 -25 -7 -27
right_child=1 2 19 4 5 26 -8 14 -10 -11 -12 12 22 16 15 -17 -18 -19 -20 20 -22 23 -24 25 -26 27 -28 -29
leaf_value=0 -1.3731510201935667e-07 0 0 0 0 0 2.7353310618645223e-05 0 0 -7.4028693810586923e-06 0 0 4.224320691008938e-06 0 -2.8406172672437367e-06 0 -2.5036418981481285e-06 1.4106013713753748e-06 1.8840911756786787e-06 -1.0260341298842998e-05 0 0 0 0 0 0 2.0710024080176424e-06 8.58473371780205e-06
leaf_weight=37 11162 494 327 386 14.999999999999998 494 288 492 813 1354 171 262 1588 1150 1928 564 3559 3559 3177 718 44 13.999999999999998 39 24 18 11.999999999999998 221 1231
leaf_count=37 11162 494 327 386 15 494 288 492 813 1354 171 262 1588 1150 1928 564 3559 3559 3177 718 44 14 39 24 18 12 221 1231
internal_value=0 -2.97424e-07 -1.98028e-06 3.05918e-07 4.77562e-06 8.31576e-06 2.48198e-05 -9.57606e-07 -3.44392e-06 -5.56096e-06 6.73337e-06 0 2.47756e-06 -2.28361e-07 0 -1.35065e-06 -1.68286e-06 3.31662e-08 1.11296e-06 -7.41732e-06 -9.22285e-06 7.93636e-06 3.89867e-06 8.25875e-06 -9.99645e-06 8.40679e-06 0 8.53657e-06
internal_weight=0 32652 9929 22723 1404 1018 303 8822 2661 1848 1489 21319 1889 19430 6161 2492 4709 14721 3669 1107 780 1318 1627 1281 736 1267 715 1243
internal_count=34141 32652 9929 22723 1404 1018 303 8822 2661 1848 1489 21319 1889 19430 6161 2492 4709 14721 3669 1107 780 1318 1627 1281 736 1267 715 1243
is_linear=0
shrinkage=0.03


Tree=6
num_leaves=38
num_cat=0
split_feature=2 6 2 1 2 1 4 22 6 2 22 2 29 15 6 0 1 4 22 0 6 0 1 29 1 2 12 2 2 4 10 1 30 4 4 2 2
split_gain=6.57966e-05 2.83534e-05 2.50039e-05 5.31893e-05 3.01863e-05 2.35788e-05 6.99935e-05 3.06027e-05 2.05435e-05 2.00734e-05 1.60318e-05 1.3637e-05 1.53785e-05 1.27204e-05 1.05756e-05 1.2063e-05 1.6682e-05 1.17905e-05 9.60395e-06 1.23963e-05 8.32715e-06 8.11199e-06 6.77363e-06 5.69653e-06 6.9547e-06 8.78603e-06 5.45202e-06 4.86672e-06 4.5833e-06 9.69334e-06 2.05938e-06 4.825e-06 7.62532e-07 5.50478e-07 1.63777e-07 1.49203e-07 9.81903e-07
threshold=149.65457187759804 0.0010005837016361446 146.17929721893657 144.99319287500825 145.82391302692204 151.08382149624055 0.021685773936105452 7.2690345531559972e-05 0.00021703136116202123 151.95132887584055 0.0005640821644777419 143.31150678451331 0.0012190697277265536 -0.0010731426701122147 0.00052919324783041284 40.866153342550668 148.11763197722647 -0.021042384578353453 -0.00026358925294005692 34.987256639184658 0.00016912518410157711 80.272601607462661 145.26107867974108 -0.013974510383483863 152.30026215062409 157.80314511368513 0.00061061736116407872 148.17899892214561 143.37813261774127 0.1459173778298081 0.0030000000000001141 151.64225751726522 1.0000000180025095e-35 -0.1528675007770057 0.015263329516670669 150.64866593257568 149.71836014707938
decision_type=2 2 2 2 2 2 2 2 2 2 2 2 2 2 2 2 2 2 2 2 2 2 2 2 2 2 2 2 2 2 2 2 2 2 2 2 2
left_child=1 11 3 28 21 6 8 23 -2 -9 20 12 13 -1 17 34 -17 27 32 -20 -11 -5 -19 30 -25 -26 -15 -13 29 -3 -7 -32 -10 -30 -16 36 -8
right_child=5 2 -4 4 -6 7 35 9 18 10 -12 14 -14 26 15 16 -18 22 19 -21 -22 -23 -24 24 25 -27 -28 -29 33 -31 31 -33 -34 -35 -36 -37 -38
leaf_value=0 0 6.1429327954646498e-06 0 2.6047253502462531e-05 0 0 0 0 0 0 0 -1.2849238215476681e-06 0 6.2089802531932891e-06 3.0215445466316512e-07 -3.3694231398097792e-06 0 0 0 -1.4071211741271536e-05 -6.0559622164907805e-06 0 1.6448101529778658e-06 0 2.9783871453379628e-06 0 0 0 0 0 0 -2.7368042301251844e-06 -1.3953099456828445e-06 -1.1674524114059343e-06 0 0 1.2239912539647347e-06
leaf_weight=508 239 340 795 210 119 173 110 326 149 156 344 3139 1568 1170 1614 2835 813 2900 107 823 1929 9.9999999999999982 7060 719 2211 360 29 664 26 28 37 827 352 363 229 120 679
leaf_count=508 239 340 795 210 119 173 110 326 149 156 344 3139 1568 1170 1614 2835 813 2900 107 823 1929 10 7060 719 2211 360 29 664 26 28 37 827 352 363 229 120 679
internal_value=0 7.8662e-07 4.4806e-06 7.42661e-06 1.78644e-05 -2.13662e-06 -4.89346e-06 -7.08831e-07 -8.6421e-06 -3.34192e-06 -4.48366e-06 3.4331e-07 2.13487e-06 4.10472e-06 0 -1.07287e-06 -2.16983e-06 4.81962e-07 -1.00036e-05 -1.27766e-05 -5.50797e-06 2.47907e-05 1.14266e-06 2.74609e-07 1.2871e-06 2.13398e-06 5.79039e-06 -4.59581e-07 0 3.34574e-06 -4.51298e-08 -1.46506e-06 0 0 0 0 4.12415e-07
internal_weight=0 24420 1891 1096 339 9661 2579 7082 1670 2755 2429 22529 3275 1707 19254 5491 3648 13763 1431 930 2085 220 9960 4327 3290 2571 1199 3803 757 368 1037 864 501 389 1843 909 789
internal_count=34081 24420 1891 1096 339 9661 2579 7082 1670 2755 2429 22529 3275 1707 19254 5491 3648 13763 1431 930 2085 220 9960 4327 3290 2571 1199 3803 757 368 1037 864 501 389 1843 909 789
is_linear=0
shrinkage=0.03


Tree=7
num_leaves=33
num_cat=0
split_feature=2 6 0 0 29 6 20 2 26 2 22 24 25 2 22 2 0 6 0 3 22 25 0 2 2 26 29 2 6 3 2 29
split_gain=8.22096e-05 9.10131e-05 3.97203e-05 2.46268e-05 2.46415e-05 2.18488e-05 2.31157e-05 1.31863e-05 1.48818e-05 1.30067e-05 1.00209e-05 2.21457e-05 6.63055e-06 6.17698e-06 1.40841e-05 6.45079e-06 5.25824e-06 4.97862e-06 8.40272e-06 1.27643e-05 7.53805e-06 5.95977e-06 4.2263e-06 4.10828e-06 8.2539e-06 3.61453e-06 3.38474e-06 4.77919e-06 3.69274e-06 2.52709e-06 1.42908e-06 1.90994e-07
threshold=147.46504461079584 0.0010005837016361446 31.641107005373566 78.242647269260274 -0.039691068462380234 0.00074530533949326188 -5.2973407787098337 143.26603706533533 0.002766268529471459 147.43713568194781 0.00040415780245608079 0.00016114207346145791 0.00090280319647121721 152.19253520283795 7.2690345531559972e-05 148.58474391594999 76.663050518831639 0.00054321973127749456 40.661925076431181 0.081314247663598863 5.9737863269544019e-05 0.0011608562109356039 82.029982818162921 156.52621766921882 149.23040629407271 -0.057914993519553148 -0.0033308248455972541 156.00756464303637 0.00025664420377723049 -0.055564261450570022 146.48987071999068 -0.047490252805294765
decision_type=2 2 2 2 2 2 2 2 2 2 2 2 2 2 2 2 2 2 2 2 2 2 2 2 2 2 2 2 2 2 2 2
left_child=1 7 -3 4 -4 10 -7 8 25 -6 11 13 22 15 -15 -2 23 20 31 -20 30 -22 -13 24 -8 -1 -12 28 -28 -27 -9 -19
right_child=5 2 3 -5 9 6 16 17 -10 -11 26 12 -14 14 -16 -17 -18 18 19 -21 21 -23 -24 -25 -26 29 27 -29 -30 -31 -32 -33
leaf_value=0 0 0 0 0 1.4432774985880474e-05 0 0 -4.5596539695053487e-07 0 0 0 -3.5858067883334304e-06 0 2.4362011692616239e-06 -6.1938245472045387e-07 -1.6507705535419871e-06 0 0 -3.3366101016472082e-06 0 2.1731299966852733e-06 0 0 0 -9.7703382619949673e-06 0 0 0 3.2915213775033456e-06 5.0943218158460713e-06 6.1593909268987566e-07 3.9793892142616274e-07
leaf_weight=12.999999999999998 2639 264 36 102 996 646 613 3758 1431 9.9999999999999982 335 3559 378 2373 761 3545 88 59 1859 429 3171 371 121 148 857 297 158 135 1036 1455 1330 1085
leaf_count=13 2639 264 36 102 996 646 613 3758 1431 10 335 3559 378 2373 761 3545 88 59 1859 429 3171 371 121 148 857 297 158 135 1036 1455 1330 1085
internal_value=0 1.56563e-06 9.06648e-06 1.15064e-05 1.29078e-05 -1.38028e-06 -4.38304e-06 6.76572e-07 2.42853e-06 1.39501e-05 -7.11105e-07 -1.09592e-06 -2.97817e-06 0 7.37171e-07 -7.89609e-07 -6.21889e-06 0 -6.93621e-07 -2.00653e-06 5.72566e-07 1.64736e-06 -3.37666e-06 -6.6107e-06 -7.11436e-06 4.27369e-06 5.79281e-07 1.64664e-06 2.57269e-06 4.50068e-06 0 0
internal_weight=0 16666 1408 1144 1042 17392 2352 15258 3196 1006 15040 13376 4058 9318 3134 6184 1706 12062 3432 2288 8630 3542 3680 1618 1470 1765 1664 1329 1194 1752 5088 1144
internal_count=34058 16666 1408 1144 1042 17392 2352 15258 3196 1006 15040 13376 4058 9318 3134 6184 1706 12062 3432 2288 8630 3542 3680 1618 1470 1765 1664 1329 1194 1752 5088 1144
is_linear=0
shrinkage=0.03


Tree=8
num_leaves=35
num_cat=0
split_feature=2 2 25 1 3 2 6 2 6 22 2 29 3 6 6 2 22 29 24 29 10 0 14 3 0 7 29 2 3 2 6 1 7 2
split_gain=4.91597e-05 2.69802e-05 1.4343e-05 1.06138e-05 1.85577e-05 1.23979e-05 1.28805e-05 3.13173e-05 1.83006e-05 1.04718e-05 9.97498e-06 1.13891e-05 1.09266e-05 9.34045e-06 8.84883e-06 8.5132e-06 8.34552e-06 8.67692e-06 5.33645e-06 4.20246e-06 3.44978e-06 3.2229e-06 2.99906e-06 2.82833e-06 2.57548e-06 2.41825e-06 1.43348e-06 1.21871e-06 1.08692e-06 8.21377e-07 6.63165e-07 7.48836e-07 3.82371e-07 2.09953e-07
threshold=143.26603706533533 149.56077520848086 -8.3108583731419217e-05 148.78853730862383 -0.067568051322481879 148.63078797780682 0.0010629162945603274 144.65852942401722 0.000583294892817392 0.00038061052512380493 152.19253520283795 -0.011807968707798827 0.0069942477075954921 0.0001197474407445469 0.00057575811293870385 149.65457187759804 0.0011195192864075787 -0.054702536309999092 0.00072749242663988579 0.066295626834333266 0.0050000000000096642 17.04285839343569 0.00092153484439549971 -0.0014581946026765988 18.849611272580997 0.0019999999999953393 0.035350797371753999 156.00756464303637 -0.088907911457198438 156.2946397481343 0.000532792140227039 143.18888694293969 0.0030000000000001141 149.71836014707938
decision_type=2 2 2 2 2 2 2 2 2 2 2 2 2 2 2 2 2 2 2 2 2 2 2 2 2 2 2 2 2 2 2 2 2 2
left_child=14 3 10 5 28 6 8 -8 -2 13 20 29 -13 -4 23 -15 17 -16 24 32 -3 -7 -23 -1 -6 -22 30 33 -5 -12 31 -25 -19 -11
right_child=1 2 9 4 18 21 7 -9 -10 27 11 12 -14 15 16 -17 -18 19 -20 -21 25 22 -24 26 -26 -27 -28 -29 -30 -31 -32 -33 -34 -35
leaf_value=0 1.4578643188646784e-07 0 0 0 0 0 0 6.7073558929675124e-06 -2.0994825435254237e-06 0 -1.0579282772047614e-06 3.8037021755608756e-06 0 0 0 -4.2016511317962904e-06 0 0 0 0 0 -5.8829561304704084e-06 0 2.4386301017596201e-06 4.6774662783169245e-06 -3.2623163587617955e-06 0 -2.0643240158219581e-06 -2.9889176207377672e-06 0 0 0 7.2234423996692055e-06 4.9656696634311363e-07
leaf_weight=1125 12975 518 186 177 18 10.999999999999998 290 871 3803 82 660 1457 184 93 23 4001 53 25 185 13.999999999999998 60 490 44 886 1515 1245 19 253 109 334 78 54 1218 833
leaf_count=1125 12975 518 186 177 18 11 290 871 3803 82 660 1457 184 93 23 4001 53 25 185 14 60 490 44 886 1515 1245 19 253 109 334 78 54 1218 833
internal_value=0 -5.11694e-07 -1.80401e-06 0 2.15796e-06 -1.08569e-07 0 3.08049e-06 -1.84387e-07 -2.87863e-06 0 6.16973e-07 2.61831e-06 -3.57063e-06 3.22405e-06 -3.92194e-06 5.75285e-06 6.35065e-06 3.89239e-06 6.87594e-06 -2.09119e-06 -4.56665e-06 -5.1682e-06 2.76653e-07 4.48446e-06 -2.91315e-06 1.61648e-06 0 0 0 1.98204e-06 2.21108e-06 7.13108e-06 1.34515e-07
internal_weight=0 30394 9906 20488 2004 18484 17939 1161 16778 5448 4458 2635 1641 4280 3495 4094 1333 1280 1718 1257 1823 545 534 2162 1533 1305 1037 1168 286 994 1018 940 1243 915
internal_count=33889 30394 9906 20488 2004 18484 17939 1161 16778 5448 4458 2635 1641 4280 3495 4094 1333 1280 1718 1257 1823 545 534 2162 1533 1305 1037 1168 286 994 1018 940 1243 915
is_linear=0
shrinkage=0.03


Tree=9
num_leaves=39
num_cat=0
split_feature=1 6 1 1 17 4 22 4 0 1 1 29 4 25 1 25 22 26 1 1 1 29 4 17 4 29 1 20 1 6 16 0 22 4 1 1 0 1
split_gain=5.85333e-05 5.98281e-05 3.08051e-05 3.10127e-05 2.67063e-05 2.18749e-05 1.36689e-05 3.27915e-05 1.05657e-05 9.96489e-06 9.09579e-06 9.93844e-06 8.1679e-06 9.4671e-06 9.27505e-06 2.03304e-05 7.27145e-06 1.54112e-05 1.33786e-05 1.07777e-05 1.40413e-05 1.11135e-05 1.00649e-05 8.60755e-06 6.49392e-06 5.7983e-06 1.06789e-05 5.54401e-06 4.83411e-06 6.25856e-06 4.64277e-06 4.55007e-06 4.20303e-06 3.74876e-06 3.41835e-06 3.4501e-06 6.96711e-07 1.74782e-07
threshold=147.34266296582885 0.0011142193857929497 146.37232350853859 144.99319287500825 -0.30015209586117236 0.048824579878593226 -3.4199956515751908e-05 0.032667751549748193 35.714272942899747 156.14451779987132 143.43816109900456 -0.039691068462380234 -0.021042384578353453 -0.0010624128461239302 148.18230380045856 -0.00135808883786371 0.00021730731625020004 0.011847343778448592 146.30556487635582 146.80162992857649 143.13564704205325 -0.006974280363076393 0.0049432701310154073 -0.48747142960933809 -0.02436359518016451 -0.014254667208135568 148.90537925946833 9.0137166983621402 147.45910203538318 0.00017250692044530676 0.00058790964751873228 52.123854559408016 -8.2725080836066253e-05 -0.027907835088613654 148.24452878743992 150.65279026947951 39.641423207570078 147.75441278332622
decision_type=2 2 2 2 2 2 2 2 2 2 2 2 2 2 2 2 2 2 2 2 2 2 2 2 2 2 2 2 2 2 2 2 2 2 2 2 2 2
left_child=1 16 3 10 -5 -6 12 8 -8 34 11 -3 14 -14 15 -2 19 18 27 20 31 -22 23 -21 -17 26 -16 -18 -10 -30 32 -1 -15 -27 37 -36 -11 -9
right_child=6 2 -4 4 5 -7 7 9 28 36 -12 -13 13 30 25 24 17 -19 -20 22 21 -23 -24 -25 -26 33 -28 -29 29 -31 -32 -33 -34 -35 35 -37 -38 -39
leaf_value=2.4497876850545743e-06 0 0 0 0 0 4.5818965594382739e-05 0 0 0 0 0 7.8969088292733946e-06 0 3.7554048498641555e-06 0 -6.4989632749555738e-06 4.9114027787916588e-06 0 0 0 0 -1.9000254952431436e-06 0 5.3573138086216108e-06 0 1.2738687007096808e-06 -3.8673587886811843e-06 0 0 -4.1919835684838341e-06 0 0 0 0 2.1724132553986015e-06 0 -3.9779547806580181e-06 -5.3749069510453642e-07
leaf_weight=1621 160 34 168 69 151 84 269 476 365 47 262 276 207 1443 129 851 1846 1293 437 162 2605 4718 344 922 78 2558 939 79 654 4699 69 713 946 451 1718 1101 484 544
leaf_count=1621 160 34 168 69 151 84 269 476 365 47 262 276 207 1443 129 851 1846 1293 437 162 2605 4718 344 922 78 2558 939 79 654 4699 69 713 946 451 1718 1101 484 544
internal_value=0 1.41051e-06 8.6499e-06 1.09906e-05 2.09522e-05 2.58782e-05 -1.08155e-06 -1.80053e-06 -3.24608e-06 0 4.42426e-07 5.16967e-06 0 1.2059e-06 -8.20117e-07 -3.29413e-06 6.93964e-07 1.93171e-06 3.41244e-06 1.51542e-08 -5.68393e-08 -9.79902e-07 2.60197e-06 4.15576e-06 -5.69248e-06 0 -2.0386e-06 4.5322e-06 -3.56308e-06 -3.79128e-06 2.24551e-06 1.55382e-06 2.63375e-06 5.08412e-07 7.08744e-07 1.33236e-06 -3.63938e-06 0
internal_weight=0 15784 1044 876 304 235 18188 10357 5987 4370 572 310 7831 2665 5166 1089 14740 3655 2362 11085 9657 7323 1428 1084 929 4077 1068 1925 5718 5353 2458 2334 2389 3009 3839 2819 531 1020
internal_count=33972 15784 1044 876 304 235 18188 10357 5987 4370 572 310 7831 2665 5166 1089 14740 3655 2362 11085 9657 7323 1428 1084 929 4077 1068 1925 5718 5353 2458 2334 2389 3009 3839 2819 531 1020
is_linear=0
shrinkage=0.03


Tree=10
num_leaves=30
num_cat=0
split_feature=1 2 2 4 4 2 2 6 22 29 3 6 2 26 1 4 26 2 14 4 4 2 3 3 29 29 2 2 29
split_gain=4.66152e-05 3.18895e-05 3.19674e-05 5.40331e-05 3.04294e-05 2.53531e-05 6.13104e-05 2.75061e-05 1.87514e-05 2.07265e-05 1.86032e-05 1.80342e-05 1.57289e-05 1.54159e-05 1.55163e-05 1.12888e-05 1.00858e-05 1.14242e-05 1.37295e-05 9.56696e-06 7.82344e-06 7.13154e-06 6.82725e-06 5.45191e-06 5.03496e-06 5.66818e-06 4.03709e-06 3.09232e-06 8.10057e-07
threshold=142.57584734173585 149.68598405982715 151.05992245183924 0.021685773936105452 0.032030569382581607 144.20070137101823 146.24000978702472 0.00076953320000567227 7.2690345531559972e-05 0.0096091228653294239 0.083595918362021862 0.00032724198603573091 143.31150678451331 -0.019973286934880128 152.30026215062409 -0.045986231884374694 -0.011259023743639858 148.79346491485589 0.0014197744573398732 0.045471253641383179 -0.059062439182489802 142.7841773155406 -0.0019414104100974325 -0.054499073555163584 0.022794027154524901 -0.047490252805294765 155.39872701317938 148.17899892214561 0.0085073457971538684
decision_type=2 2 2 2 2 2 2 2 2 2 2 2 2 2 2 2 2 2 2 2 2 2 2 2 2 2 2 2 2
left_child=24 4 3 11 16 12 7 -7 13 10 -10 -3 21 26 -15 -13 22 18 -18 -14 -19 -6 23 -2 25 -1 -4 -8 -27
right_child=1 2 8 -5 5 6 27 -9 9 -11 -12 15 19 14 -16 -17 17 20 -20 -21 -22 -23 -24 -25 -26 28 -28 -29 -30
leaf_value=0 0 0 0 0 0 2.7869320849591198e-06 0 1.9472824053787947e-05 -5.9694900455489802e-06 0 0 0 0 0 3.0226523525559359e-06 -1.3565673710314705e-05 -1.4824148581040611e-06 0 1.6020549286299755e-06 -5.8609497114208683e-06 2.9621426789033992e-06 4.4607643750608726e-06 0 2.8916768232186845e-06 0 7.1181350592597519e-06 -4.2808274086488171e-06 1.5413186824357969e-06 0
leaf_weight=14.999999999999998 1555 564 321 860 185 1118 1812 326 1440 1132 174 318 190 788 2862 708 11635 304 555 609 981 414 495 1735 177 1016 355 1171 277
leaf_count=15 1555 564 321 860 185 1118 1812 326 1440 1132 174 318 190 788 2862 708 11635 304 555 609 981 414 495 1735 177 1016 355 1171 277
internal_value=0 -1.57775e-07 -1.67908e-06 -4.75316e-06 3.39796e-07 2.25948e-06 3.44542e-06 8.63625e-06 -1.89661e-07 -2.40873e-06 -4.62861e-06 -8.08602e-06 0 5.25647e-07 1.82724e-06 -1.08222e-05 -1.34308e-07 -6.63253e-07 -1.09583e-06 -3.92655e-06 1.10544e-06 1.74692e-06 9.5613e-07 1.70853e-06 5.26267e-06 5.90806e-06 -2.06378e-06 0 6.26529e-06
internal_weight=0 32607 9522 2450 23085 5825 4427 1444 7072 2746 1614 1590 1398 4326 3650 1026 17260 13475 12190 799 1285 599 3785 3290 1485 1308 676 2983 1293
internal_count=34092 32607 9522 2450 23085 5825 4427 1444 7072 2746 1614 1590 1398 4326 3650 1026 17260 13475 12190 799 1285 599 3785 3290 1485 1308 676 2983 1293
is_linear=0
shrinkage=0.03


Tree=11
num_leaves=31
num_cat=0
split_feature=2 2 22 5 1 2 20 22 2 5 2 15 25 2 6 3 2 24 8 10 20 3 7 1 6 12 7 22 2 2
split_gain=4.85036e-05 2.89503e-05 2.09873e-05 1.92182e-05 2.71592e-05 9.12201e-05 3.1975e-05 1.83769e-05 1.76736e-05 1.94073e-05 1.34211e-05 1.61958e-05 1.31995e-05 1.02003e-05 1.01113e-05 7.64738e-06 7.08747e-06 6.79909e-06 6.04432e-06 5.75835e-06 5.16443e-06 4.01541e-06 3.86839e-06 2.83296e-06 1.81796e-06 1.63752e-06 1.09686e-06 6.55894e-07 1.35819e-08 2.45434e-07
threshold=143.26603706533533 149.68598405982715 -6.5914654667913663e-05 0.16400000000000151 144.95626565648516 145.86469682090788 -13.739102420634323 0.00044994292477433713 148.79346491485589 0.083999999999988986 152.19253520283795 -0.0016676785080162457 -0.00080263289522356993 147.96143262062546 0.00012668210717467238 0.16545591684067065 148.58474391594999 0.00017601665952462106 6.5066919713271933e-06 0.0074999999999931797 10.849066122200488 -0.091295026775739516 0.093000000000003538 156.29598224988806 0.0001823819089131021 0.00097389105389411601 0.00099999999999056421 -0.00047887633354717132 157.16986240761523 149.71836014707938
decision_type=2 2 2 2 2 2 2 2 2 2 2 2 2 2 2 2 2 2 2 2 2 2 2 2 2 2 2 2 2 2
left_child=15 3 10 8 -5 6 -6 14 9 16 19 23 -10 -11 -4 20 -2 -13 -16 -3 24 -21 -14 -12 -1 26 -26 -7 29 -9
right_child=1 2 7 4 5 27 -8 28 12 13 11 17 22 -15 18 -17 -18 -19 -20 21 -22 -23 -24 -25 25 -27 -28 -29 -30 -31
leaf_value=0 3.0481004497694106e-07 0 0 0 0 0 2.8261556423080526e-05 0 0 -2.780836665112298e-06 -2.908022821359632e-06 3.9385672825806127e-06 3.9212948678985209e-06 0 0 0 -3.2803559089915665e-06 0 -4.2670438376214016e-06 0 0 -4.5493220542675916e-06 0 0 0 0 4.3359389465414852e-06 1.169627813924792e-06 0 5.5219865770850948e-07
leaf_weight=251 12656 508 243 276 11.999999999999998 200 191 17 346 3827 301 1602 1841 559 119 65 483 358 4381 152 167 807 87 126 37 24 2935 431 106 764
leaf_count=251 12656 508 243 276 12 200 191 17 346 3827 301 1602 1841 559 119 65 483 358 4381 152 167 807 87 126 37 24 2935 431 106 764
internal_value=0 -3.66947e-07 -1.77283e-06 1.27291e-07 3.98502e-06 7.10095e-06 2.47023e-05 -2.9409e-06 0 -4.10374e-07 0 1.32049e-06 2.38656e-06 -2.15748e-06 -3.70849e-06 3.37189e-06 0 3.09167e-06 -4.06417e-06 -2.32253e-06 3.68806e-06 -3.69477e-06 3.58853e-06 0 3.96642e-06 4.1948e-06 4.27016e-06 0 0 1.25065e-07
internal_weight=0 30393 9484 20909 1110 834 203 5630 19799 17525 3854 2387 2274 4386 4743 3479 13139 1960 4500 1467 3414 959 1928 427 3247 2996 2972 631 887 781
internal_count=33872 30393 9484 20909 1110 834 203 5630 19799 17525 3854 2387 2274 4386 4743 3479 13139 1960 4500 1467 3414 959 1928 427 3247 2996 2972 631 887 781
is_linear=0
shrinkage=0.03


Tree=12
num_leaves=41
num_cat=0
split_feature=2 5 22 2 6 4 4 2 26 2 2 4 29 4 4 2 4 2 4 22 4 29 26 4 24 22 3 14 24 2 29 2 26 2 26 5 2 2 4 22
split_gain=6.03237e-05 5.70999e-05 4.03095e-05 5.40767e-05 2.64555e-05 2.61124e-05 3.45272e-05 1.99085e-05 1.65513e-05 1.52438e-05 1.78107e-05 2.24326e-05 1.83925e-05 2.24296e-05 9.35584e-06 2.30468e-05 8.63392e-06 7.91346e-06 8.11588e-06 9.17781e-06 7.70059e-06 1.80449e-05 7.08733e-06 7.22614e-06 6.49623e-06 1.15037e-05 6.34925e-06 4.9092e-06 6.60068e-06 2.18064e-06 1.44023e-06 1.37574e-06 4.82e-06 6.04792e-06 1.53642e-06 1.95502e-06 1.28485e-06 1.1367e-06 9.24596e-07 6.48129e-07
threshold=147.46504461079584 0.15649999999999412 0.00027917755461472792 144.49765388526976 0.00056087973674805419 0.19942277483113835 0.048824579878593226 143.14255680623779 0.0029060027029504773 156.52621766921882 155.50468168681269 -0.10598730488353257 0.0020765896891578243 0.069408409084347186 -0.12002765980379002 145.82391302692204 0.11264149699152373 146.48987071999068 0.013888906573408445 -0.00096281976236099168 -0.012812764745453389 -0.0017216814233470001 -0.057914993519553148 -0.10156076083810205 1.6879022605694764e-05 0.0004204682035027013 -0.042147712106341821 0.00086700422767460605 0.00014299860567923295 146.24000978702472 0.020272698201181837 152.19253520283795 -0.014936262724314244 157.80314511368513 -0.011259023743639858 0.023999999999986702 149.93574123662833 157.16986240761523 0.006790604299191135 0.00048376745322489015
decision_type=2 2 2 2 2 2 2 2 2 2 2 2 2 2 2 2 2 2 2 2 2 2 2 2 2 2 2 2 2 2 2 2 2 2 2 2 2 2 2 2
left_child=1 7 14 -4 24 6 -5 8 22 10 12 -12 26 -14 15 -3 -13 20 19 -19 21 -9 -1 -24 31 27 -6 28 -26 -22 -27 34 -33 -34 36 -36 -2 -32 -11 -20
right_child=4 2 3 5 9 -7 -8 17 -10 38 11 16 13 -15 -16 -17 -18 18 39 -21 29 -23 23 -25 25 30 -28 -29 -30 -31 37 32 33 -35 35 -37 -38 -39 -40 -41
leaf_value=0 1.0764433501112505e-06 1.5183296724047285e-05 0 0 -2.177946014590646e-06 0 3.8695137579864081e-05 0 0 1.8153757627341385e-06 0 -1.6829589590046548e-05 -6.4233043878492275e-06 0 0 0 0 0 -7.6701945282783375e-07 3.3320854675804447e-06 5.195565027429175e-07 -3.5885812171427816e-06 0 5.7288155783468452e-06 0 0 9.3328777123003406e-07 0 -3.0037297603432822e-06 -1.5501674133853441e-06 2.946183219598857e-06 0 2.9750595855438074e-06 0 0 -1.13365466120549e-06 0 0 0 4.5491151891481258e-08
leaf_weight=11.999999999999998 1150 126 155 41 974 44 142 1954 1306 252 54 310 1344 256 589 37 14.999999999999998 80 990 1937 5129 1890 78 1571 1670 764 1253 746 3029 240 267 575 1247 266 292 2307 383 23 147 283
leaf_count=12 1150 126 155 41 974 44 142 1954 1306 252 54 310 1344 256 589 37 15 80 990 1937 5129 1890 78 1571 1670 764 1253 746 3029 240 267 575 1247 266 292 2307 383 23 147 283
internal_value=0 1.30629e-06 8.0678e-06 1.69677e-05 -1.22406e-06 2.64194e-05 3.15186e-05 6.16484e-07 2.83184e-06 -3.26076e-06 -3.86038e-06 -1.25723e-05 -2.21228e-06 -4.6954e-06 0 7.17635e-06 -1.56943e-05 0 1.34441e-06 2.56288e-06 -3.57078e-07 -1.45199e-06 4.82579e-06 5.2273e-06 -2.50702e-07 -1.00951e-06 0 -1.76555e-06 -2.13357e-06 0 5.02167e-08 5.98854e-08 7.76873e-07 1.92328e-06 0 -6.81134e-07 3.39502e-07 2.11451e-06 0 0
internal_weight=0 16604 1134 382 17324 227 183 15470 2967 4605 4206 379 3827 1600 752 163 325 12503 3290 2017 9213 3844 1661 1649 12719 6499 2227 5445 4699 5369 1054 6220 2088 1513 4132 2599 1533 290 399 1273
internal_count=33928 16604 1134 382 17324 227 183 15470 2967 4605 4206 379 3827 1600 752 163 325 12503 3290 2017 9213 3844 1661 1649 12719 6499 2227 5445 4699 5369 1054 6220 2088 1513 4132 2599 1533 290 399 1273
is_linear=0
shrinkage=0.03


Tree=13
num_leaves=38
num_cat=0
split_feature=2 6 0 22 1 2 3 29 2 30 26 25 1 10 2 3 29 20 2 25 2 20 6 2 2 7 25 1 2 29 2 29 6 1 1 3 10
split_gain=6.11721e-05 4.56973e-05 1.90361e-05 3.23681e-05 2.69786e-05 2.17939e-05 2.36783e-05 1.85799e-05 1.84907e-05 1.64839e-05 1.46266e-05 1.30404e-05 1.20229e-05 9.73422e-06 9.67115e-06 2.72232e-05 6.5132e-06 5.86548e-06 5.47798e-06 4.73746e-06 5.20882e-06 3.67133e-06 2.03185e-06 6.37957e-07 9.54042e-06 2.88311e-06 2.16614e-06 1.85004e-06 2.03071e-06 1.94516e-06 2.289e-06 1.19094e-06 6.14625e-07 2.70816e-06 3.27642e-06 1.48282e-07 3.04471e-08
threshold=147.55622515032002 0.0010629162945603274 78.242647269260274 0.00027389716204411077 144.61170392410429 145.82391302692204 -0.044871702205227841 -0.054702536309999092 143.19781421060244 1.0000000180025095e-35 0.002766268529471459 0.0011315896399735064 146.49451479811776 0.0024999999999977267 144.6898939514432 0.0069942477075954921 -0.054702536309999092 10.849066122200488 144.52937660439019 -0.0018295019763643384 147.29731155249263 -8.5261092098146367 0.00010477270096063549 152.19253520283795 155.68000318510983 0.094000000000008313 6.0243802669836167e-06 148.5381254042619 147.64370636784375 -0.017666557508578994 151.42269471882662 0.0023680556948967222 0.0011771423790120281 157.37160406235228 148.63356794674257 0.026116250031080316 0.0014999999999929516
decision_type=2 2 2 2 2 2 2 2 2 2 2 2 2 2 2 2 2 2 2 2 2 2 2 2 2 2 2 2 2 2 2 2 2 2 2 2 2
left_child=1 8 3 5 -5 6 -3 -6 10 23 16 13 14 36 18 -16 -1 -18 -10 -14 -21 -15 -23 27 25 26 -25 28 -2 -29 -31 -30 33 34 -13 -7 -11
right_child=9 2 -4 4 7 35 -8 -9 12 11 -12 32 19 21 15 -17 17 -19 -20 20 -22 22 -24 24 -26 -27 -28 29 31 30 -32 -33 -34 -35 -36 -37 -38
leaf_value=0 0 1.1692065438998317e-05 0 0 0 -7.4183890989758889e-07 0 2.8359436388342448e-05 0 -1.1645674250745183e-07 0 0 0 0 -3.7134874814197484e-06 0 5.3603100936438029e-06 0 3.1015901324139029e-06 2.8743640887761839e-06 0 0 -2.7752967689037355e-06 5.2591498783351795e-06 0 0 0 0 2.1830295279338125e-06 -2.5326127952490091e-06 0 0 0 0 2.7800032241232377e-06 0 0
leaf_weight=12.999999999999998 100 304 87 118 9.9999999999999982 242 277 185 4253 2020 1345 222 95 1049 2545 1781 1646 71 512 2163 1537 139 8784 495 547 53 36 252 623 842 161 23 68 62 768 17 680
leaf_count=13 100 304 87 118 10 242 277 185 4253 2020 1345 222 95 1049 2545 1781 1646 71 512 2163 1537 139 8784 495 547 53 36 252 623 842 161 23 68 62 768 17 680
internal_value=0 1.27264e-06 7.10518e-06 8.31528e-06 1.85767e-05 9.13588e-07 5.91077e-06 2.60305e-05 6.31354e-07 -1.26761e-06 2.73492e-06 -1.74567e-06 0 -2.05981e-06 -4.56853e-07 -1.56537e-06 4.57168e-06 4.94687e-06 0 1.53329e-06 1.88773e-06 -2.504e-06 -2.71613e-06 0 7.12344e-07 3.95884e-06 4.7029e-06 0 3.10303e-07 -1.12647e-06 -1.82542e-06 1.7141e-06 0 7.24962e-07 1.73758e-06 0 0
internal_weight=0 17201 1240 1153 313 840 581 195 15961 16924 3075 13792 12886 12672 9091 4326 1730 1717 4765 3795 3700 9972 8923 3132 1131 584 531 2001 746 1255 1003 646 1120 1052 990 259 2700
internal_count=34125 17201 1240 1153 313 840 581 195 15961 16924 3075 13792 12886 12672 9091 4326 1730 1717 4765 3795 3700 9972 8923 3132 1131 584 531 2001 746 1255 1003 646 1120 1052 990 259 2700
is_linear=0
shrinkage=0.03


Tree=14
num_leaves=44
num_cat=0
split_feature=2 6 2 1 5 2 4 25 4 3 26 1 1 1 3 13 3 25 2 4 2 2 1 2 2 29 0 20 3 3 0 4 0 3 25 2 2 2 2 1 29 3 3
split_gain=4.80796e-05 3.33355e-05 3.2042e-05 0.000129708 1.9043e-05 1.22753e-05 1.88679e-05 8.73682e-06 1.18643e-05 8.03679e-06 8.85033e-06 1.19089e-05 8.14427e-06 1.80033e-05 9.2434e-06 7.65374e-06 5.86431e-06 9.42519e-06 5.62955e-06 8.64052e-06 6.0345e-06 5.51495e-06 8.10415e-06 5.39601e-06 4.51978e-06 4.22039e-06 6.71394e-06 3.80485e-06 4.8674e-06 3.70547e-06 3.33106e-06 2.71112e-06 1.46848e-06 5.24952e-07 1.23074e-06 3.25604e-07 2.88525e-07 2.17138e-07 1.91976e-07 1.15271e-07 1.14809e-07 1.35602e-06 3.33893e-07
threshold=147.46504461079584 0.0011142193857929497 145.86469682090788 144.95626565648516 0.087500000000005698 156.52621766921882 0.072940372538709664 3.2111443243546275e-05 0.032667751549748193 0.01382941666304305 0.0099272719441987536 146.11553169880759 146.49451479811776 144.68743151600043 -0.12666570913023631 -0.00078439860791096317 0.0018997175554034131 -0.0018295019763643384 152.19253520283795 0.0073071124547626071 157.80314511368513 149.65457187759804 157.15326839999787 145.82391302692204 143.31150678451331 -0.01599291948355186 35.201234486966619 12.312642477269877 -0.10051008484042255 -0.031160675105653009 22.820172366113521 -0.0031360919032105278 80.272601607462661 0.019908697995433048 0.00049078170492836137 157.27666553932281 149.04158138600869 158.06780291792651 144.52937660439019 143.26128590245852 0.00081868441913116573 0.033728434302418016 0.091226584463413488
decision_type=2 2 2 2 2 2 2 2 2 2 2 2 2 2 2 2 2 2 2 2 2 2 2 2 2 2 2 2 2 2 2 2 2 2 2 2 2 2 2 2 2 2 2
left_child=1 9 3 24 7 6 27 18 21 12 11 15 13 29 -15 -11 17 -14 25 20 -20 36 -23 32 39 30 -27 28 -6 -1 -2 37 -5 34 -4 -33 -9 -7 -26 -3 41 -10 -42
right_child=4 2 33 23 5 31 -8 8 40 10 -12 -13 16 14 -16 -17 -18 -19 19 -21 -22 22 -24 -25 38 26 -28 -29 -30 -31 -32 35 -34 -35 -36 -37 -38 -39 -40 -41 42 -43 -44
leaf_value=1.1945943856923338e-06 0 3.9563980490419399e-06 -3.0353812017672684e-06 3.0721391603933992e-05 0 3.4110790251758841e-06 0 -4.1003346711420371e-07 0 0 0 0 0 0 -3.3081696659263499e-06 3.6819759063156791e-06 0 3.4507590027127344e-06 3.5564445451929224e-06 0 0 -4.43172694429633e-06 0 0 -8.7533007634377928e-07 0 -2.0291827817628977e-06 0 -5.3679742546438019e-06 -1.6147150749952584e-07 2.2381033184377341e-06 0 0 0 0 -1.326658941885348e-06 0 0 0 0 0 -1.1167947216222444e-06 1.0643154946822003e-06
leaf_weight=2284 187 266 171 205 491 226 434 1544 179 199 2054 1025 97 105 2514 2556 347 1519 1435 461 237 1703 442 11.999999999999998 225 957 2418 221 2780 2869 598 32 9.9999999999999982 141 20 166 314 12.999999999999998 84 10.999999999999998 1263 978 356
leaf_count=2284 187 266 171 205 491 226 434 1544 179 199 2054 1025 97 105 2514 2556 347 1519 1435 461 237 1703 442 12 225 957 2418 221 2780 2869 598 32 10 141 20 166 314 13 84 11 1263 978 356
internal_value=0 9.16848e-07 6.06949e-06 9.34463e-06 -1.3075e-06 -3.1858e-06 -3.754e-06 -4.50995e-07 -1.24581e-06 3.45037e-07 1.24796e-06 2.1238e-06 0 -6.20916e-07 -2.7073e-06 3.17459e-06 1.48557e-06 2.43837e-06 0 1.52306e-06 2.75839e-06 -2.30116e-06 -3.49207e-06 2.87294e-05 0 -1.6804e-07 -1.07707e-06 -4.55038e-06 -4.81159e-06 0 0 0 2.98977e-05 0 -1.57071e-06 0 0 3.19185e-06 0 3.82867e-06 0 0 2.52592e-07
internal_weight=0 16714 1145 813 17435 4363 3926 13072 6779 15569 5834 3780 9735 7772 2619 2755 1963 1616 6293 2133 1672 4003 2145 227 586 4160 3375 3492 3271 5153 785 437 215 332 191 198 1858 239 309 277 2776 1157 1619
internal_count=34149 16714 1145 813 17435 4363 3926 13072 6779 15569 5834 3780 9735 7772 2619 2755 1963 1616 6293 2133 1672 4003 2145 227 586 4160 3375 3492 3271 5153 785 437 215 332 191 198 1858 239 309 277 2776 1157 1619
is_linear=0
shrinkage=0.03


Tree=15
num_leaves=25
num_cat=0
split_feature=2 3 10 0 1 3 5 2 5 2 2 1 17 2 17 24 7 5 7 22 22 0 8 5
split_gain=6.12206e-05 3.08283e-05 2.00133e-05 1.38907e-05 1.38716e-05 1.37079e-05 1.61441e-05 1.23342e-05 1.94408e-05 1.1711e-05 9.88956e-06 1.52277e-05 1.21801e-05 6.07688e-06 5.79503e-06 4.34193e-06 3.16523e-06 2.78958e-06 2.35046e-06 9.97064e-07 5.45969e-06 8.236e-07 7.53122e-07 5.89568e-07
threshold=143.14255680623779 0.065014168682651544 0.024999999999991477 38.35300669690313 156.14451779987132 0.16545591684067065 0.10249999999999206 145.86469682090788 0.065000000000011951 156.52621766921882 147.29731155249263 145.3005066209237 0.2173909854104242 144.20070137101823 -0.53348815160733165 -0.0016538169944346102 0.0095000000000027302 0.03599999999998716 0.078499999999991146 -0.00028514734116293956 0.00021313991790685883 11.96995353866833 3.4806822273734737e-05 0.099000000000003766
decision_type=2 2 2 2 2 2 2 2 2 2 2 2 2 2 2 2 2 2 2 2 2 2 2 2
left_child=5 2 3 14 13 6 18 19 -9 -10 11 -5 -12 -3 -2 -16 -15 -18 21 22 -21 -1 -4 -23
right_child=1 4 7 10 -6 -7 -8 8 9 -11 12 -13 -14 16 15 -17 17 -19 -20 20 -22 23 -24 -25
leaf_value=0 0 0 0 -9.5068891273192622e-07 0 0 1.0186062360179048e-05 0 -4.8789756644430804e-06 0 -9.1241656932156185e-08 2.1386362942325087e-06 -3.0610973786501688e-06 0 0 1.7431215655071837e-06 0 4.1515370717372375e-06 0 -2.451827500582243e-06 0 2.1123992129092615e-06 1.3852626442376898e-06 0
leaf_weight=11.999999999999998 1161 476 70 3582 196 63 689 1358 3032 242 6490 2288 2998 421 67 4538 89 2262 47 900 251 2327 560 56
leaf_count=12 1161 476 70 3582 196 63 689 1358 3032 242 6490 2288 2998 421 67 4538 89 2262 47 900 251 2327 560 56
internal_value=0 -3.32594e-07 -7.50025e-07 -1.46506e-07 2.13371e-06 4.02183e-06 4.52109e-06 -2.27005e-06 -3.08716e-06 -4.33894e-06 -7.34608e-07 0 -1.34594e-06 2.94458e-06 8.99612e-07 1.46485e-06 3.48307e-06 3.93894e-06 1.69273e-06 0 -6.58684e-07 1.95055e-06 7.94273e-07 2.03341e-06
internal_weight=0 30981 27537 21124 3444 3194 3131 6413 4632 3274 15358 5870 9488 3248 5766 4605 2772 2351 2442 1781 1151 2395 630 2383
internal_count=34175 30981 27537 21124 3444 3194 3131 6413 4632 3274 15358 5870 9488 3248 5766 4605 2772 2351 2442 1781 1151 2395 630 2383
is_linear=0
shrinkage=0.03


end of trees

feature_importances:
ema_slow=128
ema_fast=62
macd=38
macd_signal=37
ema_cross_pct=34
macd_strength=34
range_pct=31
rsi=26
macd_hist=23
range=18
price_ema_slow_dist=16
body=15
lower_shadow=13
rsi_divergence=11
rsi_normalized=10
price_ema_fast_dist=9
ema_cross=8
body_pct=5
return_6=4
return_3=3
return_12=3
return_1=2
signal_convergence=2
upper_shadow=1
log_return=1
macd_hist_change=1

parameters:
[boosting: gbdt]
[objective: regression]
[metric: l2]
[tree_learner: serial]
[device_type: cpu]
[data: ]
[valid: ]
[num_iterations: 800]
[learning_rate: 0.03]
[num_leaves: 64]
[num_threads: 8]
[deterministic: 0]
[force_col_wise: 0]
[force_row_wise: 0]
[histogram_pool_size: -1]
[max_depth: 6]
[min_data_in_leaf: 10]
[min_sum_hessian_in_leaf: 0.001]
[bagging_fraction: 0.7]
[pos_bagging_fraction: 1]
[neg_bagging_fraction: 1]
[bagging_freq: 1]
[bagging_seed: 400]
[feature_fraction: 0.7]
[feature_fraction_bynode: 1]
[feature_fraction_seed: 30056]
[extra_trees: 0]
[extra_seed: 12879]
[early_stopping_round: 0]
[first_metric_only: 0]
[max_delta_step: 0]
[lambda_l1: 0.1]
[lambda_l2: 0.5]
[linear_lambda: 0]
[min_gain_to_split: 0]
[drop_rate: 0.1]
[max_drop: 50]
[skip_drop: 0.5]
[xgboost_dart_mode: 0]
[uniform_drop: 0]
[drop_seed: 17869]
[top_rate: 0.2]
[other_rate: 0.1]
[min_data_per_group: 100]
[max_cat_threshold: 32]
[cat_l2: 10]
[cat_smooth: 10]
[max_cat_to_onehot: 4]
[top_k: 20]
[monotone_constraints: ]
[monotone_constraints_method: basic]
[monotone_penalty: 0]
[feature_contri: ]
[forcedsplits_filename: ]
[refit_decay_rate: 0.9]
[cegb_tradeoff: 1]
[cegb_penalty_split: 0]
[cegb_penalty_feature_lazy: ]
[cegb_penalty_feature_coupled: ]
[path_smooth: 0]
[interaction_constraints: ]
[verbosity: 1]
[saved_feature_importance_type: 0]
[linear_tree: 0]
[max_bin: 255]
[max_bin_by_feature: ]
[min_data_in_bin: 3]
[bin_construct_sample_cnt: 200000]
[data_random_seed: 175]
[is_enable_sparse: 1]
[enable_bundle: 1]
[use_missing: 1]
[zero_as_missing: 0]
[feature_pre_filter: 1]
[pre_partition: 0]
[two_round: 0]
[header: 0]
[label_column: ]
[weight_column: ]
[group_column: ]
[ignore_column: ]
[categorical_feature: ]
[forcedbins_filename: ]
[precise_float_parser: 0]
[parser_config_file: ]
[objective_seed: 16083]
[num_class: 1]
[is_unbalance: 0]
[scale_pos_weight: 1]
[sigmoid: 1]
[boost_from_average: 1]
[reg_sqrt: 0]
[alpha: 0.9]
[fair_c: 1]
[poisson_max_delta_step: 0.7]
[tweedie_variance_power: 1.5]
[lambdarank_truncation_level: 30]
[lambdarank_norm: 1]
[label_gain: ]
[lambdarank_position_bias_regularization: 0]
[eval_at: ]
[multi_error_top_k: 1]
[auc_mu_weights: ]
[num_machines: 1]
[local_listen_port: 12400]
[time_out: 120]
[machine_list_filename: ]
[machines: ]
[gpu_platform_id: -1]
[gpu_device_id: -1]
[gpu_use_dp: 0]
[num_gpu: 1]

end of parameters

pandas_categorical:[]
