tree
version=v4
num_class=1
num_tree_per_iteration=1
label_index=0
max_feature_idx=31
objective=regression
feature_names=rsi bb_middle bb_upper bb_lower atr range range_pct body body_pct upper_shadow lower_shadow is_bullish return_1 return_3 return_6 return_12 log_return rsi_normalized rsi_overbought rsi_oversold rsi_divergence bb_width bb_position bb_position_normalized price_bb_upper_dist price_bb_lower_dist bb_breakout_upper bb_breakout_lower atr_normalized atr_ma atr_ratio signal_convergence
feature_infos=[0:99.755467076367083] [0:158.45214999999999] [0:158.98423446083257] [0:158.37119522484221] [0:0.55142857142856927] [0:1.4489999999999839] [0:0.0098924731182794597] [0:1.2740000000000009] [0:0.0087871159085422691] [0:0.45400000000000773] [0:0.6290000000000191] [0:1] [-0.010440345742870893:0.0086544548876104077] [-0.010346048081897208:0.011121306408549358] [-0.012740376631571793:0.01214236927980572] [-0.015822511541399464:0.020290175029493485] [-0.010495228483220405:0.0086172197717689965] [-1:0.99510934152734165] [0:1] [0:1] [-56.904350987366826:51.361182180793548] [0:0.031342652110744211] [-0.54651378490698344:1.552884196153675] [-2.0930275698139669:2.10576839230735] [-0.0045480417175792053:0.02223832595088774] [-0.0050724392954735378:0.027298010487932362] [0:1] [0:1] [0:0.0037228501986805917] [0:0.42936785714285552] [0:3.4066658717779674] [0:1]
tree_sizes=1866 2199 1582 1761 2873 2321

Tree=0
num_leaves=17
num_cat=0
split_feature=2 4 2 25 0 1 4 0 1 6 25 6 21 0 0 21
split_gain=7.53529e-05 3.87841e-05 3.4175e-05 2.02334e-05 1.75794e-05 1.72722e-05 1.07258e-05 8.01891e-06 8.07432e-06 5.58899e-06 3.25784e-06 2.34349e-06 1.70108e-06 1.38045e-06 8.30918e-07 6.78751e-07
threshold=147.36531320972813 0.1568214285714303 147.13483258741107 0.00064106514717537737 78.242647269260274 143.26497500000002 0.039999999999997128 76.663050518831639 147.32357500000003 0.00051036420096557103 -0.00053611429497928793 0.0001197474407445469 0.0077551150953699983 11.96995353866833 86.903610875358495 0.00067979986868979363
decision_type=2 2 2 2 2 2 2 2 2 2 2 2 2 2 2 2
left_child=1 5 4 -2 9 6 -1 8 -5 -3 -11 -10 13 -8 -15 -13
right_child=3 2 -4 7 -6 -7 12 -9 11 10 -12 15 -14 14 -16 -17
leaf_value=-1.4344699791774568e-05 -1.4344699791774568e-05 -1.4344699791774568e-05 -1.4344699791774568e-05 -1.4344699791774568e-05 -1.4344699791774568e-05 -1.4344699791774568e-05 -1.4344699791774568e-05 -1.4344699791774568e-05 -1.4344699791774568e-05 -1.4344699791774568e-05 -1.006015639300335e-05 -1.4344699791774568e-05 -1.4344699791774568e-05 -1.3293488094747999e-05 -1.4344699791774568e-05 -1.5166286987092214e-05
leaf_weight=407 8648 9.9999999999999982 26 467 34 12563 14.999999999999998 1339 188 11.999999999999998 734 13.999999999999998 23 3345 23 11003
leaf_count=407 8648 10 26 467 34 12563 15 1339 188 12 734 14 23 3345 23 11003
internal_value=-1.43447e-05 -1.38598e-05 -1.13302e-05 -1.47462e-05 -1.06418e-05 -1.4169e-05 -1.35795e-05 -1.49958e-05 -1.50804e-05 -1.02639e-05 -1.01464e-05 -1.51421e-05 -1.33596e-05 -1.33312e-05 -1.33089e-05 -1.5162e-05
internal_weight=0 17192 816 21659 790 16376 3813 13011 11672 756 746 11205 3406 3383 3368 11017
internal_count=38851 17192 816 21659 790 16376 3813 13011 11672 756 746 11205 3406 3383 3368 11017
is_linear=0
shrinkage=1


Tree=1
num_leaves=25
num_cat=0
split_feature=3 25 30 17 3 1 30 25 17 21 30 21 1 22 17 22 17 21 17 15 21 15 21 21
split_gain=8.65932e-05 2.22616e-05 2.12731e-05 2.00007e-05 1.56324e-05 1.30039e-05 1.73752e-05 1.16121e-05 1.07545e-05 4.79656e-06 4.69971e-06 2.73755e-06 2.32476e-06 2.04417e-06 6.19117e-07 1.00448e-06 2.13785e-07 1.86091e-07 1.79225e-06 1.44679e-06 3.60339e-07 2.80108e-07 3.49673e-09 9.28855e-08
threshold=147.18118141234348 0.00063480840743041769 1.0030712824212207 0.53326101037663254 143.0395027934135 144.91692500000002 0.94944520205014149 0.0062872304536085583 -0.53348815160733165 0.010996306553754697 1.2864198318880422 0.0011268113398288889 144.99542500000004 1.2146515352917195 -0.76048177028482467 -0.2306071421812049 0.77672042537973618 0.0024087596555012179 0.34645595077233571 -0.00066313731603778725 0.00065623591309086889 0.0016857312389556569 0.0025868444365502127 0.00085189993895070921
decision_type=2 2 2 2 2 2 2 2 2 2 2 2 2 2 2 2 2 2 2 2 2 2 2 2
left_child=4 -2 22 -4 7 17 -7 9 -8 11 12 -1 -10 -14 -13 -16 -17 18 19 -6 -21 -22 23 -3
right_child=1 2 3 -5 5 6 8 -9 10 -11 -12 14 13 -15 15 16 -18 -19 -20 20 21 -23 -24 -25
leaf_value=0 0 0 -1.4728264034462136e-06 0 0 0 0 0 0 0 0 0 1.3087674700291238e-06 0 0 1.5678050445225727e-06 0 0 0 0 -3.7255810664632267e-07 0 0 -4.4441037714818465e-08
leaf_weight=576 8487 134 4842 506 775 3281 296 94 134 9.9999999999999982 673 22 2984 12.999999999999998 9.9999999999999982 3287 17 2368 454 164 2929 12.999999999999998 1954 4880
leaf_count=576 8487 134 4842 506 775 3281 296 94 134 10 673 22 2984 13 10 3287 17 2368 454 164 2929 13 1954 4880
internal_value=0 -4.46644e-07 -7.19522e-07 -1.26095e-06 4.9913e-07 8.04526e-08 4.34199e-07 1.22039e-06 8.73596e-07 1.34949e-06 1.05131e-06 1.39584e-06 1.22185e-06 1.27955e-06 1.53845e-06 1.54959e-06 1.5617e-06 0 -6.55184e-08 -2.25773e-07 -3.32071e-07 -3.587e-07 0 -8.35093e-09
internal_weight=0 20803 12316 5348 18100 14084 7381 4016 4100 3922 3804 3912 3131 2997 3336 3314 3304 6703 4335 3881 3106 2942 6968 5014
internal_count=38903 20803 12316 5348 18100 14084 7381 4016 4100 3922 3804 3912 3131 2997 3336 3314 3304 6703 4335 3881 3106 2942 6968 5014
is_linear=0
shrinkage=0.01


Tree=2
num_leaves=18
num_cat=0
split_feature=3 21 2 25 25 29 2 29 6 23 2 24 2 21 2 29 29
split_gain=6.70395e-05 2.65737e-05 1.10506e-05 8.10355e-06 7.11256e-06 9.75403e-06 5.42563e-06 6.25351e-06 6.75842e-06 3.42011e-06 2.96806e-06 1.83691e-06 1.38143e-06 6.76201e-07 7.33668e-08 5.24168e-08 2.4115e-07
threshold=147.18118141234348 0.0019130567011668798 147.39054512083194 0.00062002051413066999 0.0034931011335423176 0.14136249999999809 149.73854084026033 0.089230357142855515 0.00016912518410157711 -1.2810756620884642 141.93950776202965 -0.00031148231811014638 148.21119448818155 0.009154222750355984 147.36531320972813 0.058646428571426164 0.030492857142857439
decision_type=2 2 2 2 2 2 2 2 2 2 2 2 2 2 2 2 2
left_child=1 15 9 -2 5 6 12 8 -8 -3 -11 -10 14 -12 -5 16 -1
right_child=3 2 -4 4 -6 -7 7 -9 11 10 13 -13 -14 -15 -16 -17 -18
leaf_value=0 0 0 0 0 0 0 0 0 0 0 9.695875382883117e-07 -1.2971974923121052e-06 0 0 -2.5171288426300204e-07 0 8.6197470823185183e-08
leaf_weight=360 8353 97 846 20 650 505 280 1513 53 338 8902 4355 2854 138 2296 3556 3951
leaf_count=360 8353 97 846 20 650 505 280 1513 53 338 8902 4355 2854 138 2296 3556 3951
internal_value=0 4.63061e-07 7.9708e-07 -3.66463e-07 -5.37162e-07 -6.0351e-07 -6.82773e-07 -9.70741e-07 -1.17467e-06 8.99272e-07 9.23864e-07 -1.27311e-06 0 9.58264e-07 -2.44222e-07 0 3.48691e-08
internal_weight=0 18188 10321 20879 12526 11876 11371 6201 4688 9475 9378 4408 5170 9040 2316 7867 4311
internal_count=39067 18188 10321 20879 12526 11876 11371 6201 4688 9475 9378 4408 5170 9040 2316 7867 4311
is_linear=0
shrinkage=0.01


Tree=3
num_leaves=20
num_cat=0
split_feature=3 25 3 2 17 25 29 5 17 1 17 25 17 1 17 5 2 24 6
split_gain=8.32358e-05 2.1975e-05 1.6849e-05 1.1306e-05 8.87643e-06 6.22008e-06 5.72863e-06 4.3175e-06 3.80858e-06 3.95963e-06 3.65238e-06 3.4584e-06 2.70652e-06 1.63029e-06 5.62665e-06 1.59761e-06 3.721e-07 2.32915e-07 3.91165e-08
threshold=147.18118141234348 0.00062002051413066999 142.44376574850895 144.58155782419553 0.53326101037663254 0.00031192333344911058 0.037830357142852739 0.024999999999991477 -0.54336603663204519 147.62922500000005 0.57793403368929397 0.0075481002588250199 0.62211903077195474 142.95777500000003 -0.65868751950735749 0.011999999999986246 147.36531320972813 -9.1025651901746035e-05 0.00016561375455548561
decision_type=2 2 2 2 2 2 2 2 2 2 2 2 2 2 2 2 2 2 2
left_child=2 -2 6 -4 7 -5 -1 -3 -7 12 11 13 15 14 -8 -10 -9 -16 -18
right_child=1 4 3 5 -6 8 10 16 9 -11 -12 -13 -14 -15 17 -17 18 -19 -20
leaf_value=0 0 0 0 0 0 0 0 0 0 0 0 0 0 0 0 6.9070322945364562e-07 0 2.2301591405994273e-06 -8.4304426183159785e-07
leaf_weight=179 8381 492 6704 1830 1202 271 35 15.999999999999998 57 25 83 10.999999999999998 351 13.999999999999998 52 7007 19 1512 10828
leaf_count=179 8381 492 6704 1830 1202 271 35 16 57 25 83 11 351 14 52 7007 19 1512 10828
internal_value=0 -4.44544e-07 4.80483e-07 1.53553e-07 -7.10294e-07 3.98302e-07 1.70574e-06 -7.97555e-07 5.26268e-07 5.8158e-07 1.8842e-06 1.9891e-06 6.26718e-07 2.04887e-06 2.08245e-06 6.71272e-07 -8.39433e-07 2.18938e-06 -8.42091e-07
internal_weight=0 20938 18131 16245 12557 9541 1886 11355 7711 7440 1707 1624 7415 1613 1599 7064 10863 1564 10847
internal_count=39069 20938 18131 16245 12557 9541 1886 11355 7711 7440 1707 1624 7415 1613 1599 7064 10863 1564 10847
is_linear=0
shrinkage=0.01


Tree=4
num_leaves=34
num_cat=0
split_feature=3 4 2 30 2 21 3 6 0 2 4 22 21 0 3 2 0 6 3 2 4 1 1 6 1 1 4 2 0 4 4 2 3
split_gain=7.18919e-05 2.86686e-05 4.6499e-05 1.68072e-05 6.57606e-05 1.59944e-05 1.34542e-05 1.27854e-05 1.08489e-05 1.41372e-05 9.90369e-06 9.45419e-06 8.86183e-06 8.21468e-06 4.35405e-06 2.76576e-06 2.25981e-06 2.22125e-06 1.71581e-06 2.35961e-06 1.54072e-06 1.76004e-05 7.47068e-06 2.44482e-06 1.93989e-06 1.22392e-06 1.16046e-06 5.74711e-07 4.9322e-07 3.90328e-07 1.97133e-06 1.95087e-07 4.82011e-08
threshold=147.15599353381916 0.13835714285714271 147.18193883458062 0.98561578864188648 150.09422712898331 0.0024714225981321116 143.0395027934135 0.00013851182971403168 77.13559509863255 156.67330185768597 0.034428571428574431 -0.11536650074045664 0.00090640709309674236 81.105951538597751 148.12580684722036 143.81892818405061 17.910380489432047 0.0004870195755035716 156.94423002335617 152.33842881076006 0.10628571428571122 145.76657500000002 145.17955000000003 8.7969792724046342e-05 147.36220000000006 147.37910000000002 0.030571428571423306 147.33890671793662 88.836021268986812 0.043214285714281944 0.090142857142858204 157.57670002337343 147.18118141234348
decision_type=2 2 2 2 2 2 2 2 2 2 2 2 2 2 2 2 2 2 2 2 2 2 2 2 2 2 2 2 2 2 2 2 2
left_child=1 6 5 14 -5 -3 10 -6 9 12 -1 -7 -9 17 27 16 -12 -13 19 -16 21 29 -22 -23 26 -24 -25 -2 -18 -8 -31 -21 -29
right_child=3 2 -4 4 7 11 20 8 -10 -11 15 13 -14 -15 18 -17 28 -19 -20 31 22 23 25 24 -26 -27 -28 32 -30 30 -32 -33 -34
leaf_value=0 0 0 0 0 0 0 0 0 0 0 0 0 -2.1401450092480999e-06 0 0 0 1.0314854453858843e-06 3.7857792198667192e-06 0 4.2054167455452438e-07 0 0 -1.2239563344859515e-06 0 0 0 8.2241307675808713e-07 0 0 -2.0068177780435697e-07 0 0 -4.2414444736465967e-07
leaf_weight=259 60 32 222 5034 116 13.999999999999998 1195 140 233 1007 68 18 3367 31 4694 32 3250 1062 1056 2472 607 54 647 67 70 13.999999999999998 3502 46 21 5864 952 10.999999999999998 2710
leaf_count=259 60 32 222 5034 116 14 1195 140 233 1007 68 18 3367 31 4694 32 3250 1062 1056 2472 607 54 647 67 70 14 3502 46 21 5864 952 11 2710
internal_value=0 5.10565e-07 2.25034e-06 -3.45611e-07 -6.50088e-07 3.17083e-06 1.85343e-07 -1.48739e-06 -1.59239e-06 -1.70497e-06 7.26454e-07 3.42954e-06 -2.03585e-06 3.57223e-06 0 9.28474e-07 9.76297e-07 3.72661e-06 3.51171e-08 1.59127e-07 0 6.80079e-08 -2.80733e-07 7.00881e-07 7.52134e-07 -1.13191e-06 7.94451e-07 -3.88597e-07 1.02081e-06 0 -7.56741e-08 4.10141e-07 -4.18506e-07
internal_weight=0 17981 1379 20946 9897 1157 16602 4863 4747 4514 3630 1125 3507 1111 11049 3371 3339 1080 8233 7177 12972 11704 1268 3693 3639 661 3569 2816 3271 8011 6816 2483 2756
internal_count=38927 17981 1379 20946 9897 1157 16602 4863 4747 4514 3630 1125 3507 1111 11049 3371 3339 1080 8233 7177 12972 11704 1268 3693 3639 661 3569 2816 3271 8011 6816 2483 2756
is_linear=0
shrinkage=0.01


Tree=5
num_leaves=27
num_cat=0
split_feature=3 3 2 6 4 2 22 17 6 4 1 6 2 6 17 1 17 17 17 24 1 24 17 1 4 1
split_gain=6.67994e-05 1.98669e-05 1.66254e-05 9.55385e-06 1.699e-05 2.18383e-05 6.33326e-06 6.78925e-06 6.19024e-06 6.12634e-06 4.731e-06 5.36006e-06 4.41436e-06 3.59961e-06 2.7685e-06 2.46704e-06 7.98168e-07 8.26194e-07 4.6117e-07 4.54531e-07 6.16988e-07 8.62575e-07 3.2563e-07 1.55916e-07 8.316e-07 1.19136e-06
threshold=147.15599353381916 142.44376574850895 145.201674806493 0.00089730294708357801 0.16607142857142779 147.13483258741107 0.18301067643795582 0.64059965636325822 0.00010477270096063549 0.1023571428571393 145.76657500000002 0.00073027422145116572 147.67589064944926 9.5310212080929269e-05 -0.76048177028482467 142.95777500000003 -0.65868751950735749 0.57793403368929397 -0.47004636492632851 0.001031155868742191 143.26497500000002 0.00021835331497186238 0.54271190197265062 147.22627500000002 0.22114285714285642 145.17955000000003
decision_type=2 2 2 2 2 2 2 2 2 2 2 2 2 2 2 2 2 2 2 2 2 2 2 2 2 2
left_child=1 14 19 9 -5 -6 -2 8 -8 10 -4 13 -10 -12 -1 16 -16 -18 -14 20 -3 -22 -20 24 25 -11
right_child=6 2 3 4 5 -7 7 -9 12 23 11 -13 18 -15 15 -17 17 -19 22 -21 21 -23 -24 -25 -26 -27
leaf_value=0 0 0 0 0 5.0679671045842618e-06 0 0 0 0 0 0 0 0 7.9785235942086017e-07 0 0 1.8535849098551892e-06 0 -6.4725691576266563e-07 0 0 -2.4881484757565431e-07 0 0 0 -5.6979976029971055e-07
leaf_weight=10.999999999999998 4110 1214 1422 672 260 121 465 551 1273 90 67 183 346 3113 26 13.999999999999998 1710 92 13722 4075 1035 3124 521 100 9.9999999999999982 671
leaf_count=11 4110 1214 1422 672 260 121 465 551 1273 90 67 183 346 3113 26 14 1710 92 13722 4075 1035 3124 521 100 10 671
internal_value=0 4.33377e-07 1.05469e-07 5.24016e-07 1.6299e-06 3.43499e-06 -3.96367e-07 -4.82584e-07 -5.31347e-07 0 3.57812e-07 5.68188e-07 -5.74135e-07 7.14118e-07 1.67346e-06 1.72264e-06 1.76781e-06 1.79291e-06 -6.23419e-07 0 -9.19749e-08 -1.60509e-07 -6.33507e-07 0 -1.42197e-07 -3.60206e-07
internal_weight=0 18010 16157 6709 1053 381 20988 16878 16327 5656 4785 3363 15862 3180 1853 1842 1828 1802 14589 9448 5373 4159 14243 871 771 761
internal_count=38998 18010 16157 6709 1053 381 20988 16878 16327 5656 4785 3363 15862 3180 1853 1842 1828 1802 14589 9448 5373 4159 14243 871 771 761
is_linear=0
shrinkage=0.01


end of trees

feature_importances:
bb_upper=19
rsi_normalized=16
bb_middle=15
bb_lower=12
bb_width=12
atr=11
range_pct=11
price_bb_lower_dist=9
rsi=8
atr_ma=5
bb_position=4
price_bb_upper_dist=4
atr_ratio=4
range=2
return_12=2
bb_position_normalized=1

parameters:
[boosting: gbdt]
[objective: regression]
[metric: l2]
[tree_learner: serial]
[device_type: cpu]
[data: ]
[valid: ]
[num_iterations: 300]
[learning_rate: 0.01]
[num_leaves: 70]
[num_threads: 8]
[deterministic: 0]
[force_col_wise: 0]
[force_row_wise: 0]
[histogram_pool_size: -1]
[max_depth: 8]
[min_data_in_leaf: 10]
[min_sum_hessian_in_leaf: 0.001]
[bagging_fraction: 0.8]
[pos_bagging_fraction: 1]
[neg_bagging_fraction: 1]
[bagging_freq: 1]
[bagging_seed: 400]
[feature_fraction: 0.7]
[feature_fraction_bynode: 1]
[feature_fraction_seed: 30056]
[extra_trees: 0]
[extra_seed: 12879]
[early_stopping_round: 0]
[first_metric_only: 0]
[max_delta_step: 0]
[lambda_l1: 0.3]
[lambda_l2: 0.1]
[linear_lambda: 0]
[min_gain_to_split: 0]
[drop_rate: 0.1]
[max_drop: 50]
[skip_drop: 0.5]
[xgboost_dart_mode: 0]
[uniform_drop: 0]
[drop_seed: 17869]
[top_rate: 0.2]
[other_rate: 0.1]
[min_data_per_group: 100]
[max_cat_threshold: 32]
[cat_l2: 10]
[cat_smooth: 10]
[max_cat_to_onehot: 4]
[top_k: 20]
[monotone_constraints: ]
[monotone_constraints_method: basic]
[monotone_penalty: 0]
[feature_contri: ]
[forcedsplits_filename: ]
[refit_decay_rate: 0.9]
[cegb_tradeoff: 1]
[cegb_penalty_split: 0]
[cegb_penalty_feature_lazy: ]
[cegb_penalty_feature_coupled: ]
[path_smooth: 0]
[interaction_constraints: ]
[verbosity: 1]
[saved_feature_importance_type: 0]
[linear_tree: 0]
[max_bin: 255]
[max_bin_by_feature: ]
[min_data_in_bin: 3]
[bin_construct_sample_cnt: 200000]
[data_random_seed: 175]
[is_enable_sparse: 1]
[enable_bundle: 1]
[use_missing: 1]
[zero_as_missing: 0]
[feature_pre_filter: 1]
[pre_partition: 0]
[two_round: 0]
[header: 0]
[label_column: ]
[weight_column: ]
[group_column: ]
[ignore_column: ]
[categorical_feature: ]
[forcedbins_filename: ]
[precise_float_parser: 0]
[parser_config_file: ]
[objective_seed: 16083]
[num_class: 1]
[is_unbalance: 0]
[scale_pos_weight: 1]
[sigmoid: 1]
[boost_from_average: 1]
[reg_sqrt: 0]
[alpha: 0.9]
[fair_c: 1]
[poisson_max_delta_step: 0.7]
[tweedie_variance_power: 1.5]
[lambdarank_truncation_level: 30]
[lambdarank_norm: 1]
[label_gain: ]
[lambdarank_position_bias_regularization: 0]
[eval_at: ]
[multi_error_top_k: 1]
[auc_mu_weights: ]
[num_machines: 1]
[local_listen_port: 12400]
[time_out: 120]
[machine_list_filename: ]
[machines: ]
[gpu_platform_id: -1]
[gpu_device_id: -1]
[gpu_use_dp: 0]
[num_gpu: 1]

end of parameters

pandas_categorical:[]
