tree
version=v4
num_class=1
num_tree_per_iteration=1
label_index=0
max_feature_idx=44
objective=regression
feature_names=rsi ema_fast ema_slow bb_middle bb_upper bb_lower macd macd_signal atr range range_pct body body_pct upper_shadow lower_shadow is_bullish return_1 return_3 return_6 return_12 log_return rsi_normalized rsi_overbought rsi_oversold rsi_divergence ema_cross ema_cross_pct ema_cross_signal price_ema_fast_dist price_ema_slow_dist bb_width bb_position bb_position_normalized price_bb_upper_dist price_bb_lower_dist bb_breakout_upper bb_breakout_lower macd_hist macd_hist_change macd_cross_signal macd_strength atr_normalized atr_ma atr_ratio signal_convergence
feature_infos=[0:99.755467076367083] [140.01794868368825:158.46374932756453] [140.09390840731587:158.4287960737224] [0:158.45214999999999] [0:158.98423446083257] [0:158.37119522484221] [-0.57514457178655221:0.76835340664820251] [-0.5188763570912186:0.66684005555902648] [0:0.55142857142856927] [0:1.4489999999999839] [0:0.0098924731182794597] [0:1.2740000000000009] [0:0.0087871159085422691] [0:0.45400000000000773] [0:0.6290000000000191] [0:1] [-0.010440345742870893:0.0086544548876104077] [-0.010346048081897208:0.011121306408549358] [-0.012740376631571793:0.01214236927980572] [-0.015822511541399464:0.020290175029493485] [-0.010495228483220405:0.0086172197717689965] [-1:0.99510934152734165] [0:1] [0:1] [-56.904350987366826:51.361182180793548] [-0.57514457178655221:0.76835340664820251] [-0.003883435549732969:0.0051884219504909346] [0:1] [-0.0088498120556881627:0.0085436527782316064] [-0.0096167762950344661:0.012337377364785844] [0:0.031342652110744211] [-0.54651378490698344:1.552884196153675] [-2.0930275698139669:2.10576839230735] [-0.0045480417175792053:0.02223832595088774] [-0.0050724392954735378:0.027298010487932362] [0:1] [0:1] [-0.20097651515128728:0.19509250025932751] [-0.09700790187045677:0.083341641193037941] [0:1] [-0.19455333720912688:0.17538495785784011] [0:0.0037228501986805917] [0:0.42936785714285552] [0:3.4066658717779674] [0:3]
tree_sizes=1343 960 1032 1121 1105 878 1034 878 1100 783 808 1264 1103 882 1029

Tree=0
num_leaves=12
num_cat=0
split_feature=5 30 6 6 37 1 31 0 30 0 0
split_gain=4.94419e-05 1.41076e-05 9.69588e-06 1.67446e-05 9.30844e-06 8.52685e-06 6.31967e-06 6.24066e-06 4.66787e-06 4.54215e-06 3.19968e-06
threshold=147.18118141234348 0.001789059360993049 0.081314247663598863 -0.0050422184502565406 -0.057914993519553148 147.36070263093231 0.17915974410452332 19.5847583565271 0.00063413605777061391 82.029982818162921 81.105951538597751
decision_type=2 2 2 2 2 2 2 2 2 2 2
left_child=1 -1 3 -2 -3 7 -5 -6 -8 -10 -9
right_child=2 4 -4 6 5 -7 8 10 9 -11 -12
leaf_value=-1.4344699791774568e-05 -1.4344699791774568e-05 -1.4344699791774568e-05 -1.4344699791774568e-05 -1.4344699791774568e-05 -1.4344699791774568e-05 -1.4344699791774568e-05 -1.4344699791774568e-05 -1.1944712785802678e-05 -1.6727722916299957e-05 -1.4344699791774568e-05 -1.4344699791774568e-05
leaf_weight=8061 10110 165 1469 886 569 242 455 10832 10059 391 563
leaf_count=8061 10110 165 1469 886 569 242 455 10832 10059 391 563
internal_value=-1.43447e-05 -1.32353e-05 -1.52546e-05 -1.54769e-05 -1.25957e-05 -1.23987e-05 -1.62576e-05 -1.22222e-05 -1.64609e-05 -1.65975e-05 -1.20594e-05
internal_weight=0 20432 23370 21901 12371 12206 11791 11964 10905 10450 11395
internal_count=43802 20432 23370 21901 12371 12206 11791 11964 10905 10450 11395
is_linear=0
shrinkage=1


Tree=1
num_leaves=10
num_cat=0
split_feature=5 30 26 30 2 2 2 1 2
split_gain=5.74634e-05 1.24048e-05 9.2846e-06 9.1739e-06 7.04417e-06 6.77586e-06 4.2558e-06 2.39952e-06 2.56005e-09
threshold=147.18118141234348 0.0018542694584753321 0.00054830487376490743 0.00094453379939385591 156.52621766921882 147.43713568194781 149.56077520848086 141.72702002061291 147.96143262062546
decision_type=2 2 2 2 2 2 2 2 2
left_child=1 -1 3 -2 6 7 8 -3 -5
right_child=2 5 -4 4 -6 -7 -8 -9 -10
leaf_value=0 0 0 0 -2.4494806791048589e-08 0 0 -2.3920184954939731e-06 2.0913434108235823e-06 0
leaf_weight=8488 2762 387 1406 3840 2041 128 8421 11372 4893
leaf_count=8488 2762 387 1406 3840 2041 128 8421 11372 4893
internal_value=0 1.2198e-06 -9.57084e-07 -1.16414e-06 -1.40726e-06 1.86803e-06 -1.60797e-06 2.0115e-06 0
internal_weight=0 20375 23363 21957 19195 11887 17154 11759 8733
internal_count=43738 20375 23363 21957 19195 11887 17154 11759 8733
is_linear=0
shrinkage=0.03


Tree=2
num_leaves=11
num_cat=0
split_feature=5 26 3 25 5 25 2 3 26 2
split_gain=4.68662e-05 8.90379e-06 6.58662e-06 8.93803e-06 7.41265e-06 5.62162e-06 2.97798e-06 2.63273e-06 1.94177e-06 2.10994e-06
threshold=147.18118141234348 0.00054830487376490743 143.26497500000002 0.16545591684067065 143.0395027934135 -0.0041364127321372726 147.46504461079584 144.91692500000002 0.00011015420553357051 147.25799465249705
decision_type=2 2 2 2 2 2 2 2 2 2
left_child=2 5 3 4 -1 -2 -7 -4 -9 -10
right_child=1 -3 7 -5 -6 6 -8 8 9 -11
leaf_value=3.2408602173490235e-06 0 0 0 0 0 0 -1.7461460879233615e-06 0 1.4477890914479037e-06 0
leaf_weight=4282 10326 1417 7617 83 166 745 11020 5158 2870 242
leaf_count=4282 10326 1417 7617 83 166 745 11020 5158 2870 242
internal_value=0 -8.71325e-07 1.09165e-06 2.58424e-06 2.93451e-06 -1.08197e-06 -1.62116e-06 0 5.35266e-07 1.15018e-06
internal_weight=0 23508 20418 4531 4448 22091 11765 15887 8270 3112
internal_count=43926 23508 20418 4531 4448 22091 11765 15887 8270 3112
is_linear=0
shrinkage=0.03


Tree=3
num_leaves=12
num_cat=0
split_feature=2 30 26 30 4 1 26 19 3 2 3
split_gain=4.586e-05 2.95446e-05 1.01853e-05 1.18211e-05 6.83142e-06 1.4401e-05 9.52885e-06 6.65809e-06 1.58775e-06 9.52958e-07 6.46909e-09
threshold=147.46504461079584 0.0018765878410199773 0.00054830487376490743 0.00094453379939385591 149.73854084026033 156.54445804660284 0.00041200032946156262 -0.0029802796257984428 141.73725000000005 147.43713568194781 148.12117500000002
decision_type=2 2 2 2 2 2 2 2 2 2 2
left_child=1 -1 3 -2 10 6 -6 -3 -9 -10 -5
right_child=2 7 -4 4 5 -7 -8 8 9 -11 -12
leaf_value=0 0 0 0 -4.0594285025652864e-08 -2.9641923750192314e-06 0 0 0 2.2048336904929512e-06 0 0
leaf_weight=9592 2503 444 1417 3533 8002 2091 480 378 10969 103 4500
leaf_count=9592 2503 444 1417 3533 8002 2091 480 378 10969 103 4500
internal_value=0 9.26782e-07 -1.00648e-06 -1.23096e-06 -1.51357e-06 -2.14778e-06 -2.6978e-06 1.94607e-06 2.11125e-06 2.17683e-06 0
internal_weight=0 21486 22526 21109 18606 10573 8482 11894 11450 11072 8033
internal_count=44012 21486 22526 21109 18606 10573 8482 11894 11450 11072 8033
is_linear=0
shrinkage=0.03


Tree=4
num_leaves=12
num_cat=0
split_feature=4 30 6 6 37 31 0 30 4 26 7
split_gain=4.15134e-05 1.70599e-05 1.00289e-05 1.65587e-05 7.3843e-06 6.83273e-06 4.0485e-06 3.87933e-06 3.44959e-06 3.10955e-06 4.81148e-07
threshold=147.36531320972813 0.0019130567011668798 0.071604566709709175 -0.0041364127321372726 -0.057914993519553148 0.17915974410452332 25.611884929082311 0.00063413605777061391 147.43516385639381 0.0012354378071374754 0.17108615808236291
decision_type=2 2 2 2 2 2 2 2 2 2 2
left_child=1 -1 3 -2 -3 -5 -6 -7 -9 10 -8
right_child=2 4 -4 5 6 7 9 8 -10 -11 -12
leaf_value=0 0 0 0 0 0 0 2.4275347301857882e-06 0 -2.2375250882060278e-06 0 0
leaf_weight=8837 10967 114 2163 857 1107 428 9112 239 9830 210 36
leaf_count=8837 10967 114 2163 857 1107 428 9112 239 9830 210 36
internal_value=0 1.13067e-06 -7.15666e-07 -9.82945e-07 1.94876e-06 -1.7922e-06 2.1152e-06 -2.01495e-06 -2.13994e-06 2.32222e-06 2.41296e-06
internal_weight=0 19416 24484 22321 10579 11354 10465 10497 10069 9358 9148
internal_count=43900 19416 24484 22321 10579 11354 10465 10497 10069 9358 9148
is_linear=0
shrinkage=0.03


Tree=5
num_leaves=9
num_cat=0
split_feature=5 30 26 30 4 31 31 4
split_gain=3.83213e-05 9.66541e-06 6.86639e-06 8.00718e-06 4.34027e-06 9.81793e-07 9.463e-07 2.93288e-07
threshold=147.18118141234348 0.0018335285881615783 0.00054830487376490743 0.00094453379939385591 147.46495180723034 -0.07758860134748817 0.028744762195569359 141.93950776202965
decision_type=2 2 2 2 2 2 2 2
left_child=1 -1 3 -2 5 -3 -5 -7
right_child=2 4 -4 6 -6 7 -8 -9
leaf_value=0 0 0 0 0 0 0 -1.3495705011980117e-06 1.6753266170723412e-06
leaf_weight=8342 2752 237 1394 1479 715 381 17792 10715
leaf_count=8342 2752 237 1394 1479 715 381 17792 10715
internal_value=0 8.94688e-07 -8.8081e-07 -1.05145e-06 1.44108e-06 1.59763e-06 -1.2796e-06 1.63907e-06
internal_weight=0 20390 23417 22023 12048 11333 19271 11096
internal_count=43807 20390 23417 22023 12048 11333 19271 11096
is_linear=0
shrinkage=0.03


Tree=6
num_leaves=11
num_cat=0
split_feature=5 30 26 26 4 1 1 30 5 30
split_gain=3.78467e-05 8.79005e-06 6.31851e-06 1.09675e-05 6.7115e-06 3.19815e-06 2.1157e-06 1.85965e-06 7.48118e-07 1.44745e-06
threshold=147.18118141234348 0.0018335285881615783 0.00054830487376490743 -3.4199956515751908e-05 147.63069823918531 147.73993288528729 141.72702002061291 0.00044910372211925785 147.10734272130625 0.0019658197331421184
decision_type=2 2 2 2 2 2 2 2 2 2
left_child=1 -1 3 -2 -5 6 -3 -6 9 -8
right_child=2 5 -4 4 7 -7 8 -9 -10 -11
leaf_value=0 0 0 0 0 0 0 0 -1.9011106857612446e-06 0 1.7521608649498952e-06
leaf_weight=8368 10206 386 1410 866 139 32 831 10951 299 10561
leaf_count=8368 10206 386 1410 866 139 32 831 10951 299 10561
internal_value=0 9.31131e-07 -8.31774e-07 -9.96222e-07 -1.63255e-06 1.45584e-06 1.53734e-06 -1.84878e-06 1.61379e-06 1.65281e-06
internal_weight=0 20477 23572 22162 11956 12109 12077 11090 11691 11392
internal_count=44049 20477 23572 22162 11956 12109 12077 11090 11691 11392
is_linear=0
shrinkage=0.03


Tree=7
num_leaves=9
num_cat=0
split_feature=4 30 26 30 3 26 7 26
split_gain=4.01547e-05 2.07961e-05 1.22353e-05 6.73783e-06 4.01562e-06 1.8756e-06 6.25917e-07 4.85123e-07
threshold=147.36531320972813 0.0018765878410199773 0.00053528166315075119 0.00094453379939385591 141.73725000000005 0.0012354378071374754 0.17108615808236291 0.00040415780245608079
decision_type=2 2 2 2 2 2 2 2
left_child=1 -1 3 -2 -3 6 -6 -5
right_child=2 4 -4 7 5 -7 -8 -9
leaf_value=0 0 0 0 -1.366063246506632e-06 2.060659462147995e-06 0 0 0
leaf_weight=8623 2697 386 1733 18995 10076 203 42 1126
leaf_count=8623 2697 386 1733 18995 10076 203 42 1126
internal_value=0 9.70445e-07 -8.547e-07 -1.12631e-06 1.85695e-06 1.98176e-06 2.0428e-06 -1.31909e-06
internal_weight=0 19330 24551 22818 10707 10321 10118 20121
internal_count=43881 19330 24551 22818 10707 10321 10118 20121
is_linear=0
shrinkage=0.03


Tree=8
num_leaves=12
num_cat=0
split_feature=5 30 26 30 4 2 26 5 1 2 30
split_gain=2.53509e-05 9.50531e-06 6.95928e-06 6.30906e-06 1.24034e-05 1.17419e-05 6.24032e-06 5.76072e-06 3.07911e-06 1.79498e-06 7.80024e-07
threshold=147.18118141234348 0.0018765878410199773 0.00053528166315075119 0.00094453379939385591 149.73854084026033 156.52621766921882 0.00041200032946156262 145.22590670061095 141.72702002061291 145.76752961742713 0.0019130567011668798
decision_type=2 2 2 2 2 2 2 2 2 2 2
left_child=1 -1 3 -2 -5 6 -6 8 -3 10 -10
right_child=2 7 -4 4 5 -7 -8 -9 9 -11 -12
leaf_value=0 0 0 0 0 -2.5751631956192259e-06 0 0 0 0 0 1.9575761279714668e-06
leaf_weight=8665 2765 395 1512 8757 7921 2092 445 3766 146 40 7412
leaf_count=8665 2765 395 1512 8757 7921 2092 445 3766 146 40 7412
internal_value=0 6.84725e-07 -7.50728e-07 -9.41975e-07 -1.14477e-06 -1.8642e-06 -2.368e-06 1.24171e-06 1.7079e-06 1.85291e-06 1.91447e-06
internal_weight=0 20424 23492 21980 19215 10458 8366 11759 7993 7598 7558
internal_count=43916 20424 23492 21980 19215 10458 8366 11759 7993 7598 7558
is_linear=0
shrinkage=0.03


Tree=9
num_leaves=8
num_cat=0
split_feature=5 6 4 4 4 33 5
split_gain=3.79065e-05 5.95375e-06 5.09751e-06 5.62841e-06 1.13259e-06 1.67113e-06 1.30248e-07
threshold=147.15599353381916 0.086075149808834808 156.67330185768597 149.73854084026033 148.48801243754943 0.0078991498037069129 156.4394257804918
decision_type=2 2 2 2 2 2 2
left_child=4 2 3 -2 5 -1 -5
right_child=1 -3 -4 6 -6 -7 -8
leaf_value=1.090501730890002e-06 0 0 0 -1.7249987024944014e-06 0 0 0
leaf_weight=20116 10405 1306 2450 9358 41 67 89
leaf_count=20116 10405 1306 2450 9358 41 67 89
internal_value=0 -7.33948e-07 -9.00271e-07 -1.06846e-06 1.02863e-06 1.05391e-06 -1.71324e-06
internal_weight=0 23608 22302 19852 20224 20183 9447
internal_count=43832 23608 22302 19852 20224 20183 9447
is_linear=0
shrinkage=0.03


Tree=10
num_leaves=8
num_cat=0
split_feature=2 30 26 30 2 4 26
split_gain=2.68228e-05 1.63405e-05 7.72402e-06 7.50992e-06 6.44364e-06 9.62004e-06 5.88287e-06
threshold=147.43713568194781 0.0018765878410199773 0.00054830487376490743 0.00094453379939385591 156.52621766921882 149.73854084026033 0.00041200032946156262
decision_type=2 2 2 2 2 2 2
left_child=1 -1 3 -2 5 -5 -7
right_child=2 -3 -4 4 -6 6 -8
leaf_value=0 0 1.5713589943934826e-06 0 0 0 -2.3341477131999328e-06 0
leaf_weight=9455 2515 11798 1436 8145 2076 7925 505
leaf_count=9455 2515 11798 1436 8145 2076 7925 505
internal_value=0 8.23849e-07 -6.55627e-07 -8.87379e-07 -1.12072e-06 -1.32786e-06 -2.11986e-06
internal_weight=0 21253 22602 21166 18651 16575 8430
internal_count=43855 21253 22602 21166 18651 16575 8430
is_linear=0
shrinkage=0.03


Tree=11
num_leaves=14
num_cat=0
split_feature=5 7 25 30 25 4 30 2 3 30 4 30 33
split_gain=2.48152e-05 1.319e-05 1.38516e-05 1.36082e-05 1.14627e-05 6.74069e-06 3.61894e-06 2.22735e-06 1.39564e-05 9.44939e-06 2.07009e-06 1.83659e-06 1.88606e-06
threshold=143.0395027934135 0.032667751549748193 -0.0036782104707384629 0.00090640709309674236 0.16545591684067065 143.96863700744623 0.0008921832058020198 150.64866593257568 144.23382500000005 0.0015419279133737976 150.68345381282052 0.0060655860955499677 1.0000000180025095e-35
decision_type=2 2 2 2 2 2 2 2 2 2 2 2 2
left_child=4 2 -2 -4 5 6 -1 8 -3 -10 -11 12 -5
right_child=1 7 3 11 -6 -7 -8 -9 9 10 -12 -13 -14
leaf_value=0 0 0 0 0 0 0 3.1579071459186626e-06 0 0 2.2582495552531762e-06 0 0 -2.2218995502339159e-06
leaf_weight=417 18363 1013 1878 1004 106 30 3955 2087 1300 4889 119 52 8602
leaf_count=417 18363 1013 1878 1004 106 30 3955 2087 1300 4889 119 52 8602
internal_value=0 -2.53803e-07 -6.94061e-07 -1.52616e-06 2.09582e-06 2.61567e-06 2.87685e-06 0 5.23271e-07 1.51954e-06 2.14628e-06 -2.0125e-06 -2.06013e-06
internal_weight=0 39307 29899 11536 4508 4402 4372 9408 7321 6308 5008 9658 9606
internal_count=43815 39307 29899 11536 4508 4402 4372 9408 7321 6308 5008 9658 9606
is_linear=0
shrinkage=0.03


Tree=12
num_leaves=12
num_cat=0
split_feature=5 34 26 30 2 21 0 2 0 1 30
split_gain=2.73977e-05 1.67173e-05 1.54187e-05 1.37029e-05 4.3629e-06 5.83999e-06 4.9882e-06 1.52645e-06 1.03958e-06 4.28038e-07 3.4892e-07
threshold=147.18118141234348 0.00062002051413066999 0.00053528166315075119 0.0019658197331421184 147.43713568194781 -0.45479069384552767 81.105951538597751 147.29731155249263 86.903610875358495 141.72702002061291 0.00083886271573743536
decision_type=2 2 2 2 2 2 2 2 2 2 2
left_child=3 -2 7 -1 5 -5 9 -3 10 -7 -9
right_child=1 2 -4 4 -6 6 -8 8 -10 -11 -12
leaf_value=0 0 0 0 0 0 0 0 0 0 2.0451295545216295e-06 -1.9614406812082647e-06
leaf_weight=9258 9363 52 1498 1563 128 308 573 208 177 8617 12100
leaf_count=9258 9363 52 1498 1563 128 308 573 208 177 8617 12100
internal_value=0 -8.00841e-07 -1.46328e-06 6.87044e-07 1.40171e-06 1.53053e-06 1.81146e-06 -1.87187e-06 -1.90487e-06 1.99876e-06 -1.93823e-06
internal_weight=0 23398 14035 20447 11189 11061 9498 12537 12485 8925 12308
internal_count=43845 23398 14035 20447 11189 11061 9498 12537 12485 8925 12308
is_linear=0
shrinkage=0.03


Tree=13
num_leaves=9
num_cat=0
split_feature=3 26 42 1 26 1 7 26
split_gain=3.26576e-05 1.01203e-05 5.15337e-06 8.30978e-06 4.60163e-06 1.42304e-06 1.10295e-06 8.27747e-07
threshold=147.30112500000001 0.00054830487376490743 0.045648214285713612 156.54445804660284 8.3070247752381073e-05 147.27528484408489 -0.0018079604608606753 0.00040415780245608079
decision_type=2 2 2 2 2 2 2 2
left_child=4 2 -2 5 -1 -4 -6 -7
right_child=1 -3 3 -5 6 7 -8 -9
leaf_value=0 0 0 0 0 0 -1.6182569876437037e-06 1.5782057663017738e-06 0
leaf_weight=12318 4398 1512 94 1849 275 14990 7436 989
leaf_count=12318 4398 1512 94 1849 275 14990 7436 989
internal_value=0 -8.19486e-07 -1.06072e-06 -1.28841e-06 8.1755e-07 -1.52193e-06 1.50771e-06 -1.55243e-06
internal_weight=0 23832 22320 17922 20029 16073 7711 15979
internal_count=43861 23832 22320 17922 20029 16073 7711 15979
is_linear=0
shrinkage=0.03


Tree=14
num_leaves=11
num_cat=0
split_feature=5 30 26 26 1 30 3 3 7 1
split_gain=1.86323e-05 7.75945e-06 5.59373e-06 7.02778e-06 2.61529e-06 2.44279e-06 1.84574e-06 1.6861e-06 9.40767e-07 1.118e-06
threshold=147.15599353381916 0.001789059360993049 0.00054830487376490743 -2.7965760090930881e-05 141.72702002061291 0.00057658168136374521 147.30112500000001 147.62922500000005 0.19942277483113835 147.32185768912998
decision_type=2 2 2 2 2 2 2 2 2 2
left_child=1 -1 3 -2 -3 -5 -7 8 9 -6
right_child=2 4 -4 5 7 6 -8 -9 -10 -11
leaf_value=0 0 0 0 0 1.3912420234323921e-06 0 -1.4099214828349731e-06 0 0 0
leaf_weight=7964 10454 391 1417 377 11475 101 11311 31 126 259
leaf_count=7964 10454 391 1417 377 11475 101 11311 31 126 259
internal_value=0 6.8511e-07 -5.54168e-07 -7.43639e-07 1.15859e-06 -1.25693e-06 -1.35082e-06 1.25873e-06 1.31015e-06 1.34428e-06
internal_weight=0 20246 23660 22243 12282 11789 11412 11891 11860 11734
internal_count=43906 20246 23660 22243 12282 11789 11412 11891 11860 11734
is_linear=0
shrinkage=0.03


end of trees

feature_importances:
bb_width=28
ema_cross_pct=22
ema_slow=15
bb_upper=14
bb_lower=14
ema_fast=11
bb_middle=9
rsi=6
macd=5
macd_signal=5
ema_cross=4
bb_position=4
price_bb_upper_dist=2
macd_hist=2
return_12=1
rsi_normalized=1
price_bb_lower_dist=1
atr_ma=1

parameters:
[boosting: gbdt]
[objective: regression]
[metric: l2]
[tree_learner: serial]
[device_type: cpu]
[data: ]
[valid: ]
[num_iterations: 500]
[learning_rate: 0.03]
[num_leaves: 50]
[num_threads: 8]
[deterministic: 0]
[force_col_wise: 0]
[force_row_wise: 0]
[histogram_pool_size: -1]
[max_depth: 6]
[min_data_in_leaf: 30]
[min_sum_hessian_in_leaf: 0.001]
[bagging_fraction: 0.9]
[pos_bagging_fraction: 1]
[neg_bagging_fraction: 1]
[bagging_freq: 1]
[bagging_seed: 400]
[feature_fraction: 0.8]
[feature_fraction_bynode: 1]
[feature_fraction_seed: 30056]
[extra_trees: 0]
[extra_seed: 12879]
[early_stopping_round: 0]
[first_metric_only: 0]
[max_delta_step: 0]
[lambda_l1: 0.5]
[lambda_l2: 0.1]
[linear_lambda: 0]
[min_gain_to_split: 0]
[drop_rate: 0.1]
[max_drop: 50]
[skip_drop: 0.5]
[xgboost_dart_mode: 0]
[uniform_drop: 0]
[drop_seed: 17869]
[top_rate: 0.2]
[other_rate: 0.1]
[min_data_per_group: 100]
[max_cat_threshold: 32]
[cat_l2: 10]
[cat_smooth: 10]
[max_cat_to_onehot: 4]
[top_k: 20]
[monotone_constraints: ]
[monotone_constraints_method: basic]
[monotone_penalty: 0]
[feature_contri: ]
[forcedsplits_filename: ]
[refit_decay_rate: 0.9]
[cegb_tradeoff: 1]
[cegb_penalty_split: 0]
[cegb_penalty_feature_lazy: ]
[cegb_penalty_feature_coupled: ]
[path_smooth: 0]
[interaction_constraints: ]
[verbosity: 1]
[saved_feature_importance_type: 0]
[linear_tree: 0]
[max_bin: 255]
[max_bin_by_feature: ]
[min_data_in_bin: 3]
[bin_construct_sample_cnt: 200000]
[data_random_seed: 175]
[is_enable_sparse: 1]
[enable_bundle: 1]
[use_missing: 1]
[zero_as_missing: 0]
[feature_pre_filter: 1]
[pre_partition: 0]
[two_round: 0]
[header: 0]
[label_column: ]
[weight_column: ]
[group_column: ]
[ignore_column: ]
[categorical_feature: ]
[forcedbins_filename: ]
[precise_float_parser: 0]
[parser_config_file: ]
[objective_seed: 16083]
[num_class: 1]
[is_unbalance: 0]
[scale_pos_weight: 1]
[sigmoid: 1]
[boost_from_average: 1]
[reg_sqrt: 0]
[alpha: 0.9]
[fair_c: 1]
[poisson_max_delta_step: 0.7]
[tweedie_variance_power: 1.5]
[lambdarank_truncation_level: 30]
[lambdarank_norm: 1]
[label_gain: ]
[lambdarank_position_bias_regularization: 0]
[eval_at: ]
[multi_error_top_k: 1]
[auc_mu_weights: ]
[num_machines: 1]
[local_listen_port: 12400]
[time_out: 120]
[machine_list_filename: ]
[machines: ]
[gpu_platform_id: -1]
[gpu_device_id: -1]
[gpu_use_dp: 0]
[num_gpu: 1]

end of parameters

pandas_categorical:[]
