tree
version=v4
num_class=1
num_tree_per_iteration=1
label_index=0
max_feature_idx=29
objective=binary sigmoid:1
feature_names=ema_fast ema_slow macd macd_signal atr range range_pct body body_pct upper_shadow lower_shadow is_bullish return_1 return_3 return_6 return_12 log_return ema_cross ema_cross_pct ema_cross_signal price_ema_fast_dist price_ema_slow_dist macd_hist macd_hist_change macd_cross_signal macd_strength atr_normalized atr_ma atr_ratio signal_convergence
feature_infos=[140.01794868368825:158.46374932756453] [140.09390840731587:158.4287960737224] [-0.57514457178655221:0.76835340664820251] [-0.5188763570912186:0.66684005555902648] [0:0.55142857142856927] [0:1.4489999999999839] [0:0.0098924731182794597] [0:1.2740000000000009] [0:0.0087871159085422691] [0:0.45400000000000773] [0:0.6290000000000191] [0:1] [-0.010440345742870893:0.0086544548876104077] [-0.010346048081897208:0.011121306408549358] [-0.012740376631571793:0.01214236927980572] [-0.015822511541399464:0.020290175029493485] [-0.010495228483220405:0.0086172197717689965] [-0.57514457178655221:0.76835340664820251] [-0.003883435549732969:0.0051884219504909346] [0:1] [-0.0088498120556881627:0.0085436527782316064] [-0.0096167762950344661:0.012337377364785844] [-0.20097651515128728:0.19509250025932751] [-0.09700790187045677:0.083341641193037941] [0:1] [-0.19455333720912688:0.17538495785784011] [0:0.0037228501986805917] [0:0.42936785714285552] [0:3.4066658717779674] [0:2]
tree_sizes=5462 5486 5508 5482 5468 5535 5549 5485 5511 5523 5458 5541 5448

Tree=0
num_leaves=50
num_cat=0
split_feature=0 4 26 3 25 25 0 18 27 0 18 26 0 15 10 28 3 1 28 0 26 0 3 3 25 28 0 27 2 3 1 0 28 25 25 21 5 18 21 27 23 27 22 3 20 22 15 3 28
split_gain=31.997 33.8531 18.977 26.3837 26.0928 25.8629 18.1738 20.3938 21.4446 18.025 17.6562 16.0268 46.8972 15.1905 15.9963 15.1284 14.7902 16.2377 14.5517 14.5244 19.5388 38.1739 19.2659 19.5997 27.03 20.2943 19.351 13.3585 13.688 13.0137 12.6018 12.3904 16.1341 12.3759 12.0334 13.6464 12.4997 11.9693 10.5738 12.4615 10.808 10.4048 10.0136 9.95572 9.90409 9.85003 10.5645 17.5581 11.2135
threshold=143.60608135331958 0.042428571428574056 0.0011539695673324784 0.19942277483113835 0.013536715803348901 -0.047490252805294765 157.79485060944884 0.00031275787112354899 0.065664285714280998 142.51606747217323 -0.00017650507122819896 0.0016838270265416722 147.64896914353994 -0.00071771663620800996 0.021500000000003187 0.83164780918377601 -0.10598730488353257 142.82024775466087 0.73729057939510656 145.3005066209237 0.00020522441450030089 144.49761572309657 -0.16409875110656644 0.018734437508167529 0.0083203798991114807 0.78030317913413383 152.15023969419744 0.12724285714285616 0.037165129048446495 -0.13408299904986329 156.52551485706866 155.6784889551962 1.0389420288003159 -0.029163440353094667 0.014580416702297729 8.4494042395798807e-05 0.064500000000009564 0.00021313991790685883 0.00056076087390465024 0.026953571428569443 -0.0023127796849317732 0.049296428571426389 0.00028017585831356667 -0.0056782612684068362 -0.002312638253023129 -0.0017164015598187738 -0.0016676785080162457 -0.061881357121215265 0.65948926264589647
decision_type=2 2 2 2 2 2 2 2 2 2 2 2 2 2 2 2 2 2 2 2 2 2 2 2 2 2 2 2 2 2 2 2 2 2 2 2 2 2 2 2 2 2 2 2 2 2 2 2 2
left_child=1 10 4 44 5 -3 11 8 18 15 -1 13 -13 14 45 -7 -11 -18 -8 20 21 -15 26 25 -25 -24 -21 28 -10 -22 31 33 -33 -16 35 43 -37 -31 39 -20 -41 -6 -17 -12 -4 46 47 -2 -48
right_child=6 2 3 -5 41 9 7 -9 27 16 34 12 -14 19 30 42 17 -19 38 22 29 -23 23 24 -26 -27 -28 -29 -30 37 -32 32 -34 -35 -36 36 -38 -39 -40 40 -42 -43 -44 -45 -46 -47 48 -49 -50
leaf_value=0.017179859948142223 0.014033746343847405 -0.067432499493104203 -0.022277295825877019 -0.090996398324707184 0.06228219702074312 -0.0078996908424004992 0.042161952024214903 -0.056512070524359616 0.051239890456637939 -0.028881191569206172 -0.036138457548946193 0.07866117208218866 -0.065137114132147983 0.030815541731237642 0.010488223598387417 0.040422596956820357 -0.0040182707938311024 0.016106855112967899 0.02849738614572558 -0.078883476723684925 0.072086124318386305 -0.081106778106796631 0.011658582003522476 -0.010681869223268713 0.0020697023770567622 -0.00092718964435775251 0.04716718886092422 -0.048172260175225808 -0.032693215849376796 -0.011285965440110497 0.028540271038703123 0.029806820738317176 -0.065362766014248591 -0.0074878695750518675 0.053434387348350113 -0.080066340574738618 0.02274927191933759 -0.00037048134583125706 0.019654576071285977 -0.0025014866247732486 -0.041990555733263178 -0.0096323135646340444 0.015071107690777141 0.0022141894289229962 0.060086494985513376 -0.0091858592861354428 -0.027685371152816569 -0.012268015329822886 0.011774343911804173
leaf_weight=26.749984055757523 109.74993458390236 9.7499941885471326 3.499997913837432 3.2499980628490439 4.9999970197677603 26.999983906745911 8.4999949336051923 28.499983012676239 25.999984502792362 24.49998539686203 40.249976009130478 19.249988526105884 7.749995380640029 10.749993592500685 117.249930113554 115.74993100762367 135.74991908669472 361.74978438019753 8.2499950826168043 14.749991208314897 4.9999970197677603 23.749985843896866 377.74977484345436 1106.4993404746056 661.99960541725159 2137.2487260997295 3.499997913837432 5.2499968707561484 5.4999967217445365 743.99955654144287 28.249983161687851 5.49999672174454 17.499989569187164 508.49969691038132 3.9999976158142081 20.249987930059437 2.9999982118606559 373.24977752566338 11.749992996454237 23.499985992908478 83.749950081110001 195.24988362193108 64.999961256980896 27.249983757734299 38.499977052211761 96.74994233250618 17.99998927116394 149.99991059303284 665.74960318207741
leaf_count=107 439 39 14 13 20 108 34 114 104 98 161 77 31 43 469 463 543 1447 33 59 20 95 1511 4426 2648 8549 14 21 22 2976 113 22 70 2034 16 81 12 1493 47 94 335 781 260 109 154 387 72 600 2663
internal_value=-0.00151773 0.00671377 0.00980067 0.0415569 0.00824055 0.012586 -0.0024008 -0.0172301 -0.010567 0.0136983 -0.0180949 -0.0019833 0.0363808 -0.00213166 0.00196457 0.0262223 0.00866158 0.0105658 -0.0198446 -0.00342495 -0.0084004 -0.0455172 -0.0020811 -0.00185622 -0.00589452 0.000973567 -0.0532134 0.0229813 0.0357415 -0.00723327 -0.00398948 -0.00544895 -0.0414855 -0.00407827 -0.0283265 -0.032262 -0.065682 -0.00761718 -0.0242138 -0.0289073 -0.0335798 -0.00768097 0.0314583 -0.0203029 0.052596 0.00586339 0.00743374 -0.00124945 0.0106953
internal_weight=0 1106.5 984.999 45.25 939.749 739.5 7403.75 201 172.5 729.75 121.5 7202.75 27 7175.75 1717.25 207.75 522 497.5 135.75 5458.5 1156.75 34.5 4301.75 4283.5 1768.5 2515 18.25 36.75 31.5 1122.25 677 648.75 23 625.75 94.7499 90.7499 23.25 1117.25 127.25 115.5 107.25 200.25 180.75 67.5 42 1040.25 943.499 259.75 683.75
internal_count=34041 4426 3940 181 3759 2958 29615 804 690 2919 486 28811 108 28703 6869 831 2088 1990 543 21834 4627 138 17207 17134 7074 10060 73 147 126 4489 2708 2595 92 2503 379 363 93 4469 509 462 429 801 723 270 168 4161 3774 1039 2735
is_linear=0
shrinkage=1


Tree=1
num_leaves=50
num_cat=0
split_feature=4 0 22 0 27 18 3 28 4 18 27 2 22 3 28 28 0 21 0 18 28 3 0 0 0 21 0 26 26 21 27 0 27 0 2 3 0 2 21 14 27 0 25 3 25 0 0 27 0
split_gain=20.5314 26.36 32.0245 17.6669 16.2525 15.4652 14.2383 14.1587 14.925 13.7457 17.0771 16.4338 13.6233 13.284 21.7802 16.5728 15.8697 20.5998 14.3468 13.2624 13.232 12.054 13.387 12.7132 12.6324 11.88 13.3628 13.2761 20.1404 13.482 11.3092 24.829 34.0617 29.2402 28.4301 16.5515 15.797 38.8971 28.204 15.5855 11.7594 21.541 18.7466 23.7827 16.1183 14.1597 20.3102 13.915 21.3796
threshold=0.036928571428572157 142.57584734173585 0.002766268529471459 157.98561060309785 1.0000000180025095e-35 0.00017219185296969152 -0.1528675007770057 0.77212584738130474 0.02492857142856764 0.00025537382556859226 0.064689285714286837 0.030349224150384661 0.0026239860633193034 -0.019959177736392521 0.84335790684894685 1.0118793313268497 143.7291494783897 -0.00028764479434984945 142.77573207603356 -3.4343206855219165e-05 0.68807802728221523 -0.0073559810406451974 157.15233111039942 146.30556487635582 143.95471718060335 -0.00098914018330360765 141.72702002061291 0.00079835879182396771 0.0006538762029342863 -0.0005213898162978206 0.051482142857144454 150.52254063002141 0.038575000000003919 151.4845209776075 0.033728434302418016 0.099039434440380131 147.12100929399688 0.01081033044268054 0.00045429136687917798 -0.00077438399320450813 0.089180357142857117 153.60304136963194 -0.039691068462380234 0.006790604299191135 -0.028198895300899616 149.88631134494571 156.92052706005697 0.10952321428571547 145.26107867974108
decision_type=2 2 2 2 2 2 2 2 2 2 2 2 2 2 2 2 2 2 2 2 2 2 2 2 2 2 2 2 2 2 2 2 2 2 2 2 2 2 2 2 2 2 2 2 2 2 2 2 2
left_child=4 2 25 30 -1 13 -4 8 -7 10 11 -5 -9 14 -6 -16 17 -15 19 -19 -12 22 23 -18 -23 26 -2 28 29 -27 31 35 34 -34 -33 36 37 -3 -38 -35 44 47 -43 -44 45 -32 -47 -42 -49
right_child=1 3 6 9 5 7 -8 12 -10 -11 20 -13 -14 16 15 -17 21 18 -20 -21 -22 24 -24 -25 -26 27 -28 -29 -30 -31 40 32 33 39 -36 -37 38 -39 -40 -41 41 42 43 -45 -46 46 -48 48 -50
leaf_value=0.090897723622581736 -0.036392734571222773 -0.0085060792592382591 0.089407411832953601 -0.031407640244779343 -0.045337444116053859 -0.089761017666030452 -0.0049245162103364049 -0.061805761220701916 0.019140471764493173 -0.053319879463117503 -0.072322251287099681 0.077257492304991016 -0.018403852102706768 0.033292739943007153 0.018328583570601169 -0.038302768838290029 -0.0077705691596739864 -0.056152582862562264 -0.081631127709876239 0 0.040474616049456319 0.074084948754932087 -0.049008293636821076 0.028810387487608141 -0.004967255681194228 0.070908033500308304 0.023279952657842488 0.094448595166483407 -0.021021574962112856 0.028743708797100288 0.027319689401761993 0.044349432835056345 -0.055407307091574813 -0.045602008347961041 -0.051730210300307583 -0.091357461208866203 0.020873381740511437 0.021374699865591498 -0.0065645800019088017 -0.0028329663397793315 0.0051632471640561542 -0.035566202764147299 0.030894795333768627 0.0010537043454616252 -0.0026076483824415378 -0.023572330136629457 0.055983683815180874 0.0073606960951587384 -0.0093658645702263
leaf_weight=3.9998641014099112 12.745012104511259 304.9854341596365 3.9976596534252158 55.481845781207085 50.746127918362617 3.4999000728130367 147.97968375682831 32.994719371199608 23.748807936906815 24.234753206372261 2.748293042182925 3.49915488064289 45.246511578559875 12.24765160679817 38.745447680354118 19.246053948998451 31.487901836633682 17.244405671954151 13.991108313202856 26.738648653030399 20.486904606223106 4.9998408555984488 7.4984093010425559 85.498996779322624 336.72309428453445 26.491873264312744 33.487220153212547 9.4952409118413907 15.244919925928114 82.977879628539085 85.245308801531792 44.498038187623024 39.99941511452198 24.498464033007622 8.9985583424568159 3.9999700039625159 415.24501648545265 168.99032339453697 119.24884617328644 172.49054595828056 822.22748164832592 16.745742231607437 159.73902831971645 117.74219724535942 3909.1541724950075 37.74390771985054 9.9984365254640561 281.69475793838501 586.43788310885429
leaf_count=16 51 1220 16 222 203 14 592 132 95 97 11 14 181 49 155 77 126 69 56 107 82 20 30 342 1347 106 134 38 61 332 341 178 160 98 36 16 1661 676 477 690 3289 67 639 471 15637 151 40 1127 2346
internal_value=0 0.000762969 0.0145369 0.000143679 -0.00787495 -0.0084466 -0.00222163 -0.0262492 0.00396168 -0.0200646 -0.00990547 -0.0244179 -0.0370813 -0.00549338 -0.0214472 -6.92941e-05 -0.00220946 -0.0243662 -0.0370141 -0.0221012 0.0258087 0.00107876 0.0144343 0.0187526 -0.00371615 0.0287837 0.00624714 0.0363505 0.0316547 0.0392311 0.00044085 0.00466637 -0.00817405 -0.0163757 0.0276553 0.00837551 0.0088049 0.00209708 0.014705 -0.00829921 -0.000468604 0.00267794 0.0151642 0.0183275 -0.00201969 0.0150644 -0.00630658 0.00048901 -0.00390935
internal_weight=0 7768.55 332.419 7436.13 754.657 750.658 151.977 105.49 27.2487 106.451 82.2162 58.981 78.2412 645.168 108.738 57.9915 536.43 70.2218 57.9742 43.9831 23.2352 466.208 124.485 116.987 341.723 180.442 46.2322 134.21 124.715 109.47 7329.68 1302.95 290.485 236.988 53.4966 1012.47 1008.47 473.976 534.494 196.989 6026.73 1984.59 294.227 277.481 4042.14 132.988 47.7423 1690.36 868.133
internal_count=34095 31076 1330 29746 3019 3003 608 422 109 426 329 236 313 2581 435 232 2146 281 232 176 93 1865 498 468 1367 722 185 537 499 438 29320 5212 1162 948 214 4050 4034 1896 2138 788 24108 7939 1177 1110 16169 532 191 6762 3473
is_linear=0
shrinkage=0.05


Tree=2
num_leaves=50
num_cat=0
split_feature=0 25 1 2 4 4 9 28 27 9 0 1 0 21 4 25 15 25 28 7 27 3 1 1 3 27 14 0 4 27 26 9 0 1 1 3 21 2 1 4 28 25 21 28 1 21 27 25 21
split_gain=26.0027 28.4296 16.0062 18.5609 35.4127 17.2506 16.6088 15.4631 16.5292 18.1856 13.8482 13.5522 18.0307 14.0715 17.0872 13.5292 12.1756 13.316 12.1701 12.9735 12.1217 12.0994 11.5742 11.5402 21.1313 22.8245 20.2861 18.7109 13.6407 15.1064 12.3878 11.1345 11.0844 11.6419 11.0554 11.0521 11.0433 10.7084 10.4735 10.3851 10.3006 21.401 10.2243 10.2225 10.0955 18.6048 14.3315 19.2692 10.2231
threshold=142.57584734173585 -0.003897245353648254 142.68071479334597 0.0027318071773976276 0.09285714285714064 0.071071428571435002 0.0079999999999955679 0.82760684037998811 0.11798214285714254 0.037499999999994323 140.7065367287052 143.14255680623779 143.05502345445976 -0.00060498443442494375 0.075000000000007935 0.014309660810194349 -8.7092269322630575e-05 -0.0074767446664472719 1.1709825762034649 0.031499999999994095 0.10675714285714215 -0.13408299904986329 144.98922633505163 155.89130385532383 0.050622325827096713 0.15466607142857161 -0.0020853163235344248 155.82334532390226 0.079142857142860498 0.089180357142857117 0.00017748656698465855 0.00099999999999056421 142.39579702611056 142.34376721436522 142.82024775466087 0.13533121061319517 0.00024576109604999857 -0.094017372222339177 145.548636838487 0.10628571428571122 0.56085388399127944 -0.020363928970213243 -0.00087624085159045725 0.89016594145889716 141.76616280503669 -0.00097197051295297551 0.083683928571429186 -0.020811012417854362 -0.00078512422303534974
decision_type=2 2 2 2 2 2 2 2 2 2 2 2 2 2 2 2 2 2 2 2 2 2 2 2 2 2 2 2 2 2 2 2 2 2 2 2 2 2 2 2 2 2 2 2 2 2 2 2 2
left_child=1 44 3 39 5 -5 16 -3 9 10 -9 12 13 20 43 -14 18 22 19 40 37 -20 -18 27 25 26 -25 30 -26 -30 -13 -21 33 -12 -16 -32 42 -8 -24 -2 41 -4 -23 -15 45 -1 47 -46 -49
right_child=2 7 6 4 -6 -7 11 8 -10 -11 32 23 15 14 34 -17 17 -19 21 31 -22 36 38 24 28 -27 -28 -29 29 -31 35 -33 -34 -35 -36 -37 -38 -39 -40 -41 -42 -43 -44 -45 46 -47 -48 48 -50
leaf_value=-0.040172562016837006 -0.068693837095832863 -0.025505582699971975 0.086367557041724191 -0.0070067078637786875 -0.062913694352159447 0.071297818538624061 -0.030392396254255091 0.064871653418072592 0.058527763588099836 -0.032235028841716078 0.0051521211011432075 -0.036265014419167463 0.051395102227986905 0.03645647015048769 -0.038012795123843306 -0.0060315162999196028 -0.056719108738214119 -0.0053007493644649274 -0.041870461972240598 0.0018844680110371476 0.063495309895109042 0.00059890397627629746 0.049972736483433228 -0.082052899964776008 -0.059760182927856287 0.07745667090235181 -0.0028880790890934466 0.047731070282824598 0.038158956677868609 -0.037887304059041588 0.00084699017179124003 -0.012938870429318955 0.030286417955556078 -0.041334233947776133 0.00015591378403011051 0.017412608750694687 -0.04341550976673824 0.031457618345912812 -0.019717122069680498 0.023689723486919285 0.0035874806349955792 -0.069598112427165584 0.021655929399475912 -0.0023248690078375121 -0.038749013670299336 0.030362368774482985 0.06488761057746302 -0.0055079531208222458 0.052892254425544231
leaf_weight=12.245478466153143 23.748275235295299 41.231233060359955 2.4994159340858451 13.744806513190271 15.993045613169668 13.248900234699247 10.497416168451311 10.995946943759916 14.973599985241888 28.988754153251648 87.962394550442696 21.988489419221878 42.496414005756378 30.992349460721016 38.245771393179893 12.498089253902434 21.498993888497353 1480.2725704461336 10.746662259101866 187.73097942769527 16.492195501923561 96.483147129416466 5.4988127052783957 8.2429237961769086 29.230737298727036 8.4968571811914426 321.61469653248787 21.498846292495728 9.9929881542921084 17.738819539546967 4303.9281724989414 372.71323795616627 35.988133877515793 15.741803675889967 34.996481746435165 103.23494449257851 8.4995374232530576 19.498886063694954 81.740204870700836 2.9994272589683524 602.4077295511961 11.492896378040312 152.9712181687355 34.994238123297691 9.7391536235809308 36.4462960511446 37.7070602029562 8.991160571575163 29.714872002601624
leaf_count=49 95 165 10 55 64 53 42 44 60 116 352 88 170 124 153 50 86 5922 43 751 66 386 22 33 117 34 1287 86 40 71 17217 1491 144 63 140 413 34 78 327 12 2410 46 612 140 39 146 151 36 119
internal_value=0 0.0127138 -0.000821583 -0.024666 -0.0036608 0.0306249 -0.000613459 0.00212755 0.0081193 0.00374917 0.0108542 0.00112927 0.0127112 0.00510044 -0.00269313 0.0379033 -0.00354289 -0.00656406 -0.000204365 -0.0024136 0.0289338 0.00937586 -0.0235115 0.000548557 -0.00762828 -0.00280042 -0.00496639 0.00128061 -0.0358122 -0.0095476 0.00104843 -0.00792947 0.00638003 -0.00169647 -0.0194589 0.00124109 0.0116231 0.00895304 -0.014986 -0.0573533 0.00256147 -0.0395491 0.0136152 0.0155391 0.0310317 0.0120652 0.0414349 0.0225696 0.0387028
internal_weight=0 370.726 8190.97 69.7345 42.9868 26.9937 8121.23 235.882 194.651 179.677 150.688 5086.68 240.712 185.717 139.229 54.9945 3034.56 1589.01 1445.54 1176.84 46.4885 268.701 108.738 4845.97 395.317 338.354 329.858 4450.65 56.9625 27.7318 4429.15 560.444 139.692 103.704 73.2423 4407.16 257.954 29.9963 87.239 26.7477 616.4 13.9923 249.454 65.9866 134.844 48.6918 86.1522 48.4452 38.706
internal_count=34252 1484 32768 279 172 108 32489 944 779 719 603 20349 963 743 557 220 12140 6357 5783 4708 186 1075 435 19386 1582 1354 1320 17804 228 111 17718 2242 559 415 293 17630 1032 120 349 107 2466 56 998 264 540 195 345 194 155
is_linear=0
shrinkage=0.05


Tree=3
num_leaves=50
num_cat=0
split_feature=26 0 0 22 3 4 26 1 25 26 14 28 4 4 26 0 25 28 1 0 28 27 17 21 27 10 6 0 0 14 25 28 22 27 4 3 28 1 25 10 4 22 0 0 3 28 17 20 3
split_gain=28.8972 28.9088 20.9193 34.7095 17.2876 15.9179 15.7107 15.3188 19.0018 14.3894 15.2958 11.7896 17.919 12.0419 11.4504 32.4546 11.5218 16.796 15.9648 15.4671 16.4985 13.645 15.3993 11.9989 11.4248 10.9755 10.4922 13.1662 11.2287 10.8837 13.1211 16.7299 12.6596 10.3495 17.564 14.7292 9.92151 11.335 18.0785 9.79011 9.54787 9.17663 14.4558 9.0326 11.7908 8.84921 8.84789 8.40078 8.21423
threshold=0.00024586815195044918 157.79485060944884 142.57584734173585 0.002766268529471459 -0.050743161427837254 0.1200714285714284 0.00079835879182396771 144.24407623025726 -0.010145699346715961 0.00042370946038713009 -0.00040917387374794773 0.84878779851175357 0.063499999999999709 0.10457142857143356 0.0016838270265416722 147.72622804576733 -0.019059508752218537 0.56085388399127944 149.93265933346927 150.13930200283832 0.84335790684894685 0.10767142857142918 -0.050452784304766844 -0.00083643223716323275 0.038219642857141987 0.029000000000010576 3.9945428529012898e-05 146.49451479811776 144.49761572309657 -0.00055797055625028669 -0.010353137517483438 0.91466633605844472 -0.0065279431271301784 0.050564285714285416 0.038500000000004177 -0.060432627470191756 0.82979326893202665 142.29558188514218 0.0072244950675653249 0.013499999999993408 0.062999999999997322 0.0099248441026238733 142.81456286583929 157.90445100274516 -0.030766555293332783 0.82979326893202665 0.016899566631011002 -0.00080557493174485432 -0.13408299904986329
decision_type=2 2 2 2 2 2 2 2 2 2 2 2 2 2 2 2 2 2 2 2 2 2 2 2 2 2 2 2 2 2 2 2 2 2 2 2 2 2 2 2 2 2 2 2 2 2 2 2 2
left_child=7 2 3 6 -3 9 11 8 -1 24 -11 12 46 -13 16 47 18 40 21 -20 -21 23 -23 -4 -6 26 27 -9 -28 -30 31 -31 -32 35 -35 -19 37 -5 -39 -12 -18 -10 -43 45 -45 -26 -2 -16 -38
right_child=1 4 14 36 5 -7 -8 25 41 10 39 13 -14 -15 15 -17 17 33 19 20 -22 22 -24 -25 43 -27 28 -29 29 30 32 -33 -34 34 -36 -37 48 38 -40 -41 -42 42 -44 44 -46 -47 -48 -49 -50
leaf_value=0.076536711355014442 -0.062607762198269176 0.051110710432535428 0.0060392034727560348 -0.059865452402339231 0.02634406971343279 -0.087363227428647813 0.069934503762780806 -0.059048393958173601 -0.040979137726773654 0.058801059045671261 -0.050800848761656248 0.033910520397402492 0.033382532706287965 -0.02101950145516869 -0.0022436882419631424 -0.063200817591826303 -0.074811781090119892 0.051678316604514843 -0.055437450936656946 0.030491438782856907 -0.007355807973008277 0.012269967947433215 -0.015552619704157592 0.022679826990123775 -0.0039691180073134144 0.037390974635128284 0.025893395474704484 0.047810400829869752 0.019837674444708117 -0.060247532199617961 0.014197106119534628 0.0086684927174787724 -0.012647514788777257 0.052255354694764194 -0.0012817828107949015 0.0033873041022510521 0.065683212033306973 -0.076520510042443923 0.055000529017478018 0.014972072617074787 0 0.080953035539779603 -0.057549626425709689 -0.068939255207119146 -0.016941181976341931 -0.087838705105427115 0.015137018896808055 0.06924762204719602 -0.00069899485113518
leaf_weight=3.7474288940429679 12.237286835908892 7.7393811196088782 212.71838861703873 15.240529730916025 8.2402838170528394 9.4771972894668561 20.384592324495316 3.248980954289439 72.410722374916077 10.481879472732542 9.9822300076484698 119.73336601257324 15.976958677172659 10.239046856760977 4.2443139553070095 6.9892676919698706 11.74484543502331 15.998127102851866 14.248523846268652 33.493285313248634 198.4252767264843 104.22459991276264 94.724657386541367 232.21937833726406 4.99769298732281 13.24634078145027 21.247069656848907 15.741893306374548 26.990304484963417 28.984033972024918 47.728807792067528 11.747931212186812 450.07406002283096 15.245306745171545 5215.0221680700779 1160.2966662198305 4.7202223986387244 3.9942889213561994 6.9962111711502075 11.98125799000263 7.2460713088512412 3.9947600066661826 3.2443211376667023 13.485948190093039 70.647908955812454 12.991390183567999 4.4969608485698691 21.467367723584175 124.94509819149971
leaf_count=15 49 31 851 61 33 38 82 13 290 42 40 480 64 41 17 28 47 64 57 134 794 417 379 929 20 53 85 63 108 116 191 47 1801 61 20862 4642 19 16 28 48 29 16 13 54 283 52 18 86 500
internal_value=0 0.000686651 0.00112771 0.0132735 -0.0203322 -0.0241583 0.0280493 -0.00989768 -0.0300961 -0.0197307 0.00893895 0.0226076 -0.00353952 0.0293782 0.000563872 0.0300508 0.000428238 -0.000306613 0.00576086 -0.00500047 -0.00177144 0.00991403 -0.000852615 0.0147835 -0.028386 -0.00713161 -0.00815247 0.0280058 -0.0093699 -0.0107433 -0.0123258 -0.0397859 -0.0100211 -0.000163149 -0.00111996 0.00406967 -0.00392424 -0.0319535 0.00468854 -0.0138829 -0.0471401 -0.0355162 0.0155358 -0.0330681 -0.0256448 -0.066071 -0.0402647 0.0565148 0.00157362
internal_weight=0 7847.3 7687.27 338.965 160.025 152.286 183.068 702.407 83.3972 142.809 32.4454 162.684 32.7112 129.972 7348.31 32.7009 7315.61 6425.55 890.054 246.167 231.919 643.887 198.949 444.938 110.363 619.009 605.763 18.9909 586.772 565.525 538.535 40.732 497.803 6406.56 5230.27 1176.29 155.896 26.231 10.9905 21.9635 18.9909 79.6498 7.23908 102.123 84.1339 17.9891 16.7342 25.7117 129.665
internal_count=34207 31396 30755 1358 641 610 734 2811 334 572 130 652 131 521 29397 131 29266 25705 3561 985 928 2576 796 1780 442 2477 2424 76 2348 2263 2155 163 1992 25629 20923 4706 624 105 44 88 76 319 29 409 337 72 67 103 519
is_linear=0
shrinkage=0.05


Tree=4
num_leaves=50
num_cat=0
split_feature=26 1 25 0 22 0 0 0 4 0 0 5 4 25 14 2 0 18 27 4 27 27 27 1 3 0 28 0 1 0 14 27 27 2 4 4 3 3 28 26 4 20 27 4 22 27 26 1 28
split_gain=13.378 21.5384 21.2558 20.1097 25.2059 17.8652 15.3787 14.1066 16.1111 16.7479 15.5792 18.7889 17.9819 18.5687 14.7548 14.2622 14.0684 13.4764 14.1185 13.8769 14.5509 13.4099 13.3371 16.7015 13.8383 24.3661 37.6353 21.0486 20.503 17.4046 17.5162 16.4687 14.0963 12.1586 22.0242 15.8786 12.0279 11.8316 13.8489 15.4202 19.204 12.3518 11.4674 11.3953 10.9138 10.2708 20.6354 12.7823 10.2667
threshold=0.00024586815195044918 144.31793076786229 -0.010145699346715961 142.57584734173585 0.0036039615562687894 144.49761572309657 157.79485060944884 145.3005066209237 0.028999999999999412 144.85934602832532 147.75410692545594 0.010000000000005118 0.033428571428573715 -0.0031918408355206662 -0.00015247758752912063 -1.0000000180025095e-35 147.99963239285285 0.00025537382556859226 0.065664285714280998 0.048857142857145729 0.048135714285718632 1.0000000180025095e-35 0.050564285714285416 142.68071479334597 -0.02728391416541023 147.78402622787004 1.6471246609540009 148.11581668222547 147.82373829349453 144.88878760428125 -0.00067614417991512788 0.04744285714285966 0.04044464285714449 0.0018997175554034131 0.093857142857139322 0.072071428571424553 -0.064359402004054003 0.060350747617376764 0.89570263481489087 0.0006331882488550181 0.062714285714287762 -0.00037635115534710885 0.073360714285717388 0.10307142857142844 0.010949891978028758 0.11415178571428621 0.0006538762029342863 142.34376721436522 1.0365842347489991
decision_type=2 2 2 2 2 2 2 2 2 2 2 2 2 2 2 2 2 2 2 2 2 2 2 2 2 2 2 2 2 2 2 2 2 2 2 2 2 2 2 2 2 2 2 2 2 2 2 2 2
left_child=1 2 -1 4 37 -3 22 8 -7 15 12 -12 13 -9 16 -10 -13 18 48 20 -19 -16 24 33 27 29 28 31 -27 30 -26 36 -31 43 35 -35 -5 38 39 40 -2 -42 -20 -24 -4 46 47 -40 -8
right_child=3 5 44 6 -6 7 17 10 9 -11 11 14 -14 -15 21 -17 -18 19 42 -21 -22 -23 23 -25 25 26 -28 -29 -30 32 -32 -33 -34 34 -36 -37 -38 -39 45 -41 41 -43 -44 -45 -46 -47 -48 -49 -50
leaf_value=0.069141120511711035 -0.023414171460587715 0.049501984208402391 -0.040058911656040253 0.035274920893838338 -0.0032677499648816897 -0.061743381271788605 -0.035377388894127192 -0.0048651201887366519 0.082953730416098326 -0.046655530270886793 0.031590340797305771 -0.057164441039881865 -0.010551533468977737 0.037333782819022686 0.084710684930444036 -0.020381275292371926 0.011408233485584313 -0.041400627026212333 0.054084974074989405 -0.058121764934121661 0.082982076461293006 -0.018701119795022914 -0.076517856986079075 6.8517214889183984e-05 0.044933717909009081 -0.054665840112657717 0.061930511818259606 0.015796447933571826 -0.002071257316409942 0.035697023613974553 -0.0027787488432187337 0.0063781940545891078 0.014429046176047547 -0.020602646595946471 -0.054826622661670044 0.072812953712235215 -0.035744628371459322 0.067891426670154131 0.05449998694282613 -0.08649808005256833 0 0.075324909181388219 -0.0049187721549885767 0.010091336003863041 0.021757691993509909 0.081317411305062384 -0.0072168323595865188 0.015075896679317267 -0.00093335456890651463
leaf_weight=4.9856340885162345 23.45751890540123 15.744802013039587 80.313138052821159 5.9976622760295859 138.35957711935043 21.933475315570831 40.659316152334213 38.981535747647285 7.2471849471330643 11.242354720830916 27.725737795233727 7.9957339316606513 64.223995998501778 72.985612794756889 2.9944826066493979 5.4970095008611697 88.95970992743969 5.2311141043901426 14.721378028392794 28.84270004928112 3.9932975322008133 248.62120701372623 16.726575404405597 6082.1177947372198 21.496432438492775 19.498524621129036 22.242025479674339 69.728490173816681 371.41168531775475 115.98259469866753 171.4480359852314 44.242537498474121 260.72159369289875 7.9967275261879029 13.971549957990645 9.4905862212181074 81.988898247480392 14.889987528324125 50.534172222018242 4.7377253621816626 9.9614272862672824 11.956068664789198 16.957803681492805 4.2471669167280188 7.2289245724678031 9.136591434478758 34.407163262367249 38.373663976788521 49.425599202513695
leaf_count=20 94 63 322 24 554 88 163 156 29 45 111 32 257 292 12 22 356 21 59 116 16 995 67 24332 86 78 89 279 1486 464 686 177 1043 32 56 38 328 60 203 19 40 48 68 17 29 37 138 154 198
internal_value=0 -0.00621452 -0.028719 0.000966803 0.0129373 -0.00277919 0.00042582 -0.00420458 -0.0308388 -0.0014025 -0.00194045 -0.00772318 0.0102655 0.0224279 -0.0109301 0.0366237 0.00544252 -0.0149046 -0.00652754 -0.0409578 0.0100767 -0.0173379 0.000764204 -0.000169842 0.0056213 0.00808191 -0.00110638 -0.00622731 -0.00477191 0.0147889 0.00242804 -0.0180332 0.0210513 -0.0282426 -0.00760454 0.0287994 -0.0305852 0.0244149 0.0206968 -0.00121641 0.00730895 0.0412833 0.0217976 -0.0578286 -0.0346501 0.0291709 0.025042 0.037801 -0.0167787
internal_weight=0 706.681 92.5277 7814.95 335.814 614.153 7479.14 598.408 45.92 23.9865 552.488 376.297 176.191 111.967 348.571 12.7442 96.9554 159.831 121.764 38.0671 9.22441 251.616 7319.31 6134.55 1184.76 982.801 413.152 201.958 390.91 569.649 192.944 132.229 376.704 52.4326 31.4589 17.4873 87.9866 197.454 182.564 50.1127 45.375 21.9175 31.6792 20.9737 87.5421 132.452 123.315 88.9078 90.0849
internal_count=34099 2829 371 31270 1347 2458 29923 2395 184 96 2211 1506 705 448 1395 51 388 641 488 153 37 1007 29282 24542 4740 3932 1653 808 1564 2279 772 529 1507 210 126 70 352 793 733 201 182 88 127 84 351 532 495 357 361
is_linear=0
shrinkage=0.05


Tree=5
num_leaves=50
num_cat=0
split_feature=21 0 3 26 18 26 0 1 0 3 4 1 1 28 25 6 2 6 6 3 0 2 4 4 26 1 3 0 28 28 10 0 3 28 22 1 20 1 0 28 1 4 1 21 0 21 1 0 0
split_gain=18.7286 17.8714 20.0684 17.1463 18.8667 16.3113 18.6667 15.8064 18.2441 15.2652 15.0045 14.746 36.5852 24.5436 29.7145 22.8928 20.0362 16.6066 18.0272 16.2381 16.13 14.984 15.5989 16.1568 14.5068 13.4381 13.4162 15.0649 13.0209 16.9192 12.8965 12.7716 12.6011 12.5328 14.4536 13.0508 11.9791 11.5813 29.2732 11.5693 11.9107 11.5734 11.2466 11.2433 15.1173 15.2706 13.7795 24.822 22.3279
threshold=-0.00036884072664758173 144.06740542161063 -0.015183869279642147 0.00031429840486776113 -0.00026374142452261553 0.0016838270265416722 147.60115424054359 156.29020768676259 155.7349554561255 -0.057791996796849016 0.10078571428571743 149.65344944992955 149.03624263870577 1.0389420288003159 0.0094026278538725614 0.00014898386234578134 -0.0069026911369718382 7.5864947973561158e-05 0.00029131452967408956 -0.00091741771433945316 145.26107867974108 0.059674780208510476 0.075642857142857997 0.13353571428571651 0.0002247419803283812 155.99990237424109 -0.065735557487373822 152.60304902916008 0.56085388399127944 0.73333594031285276 0.016000000000005347 147.75410692545594 -0.015646455259864692 1.5704415591472742 -0.015801996588383698 144.06423368395113 -0.00024443469972312929 155.49940077944638 154.10242368345823 1.7774673540658397 156.43526637937953 0.078785714285721009 146.72792170852827 -0.00011058139769195114 148.78652918195135 -0.00017209881679531883 147.62167759161755 148.11581668222547 145.3005066209237
decision_type=2 2 2 2 2 2 2 2 2 2 2 2 2 2 2 2 2 2 2 2 2 2 2 2 2 2 2 2 2 2 2 2 2 2 2 2 2 2 2 2 2 2 2 2 2 2 2 2 2
left_child=1 33 3 4 -3 11 -7 8 30 -10 -4 12 15 14 17 19 24 -13 -19 32 -21 -18 -23 -24 -15 -20 27 -16 -14 -30 -5 -22 -2 34 -1 -36 -32 38 42 40 -9 -42 -12 44 -17 -46 48 -48 -45
right_child=5 2 10 7 -6 6 -8 39 9 -11 37 13 28 16 26 43 21 18 25 20 31 22 23 -25 -26 -27 -28 -29 29 -31 36 -33 -34 -35 35 -37 -38 -39 -40 -41 41 -43 -44 46 45 -47 47 -49 -50
leaf_value=-0.00054485925252835442 -0.02060135624221715 -0.039026309071583387 0.013337241808831238 0.0047956942836279949 -0.002101344540913258 0.057168590723263614 -0.082508202958952809 0.0933446399736923 -0.00096814984574235719 -0.078152728090235199 0.013483651222822905 0.035529408406676975 -0.060741269340805683 -0.081691683809913193 -0.078292537594583184 -0.0076031766467714035 -0.02444744414049918 -0.016607779864559327 0.0037715181719422761 -0.052928531844455423 0.002884607146354733 -0.029616982791974174 0.021086367790982594 -0.038017960960861741 0.0062775995729208991 -0.018320613126854582 0.013367452469581065 0.0032629142956058241 0.069536335251141529 0.015645867422963623 -0.0089964057124798033 -0.035535001441696724 0.013154012477567801 0.058923262938494494 0.014971249858837219 0.078244015454329713 0.0075863863348062102 -0.059220199660811906 0.094723318680181023 -0.071717350886349326 -0.0014018542565798504 0.037681166737004543 -0.025679701330744389 -0.0014390494741351265 0.056374799439028511 -0.029524339968913127 -0.016087347103572489 0.0027745857035694414 0.0085576817140010832
leaf_weight=189.95947398245335 51.187575772404671 61.956489443778992 443.32969827950001 589.65903036296368 81.677293658256531 20.147235959768299 2.4894135147333136 5.993169277906417 12.985890477895738 13.983806580305098 27.996849939227104 21.975016534328461 4.9882945716381064 4.7467902004718772 8.4998432248830813 703.58456979691982 340.31981188058853 348.74422691762447 313.96225339174271 45.12358058989048 43.98402464389801 37.460369065403938 61.205641195178032 13.939664572477339 126.21292494237423 87.881846278905869 320.90017168223858 14.990344256162642 15.745578065514563 250.22996193170547 507.41636870801449 40.465741291642189 59.400788277387619 13.734067499637602 308.62626996636391 8.4986701756715757 136.97380428016186 9.9745435118675214 6.9992429167032233 2.9956681281328192 34.462408453226089 38.965963095426559 49.743826001882553 1388.235790386796 17.998407572507862 6.7493067979812613 307.68748757243156 398.45148025453091 930.88381268084049
leaf_count=761 205 248 1774 2359 327 81 10 24 52 56 112 88 20 19 34 2816 1362 1396 1256 181 176 150 245 56 505 352 1284 60 63 1001 2030 162 238 55 1237 34 548 40 28 12 138 156 199 5557 72 27 1231 1594 3724
internal_value=0 0.00331337 0.00117496 -0.00180498 -0.0182189 -0.00180533 0.0404131 -3.02412e-05 -0.00143601 -0.0420528 0.0094563 -0.0019704 -0.000394185 -0.00590767 -0.00153951 -0.00160635 -0.0142193 -0.00700383 -0.00828695 -0.0165731 -0.0285946 -0.0192061 -0.00313623 0.00975415 0.0028384 -0.00100111 0.0106444 -0.0253947 0.0173738 0.018955 -0.000524754 -0.0152495 -0.00224883 0.0115784 0.0102354 0.0167698 -0.00543209 -0.00844047 -0.00210588 0.0211514 0.0250544 0.0190212 -0.0112554 -0.000641676 -0.00622181 0.0319173 0.00069364 -0.00540988 0.00256301
internal_weight=0 2545.93 2025.11 1487.07 143.634 5988.19 22.6366 1343.44 1261.02 26.9697 538.044 5965.56 4264.72 1700.84 1116.95 3993.75 583.885 772.563 750.588 240.162 129.573 452.925 112.606 75.1453 130.96 401.844 344.39 23.4902 270.964 265.976 1234.05 84.4498 110.588 520.818 507.084 317.125 644.39 94.7145 84.7399 82.4172 79.4215 73.4284 77.7407 3753.59 728.332 24.7477 3025.26 706.139 2319.12
internal_count=34155 10190 8103 5950 575 23965 91 5375 5045 108 2153 23874 17067 6807 4470 15983 2337 3092 3004 962 519 1813 451 301 524 1608 1378 94 1084 1064 4937 338 443 2087 2032 1271 2578 379 339 330 318 294 311 15021 2915 99 12106 2825 9281
is_linear=0
shrinkage=0.05


Tree=6
num_leaves=50
num_cat=0
split_feature=15 26 25 0 2 27 27 4 28 25 1 5 26 1 14 14 1 0 1 14 28 27 27 1 1 1 28 27 1 1 27 27 25 27 25 28 25 9 9 15 2 2 25 28 26 26 0 4 3
split_gain=16.149 23.4299 19.9761 17.1342 16.9922 14.29 14.6596 15.7726 12.8222 21.2273 18.7382 16.8148 16.3091 12.2377 24.0562 15.2039 14.2872 21.1032 14.1383 12.2218 14.0592 12.1207 27.781 13.1733 18.9742 13.6943 11.973 11.4194 10.9318 10.7498 25.4572 27.8436 17.2158 14.8368 14.1574 20.9952 14.519 13.7909 13.0825 12.6011 12.4138 12.3386 12.2543 10.4824 10.1785 10.0663 20.7584 15.4344 9.2849
threshold=-0.0002989792437289584 0.0016838270265416722 -0.0056413307920807013 142.95907140820393 -0.0036962978292081057 0.23758214285714355 0.18166249999999898 0.22114285714285642 1.0159132459379532 -0.054702536309999092 142.34376721436522 0.016500000000007734 0.0011896770715812976 148.97732713119507 -0.002474780927088915 0.00056911246228441581 156.43526637937953 155.90084029899256 148.83547976723176 0.00084987931111146786 0.87479828979094321 0.092378571428571643 0.11532142857142753 144.98922633505163 145.76752961742713 144.06423368395113 0.67098178075226567 0.056905357142858458 149.37492247048343 152.17962038358527 0.091849999999999529 0.045632142857141546 0.0045924834445330446 0.064689285714286837 -0.0097606202234550143 0.78306381972971584 -0.028198895300899616 0.03249999999999887 0.019499999999993637 -0.0016676785080162457 0.0013921600576338735 -0.16138951239818763 -0.0071341650506375901 1.7774673540658397 0.00020925511307094048 0.00025410015082074185 144.23411717529896 0.048285714285716465 0.043044344100967462
decision_type=2 2 2 2 2 2 2 2 2 2 2 2 2 2 2 2 2 2 2 2 2 2 2 2 2 2 2 2 2 2 2 2 2 2 2 2 2 2 2 2 2 2 2 2 2 2 2 2 2
left_child=8 2 3 -2 44 6 7 45 9 12 -10 -12 -1 15 28 18 17 -16 43 20 -8 23 26 25 -25 -6 -23 -18 -15 32 31 -31 33 37 36 -36 -33 38 -11 41 -32 -35 -41 -13 -5 46 -4 -47 -34
right_child=1 -3 5 4 21 -7 19 -9 10 29 11 13 -14 14 16 -17 27 -19 -20 -21 -22 22 -24 24 -26 -27 -28 -29 -30 30 40 34 48 39 35 -37 -38 -39 -40 42 -42 -43 -44 -45 -46 47 -48 -49 -50
leaf_value=-0.075683027190026397 0.022386026203824905 0.051741318956674637 -0.032208454108252495 -0.069814439193653474 -0.015980422829960476 0.061900938299394373 -0.060176418285130567 -0.084529936776668493 0.041408207911280283 -0.0045648531419063164 0.046340344042481052 0.0043335992362489332 0.050977355825671956 0.031993158219188092 0.00032404249772941939 0.031633478298842672 -0.00012105350422966595 -0.045145180116733512 0.051027178838068621 -0.063387663681600287 0.028584437720599255 -0.069818982065556437 -0.028049306257989289 0.025022951677684577 -0.020005924456020511 -0.06147966916449954 0.033713275729024682 0.035685305306779179 -0.051784392758986469 0.048607616761775795 0.043856354014379484 0.04354668653160821 -0.021099887943206677 0.033965456277419065 0.0574163983679985 -0.0048674696010164061 -0.02657907644228873 0.040677426572010504 -0.029735458058740411 0.013812162956004296 -0.011611207613024581 -0.012286056125102337 -0.0012622219596245133 0.039205673763601567 0.0036141902245865783 0.0074056609345047007 -0.0030425294596677982 -0.00098274088429986051 0.05391181272401812
leaf_weight=14.976571857929232 38.06305892765522 20.30654439330101 70.36589777469635 4.7422651499509803 32.98573000729084 8.9828113466501218 6.9942511469125774 5.4928455203771582 36.736016780138016 436.94913789629936 24.463679537177086 862.02177901566029 2.7385041862726203 3.9949772506952277 375.87553171813488 63.205206826329231 38.454767554998398 27.201178506016731 17.243590340018272 16.995275616645813 11.738127708435057 2.7487372606992713 45.988804653286934 24.983923822641373 277.83353669941425 37.464543491601944 43.229597374796867 48.645632430911064 31.18275685608387 25.726819843053818 60.942197024822235 7.7433882355689994 127.92355248332024 15.730604007840155 16.993560642004013 62.443568244576454 84.918817698955536 14.992062613368033 59.221458151936531 371.20288437604904 11.232124686241148 142.14517709612846 207.13591475784779 22.230982556939125 166.9389189183712 655.19055299460888 477.94150070846081 3350.3849934637547 3.9922264814376822
leaf_count=60 153 82 283 19 132 36 28 22 148 1749 98 3450 11 16 1504 253 154 109 69 68 47 11 184 100 1112 150 173 195 125 103 244 31 512 63 68 250 340 60 237 1486 45 569 829 89 668 2622 1914 13406 16
internal_value=0 -0.00168836 -0.00189959 -0.00993473 -0.0119087 -0.000715985 -0.000845178 -0.000589238 0.00280191 -0.000228175 0.00607401 0.00519777 -0.0545235 0.00450245 -0.00159823 0.00785047 0.00122207 -0.00269283 0.00615196 -0.0327163 -0.00337294 -0.0168732 -0.000335323 -0.0208797 -0.0162013 -0.0405835 0.0268431 0.0196081 -0.0414978 0.000343126 0.009477 7.19149e-05 -0.00142729 0.000370243 -0.00706243 0.0081977 -0.0204088 -0.00615165 -0.0076249 0.00493265 0.0348742 -0.00750076 0.00837067 0.00524292 0.00140091 -0.000480646 -0.00683626 0.000383256 -0.0186013
internal_weight=0 5299.37 5279.07 674.979 636.916 4604.09 4595.1 4559.38 3218.26 1667.01 1551.26 1514.52 17.7151 1490.06 525.355 964.702 490.177 403.077 901.496 35.7277 18.7324 465.235 91.9671 373.268 302.817 70.4503 45.9783 87.1004 35.1777 1649.29 270 197.826 1379.29 1247.38 172.099 79.4371 92.6622 511.163 496.171 736.215 72.1743 157.876 578.339 884.253 171.681 4553.88 548.307 4005.58 131.916
internal_count=34093 21210 21128 2702 2549 18426 18390 18247 12883 6673 6210 6062 71 5964 2103 3861 1962 1613 3608 143 75 1862 368 1494 1212 282 184 349 141 6602 1081 792 5521 4993 689 318 371 2046 1986 2947 289 632 2315 3539 687 18225 2197 16028 528
is_linear=0
shrinkage=0.05


Tree=7
num_leaves=50
num_cat=0
split_feature=0 26 4 3 22 25 15 25 2 23 25 3 26 27 20 2 15 25 27 27 0 25 0 28 28 29 27 18 27 28 3 22 3 3 27 28 0 0 0 2 0 0 0 0 0 18 3 0 28
split_gain=15.4829 19.9513 17.246 17.604 14.0657 12.887 12.8754 14.4618 11.9975 11.7577 11.0528 10.5655 9.99824 15.5285 24.8776 12.3922 9.94019 10.8799 10.0885 15.9828 11.9861 13.8439 9.90563 11.0728 10.8879 13.8151 9.62223 27.0899 24.0403 17.1474 24.6813 19.2789 15.6908 13.5786 13.3895 26.7287 31.5738 14.011 11.5513 31.1024 24.945 9.57348 10.3099 9.52385 10.8487 10.1284 9.26617 9.25275 9.05557
threshold=143.60608135331958 0.00024330208866625751 0.1568214285714303 0.19942277483113835 0.070381258225717794 -0.0073024930003554797 -0.00027803228762324211 -0.047490252805294765 0.15300544401512187 -0.017445912442027981 -0.065486094096106784 0.082810849514290949 0.00018971891828089955 0.024962500000000536 5.9358951171786404e-05 -0.011340909949325349 -9.6344022218641787e-05 -0.015316666169345449 0.20630892857142732 0.16913928571428441 146.64403895891482 0.021713664396548284 143.48445123677033 0.73333594031285276 0.91078803254934548 1.0000000180025095e-35 0.048423214285715145 0.00016793474169873391 0.041250000000001626 1.273798684589375 -0.063162858479515652 0.0059962355952421281 0.027189540457117006 0.024372060267649143 0.089635714285716428 1.2864198318880422 153.60304136963194 143.82398806325025 145.67984627882325 -0.082009111298077628 149.68584437942548 144.46356465521774 146.24391065158551 142.57584734173585 142.95907140820393 -0.00044620383524516166 0.0026976312118401958 147.76888667507686 0.74422393187158897
decision_type=2 2 2 2 2 2 2 2 2 2 2 2 2 2 2 2 2 2 2 2 2 2 2 2 2 2 2 2 2 2 2 2 2 2 2 2 2 2 2 2 2 2 2 2 2 2 2 2 2
left_child=1 5 6 4 10 -1 7 -3 9 -2 -4 43 13 14 15 -11 -10 -18 19 20 -19 -22 -8 -24 25 -25 27 29 32 30 -14 -31 -29 -30 38 36 -36 -37 39 -28 -40 -15 -43 45 -45 -9 -16 -44 -7
right_child=8 2 3 -5 -6 48 22 11 16 12 -12 -13 26 41 46 -17 17 18 -20 -21 21 -23 23 24 -26 -27 34 28 33 31 -32 -33 -34 -35 35 37 -38 -39 40 -41 -42 42 47 44 -46 -47 -48 -49 -50
leaf_value=0.061864975810116275 -0.03533597143785927 -0.060172530204595814 -0.028461112287862446 -0.079730206597534325 -0.039898913622092656 0.013968452171437041 -0.00099118559395733959 0.0052191610800818153 0.077075203347090171 -0.029499187862658968 0.056205902293624412 0.076465095158204599 0.092702363340384286 0.06791544819891765 0 0.053416814989009055 -0.052429098946240864 -0.0039539234509252449 0.057163403121683158 -0.047063130751048163 0.005510908830651369 0.063812375370703889 0.085531981679189406 0.059830329427678568 0.032707594429715776 -0.037565072723328041 0.03485798442668963 -0.00020485271333858958 -0.026700059046441228 0.027638033023327704 0.0034171878520061539 -0.019849872594195291 -0.033853413318920993 0.0098891171678644144 0.00075344320757846691 0.045340167414335997 0.019575130255818876 -0.026222212551761361 0.0025528538567834817 -0.0094596698491778569 -0.0064502773541105203 -0.059300164915519926 0.0076510796031232639 -0.0053067340695818971 0.015667742091427656 0.034560793094061369 -0.074779427244361693 -0.024908097985011608 -0.0378081365755914
leaf_weight=3.974748581647872 24.698935985565186 6.4688759446144095 3.7450953125953665 2.9675984531640998 4.4851075708866111 9.4513446241617185 540.81100185215473 49.200507417321205 6.230460360646247 4.9761670678854015 45.200092270970345 6.7156237661838523 7.7414790987968436 2.7445196509361258 8.4838322550058383 25.712444961071014 5.9881994724273673 34.211703434586525 12.902721360325812 10.723808988928793 21.495531052350998 21.225497379899025 5.9990038126707068 4.4982493966817882 28.745972901582718 15.742989704012869 40.986891880631447 53.195833951234818 30.240925848484039 159.10335445404053 819.84674444794655 23.984441325068474 108.0330536365509 149.37419901788235 1229.3506855517626 6.9989749938249579 272.92676377296448 102.36990365386009 1737.4523323178291 958.55438748002052 1377.8376400023699 17.356543034315109 27.236957430839539 103.1422190964222 148.18091839551926 82.345018267631531 7.9910500794649115 91.102946594357491 46.878051415085793
leaf_count=16 99 26 15 12 18 38 2166 198 25 20 182 27 31 11 34 103 24 137 52 43 86 85 24 18 115 63 164 213 121 637 3282 96 433 598 4919 28 1093 410 6951 3835 5515 70 109 413 593 332 32 365 189
internal_value=0 0.00564686 0.00727436 0.0342345 0.0411684 -0.0221947 0.00571287 0.0127045 -0.000688483 -0.000942232 0.049173 0.0139938 -0.000821354 -0.0122797 0.0121474 0.0391078 0.0154749 0.0115695 0.0156772 0.0092275 0.0174494 0.0351426 0.00102194 0.0212415 0.0127009 -0.0145039 -0.000517183 0.00327185 -0.00888277 0.00739613 0.00429369 0.0212732 -0.0229134 0.00357824 -0.00141585 0.00243881 0.0041906 -0.021377 -0.00293169 -0.00761408 -0.00142113 -0.0207846 -0.0228114 0.0128131 0.00696176 0.0237887 -0.036498 -0.0172031 -0.0286683
internal_weight=0 1108.55 1048.25 56.3979 53.4303 60.3041 991.85 396.053 7401.08 7288.3 48.9452 389.584 7263.6 185.604 47.1635 30.6886 112.778 106.547 100.559 87.6565 76.9327 42.721 595.797 54.9862 48.9872 20.2412 7078 1351.52 340.844 1010.68 827.588 183.088 161.229 179.615 5726.48 1611.65 1502.28 109.369 4114.83 999.541 3115.29 138.441 135.696 382.869 251.323 131.546 16.4749 118.34 56.3294
internal_count=34066 4445 4202 227 215 243 3975 1589 29621 29169 197 1563 29070 744 189 123 452 427 403 351 308 171 2386 220 196 81 28326 5411 1365 4046 3313 733 646 719 22915 6450 6012 438 16465 3999 12466 555 544 1536 1006 530 66 474 227
is_linear=0
shrinkage=0.05


Tree=8
num_leaves=50
num_cat=0
split_feature=27 0 29 5 1 1 28 27 27 27 0 28 0 3 18 3 0 1 20 18 25 25 27 15 1 0 27 1 4 20 26 1 27 3 1 27 1 0 1 25 1 28 0 27 3 10 1 0 27
split_gain=14.9724 42.0145 12.1142 12.9304 12.6376 15.599 13.1457 12.6602 12.1503 10.5748 18.4178 10.2797 22.5799 19.1007 21.1929 14.7825 13.6041 14.6157 12.7752 12.1045 18.0103 21.4552 24.8486 15.2873 14.3227 13.6422 15.9121 12.8108 12.0844 13.3199 11.8827 31.7815 19.8081 13.5825 11.7304 31.4821 14.9415 11.3998 12.8966 12.025 10.1941 9.43344 22.8341 21.1273 15.0472 9.4029 9.32862 18.4832 10.3689
threshold=0.23758214285714355 147.64896914353994 1.0000000180025095e-35 0.23949999999999252 142.34376721436522 142.40274613247439 0.91078803254934548 0.029603571428572402 0.12345357142857231 0.10952321428571547 141.72702002061291 0.99500724599536583 150.47008377140148 -0.026095613190264308 0.0010376320179182987 0.15717099553059974 154.76061967062697 151.50502264854694 -0.00019595509724554684 -9.6880426342240179e-05 0.042892448505560905 0.0085062828691932438 0.16913928571428441 0.00016321597196122808 152.44121786903608 155.90084029899256 0.090057142857142947 155.67613714149124 0.20149999999999887 -0.00019595509724554684 0.00094166860886647048 147.68169956273212 0.096876785714286665 0.11926898809451664 152.29141184290566 0.11170892857142857 147.19927146890635 148.18016122208221 151.79419894764365 0.0065640173858375799 146.10997414443602 1.0159132459379532 157.79485060944884 0.043944642857143286 -0.054071853191443815 0.01500000000000057 157.16785820534264 155.6784889551962 0.057183928571429586
decision_type=2 2 2 2 2 2 2 2 2 2 2 2 2 2 2 2 2 2 2 2 2 2 2 2 2 2 2 2 2 2 2 2 2 2 2 2 2 2 2 2 2 2 2 2 2 2 2 2 2
left_child=2 -2 3 4 6 -6 -1 -8 -5 -9 -11 18 15 16 28 30 17 -14 34 24 21 23 -23 -21 -20 27 -27 -26 29 -15 33 -32 -33 40 36 -36 -4 39 -39 -38 -13 42 44 -44 -7 -10 47 -43 -48
right_child=1 -3 11 8 5 41 7 9 45 10 -12 12 13 14 -16 -17 -18 -19 19 20 -22 22 -24 -25 25 26 -28 -29 -30 -31 31 32 -34 -35 35 -37 37 38 -40 -41 -42 46 43 -45 -46 -47 48 -49 -50
leaf_value=-0.007894742164701889 0.068559616158626588 -0.050842122617343381 -0.0017932690154350769 -0.043390473127446663 -0.063072898673302791 0.012885915172517609 -0.056294120195468048 0.055242065342388749 0.087334377118516077 -0.0903603422234322 0.075927431592018757 -0.0070619436384613101 0.043728618092725845 0.0018344928649937199 0.062489190064998527 -0.036063321322646953 0.025790410874672771 -0.02901929541246448 -0.0084342108280485908 0.0057223272313020731 -0.037443444894083182 0.011119006908700638 -0.051873379577902723 -0.0045046842984041904 0.012677253254185259 -0.048182317165265616 0.026550341439974964 0.065993738182643966 -0.088287157797415319 -0.021219800691540065 0.024992837238029222 0.062419616068062622 -0.044990805536242094 0.031134605123137728 -0.0074047473537587685 0.062376673675111918 -0.021836878201093562 -0.0058556502978842837 -0.068291232166089288 -0.065956954723892236 0.00075633256565399442 0.0059887264259065459 0.050524175344864676 -0.064303674312850598 -0.0020515029259471781 -0.0070191987409979591 0.0059476533473930768 -0.026134134742180112 0.046099742251405902
leaf_weight=21.079738706350327 24.38121522963047 10.220315188169478 229.46299789845943 29.181098312139511 8.9305355548858625 204.61352148652077 2.9856919050216666 39.033234745264053 2.9931279122829464 3.4963687211275092 2.9248346090316772 748.3520063906908 8.4982318729162198 72.661961048841476 7.9935261458158484 30.339804917573929 49.200454786419868 31.994158074259758 495.16789376735687 641.34296458959579 26.986196130514145 821.66421556472778 15.732263267040251 848.75644162297249 52.468211576342583 16.471944034099582 11.964267104864119 14.989158898591993 6.2000422030687323 379.7427184432745 117.31978896260262 4.7495665699243537 29.730206742882729 29.972866177558899 65.184272333979607 21.210515856742859 52.725063651800156 111.21768678724766 8.9981993883848173 23.741842895746231 929.97508110105991 1098.3691997081041 4.4953476488590267 23.619908004999161 951.30375050008297 16.187992379069328 38.691437914967537 46.339775204658508 29.673835247755051
leaf_count=85 99 41 919 117 36 819 12 158 12 14 12 2996 34 291 32 122 197 128 1982 2569 108 3288 63 3398 210 66 48 60 25 1521 470 19 119 120 261 85 211 445 36 95 3721 4397 18 95 3808 65 155 186 119
internal_value=0 0.0325264 -0.000378663 0.00251676 0.00302629 0.00240696 0.0240676 0.0384794 -0.0230017 0.0453633 -0.0107804 -0.00162052 -0.00410094 -0.0129604 -0.0170392 -0.00148014 0.00797522 -0.0130655 0.00012731 0.00140217 0.00301474 0.00349616 0.00989966 -8.60849e-05 -0.00497858 0.0125951 -0.0158803 0.0249745 -0.0184932 -0.0174622 -0.000900708 0.0124772 -0.0293344 -0.00210476 -0.00714933 0.00949035 -0.0105829 -0.0207042 -0.0107896 -0.0359303 -0.00271509 0.00266396 -0.000491489 -0.0449438 0.000571889 0.00678424 0.00576426 0.00466433 0.0237826
internal_weight=0 34.6015 8428.73 2523.92 2475.56 2406.04 69.5199 48.4401 48.3622 45.4544 6.4212 5904.81 2446.73 556.291 466.598 1890.44 89.6928 40.4924 3458.08 2945.54 2354.48 2327.5 837.396 1490.1 591.061 95.8936 28.4362 67.4574 458.605 452.405 1860.1 151.8 34.4798 1708.3 512.541 86.3948 426.146 196.683 120.216 76.4669 1678.33 2397.11 1184.03 28.1153 1155.92 19.1811 1213.07 1144.71 68.3653
internal_count=33887 140 33747 10108 9914 9633 281 196 194 184 26 23639 9795 2228 1869 7567 359 162 13844 11792 9426 9318 3351 5967 2366 384 114 270 1837 1812 7445 608 138 6837 2052 346 1706 787 481 306 6717 9597 4740 113 4627 77 4857 4583 274
is_linear=0
shrinkage=0.05


Tree=9
num_leaves=50
num_cat=0
split_feature=26 28 25 20 27 27 0 21 21 21 1 1 22 1 4 1 1 27 0 28 18 1 18 1 0 27 28 3 14 1 4 14 18 3 16 26 20 4 22 0 18 2 8 0 9 25 21 1 5
split_gain=15.5875 16.6627 16.7261 15.7339 18.7306 15.209 35.7833 13.4391 12.0863 16.174 15.4075 14.0904 13.6371 20.9034 12.9353 12.295 28.9078 28.7852 19.2374 16.4071 15.7838 14.3344 36.0856 19.7609 14.2794 28.6825 18.7093 12.8576 11.2899 10.1592 16.6557 9.89171 9.74637 9.57707 8.27004 9.79621 8.33937 7.61121 7.27333 7.05371 6.96657 9.93364 6.77513 6.6403 9.28684 8.3758 7.22315 12.1178 6.41172
threshold=0.00017748656698465855 0.56085388399127944 -0.020363928970213243 5.0422213398051223e-05 0.024962500000000536 0.23758214285714355 147.64896914353994 -0.00048127763391172645 -0.00037675173883739902 -0.00083643223716323275 154.27457157131411 155.39327099197519 -0.010376261062868611 143.78685382450882 0.041428571428571315 149.65344944992955 149.03624263870577 0.089180357142857117 157.98561060309785 0.71950160318079459 -0.00046807693385150323 148.62841423670474 -8.6475505830413188e-05 148.17232731879022 150.13930200283832 0.05369642857142861 0.92968485142658153 -0.03274435675799111 0.00030564017882417366 142.9580990876448 0.13578571428571404 -0.001624324753784878 -0.00011729258568974868 0.099039434440380131 -0.00062887868567028111 0.00028706480828735433 -0.00049847407290023646 0.059571428571425757 0.0073243273252166672 155.90084029899256 6.9469518450646165e-05 0.042228647549990235 8.3500334004814512e-05 146.49451479811776 1.0000000180025095e-35 -0.0058032639795706888 1.2627950277010636e-05 151.41555507832211 0.028500000000008189
decision_type=2 2 2 2 2 2 2 2 2 2 2 2 2 2 2 2 2 2 2 2 2 2 2 2 2 2 2 2 2 2 2 2 2 2 2 2 2 2 2 2 2 2 2 2 2 2 2 2 2
left_child=3 2 -2 4 32 8 -7 -6 9 29 12 37 33 -14 -13 16 21 24 20 -18 -19 23 -23 -10 25 -17 -26 -21 39 30 31 -3 -1 -11 36 -36 -31 -12 -30 -5 -4 -42 -34 48 45 -45 47 -46 -9
right_child=1 5 40 28 7 6 -8 43 15 10 11 14 13 -15 -16 17 19 18 -20 27 -22 22 -24 -25 26 -27 -28 -29 38 34 -32 -33 42 -35 35 -37 -38 -39 -40 -41 41 -43 -44 44 46 -47 -48 -49 -50
leaf_value=-0.051268556244426361 0.070730204290371287 0.039003631018401999 -0.07000233407324391 -0.071680566294008985 0.089265371879115749 0.066987084844910214 -0.057188607334120282 -0.067420071730283249 -0.00087003282336085364 0.012775340023850043 0.010021812998893136 0.063764955353453431 0.01898490105337897 -0.0036881919887142636 0.0065756775098903125 0.0062830798463268103 0.078722080191229782 -0.047592884722225233 -0.069519405068498227 0.046627793228964438 0.013468748274867718 0.029613669472065965 -0.022067737683106131 0.013227726963957917 0.0015383739905190069 -0.036833737471320127 -0.011264483400587978 0.0098066263120207761 0.035507282212937093 0.0089427102732869933 0.076727336282853595 -0.00082718047317366708 0.050149916588893131 -0.063237803699268097 -0.058427314380014139 -0.0037552226847330627 -0.064862860660349533 0.057319099802079859 -0.043761657368633078 -0.0047579412315134238 0.050210638700516633 -0.049744266880548338 -0.0074338971630815934 -0.048656502140587157 -0.0092138150958261094 0.04712165725787229 0.0024003705053733111 -0.081547183505902399 0.0089066429610914471
leaf_weight=3.2175953239202526 2.9895391017198589 19.351848512887955 16.69100043177605 23.340245753526691 2.4942591041326514 22.975483208894733 7.4579834640026084 13.606041833758356 3420.1540430337191 420.46434868872166 13.237824916839598 10.978775918483732 124.74496498703957 545.76591423153877 110.8937614262104 58.469002366065979 10.23461928963661 10.727284684777258 7.3984034806489936 26.995880350470543 288.71996285021305 40.724532917141914 187.94129617512226 267.90500429272652 490.98395240306854 108.22090657055378 671.09440320730209 228.95042125880718 6.21627429127693 181.0242123901844 9.6116730570793134 72.845964774489403 21.388822138309482 3.9815084189176551 8.2411486655473691 910.16231916844845 3.7406462132930747 33.956999555230141 5.2365660518407822 5.7350533008575431 3.4889658242464048 7.2275795042514801 5.7292222678661338 2.7349298596382132 13.731040343642237 8.991024047136305 11.947872191667555 11.234192013740538 2.7208844870328894
leaf_count=13 12 78 67 94 10 94 30 55 13693 1684 53 44 501 2184 445 234 41 43 30 108 1156 163 752 1072 1966 433 2688 916 25 725 39 293 86 16 33 3644 15 136 21 23 14 29 23 11 55 36 48 45 11
internal_value=0 0.000281837 -0.0365998 -0.0166351 -0.00546971 0.000420061 0.0356504 -0.0203478 0.000287243 0.00322072 0.00717393 0.0212635 0.00497386 0.000494938 0.0119805 -0.000953271 0.000478574 -0.00463015 0.0091334 0.0164232 0.0111827 -0.000599036 -0.0127453 0.000147598 -0.00782776 -0.0215653 -0.00583403 0.0138047 -0.0428825 -0.000905716 0.0141646 0.00729544 0.0267529 0.0119887 -0.00232034 -0.00427934 0.00727897 0.0446304 0 -0.0593986 -0.0494304 -0.0147275 0.0370831 -0.0250712 -0.0150258 0.0224461 -0.0276332 -0.0429562 -0.0532015
internal_weight=0 8348.35 30.3971 138.324 97.7959 8317.96 30.4335 67.4602 8287.52 2469 1264.02 169.067 1094.96 670.511 121.873 5818.52 4182.91 1635.61 306.846 266.181 299.447 3916.72 228.666 3688.06 1328.77 166.69 1162.08 255.946 40.5281 1204.98 101.809 92.1978 30.3356 424.446 1103.17 918.403 184.765 47.1948 11.4528 29.0753 27.4075 10.7165 27.118 64.966 48.6391 11.726 36.9131 24.9652 16.3269
internal_count=33987 33431 122 556 393 33309 124 271 33185 9890 5063 678 4385 2685 489 23295 16745 6550 1229 1065 1199 15680 915 14765 5321 667 4654 1024 163 4827 410 371 122 1700 4417 3677 740 189 46 117 110 43 109 261 195 47 148 100 66
is_linear=0
shrinkage=0.05


Tree=10
num_leaves=50
num_cat=0
split_feature=22 27 1 27 25 27 1 27 1 0 3 4 3 3 0 2 0 1 1 1 4 4 27 1 22 28 3 18 27 22 26 15 25 0 3 1 0 18 3 1 25 3 26 1 0 3 0 28 28
split_gain=14.8811 14.8081 19.1269 16.4541 16.1399 19.1954 28.7794 19.1128 22.6631 20.6758 16.3628 16.0225 16.0388 33.6594 19.1516 16.9211 15.443 15.0025 24.1367 22.4508 32.2264 20.3554 21.1729 40.3828 19.1033 22.0433 16.9053 14.9209 14.4111 20.8354 14.3984 14.3502 14.2748 14.1152 22.0484 14.8017 14.0756 18.3912 13.9412 13.5103 21.1107 16.7135 12.807 12.1415 12.0754 11.856 11.8093 11.4009 12.799
threshold=-0.057867885966471314 0.089180357142857117 153.28044756625329 0.085324999999997889 0.013291836637457564 0.20630892857142732 147.43713568194781 0.10952321428571547 143.37813261774127 151.79552497482231 0.11926898809451664 0.20149999999999887 0.010689335695161806 -0.057791996796849016 157.5536229883073 0.10821316876894117 151.79552497482231 149.68391308865679 149.50609086162791 150.15555090094793 0.033428571428573715 0.093857142857139322 0.05790535714286079 150.33751980356405 -0.0068779991043647617 0.86945927549362068 0.060350747617376764 0.00097078784660085233 0.12188392857142748 0.0052104128449096008 0.00017748656698465855 -0.0011408467134674802 0.020751864082263274 140.7065367287052 -0.07431359685613817 144.91073596494013 154.76061967062697 -0.00060090090159894071 -0.11036381564166611 155.61302404295512 0.019811007098566279 -0.028552180916925362 0.00060103966145131163 150.23563845031725 145.87203216253525 -0.029053447662482444 150.72853399336086 0.9031571147326064 0.97757899537808379
decision_type=2 2 2 2 2 2 2 2 2 2 2 2 2 2 2 2 2 2 2 2 2 2 2 2 2 2 2 2 2 2 2 2 2 2 2 2 2 2 2 2 2 2 2 2 2 2 2 2 2
left_child=45 3 4 17 7 43 -7 9 28 10 38 12 13 -4 15 -14 42 18 30 20 -19 22 23 -21 25 -22 -26 -24 29 -9 -2 -20 -33 34 -32 -35 37 -23 -3 40 -15 -41 -10 -6 -12 -1 -45 -16 -49
right_child=1 2 11 -5 5 6 -8 8 16 -11 44 -13 14 39 47 -17 -18 19 31 21 24 36 27 -25 26 -27 -28 -29 -30 -31 33 32 -34 35 -36 -37 -38 -39 -40 41 -42 -43 -44 46 -46 -47 -48 48 -50
leaf_value=-0.0053650074458150131 -0.02015139159310108 -0.015481083199196811 0.0031912580778519794 -0.012254659709242839 -0.0053922366563601424 0.046233725654747447 -0.065293188056344681 0.022125799452013581 0.020826693595755022 -0.031315582111907887 0.077488231523975201 -0.053579316544271297 -0.00037390899914994789 0.076371868058598871 -0.073395883935045647 0.047805728285445964 0.046150687971288788 0.055372878423431096 -0.024689854121008232 0.070533668807435598 -0.055583384974053657 0.052936030188820607 0.0048181931919002536 -0.0081990023000202434 -0.043693826736013956 0.0077888742047853045 0.015244612053742092 0.078016989710008658 0.039535356432709272 -0.052828039272326856 -0.062208458421546625 0.039878315696268797 -0.03510587467466688 -0.0030293283292057464 0.079540546194284148 0.00317679608776676 -0.0067172481220893953 -0.05936182861035199 0.013619732130098884 0.060230671745065079 -0.0013043289468697137 -0.00018112989788862275 -0.010251745094283227 -0.07356946673493335 0 -0.048531974734954721 -0.014514003002412649 0.074901685946275762 -0.047444952606324677
leaf_weight=41.110087037086487 81.288300901651382 43.693413987755775 88.234260126948357 305.44124162197113 479.81658704578876 34.749242454767227 6.6845353841781607 31.730912432074547 35.470541149377823 26.98515796661377 16.47170647978783 7.9396475404500952 68.656846165657043 46.650084659457207 11.703389018774034 24.227868482470512 13.490522325038908 13.224402412772177 11.496418133378027 16.495062500238419 17.234963282942772 3.7492291927337638 686.15322810411453 747.99204030632973 107.43409922719002 64.203401491045952 12.991652086377142 6.9870051741600028 49.001636520028114 12.980723559856413 3.2367560416460028 76.205853193998337 6.4908986389636985 1517.6756052821875 12.390579864382742 2609.2018681466579 47.589460462331772 35.476659908890724 537.98151361942291 18.932357594370842 9.9834090173244459 26.69244772195816 413.43427893519402 12.98564890027046 6.9913048297166815 27.554531455039978 28.482178822159767 3.4905990511178953 5.16578209400177
leaf_count=165 328 175 354 1223 1921 142 27 128 142 108 66 32 275 187 47 97 54 53 46 66 69 15 2747 2998 430 257 52 28 198 52 13 305 26 6080 50 10442 191 142 2154 76 40 107 1655 52 28 111 114 14 21
internal_value=0 0.000256745 0.00394199 -0.000930253 0.0018939 -0.00505873 0.0275252 0.00520768 -0.00151366 0.0111596 0.0130999 0.0153634 0.0172649 0.0261323 0.00211823 0.0119622 -0.00610043 -0.00035681 0.0012245 -0.00425148 -0.0193964 -0.00212501 -0.000705681 -0.00645852 -0.0244434 -0.00536784 -0.0371207 0.00560326 0.020834 0 0.000659871 0.0262506 0.0336555 0.00107476 0.0483828 0.000888393 -0.0256396 -0.0478853 0.0113885 0.0456604 0.0622602 0.0244174 -0.00773629 -0.00770136 0.0542373 -0.0230965 -0.0337411 -0.0414087 0
internal_weight=0 8445.59 2062.63 6382.96 1750.95 562.718 41.4338 1188.23 556.109 632.123 605.138 311.677 303.737 190.493 113.244 92.8847 462.395 6077.52 4317.99 1759.53 215.089 1544.44 1457.63 764.487 201.864 81.4384 120.426 693.14 93.7133 44.7116 4223.79 94.1932 82.6968 4142.5 15.6273 4126.88 86.8153 39.2259 581.675 102.258 56.6335 45.6248 448.905 521.284 23.463 68.6646 41.4678 20.3598 8.65638
internal_count=34103 33827 8266 25561 7016 2256 169 4760 2229 2531 2423 1250 1218 764 454 372 1851 24338 17290 7048 861 6187 5839 3064 808 326 482 2775 378 180 16913 377 331 16585 63 16522 348 157 2329 410 227 183 1797 2087 94 276 166 82 35
is_linear=0
shrinkage=0.05


Tree=11
num_leaves=50
num_cat=0
split_feature=22 3 21 0 3 27 5 6 0 22 28 17 26 22 28 17 0 26 27 27 27 1 0 14 1 28 1 22 14 0 4 27 27 0 27 3 28 29 8 3 1 28 27 10 5 27 18 3 27
split_gain=14.1903 15.7079 14.4219 16.1894 23.2305 23.6135 16.0173 15.6317 14.876 24.4326 20.8223 21.407 21.3028 15.9561 14.5964 14.4215 15.6187 14.4213 13.9613 28.2536 19.1979 13.8855 20.7035 13.3349 12.5131 20.6345 30.2921 22.0511 18.0063 14.9083 26.8083 18.8797 14.6885 24.8994 13.9007 12.7569 12.3 12.0685 11.942 11.799 12.7739 11.7518 11.5297 11.4447 11.3904 13.4779 11.4685 11.3753 11.2167
threshold=-0.057867885966471314 -0.029053447662482444 -0.00037675173883739902 144.06740542161063 -0.016162243438897286 0.03554821428571401 0.019499999999993637 0.00019655717521614184 150.33883951987937 0.0045108524304166937 0.90881574984225921 -0.055564261450570022 0.00064502356090754556 -0.015491531232898566 1.5704415591472742 0.093999050688154298 156.54317966590756 0.0014958636334048887 0.20630892857142732 0.14136249999999809 0.10310178571428989 146.53671111455634 147.75410692545594 -0.0019640444128929397 151.90731342615584 0.92968485142658153 155.39327099197519 -0.007721601319257765 0.00067822383997062652 151.4845209776075 0.050642857142854332 0.13578571428571257 0.056905357142858458 150.72853399336086 0.05369642857142861 0.032030569382581607 0.93176289971454673 1.0000000180025095e-35 1.3528367321292411e-05 0.026074686906717121 147.55622515032002 0.74074063281953573 0.022089285714282782 0.030499999999989317 0.016500000000007734 0.044649999999998621 -5.9091861669301917e-05 -0.0065575302014359597 0.15466607142857161
decision_type=2 2 2 2 2 2 2 2 2 2 2 2 2 2 2 2 2 2 2 2 2 2 2 2 2 2 2 2 2 2 2 2 2 2 2 2 2 2 2 2 2 2 2 2 2 2 2 2 2
left_child=1 -1 3 6 8 -6 -2 21 10 23 11 12 -5 -13 -8 24 18 -12 19 20 -17 36 39 48 29 27 37 -26 -29 32 34 -32 33 -9 -31 -34 42 -27 -24 41 -41 -23 47 -28 46 -46 -40 -4 -10
right_child=2 -3 7 4 5 -7 14 15 9 -11 17 13 -14 -15 -16 16 -18 -19 -20 -21 -22 22 38 -25 25 26 43 28 -30 30 31 -33 35 -35 -36 -37 -38 -39 44 40 -42 -43 -44 -45 45 -47 -48 -49 -50
leaf_value=-0.0025090311405836347 0.071067116735555311 -0.053557400728030516 -0.036740320630760742 0.0085070629252738048 0.055871858380502251 0.0080541592748233966 0.0088244469826611032 0.0055413196865345604 -0.054599474787092983 0.034823035125971694 -0.001100633274716104 0.017725856260149466 -0.029372473739390309 -0.037094381605947219 0.062950835150227313 0.0058414793544753207 -0.033371130694747751 0.061630181759376727 0.051933854276861452 -0.022056629992633504 0.030778278384684957 0.059068774165717014 0.0080886832532382977 0.0036166024425784158 -0.022181539544478823 0.0026642736423273111 0.0021889623812541017 0.014533833459932678 -0.014289183817285906 -0.055067757419167654 0.043190857652762676 -0.086034181477387187 -0.0047122220796084599 -0.040078401362743724 0.027706608522590732 0.0028407209753340988 -0.035652832088825352 -0.032072730930457677 0.037111503198576541 -0.049802774684755184 0.024188180114289443 0.01309837937871537 -0.013379657286425912 -0.024193894490465773 -0.029765088190202141 -0.0062550320576512386 -0.0089916454328319781 0.084179041841577679 0.04922842011002615
leaf_weight=39.353586822748184 11.176919743418692 25.502950012683868 2.4583519548177719 111.68204101920128 27.398299798369408 496.14335611462593 469.56028974056244 1234.2256240993738 16.948173195123676 64.045234113931656 720.39128889143467 14.239443421363829 55.161593496799469 118.14038236439228 12.884550020098684 237.54746106266975 20.808348417282104 9.1760864704847318 19.674835324287415 63.044247716665268 116.77969108521938 16.738859266042709 79.046201229095459 303.1820140182972 73.076908707618713 27.473205164074898 238.68911315500736 248.59003290534019 68.382601767778397 14.489436388015749 62.212627530097961 2.7473177611827841 1673.5169645547867 30.442516818642616 7.2479536384344092 835.05561523139477 69.432995170354843 180.99681417644024 19.712038993835449 13.741320282220842 9.4931155145168287 98.933116212487221 147.81975232064724 49.313928350806236 126.42701725661755 124.0568064302206 40.862533122301102 5.9614845365285856 2.7386509478092185
leaf_count=158 45 103 10 447 110 1987 1886 4942 68 257 2883 57 221 473 52 951 84 37 81 253 468 67 317 1215 293 110 957 996 274 58 249 11 6700 122 29 3343 279 725 79 55 38 396 594 198 507 497 164 24 11
internal_value=0 -0.0230187 0.000437085 0.00368299 0.00160997 0.0106145 0.0117744 -0.000883957 -0.00170286 0.00662638 -0.00486001 -0.0159664 -0.00387695 -0.031 0.0103345 8.65349e-05 0.00856431 -0.00026904 0.0106253 0.00860614 0.0141371 -0.00760874 -0.00312041 0.000946752 -0.000726148 -0.00608482 -0.0128533 0.00246747 0.00823426 0.000498243 0.0209862 0.0372175 2.03233e-05 0.00442033 -0.0263228 -0.00218801 -0.0180133 -0.027376 -0.00906081 0.0133773 -0.0185261 0.020012 -0.00999657 -0.00224855 -0.0135004 -0.0182282 0.00563554 0.0459229 -0.0387166
internal_weight=0 64.8565 8391.87 2432.87 1939.25 523.542 493.622 5959 1415.7 386.914 1028.79 299.223 166.844 132.38 482.445 5204.32 457.855 729.567 437.046 417.371 354.327 754.684 529.011 322.869 4746.46 886.523 496.473 390.05 316.973 3859.94 86.6973 64.9599 3773.24 1264.67 21.7374 2508.57 225.673 208.47 390.105 138.906 23.2344 115.672 156.24 288.003 311.058 250.484 60.5746 8.41984 19.6868
internal_count=33881 261 33620 9749 7766 2097 1983 23871 5669 1551 4118 1198 668 530 1938 20844 1837 2920 1753 1672 1419 3027 2120 1294 19007 3553 1990 1563 1270 15454 347 260 15107 5064 87 10043 907 835 1564 556 93 463 628 1155 1247 1004 243 34 79
is_linear=0
shrinkage=0.05


Tree=12
num_leaves=50
num_cat=0
split_feature=0 22 28 3 10 27 0 9 28 0 27 1 22 0 25 27 1 10 21 0 1 1 2 4 4 0 27 27 28 2 1 25 3 27 4 4 0 10 23 0 6 25 23 18 25 5 23 18 4
split_gain=12.7816 28.3047 23.1713 11.447 11.2287 14.143 10.9903 14.9383 10.9177 10.8224 12.4088 12.193 10.015 16.0393 13.4646 10.7804 36.6934 12.4953 9.95645 9.90035 46.8763 13.1782 9.10515 16.8899 12.8037 15.7612 15.0026 10.6246 9.01534 11.734 8.87106 19.1058 8.62956 8.57611 11.3461 8.3175 10.354 9.14859 8.05265 8.00327 7.99151 7.92713 7.78479 7.64645 7.22681 7.20856 7.06009 7.03808 10.577
threshold=142.57584734173585 -0.00042857787146402358 0.84693952906121928 0.056585818242121173 0.0035000000000025015 0.12345357142857231 157.79485060944884 0.013999999999995795 0.89747970270011279 140.7065367287052 0.08326607142857026 140.8433748353992 -0.045266719418542142 152.43226141534748 -0.033047124299341112 0.20630892857142732 147.95907830677609 0.060999999999992845 0.0016919170618296504 146.80162992857649 146.94591895845102 146.59515593612153 -0.030570122797996643 0.10307142857142844 0.094928571428573014 152.80281325178868 0.08326607142857026 0.10163750000000178 0.9892285179465482 0.15300544401512187 142.29558188514218 0.014580416702297729 0.035578911247222164 0.029603571428572402 0.079142857142860498 0.18246428571428402 148.82718537954375 0.086500000000000923 -0.0011943118894304509 156.92052706005697 0.00070374405399109422 0.022794027154524901 -0.0018546734502067409 9.6241361917385101e-05 -0.02215689337540163 0.028500000000008189 0.00032768267054802963 0.00023637436075758269 0.062999999999997322
decision_type=2 2 2 2 2 2 2 2 2 2 2 2 2 2 2 2 2 2 2 2 2 2 2 2 2 2 2 2 2 2 2 2 2 2 2 2 2 2 2 2 2 2 2 2 2 2 2 2 2
left_child=1 3 30 8 41 9 12 -8 43 10 -6 -11 13 28 22 17 -17 19 -19 21 -21 -16 24 42 26 27 39 -26 29 38 45 46 33 -10 -35 37 -37 40 -2 -14 -30 -4 -24 -1 -36 -3 -32 48 -9
right_child=6 2 4 -5 5 -7 7 47 32 11 -12 -13 14 -15 15 16 -18 18 -20 20 -22 -23 23 -25 25 -27 -28 -29 35 -31 31 -33 -34 34 44 36 -38 -39 -40 -41 -42 -43 -44 -45 -46 -47 -48 -49 -50
leaf_value=-0.012369859908896663 -0.013584404918173539 0.0031182390897331654 0.04067125102124549 0.068827568556533256 0.07311142539353474 0.065024842320641041 -0.0016407651225997955 -0.03689753721801655 -0.018891382680195093 -0.06333098760871532 -0.014144536592849281 -0.0059674003772947678 -0.0095046222829660368 -0.052467227268875254 -0.0012786140077801879 0.044126575664936607 -0.063338821098563425 -0.013833609610820252 0.024546036723420116 0.03741906620882187 0.0011131952322723851 -0.020292446181927454 -0.0014393307648224677 -0.022277261655379799 0.055521022279145987 -0.02784905700038013 -0.077654434629609623 0.012779787287667224 -0.0033905771516350609 0.022106406976670899 -0.0040627804638728128 0.080308813354355371 -0.026072241878092373 0.054320089105585091 0.049068525516018133 0 -0.085237854179382427 -0.049777624168460849 -0.074911654581593545 0.080731493458742518 0.036896148385841564 -0.024426570973609795 0.070362202352285061 0.040051959198398553 0.0058430387462966278 -0.070626921759980241 -0.078754262760651395 -0.057149521492693894 0.012476356356591707
leaf_weight=32.735019475221634 11.905003339052204 3.2385857254266766 29.644020065665245 13.948590233922003 8.4616628885269147 7.327834263443946 127.87473356723785 30.826785579323769 6.8960134088993064 10.493466526269911 6.9702742844820014 87.838680326938629 17.718694850802429 22.064808189868927 2728.6096475869417 40.988564521074295 9.5987900495529157 231.18335495889187 17.704357489943504 90.700710594654083 4432.4166003912687 94.462866842746735 3.7450406551361111 7.9849565029144278 24.708264037966728 14.198209404945372 7.9924958795309058 40.414084181189537 18.725785687565804 8.1520176529884321 7.9541853070259112 4.2498356848955146 6.1657781898975363 46.721743479371071 14.207301035523413 13.716492399573328 4.9535807222127906 4.7370995283126822 11.905511602759361 2.7316584140062323 30.666851952672005 4.9743008315563193 21.705113545060158 8.6970872730016691 35.247981145977974 18.688333049416542 6.1780993193387985 19.35946436226368 15.691917687654493
leaf_count=132 48 13 119 57 34 30 515 124 28 42 28 352 71 89 10926 168 39 926 71 363 17750 378 15 32 99 57 32 162 75 33 32 17 25 190 58 55 20 19 48 11 123 20 87 35 143 75 25 79 63
internal_value=0 0.00956151 -0.00316292 0.0248575 0.00544933 -0.00154067 -5.45997e-05 -0.0118191 0.0205782 -0.00610122 0.0322529 -0.012401 0.000230421 -0.013695 0.000460613 0.000174657 0.0231574 1.79849e-05 -0.0109943 0.000394629 0.00184756 -0.00192439 0.0157566 0.0387239 0.00836962 0.0188484 -0.019941 0.0294399 -0.00524825 -0.0274467 -0.0369811 -0.00962115 0.0288682 0.0324191 0.0363736 0.00417925 -0.0240224 0.0143937 -0.0454793 0.00166635 0.0211415 0.0305539 0.0588537 -0.000694018 0.0188391 -0.0586351 -0.0387956 -0.0311648 -0.0197152
internal_weight=0 360.639 196.019 164.62 155.71 121.092 8107.44 193.753 150.671 113.764 15.4319 98.3321 7913.69 126.827 7786.86 7645.66 50.5874 7595.08 248.888 7346.19 4523.12 2823.07 141.199 33.4351 107.763 79.3206 28.4428 65.1223 104.762 31.9625 40.309 18.3821 109.239 103.073 96.177 72.7998 18.6701 54.1297 23.8105 20.4504 49.3926 34.6183 25.4502 41.4321 49.4553 21.9269 14.1323 65.8782 46.5187
internal_count=33933 1455 787 668 625 486 32478 781 611 456 62 394 31697 510 31187 30621 207 30414 997 29417 18113 11304 566 134 432 318 114 261 421 129 162 74 444 419 391 292 75 217 96 82 198 139 102 167 201 88 57 266 187
is_linear=0
shrinkage=0.05


end of trees

feature_importances:
ema_fast=105
atr_ma=76
ema_slow=74
macd_signal=55
atr_ratio=54
macd_strength=42
atr=40
atr_normalized=29
macd_hist=23
ema_cross_pct=21
price_ema_slow_dist=21
macd=20
return_6=13
lower_shadow=9
return_12=9
price_ema_fast_dist=9
range=8
upper_shadow=7
range_pct=6
macd_hist_change=5
ema_cross=4
signal_convergence=3
body_pct=2
body=1
log_return=1

parameters:
[boosting: gbdt]
[objective: binary]
[metric: binary_logloss]
[tree_learner: serial]
[device_type: cpu]
[data: ]
[valid: ]
[num_iterations: 300]
[learning_rate: 0.05]
[num_leaves: 50]
[num_threads: 8]
[deterministic: 0]
[force_col_wise: 0]
[force_row_wise: 0]
[histogram_pool_size: -1]
[max_depth: 8]
[min_data_in_leaf: 10]
[min_sum_hessian_in_leaf: 0.001]
[bagging_fraction: 0.7]
[pos_bagging_fraction: 1]
[neg_bagging_fraction: 1]
[bagging_freq: 1]
[bagging_seed: 400]
[feature_fraction: 0.9]
[feature_fraction_bynode: 1]
[feature_fraction_seed: 30056]
[extra_trees: 0]
[extra_seed: 12879]
[early_stopping_round: 0]
[first_metric_only: 0]
[max_delta_step: 0]
[lambda_l1: 0.5]
[lambda_l2: 0.1]
[linear_lambda: 0]
[min_gain_to_split: 0]
[drop_rate: 0.1]
[max_drop: 50]
[skip_drop: 0.5]
[xgboost_dart_mode: 0]
[uniform_drop: 0]
[drop_seed: 17869]
[top_rate: 0.2]
[other_rate: 0.1]
[min_data_per_group: 100]
[max_cat_threshold: 32]
[cat_l2: 10]
[cat_smooth: 10]
[max_cat_to_onehot: 4]
[top_k: 20]
[monotone_constraints: ]
[monotone_constraints_method: basic]
[monotone_penalty: 0]
[feature_contri: ]
[forcedsplits_filename: ]
[refit_decay_rate: 0.9]
[cegb_tradeoff: 1]
[cegb_penalty_split: 0]
[cegb_penalty_feature_lazy: ]
[cegb_penalty_feature_coupled: ]
[path_smooth: 0]
[interaction_constraints: ]
[verbosity: 1]
[saved_feature_importance_type: 0]
[linear_tree: 0]
[max_bin: 255]
[max_bin_by_feature: ]
[min_data_in_bin: 3]
[bin_construct_sample_cnt: 200000]
[data_random_seed: 175]
[is_enable_sparse: 1]
[enable_bundle: 1]
[use_missing: 1]
[zero_as_missing: 0]
[feature_pre_filter: 1]
[pre_partition: 0]
[two_round: 0]
[header: 0]
[label_column: ]
[weight_column: ]
[group_column: ]
[ignore_column: ]
[categorical_feature: ]
[forcedbins_filename: ]
[precise_float_parser: 0]
[parser_config_file: ]
[objective_seed: 16083]
[num_class: 1]
[is_unbalance: 0]
[scale_pos_weight: 1]
[sigmoid: 1]
[boost_from_average: 1]
[reg_sqrt: 0]
[alpha: 0.9]
[fair_c: 1]
[poisson_max_delta_step: 0.7]
[tweedie_variance_power: 1.5]
[lambdarank_truncation_level: 30]
[lambdarank_norm: 1]
[label_gain: ]
[lambdarank_position_bias_regularization: 0]
[eval_at: ]
[multi_error_top_k: 1]
[auc_mu_weights: ]
[num_machines: 1]
[local_listen_port: 12400]
[time_out: 120]
[machine_list_filename: ]
[machines: ]
[gpu_platform_id: -1]
[gpu_device_id: -1]
[gpu_use_dp: 0]
[num_gpu: 1]

end of parameters

pandas_categorical:[]
