tree
version=v4
num_class=1
num_tree_per_iteration=1
label_index=0
max_feature_idx=31
objective=binary sigmoid:1
feature_names=rsi bb_middle bb_upper bb_lower atr range range_pct body body_pct upper_shadow lower_shadow is_bullish return_1 return_3 return_6 return_12 log_return rsi_normalized rsi_overbought rsi_oversold rsi_divergence bb_width bb_position bb_position_normalized price_bb_upper_dist price_bb_lower_dist bb_breakout_upper bb_breakout_lower atr_normalized atr_ma atr_ratio signal_convergence
feature_infos=[0:99.755467076367083] [0:158.45214999999999] [0:158.98423446083257] [0:158.37119522484221] [0:0.55142857142856927] [0:1.4489999999999839] [0:0.0098924731182794597] [0:1.2740000000000009] [0:0.0087871159085422691] [0:0.45400000000000773] [0:0.6290000000000191] [0:1] [-0.010440345742870893:0.0086544548876104077] [-0.010346048081897208:0.011121306408549358] [-0.012740376631571793:0.01214236927980572] [-0.015822511541399464:0.020290175029493485] [-0.010495228483220405:0.0086172197717689965] [-1:0.99510934152734165] [0:1] [0:1] [-56.904350987366826:51.361182180793548] [0:0.031342652110744211] [-0.54651378490698344:1.552884196153675] [-2.0930275698139669:2.10576839230735] [-0.0045480417175792053:0.02223832595088774] [-0.0050724392954735378:0.027298010487932362] [0:1] [0:1] [0:0.0037228501986805917] [0:0.42936785714285552] [0:3.4066658717779674] [0:1]
tree_sizes=4264 3812 3473

Tree=0
num_leaves=39
num_cat=0
split_feature=24 2 4 1 4 25 0 21 30 13 14 2 1 4 6 30 23 2 21 2 30 0 30 2 0 21 4 2 25 0 25 4 5 15 17 30 9 21
split_gain=21.9626 18.5828 18.4358 15.9464 30.8236 21.4766 25.3274 17.0311 18.8533 16.6068 13.7465 13.0803 12.9806 13.7866 12.491 12.4157 11.9781 11.3777 14.215 11.1857 11.6676 9.93653 11.319 10.5486 9.29684 9.22177 10.2863 10.0317 8.79981 8.67793 7.98581 7.80822 7.38493 7.34732 6.84002 6.15413 4.65397 0.410564
threshold=0.0012521279588898597 140.87113248888707 0.072678571428573355 145.41507500000003 0.095571428571429154 0.00098145768408284986 64.396256918030346 0.0024385025177270166 1.4638050260113642 0.00049495410395528083 -0.00011101244373867834 145.80090848220379 154.11535000000003 0.10078571428571743 0.00030780746688530478 0.99500724599536583 -0.26591054356634791 145.60549988919473 0.0044441205286411007 141.04318987564031 1.0941828164979126 23.311840279797945 0.56085388399127944 158.12940870618817 36.431328963813492 0.010996306553754697 0.16135714285714089 142.87243520656352 0.00029222273348725479 40.267164814115922 0.0024399895971168634 0.027357142857144575 0.019499999999993637 0.0005364078329371803 -0.57972400876562113 0.86432413294366806 0.016500000000007734 0.0010242535604879787
decision_type=2 2 2 2 2 2 2 2 2 2 2 2 2 2 2 2 2 2 2 2 2 2 2 2 2 2 2 2 2 2 2 2 2 2 2 2 2 2
left_child=1 2 37 17 5 11 10 12 14 -10 -7 24 13 -6 -9 -4 -13 25 -19 20 35 28 31 -24 -5 26 32 -28 34 -14 -8 -23 -2 -20 -21 -3 -17 -1
right_child=3 19 15 4 7 6 30 8 9 -11 -12 16 29 -15 -16 36 -18 18 33 21 -22 22 23 -25 -26 -27 27 -29 -30 -31 -32 -33 -34 -35 -36 -37 -38 -39
leaf_value=0.048595236455715507 0.036800494932418548 0.008140461204387375 -0.020030792152176888 0.010301337206435068 0.015054532942910481 0.015574801625115363 0.0091270875525810251 -0.015760997258490738 -0.0036966028151127206 0.026579481313466335 -0.0016787205408764841 0.020063435486757281 0.050329680606828998 -0.016613931097976396 0.015054532942910481 0.015054532942910481 0.038306445852528681 0.00065997519212723961 0.069459796667886875 0.0055890077510650886 0.029912283338504611 0.023419819270861782 0.014185168105868439 0.0048680003003692147 -0.032096516187364275 -0.018888015089977846 0.069765387155540065 0.027101980131183531 0.055587440159388032 0.0059268813751930539 0.046787862886145982 -0.015627913889759155 0.018533924312217474 0.026535217642751519 0.039457523086649501 -0.034296921864454613 0.053548301378920929 0.071161796026964055
leaf_weight=6.4996315538883227 20.248852148652077 5.2497024089098003 5.499688237905505 18.498951345682148 17.499008029699326 67.74615965783596 6.2496457248926189 11.749333962798117 96.7445158213377 18.998923003673553 103.24414737522602 1028.1917146593332 5.7496740669012096 46.497364193201065 644.963438808918 5.4996882379055005 33.498101085424423 5.499688237905505 10.749390646815302 11.999319791793825 4.9997165799140921 5.499688237905505 6226.14705696702 111.24369390308857 6.2496457248926154 5.2497024089097968 5.2497024089097968 70.995975434780121 8.9994898438453657 10.749390646815298 18.998923003673553 18.748937174677849 1012.4426074326038 6.49963155388832 8.9994898438453692 10.249418988823889 5.2497024089097977 7.4995748698711395
leaf_count=26 81 21 22 74 70 271 25 47 387 76 413 4113 23 186 2580 22 134 22 43 48 20 22 24906 445 25 21 21 284 36 43 76 75 4050 26 36 41 21 30
internal_value=0.0150545 0.0140618 0.0373909 0.0170797 0.0155468 0.0184893 0.00938323 0.0111328 0.0125183 0.00136763 0.00519859 0.0201434 -0.00199291 -0.00811791 0.0145026 0.0150545 0.0206539 0.0199502 0.0409009 0.0139493 -0.0080361 0.0140223 0.0139394 0.0140197 -0.00120098 0.0195075 0.0197065 0.0303599 0.0311429 0.0212185 0.0371535 -0.00641111 0.018907 0.0542709 0.0198208 -0.0208968 0.0341637 0.0622374
internal_weight=0 6442.38 30.2483 3272.56 2135.63 1282.68 196.239 852.952 772.456 115.743 170.99 1086.44 80.4954 63.9964 656.713 16.2491 1061.69 1136.94 22.7487 6412.14 20.4988 6391.64 6361.64 6337.39 24.7486 1114.19 1108.94 76.2457 29.9983 16.4991 25.2486 24.2486 1032.69 17.249 20.9988 15.4991 10.7494 13.9992
internal_count=38862 25771 121 13091 8543 5131 785 3412 3090 463 684 4346 322 256 2627 65 4247 4548 91 25650 82 25568 25448 25351 99 4457 4436 305 120 66 101 97 4131 69 84 62 43 56
is_linear=0
shrinkage=1


Tree=1
num_leaves=34
num_cat=0
split_feature=1 4 30 17 30 21 4 17 3 8 1 21 17 30 28 21 5 6 13 4 3 4 28 3 21 12 13 3 13 13 17 30 21
split_gain=15.6283 22.0891 14.2299 10.9711 15.2497 16.9844 15.4788 24.0334 13.413 12.8159 12.3475 11.8331 10.6444 10.4546 10.4831 11.6281 10.2048 10.1574 9.99891 9.92257 9.90122 9.6375 9.61827 9.49327 13.262 7.65875 7.59658 7.83579 5.71548 5.34038 4.96977 4.07986 0.791391
threshold=140.71552500000004 0.075357142857140305 1.0246614838136721 -0.076992514157185901 0.86945927549362068 0.00067979986868979363 0.050857142857139041 -0.50453788496344742 142.37654001168809 1.2868066930115451e-05 142.02020000000005 0.0037694912294632204 -0.30508994929432925 1.6471246609540009 0.00058240329399137671 0.0013112146016738917 0.14750000000000799 0.0001197474407445469 -1.0000000180025095e-35 0.034428571428574431 146.83952471629127 0.087428571428571702 0.00057994722878802697 156.94423002335617 0.0049692735396918075 8.8163387151452013e-05 -0.0019819848487796494 155.06081405886025 7.2352007354781214e-05 -0.00017303972237453499 0.096022011966229864 1.1078959258823891 0.0013319930258496628
decision_type=2 2 2 2 2 2 2 2 2 2 2 2 2 2 2 2 2 2 2 2 2 2 2 2 2 2 2 2 2 2 2 2 2
left_child=1 32 18 4 5 25 7 -7 10 29 12 13 -6 14 21 -16 20 -11 -3 -12 -15 -5 -8 26 -25 28 -13 -28 -2 -10 -18 -4 -1
right_child=3 2 31 11 8 6 22 -9 9 17 19 23 -14 16 15 -17 30 -19 -20 -21 -22 -23 -24 24 -26 -27 27 -29 -30 -31 -32 -33 -34
leaf_value=0.029489721456467097 0.02008858301835963 0.0022924918192532059 0.039114013698706054 -0.0011740171737486941 0.012635309412855228 0.007971338611315229 0.0021598934470320698 -0.011429605703905568 0.020300635574112325 0.014277726958522525 -0.011040757017941105 0.032900475744793392 -0.01914981288357219 -0.0043636408008946104 -0.030229086939727749 -0.0041550202470059423 -0.029783600492645151 0.0010036272018684037 -0.046638166791410071 0.021773402386741851 0.031981079625980444 0.016531650806103432 -0.0062231621444720298 0.010688596717008192 -0.042193390591361027 -0.018002947898422588 0.0022708848720701855 0.019806949796542971 -0.0069390100358610561 0.0059966128777161906 0.0051011265084543352 0.0027818683839268533 0.053159483811350008
leaf_weight=5.7465141862630835 49.747553810477257 7.9990816414356214 6.9980154633522016 4046.7902023792267 19.498325139284134 69.737867251038551 447.96462552249432 309.98112693428993 42.496563747525215 52.744460850954056 8.7494751214981061 7.4988604336976996 17.747104853391647 8.7495312839746457 15.499220252037047 893.69812260568142 5.4997311979532233 2676.040221080184 6.2493340522050893 75.242997035384178 23.498626470565796 27.498574018478394 169.48598985373974 6.9993818551301983 9.4994570314884168 5.9997203648090354 594.94836777448654 23.748668864369392 7.4996338039636603 58.495172113180161 8.9995706975460035 5.4984313249588013 9.9917150586843473
leaf_count=23 199 32 28 16188 78 279 1792 1240 170 211 35 30 71 35 62 3575 22 10705 25 301 94 110 678 28 38 24 2380 95 30 234 36 22 40
internal_value=0 0.0179411 0.000893397 -0.000229007 0.000970553 -0.00211051 -0.00307528 -0.00783933 0.00208085 0.00165783 0.0118521 -0.00107883 -0.0023023 -0.00156975 -0.00170412 -0.00461923 0.0124835 0.00126504 -0.019069 0.0182213 0.0218942 -0.0010511 -0.000128534 0.0027484 -0.019433 0.0129015 0.00335622 0.00296782 0.0163737 0.0121468 -0.00785838 0.0242712 0.0457914
internal_weight=0 42.4831 26.7449 9684.36 4011.43 1060.42 997.17 379.719 2951.01 2829.78 121.238 5672.93 37.2454 5030.23 4983.49 909.197 46.7475 2728.78 14.2484 83.9925 32.2482 4074.29 617.451 642.695 16.4988 63.2469 626.196 618.697 57.2472 100.992 14.4993 12.4964 15.7382
internal_count=38910 170 107 38740 16047 4242 3989 1519 11805 11320 485 22693 149 20122 19935 3637 187 10916 57 336 129 16298 2470 2571 66 253 2505 2475 229 404 58 50 63
is_linear=0
shrinkage=0.03


Tree=2
num_leaves=31
num_cat=0
split_feature=2 24 30 3 28 21 2 30 17 21 28 4 9 30 29 2 25 14 2 17 2 15 24 21 29 29 28 5 7 21
split_gain=23.0488 17.541 17.5837 14.9917 31.3985 32.4552 27.9905 18.1013 16.7376 18.8852 15.1546 13.7931 11.9907 11.8936 11.6573 10.9389 10.918 10.8152 10.4805 10.0608 9.14745 9.94709 8.11817 7.84477 11.4666 6.60348 6.14772 3.78854 3.30047 2.90066
threshold=140.87113248888707 0.0010834849339036244 0.56085388399127944 145.22590670061095 0.00065774023339087507 0.0024540421305175122 154.32171190292391 1.7100580014805662 0.4865355004541207 0.0029737992184574605 0.00023714434628444934 0.075357142857140305 0.026499999999998639 1.7100580014805662 0.048135714285718632 142.45374564217329 0.00018806178225905959 -0.0022405317124762898 158.12940870618817 -0.59332238145634364 144.58155782419553 0.00046536130775654 0.00035000332624778854 0.0023493085151327017 0.11170892857142857 0.10767142857142918 0.00054563190094555317 0.022500000000007962 0.037499999999994323 0.0012847235073185101
decision_type=2 2 2 2 2 2 2 2 2 2 2 2 2 2 2 2 2 2 2 2 2 2 2 2 2 2 2 2 2 2
left_child=11 2 14 10 8 6 -6 -7 9 -5 27 29 17 15 -2 16 -4 -12 -17 -14 22 -22 -15 28 -25 -16 -10 -3 -13 -1
right_child=1 3 13 4 5 7 -8 -9 26 -11 12 23 19 20 25 18 -18 -19 -20 -21 21 -23 -24 24 -26 -27 -28 -29 -30 -31
leaf_value=0.025007298553657967 0.0061742442954574256 0.054647618925331605 0.01035045370491949 0.0039751521458465111 -0.029029338515649133 -0.001158533931303154 0.017638233551445393 -0.020567095538471868 0.0027696171079063091 -0.0038791903177852996 0.020491431724121059 0.0038764574490597215 -0.0086674139498159955 0.010141345826084445 -0.047446429657447615 -0.00053213559847326724 -0.012818839773814228 0.0014497462984513953 -0.010287752709085997 0.0096057732068922236 0.04905370875758603 0.012104795688553887 -0.034966798433635669 0.042524225767993223 -0.011593117995190272 -0.0076123074230057125 0.042727140930038966 0.018931519365847842 -0.028236504369641223 0.0545578428944926
leaf_weight=7.7409819066524532 7.4992678165435818 5.7481148689985258 20.997442722320557 1336.1060150414705 73.744691222906113 684.7077831029892 13.247773885726927 45.997997745871544 5.4981126636266735 345.71736390888691 27.49414399266243 4.9983349591493624 28.495874136686325 8.7494195103645307 14.248223438858988 5558.4785635024309 117.73833949863911 886.64645926654339 100.74849952757359 372.69541244208813 8.4965407103300077 31.994196578860283 5.4995962828397742 8.7442032694816572 5.2472180128097525 5.9995324909687033 12.494731560349463 7.7492996454238892 5.2463016659021378 9.7224756181240064
leaf_count=31 30 23 84 5345 295 2739 53 184 22 1383 110 20 114 35 57 22235 471 3547 403 1491 34 128 22 35 21 24 50 31 21 39
internal_value=0 0.000133365 -0.000895962 0.00170933 0.000344569 -0.00448085 -0.0217832 -0.00240056 0.00267152 0.00235485 0.00428748 0.0224076 0.00395073 -0.000780773 -0.0246037 -0.00091394 -0.00923271 0.00203883 -0.000707937 0.00827994 0.0130887 0.0203825 -0.00701216 0.00714128 0.0217815 -0.0363648 0.0312549 0.0356516 -0.0120506 0.0426093
internal_weight=0 9726.79 5880.45 3846.34 2517.51 817.698 86.9925 730.706 1699.82 1681.82 1328.83 41.6995 1315.33 5852.7 27.747 5797.96 138.736 914.141 5659.23 401.191 54.7398 40.4907 14.249 24.2361 13.9914 20.2478 17.9928 13.4974 10.2446 17.4635
internal_count=39077 38910 23523 15387 10071 3271 348 2923 6800 6728 5316 167 5262 23412 111 23193 555 3657 22638 1605 219 162 57 97 56 81 72 54 41 70
is_linear=0
shrinkage=0.03


end of trees

feature_importances:
bb_width=13
atr_ratio=12
bb_upper=11
atr=10
rsi_normalized=7
bb_lower=5
return_3=5
atr_normalized=5
rsi=4
bb_middle=4
price_bb_lower_dist=4
range=3
price_bb_upper_dist=3
atr_ma=3
range_pct=2
upper_shadow=2
return_6=2
return_12=2
body=1
body_pct=1
return_1=1
bb_position_normalized=1

parameters:
[boosting: gbdt]
[objective: binary]
[metric: binary_logloss]
[tree_learner: serial]
[device_type: cpu]
[data: ]
[valid: ]
[num_iterations: 500]
[learning_rate: 0.03]
[num_leaves: 50]
[num_threads: 8]
[deterministic: 0]
[force_col_wise: 0]
[force_row_wise: 0]
[histogram_pool_size: -1]
[max_depth: 6]
[min_data_in_leaf: 20]
[min_sum_hessian_in_leaf: 0.001]
[bagging_fraction: 0.8]
[pos_bagging_fraction: 1]
[neg_bagging_fraction: 1]
[bagging_freq: 1]
[bagging_seed: 400]
[feature_fraction: 0.8]
[feature_fraction_bynode: 1]
[feature_fraction_seed: 30056]
[extra_trees: 0]
[extra_seed: 12879]
[early_stopping_round: 0]
[first_metric_only: 0]
[max_delta_step: 0]
[lambda_l1: 0.3]
[lambda_l2: 0.3]
[linear_lambda: 0]
[min_gain_to_split: 0]
[drop_rate: 0.1]
[max_drop: 50]
[skip_drop: 0.5]
[xgboost_dart_mode: 0]
[uniform_drop: 0]
[drop_seed: 17869]
[top_rate: 0.2]
[other_rate: 0.1]
[min_data_per_group: 100]
[max_cat_threshold: 32]
[cat_l2: 10]
[cat_smooth: 10]
[max_cat_to_onehot: 4]
[top_k: 20]
[monotone_constraints: ]
[monotone_constraints_method: basic]
[monotone_penalty: 0]
[feature_contri: ]
[forcedsplits_filename: ]
[refit_decay_rate: 0.9]
[cegb_tradeoff: 1]
[cegb_penalty_split: 0]
[cegb_penalty_feature_lazy: ]
[cegb_penalty_feature_coupled: ]
[path_smooth: 0]
[interaction_constraints: ]
[verbosity: 1]
[saved_feature_importance_type: 0]
[linear_tree: 0]
[max_bin: 255]
[max_bin_by_feature: ]
[min_data_in_bin: 3]
[bin_construct_sample_cnt: 200000]
[data_random_seed: 175]
[is_enable_sparse: 1]
[enable_bundle: 1]
[use_missing: 1]
[zero_as_missing: 0]
[feature_pre_filter: 1]
[pre_partition: 0]
[two_round: 0]
[header: 0]
[label_column: ]
[weight_column: ]
[group_column: ]
[ignore_column: ]
[categorical_feature: ]
[forcedbins_filename: ]
[precise_float_parser: 0]
[parser_config_file: ]
[objective_seed: 16083]
[num_class: 1]
[is_unbalance: 0]
[scale_pos_weight: 1]
[sigmoid: 1]
[boost_from_average: 1]
[reg_sqrt: 0]
[alpha: 0.9]
[fair_c: 1]
[poisson_max_delta_step: 0.7]
[tweedie_variance_power: 1.5]
[lambdarank_truncation_level: 30]
[lambdarank_norm: 1]
[label_gain: ]
[lambdarank_position_bias_regularization: 0]
[eval_at: ]
[multi_error_top_k: 1]
[auc_mu_weights: ]
[num_machines: 1]
[local_listen_port: 12400]
[time_out: 120]
[machine_list_filename: ]
[machines: ]
[gpu_platform_id: -1]
[gpu_device_id: -1]
[gpu_use_dp: 0]
[num_gpu: 1]

end of parameters

pandas_categorical:[]
