tree
version=v4
num_class=1
num_tree_per_iteration=1
label_index=0
max_feature_idx=56
objective=regression
feature_names=rsi bb_middle bb_upper bb_lower atr momentum_10 momentum_20 volatility volume_ma range range_pct body body_pct upper_shadow lower_shadow is_bullish return_1 return_3 return_6 return_12 return_24 log_return rsi_normalized rsi_overbought rsi_oversold rsi_divergence bb_width bb_position bb_position_normalized price_bb_upper_dist price_bb_lower_dist bb_breakout_upper bb_breakout_lower atr_normalized atr_ma atr_ratio momentum_ratio momentum_convergence volume_ratio volume_spike volume_change volatility_ma volatility_ratio high_volatility low_volatility stoch_k stoch_d stoch_overbought stoch_oversold adx strong_trend sma_20 price_sma_20_dist sma_50 price_sma_50_dist signal_convergence market_regime
feature_infos=[0:98.323991543918936] [0:107202.68299999999] [0:108503.14528069981] [0:106362.39873835164] [0:1913.6478571428556] [-8342.5400000000009:10665.179999999993] [-12486.150000000001:14155.739999999991] [0:0.027665265364936176] [0:15071.1] [41.610000000000582:7445.0200000000041] [0.00064197892033770012:0.083194551703992967] [0.010000000002037268:4847.2799999999988] [1.687657469333537e-07:0.053865545209733065] [0:2853.8099999999977] [0:2709.1299999999974] [0:1] [-0.06392068477713575:0.11991470268267301] [-0.06874591913368211:0.12121289228058596] [-0.079615203583715433:0.12324016964288909] [-0.13852618933251082:0.1281729140500143] [-0.20656179582649081:0.18012682534038826] [-0.066055067608681614:0.11325252408776919] [-0.94806582176005261:0.96647983087837874] [0:1] [0:1] [-49.557479223093154:42.119850794411732] [0:0.23507214819731151] [-0.47895853378551589:1.5139666392771387] [-1.9579170675710318:2.0279332785542774] [-0.051695806611816018:0.2348085863011253] [-0.031298755752849884:0.18048430889612765] [0:1] [0:1] [0:0.030615925217490077] [0:1459.5823571428562] [0:2.5193794912994942] [-4451.5502226422777:74647.925336867193] [-10665.179999999993:8342.5400000000009] [0:2.9553958669892095] [0:1] [-0.80889167188478395:8.7027863777089784] [0:0.027364409329763521] [0:3.7248595957797415] [0:1] [0:1] [0:99.999999999838437] [0:98.883595895685247] [0:1] [0:1] [0:95.095784100943362] [0:1] [0:107202.68299999999] [-0.11842224866658865:0.11006071071452704] [0:106786.319] [-0.21353636665559603:0.12751438682104085] [0:1] [0:2]
tree_sizes=4164 3447 4272 3953 4030 3666 4354 3876 3967 2723

Tree=0
num_leaves=44
num_cat=0
split_feature=41 26 53 52 34 8 34 30 53 53 49 28 1 2 8 35 35 30 0 8 8 35 53 35 6 28 8 42 41 54 49 38 1 26 45 38 46 19 30 41 54 26 8
split_gain=0.01566 0.0192302 0.0141749 0.0116247 0.0112149 0.0101322 0.00738434 0.00644835 0.00599106 0.0248942 0.0059653 0.00576954 0.0049482 0.00448327 0.00587939 0.00477746 0.00445333 0.00399606 0.00374128 0.00316967 0.00304757 0.00320973 0.00304727 0.00299243 0.00386007 0.00247465 0.00246147 0.00230771 0.00226039 0.00220211 0.00256433 0.00200653 0.00158035 0.00120814 0.00114416 0.00104841 0.000806652 0.000530235 0.000498316 0.000473039 0.000348917 0.000135042 0.00052384
threshold=0.0067702310205894648 0.11393503964507061 62012.378800000006 0.0021145207766727447 1232.3735892857137 12061.725 695.78960714285734 0.021541339978037179 83019.965300000011 78729.879100000006 21.951981792273273 -0.35896567669686058 64409.733000000007 61691.983105860789 8351.1250000000018 0.91596916706827625 1.2441405885675934 0.014602523052587437 30.19626563137972 13594.550000000001 8946.2000000000025 1.3390114744458994 43044.827600000011 0.65178905144980803 3541.3450000000016 0.66227608124219783 7501.7750000000005 0.95293143248926981 0.0054742744004584775 0.02343277093458555 16.859798176279057 0.74263443331665413 62364.576250000006 0.01443310956611297 76.322615393966956 1.1902524562917354 91.026891931319227 0.021406355193277608 0.011728559116470985 0.0057532749433251967 0.040657112419917291 0.01350139915062781 6268.1750000000011
decision_type=2 2 2 2 2 2 2 2 2 2 2 2 2 2 2 2 2 2 2 2 2 2 2 2 2 2 2 2 2 2 2 2 2 2 2 2 2 2 2 2 2 2 2
left_child=2 3 13 16 11 6 12 31 9 37 39 -3 17 14 15 33 29 -4 -12 40 21 -16 -17 -10 -25 -11 41 -14 -22 30 -2 -7 36 -1 -21 -33 -28 -5 -18 -8 -9 -15 -43
right_child=1 4 5 8 -6 7 10 19 23 25 18 -13 27 26 20 22 38 -19 -20 34 28 -23 -24 24 -26 -27 32 -29 -30 -31 -32 35 -34 -35 -36 -37 -38 -39 -40 -41 -42 42 -44
leaf_value=0.00066103283037364212 0.0006217368123731025 -0.0001744982747434921 0.00049301522194900201 0.00066044414456940955 0.0006217368123731025 0.0006217368123731025 0.0006217368123731025 0.0006217368123731025 0.0006217368123731025 0.0016850605799398981 0.0006217368123731025 0.0006217368123731025 0.0006217368123731025 0.0006217368123731025 0.00043624083122317889 0.0006217368123731025 0.00053706333538401803 0.0006217368123731025 0.00034696368181714744 0.0006217368123731025 0.00059515988243064098 0.0006217368123731025 0.00074284894931378801 0.00024645825391263112 0.0006217368123731025 0.0006217368123731025 0.00085575254744395951 0.00058151927787566612 0.0007567739550263427 0.0006217368123731025 0.0009516952290524142 0.00079313551692463996 0.0006217368123731025 0.00059836991701164388 0.00025217736744339892 0.0006217368123731025 0.0006217368123731025 0.00059282949623031965 0.00069984908920752104 0.00072451880245882633 0.0007174199827735681 0.00072346650769062693 0.0006217368123731025
leaf_weight=493 28 35 836 250 27 40 48 121 39 25 65 33 2727 50 204 208 22 232 283 20 497 77 828 57 30 20 221 3260 92 42 376 403 54 596 30 21 21 122 47 40 34 57 91
leaf_count=493 28 35 836 250 27 40 48 121 39 25 65 33 2727 50 204 208 22 232 283 20 497 77 828 57 30 20 221 3260 92 42 376 403 54 596 30 21 21 122 47 40 34 57 91
internal_value=0.000621737 0.00072576 0.000609945 0.000768171 0.000348905 0.00058772 0.000576973 0.000694573 0.000651591 0.000719319 0.000451439 0.000120096 0.000586014 0.000659343 0.000641869 0.000670759 0.000873534 0.000523735 0.000394266 0.000586441 0.000581656 0.000500408 0.000717013 0.000499003 0.000392296 0.00138483 0.000746996 0.000598631 0.000621737 0.000908415 0.000930968 0.000761723 0.000805179 0.000621737 0.000373144 0.000782048 0.00083858 0.000621737 0.000621737 0.000621737 0.000621737 0.000621737 0.000650364
internal_weight=0 1153 11649 1058 95 8160 7491 669 543 417 436 68 7055 3489 2995 2125 515 1068 348 205 870 281 1036 126 87 45 494 5987 589 446 404 464 296 1089 50 424 242 372 69 88 155 198 148
internal_count=12802 1153 11649 1058 95 8160 7491 669 543 417 436 68 7055 3489 2995 2125 515 1068 348 205 870 281 1036 126 87 45 494 5987 589 446 404 464 296 1089 50 424 242 372 69 88 155 198 148
is_linear=0
shrinkage=1


Tree=1
num_leaves=39
num_cat=0
split_feature=53 41 26 3 3 35 2 34 20 7 2 53 37 52 7 49 34 3 53 26 1 53 41 3 49 33 1 4 52 20 46 54 49 6 26 7 1 54
split_gain=0.0134617 0.0104173 0.0127585 0.015121 0.0122866 0.00906356 0.00731629 0.00646987 0.00434022 0.00492678 0.00724774 0.00602694 0.00527954 0.00432042 0.00410112 0.00392295 0.00355082 0.00333076 0.00395922 0.00641095 0.00936818 0.0039588 0.00312227 0.00294885 0.00279906 0.00233127 0.00250977 0.00231533 0.00223933 0.00174908 0.00170961 0.00151571 0.00170837 0.000932079 0.000683597 0.000256872 0.000140638 1.04974e-05
threshold=62012.378800000006 0.0066880417649510483 0.10386273165926393 80665.960840825705 67915.259999499191 0.69515724799656187 65406.380963383424 1232.3735892857137 -0.03423871964274771 0.0062827200415673775 65108.796997790159 97495.650700000013 142.53999999999726 0.0024816698724519476 0.014170226152244137 25.247807431234932 1172.7441249999995 45735.527307756223 57761.868000000009 0.024237619487823842 60175.555000000008 46093.714000000007 0.0026501775575296302 59444.897293257185 10.643812879623104 0.0089034452997240592 65388.691000000013 1354.3689285714293 -0.0067257024031240681 -0.0083095685904481225 26.328508060131572 0.018603241421096418 65.438974507059854 -1040.3999999999976 0.011187891605486562 0.0056862637512649057 71137.880000000019 -0.0014113549738256354
decision_type=2 2 2 2 2 2 2 2 2 2 2 2 2 2 2 2 2 2 2 2 2 2 2 2 2 2 2 2 2 2 2 2 2 2 2 2 2 2
left_child=7 8 3 4 6 -6 -3 17 25 10 24 -12 33 30 -4 -14 -15 21 22 23 -21 31 37 -20 -10 -2 35 -16 -23 -24 -5 34 -33 -11 -1 -27 -28 -19
right_child=1 2 14 13 5 -7 -8 -9 9 12 11 -13 15 16 27 -17 -18 18 19 20 -22 28 29 -25 -26 26 36 -29 -30 -31 -32 32 -34 -35 -36 -37 -38 -39
leaf_value=4.9201652420558671e-05 0 0.00030311018224338254 0 -4.8925881806792682e-06 0 0.00053605367092724615 0 0.00056024839706914932 2.8038007921338513e-05 -0.00014427635013634254 -7.733671234147138e-08 -8.7555592583969983e-05 0 -0.00028091707988487134 -0.00066449275924273317 -0.0003308984223849529 0 0 0.0001539793787595222 -0.00011990196896868138 7.6631675021648107e-05 0 0.00023826862403460272 1.5318125053991012e-05 -0.00011682884565436033 0 0 0 -0.00039804687506299325 8.5390714544901201e-05 0.00011122921588504355 0.00018364606444890984 0 0 -1.6565074662785799e-05 0.00039545197066996553 3.8521069853878032e-05 -1.3313720799549218e-05
leaf_weight=179 114 83 50 41 49 153 194 25 28 40 5580 850 62 87 23 150 25 58 372 482 352 24 205 497 955 20 21 20 34 764 145 90 38 188 660 40 85 53
leaf_count=179 114 83 50 41 49 153 194 25 28 40 5580 850 62 87 23 150 25 58 372 482 352 24 205 497 955 20 21 20 34 764 145 90 38 188 660 40 85 53
internal_value=0 -1.72456e-05 7.87091e-05 0.000126105 0.00023248 0.000421224 6.20771e-05 4.97627e-05 -2.86191e-05 -3.35766e-05 -2.62627e-05 -1.30445e-05 -0.000136258 -1.47723e-05 -0.000219942 -0.000246752 -0.000181355 4.40042e-05 6.1045e-05 2.53114e-05 -2.61673e-05 0 0.000109038 8.50618e-05 -0.000103542 7.81996e-05 0.000151406 -0.000435289 -0.000242172 0.000127082 3.73566e-05 1.21918e-05 0.000108412 0 0 0.000317302 0 0
internal_weight=0 9003 870 777 479 202 277 3833 8133 7853 7413 6430 440 298 93 212 112 3808 2783 1703 834 1025 1080 869 983 280 166 43 58 969 186 967 128 228 839 60 106 111
internal_count=12836 9003 870 777 479 202 277 3833 8133 7853 7413 6430 440 298 93 212 112 3808 2783 1703 834 1025 1080 869 983 280 166 43 58 969 186 967 128 228 839 60 106 111
is_linear=0
shrinkage=0.03


Tree=2
num_leaves=50
num_cat=0
split_feature=53 8 34 1 30 53 4 37 3 2 53 53 42 3 8 8 2 34 20 3 3 35 7 4 3 35 34 53 1 53 35 38 42 34 2 54 37 2 30 34 34 53 4 20 42 34 22 53 2
split_gain=0.0114175 0.0106884 0.0209166 0.0205331 0.010161 0.00866059 0.0082717 0.0131329 0.0116486 0.00677606 0.00587091 0.00570827 0.00559122 0.0044712 0.00425727 0.00613479 0.00375531 0.00358248 0.00346464 0.00418558 0.0043471 0.00330664 0.00329373 0.00323228 0.00265838 0.002321 0.00305175 0.00346764 0.00436152 0.00223334 0.00250787 0.00211508 0.00178702 0.00160397 0.00139426 0.00126272 0.00121798 0.00116068 0.00209463 0.0014431 0.00095214 0.000790148 0.000836029 0.000773114 0.00073656 0.000718614 0.000596096 0.000217139 0.000162389
threshold=62012.378800000006 11319.975 939.67226785714286 83510.063750000016 0.021541339978037179 81835.544900000023 617.94035714285735 695.57500000000084 92419.173859294649 65108.796997790159 98394.843900000022 81835.544900000023 1.0060319425241702 92051.371337681092 8325.1250000000018 10825.500000000002 64296.673123564156 500.20412499999929 -0.017278217558248262 58020.051110963155 56622.217368477905 1.0322516439528318 0.0046572609951736265 318.36571428571398 63268.885308993347 1.1284078221255125 332.51221428571495 43044.827600000011 61326.149000000012 70413.039200000014 0.834931620185975 0.7823577203620552 0.95293143248926981 443.99132142857167 59721.277984720182 0.025613273192561663 1418.9850000000008 59836.250054273602 0.0087239430644397067 427.21878571428607 419.67132142857184 60667.875700000004 223.29464285714263 0.0047240758958815307 1.0521747425939025 785.3746428571427 -0.35248731846940423 42551.2474 61778.102446333032
decision_type=2 2 2 2 2 2 2 2 2 2 2 2 2 2 2 2 2 2 2 2 2 2 2 2 2 2 2 2 2 2 2 2 2 2 2 2 2 2 2 2 2 2 2 2 2 2 2 2 2
left_child=14 2 6 11 10 29 9 12 -9 22 16 -4 -8 31 25 18 -3 -18 33 20 -20 40 -2 -21 -11 37 27 47 -29 45 -31 -7 -12 -16 -35 36 -5 38 46 -40 -17 42 -39 -43 -42 -6 -1 -27 -23
right_child=1 4 3 35 5 13 7 8 -10 24 32 -13 -14 -15 15 21 17 -19 19 23 -22 48 -24 -25 -26 26 -28 28 -30 30 -32 -33 -34 34 -36 -37 -38 41 39 -41 44 43 -44 -45 -46 -47 -48 -49 -50
leaf_value=0 -0.00012332395624776226 0 5.2168490393892126e-05 0.00019666845498524522 0 0 9.4594581485852642e-05 -0.00051581800456557852 0 0.00015185753123963679 -0.00023323937326968122 0.0013554755644586045 -0.00010041516979747843 0 0 0 1.8312368911648714e-05 0.00020298308074642209 -4.6972173804612213e-05 0.00022711121553022063 -0.00030225058518000119 0 0 -8.1554216531787989e-06 -1.8264323458394587e-05 5.3287583502338827e-05 0 0.00023829282116400886 0 0 0.00020221183521852926 -0.00029162142853493772 0 0.00026506397431796117 0 0 0 0 -3.8138550257482052e-06 0.00010286814925944865 0.00045304844741400488 0 -7.7267986233071722e-05 8.2204377992466619e-05 0 -0.00011693342516974529 0.00010484412504603508 -2.5727397255876716e-05 6.1773194992390784e-05
leaf_weight=105 889 77 24 61 136 30 132 136 91 74 32 20 538 73 118 20 251 579 486 56 107 67 108 242 5339 54 143 348 58 40 119 164 91 50 27 43 41 20 547 122 44 135 189 152 33 47 604 62 38
leaf_count=105 889 77 24 61 136 30 132 136 91 74 32 20 538 73 118 20 251 579 486 56 107 67 108 242 5339 54 143 348 58 40 119 164 91 50 27 43 41 20 547 122 44 135 189 152 33 47 604 62 38
internal_value=0 -1.8217e-05 -3.41082e-05 0.000270828 4.89643e-05 -3.76007e-05 -4.32379e-05 -0.000131606 -0.000336785 -2.94624e-05 0.000108878 0.000852909 -4.85434e-05 -0.000173485 4.35058e-05 0 0.000138279 0.000158003 -2.91714e-05 -5.9984e-05 -0.000108333 0.000150742 -0.000102905 6.06873e-06 -1.42678e-05 6.60432e-05 0.000122507 0.000156127 0.000197525 4.22506e-05 0.000128271 -0.000249229 -3.47418e-05 6.54112e-05 0.000171712 3.08592e-05 0.000111631 4.11883e-05 5.53613e-05 2.23136e-06 0.000278981 0 -4.24838e-05 3.40642e-05 0.000330232 0 9.27831e-05 0 0
internal_weight=0 9135 7496 189 1639 609 7307 897 227 6410 1030 44 670 267 3827 1288 907 830 1086 891 593 202 997 298 5413 2539 665 522 406 342 159 194 123 195 77 145 102 1874 1378 669 97 496 209 287 77 183 709 116 105
internal_count=12962 9135 7496 189 1639 609 7307 897 227 6410 1030 44 670 267 3827 1288 907 830 1086 891 593 202 997 298 5413 2539 665 522 406 342 159 194 123 195 77 145 102 1874 1378 669 97 496 209 287 77 183 709 116 105
is_linear=0
shrinkage=0.03


Tree=3
num_leaves=46
num_cat=0
split_feature=41 26 53 8 34 34 53 26 54 8 49 30 53 54 20 53 1 41 8 8 34 3 41 20 4 8 28 53 41 34 29 34 49 8 49 1 20 28 38 42 1 3 28 41 54
split_gain=0.015685 0.0117891 0.0113903 0.0110336 0.00791428 0.00717197 0.0137346 0.010007 0.0095574 0.011083 0.00695644 0.00597369 0.00452022 0.00439643 0.00444765 0.00436135 0.00674221 0.0062934 0.00369303 0.00340727 0.00300901 0.00724523 0.00284178 0.00297709 0.00474041 0.00274521 0.00259044 0.00237846 0.00234517 0.00222757 0.00214507 0.0020628 0.00204571 0.00200903 0.00199446 0.0019798 0.00180275 0.00170093 0.00170061 0.00120536 0.00101599 0.00298705 0.000672565 0.000591777 4.70461e-05
threshold=0.0067702310205894648 0.11393503964507061 62012.378800000006 12061.725 702.69867857142845 939.67226785714286 84523.201300000015 0.024859471432490499 0.029345551916596803 11789.400000000003 46.610468794069597 0.024961355060848123 63668.974300000002 -0.028853135421475207 0.0043644571240086813 74764.092300000004 82867.380250000017 0.0023340342809312306 8391.0500000000011 8844.9250000000011 834.86578571428572 66303.511708438513 0.0045333663240909958 0.013014352868762182 327.62464285714077 9585.2250000000022 -0.35896567669686058 82275.383200000011 0.0054279892681324193 390.02625000000108 0.010438129434609781 885.49467857142884 21.951981792273273 11515.050000000001 47.818977507186879 60994.592750000003 0.024801730827487826 0.52035601824805855 1.1872756563595177 1.325527058416089 53214.75250000001 55134.729650021705 0.74329520449458619 0.0058470693400602724 -0.0031384252459537758
decision_type=2 2 2 2 2 2 2 2 2 2 2 2 2 2 2 2 2 2 2 2 2 2 2 2 2 2 2 2 2 2 2 2 2 2 2 2 2 2 2 2 2 2 2 2 2
left_child=2 5 18 4 15 7 8 20 9 -7 -3 36 25 -6 -15 17 -17 -4 22 35 21 -2 23 24 -1 -9 -12 42 29 -21 -30 -14 -25 34 -8 39 38 -29 -5 -20 43 -42 -13 -24 -35
right_child=1 10 3 11 13 6 33 12 -10 -11 26 27 31 14 -16 16 -18 -19 19 28 -22 -23 40 32 -26 -27 -28 37 30 -31 -32 -33 -34 44 -36 -37 -38 -39 -40 -41 41 -43 -44 -45 -46
leaf_value=1.4063935308623808e-05 5.496102228267064e-05 0 -0.00014820863187127602 0.00016738724353797133 0 0.00093189949638406062 0.00024188144071389663 0 0 0.00011772995530158531 -0.00061386308088751118 0 -0.00011947664067712381 -0.00030803485633417902 -1.666419312696129e-05 0.00015033035167709798 -1.36456101860059e-05 -3.0216894788297412e-05 -0.00017737030447037203 3.3372852259209682e-05 0 0.00062191417898369049 -0.00010709493616477687 0 0.00016207214656554508 0.00020490367877331358 0 0 0 -8.6777645731434184e-05 0.00020148458291610076 0 0.00017506888911375626 0 0 0 0 -0.00025841321485331627 0 0 0.00025070893568979787 0 0.00013917585351718619 0 -3.0915858439520916e-05
leaf_weight=1255 102 24 537 480 51 62 68 132 21 60 30 47 234 207 155 245 2816 3584 177 459 22 56 112 25 283 120 36 33 34 198 108 58 401 40 35 26 21 57 21 47 45 318 31 22 44
leaf_count=1255 102 24 537 480 51 62 68 132 21 60 30 47 234 207 155 245 2816 3584 177 459 22 56 112 25 283 120 36 33 34 198 108 58 401 40 35 26 21 57 21 47 45 318 31 22 44
internal_value=0 0.00011063 -5.36478e-06 -2.52193e-05 -3.64949e-05 0.000143761 0.000271765 7.29025e-05 0.000503741 0.000606349 -0.000176896 8.58175e-05 0 -0.000168634 -0.000208235 -2.76364e-05 0 -4.77856e-05 3.89342e-05 -1.88428e-07 0.000267024 0.000313558 5.92647e-05 7.55184e-05 4.71751e-05 0.000101127 -0.000370204 -3.04323e-05 2.10844e-05 0 0.000131642 -7.13496e-05 0.00015663 4.57987e-05 0.000145968 -0.000104077 0.000140459 -0.000159439 0.000154245 -0.000141533 0 2.0919e-05 3.52001e-06 -7.49985e-05 0
internal_weight=0 1144 11795 8285 7595 1054 330 724 143 122 90 690 544 413 362 7182 3061 4121 3510 1049 180 158 2461 1964 1538 252 66 168 799 657 142 292 426 187 103 250 522 90 501 224 497 363 78 134 84
internal_count=12939 1144 11795 8285 7595 1054 330 724 143 122 90 690 544 413 362 7182 3061 4121 3510 1049 180 158 2461 1964 1538 252 66 168 799 657 142 292 426 187 103 250 522 90 501 224 497 363 78 134 84
is_linear=0
shrinkage=0.03


Tree=4
num_leaves=47
num_cat=0
split_feature=41 26 3 34 54 8 52 34 53 8 1 54 35 8 34 3 34 7 34 52 53 1 53 46 2 49 34 53 5 34 29 4 7 1 53 45 49 26 2 8 26 3 41 45 41 52
split_gain=0.0147175 0.0114929 0.0144793 0.0187932 0.0112767 0.0133765 0.00836224 0.00832022 0.00764529 0.00714404 0.00805817 0.00639685 0.00618468 0.00612066 0.00565331 0.00704775 0.0050457 0.0047474 0.00630981 0.00465825 0.00431639 0.00587201 0.00454152 0.0041011 0.00330201 0.00423953 0.00320736 0.00467368 0.00318808 0.00313759 0.00236344 0.00221678 0.00208718 0.00297465 0.00141904 0.0016476 0.00129122 0.00120174 0.00119679 0.00117732 0.00116113 0.00105004 0.000965335 0.000226114 9.16293e-05 6.71569e-05
threshold=0.0058470693400602724 0.11393503964507061 80665.960840825705 939.67226785714286 0.029345551916596803 11471.325000000003 0.0067293671167658418 1172.7441249999995 62012.378800000006 8391.0500000000011 60627.264500000012 0.0096755594019744557 1.1239724096033135 11999.975 695.78960714285734 91055.918793534001 867.90525000000048 0.006092820045580794 867.90525000000048 0.0033210002462949252 74764.092300000004 82867.380250000017 69322.16810000001 46.207203671570291 43486.1504031156 45.093486552131331 334.96614285714276 43044.827600000011 -1959.0099999999945 796.12130357142826 0.038662287542198387 633.77357142857113 0.0043580924506184246 81871.052500000005 82804.514800000019 54.975813960593619 53.858641978607857 0.014334134177547954 63255.098843487693 12263.85 0.027896355817966383 43443.703451006535 0.0047804103619808495 90.424471995082243 0.0074855587629828095 0.0066139260985366467
decision_type=2 2 2 2 2 2 2 2 2 2 2 2 2 2 2 2 2 2 2 2 2 2 2 2 2 2 2 2 2 2 2 2 2 2 2 2 2 2 2 2 2 2 2 2 2 2
left_child=8 2 3 6 5 -5 28 23 9 12 24 17 36 14 20 30 31 19 -19 -4 22 -22 -10 -3 45 -26 27 -14 -2 -8 -16 -13 33 -15 40 -36 37 -1 43 -35 -34 -38 -17 -12 -18 -11
right_child=1 7 11 4 -6 -7 29 -9 13 10 38 16 26 32 15 42 44 18 -20 -21 21 -23 -24 -25 25 -27 -28 -29 -30 -31 -32 -33 34 39 35 -37 41 -39 -40 -41 -42 -43 -44 -45 -46 -47
leaf_value=3.4434046615794649e-05 0 -0.00068518487984096411 0.0002732490389269819 0.0010717700364808484 0 0.00021382059468137964 2.5415865735760908e-05 0 -3.2202713801903355e-05 2.5316907151815539e-05 0.00020435307716350006 -1.1834074449162237e-05 0 0 -0.00051653854492533964 0 -3.4250021030514338e-05 -0.00033468025329397516 1.4560006462371524e-05 0 0.00013939014267421397 -1.6782248122951455e-05 -0.00011963344907109637 0 -0.00018248195402182599 0 0 0.00021074295819848069 0.00017962871080405403 -0.00019899163147322918 0 -0.0007142366894996473 0 0 0 -0.00017278152524763689 0 -1.987180968274285e-05 0 0.00032699974014901859 9.7374240287197102e-05 0.00012360991063272396 -9.446573187810319e-05 0 0 0
leaf_weight=654 39 33 118 47 24 83 307 38 3145 94 95 46 118 42 64 64 70 51 200 57 232 2769 829 27 389 246 125 423 660 66 21 23 56 27 61 61 58 774 49 71 208 164 99 20 29 42
leaf_count=654 39 33 118 47 24 83 307 38 3145 94 95 46 118 42 64 64 70 51 200 57 232 2769 829 27 389 246 125 423 660 66 21 23 56 27 61 61 58 774 49 71 208 164 99 20 29 42
internal_value=0 7.609e-05 9.66263e-05 0.000156279 0.000482712 0.000594827 0.000100869 -0.000212873 -1.39459e-05 2.31158e-05 -4.1656e-05 -1.13679e-05 5.31525e-05 -3.06563e-05 -3.86362e-05 -0.00018722 -0.000178399 3.3471e-05 -2.09022e-05 0.000162701 -3.20551e-05 -1.69751e-06 -5.27135e-05 -0.000445032 -8.94846e-05 -0.000119998 0.000132552 0.000164196 0.00016237 0 -0.000419749 -0.000377917 6.17814e-05 0.000166453 4.1974e-07 -5.32795e-05 1.56322e-05 0 0.000128172 0.000258418 5.93198e-05 8.39149e-05 -1.03015e-05 0.000180974 0 0
internal_weight=0 1918 1820 1226 154 130 1072 98 11000 3251 935 594 2316 7749 7223 248 168 426 251 175 6975 3001 3974 60 771 635 666 541 699 373 85 69 526 140 386 122 1650 1428 164 98 264 222 163 115 99 136
internal_count=12918 1918 1820 1226 154 130 1072 98 11000 3251 935 594 2316 7749 7223 248 168 426 251 175 6975 3001 3974 60 771 635 666 541 699 373 85 69 526 140 386 122 1650 1428 164 98 264 222 163 115 99 136
is_linear=0
shrinkage=0.03


Tree=5
num_leaves=42
num_cat=0
split_feature=41 6 2 34 53 52 42 4 34 34 53 3 2 4 4 37 40 2 34 6 38 26 49 49 3 28 53 53 53 7 4 26 53 49 4 41 41 42 35 41 34
split_gain=0.0147677 0.0112075 0.012625 0.0142258 0.0107461 0.0100269 0.0087111 0.0102172 0.00670644 0.00588794 0.00494416 0.00438062 0.00430914 0.00602224 0.004542 0.00444066 0.00402441 0.00395215 0.00503386 0.00369198 0.00360198 0.00345666 0.00528491 0.00266706 0.00263618 0.00425743 0.00232642 0.00837304 0.00336445 0.00230106 0.0021911 0.00205929 0.00186951 0.00163111 0.00135932 0.00116948 0.000841485 0.000650168 0.000553293 0.000539548 4.11657e-06
threshold=0.0058470693400602724 -5786.665 88795.966028523399 939.67226785714286 62099.385000000002 0.0066139260985366467 1.1994028571130564 869.07500000000084 822.76185714285691 785.3746428571427 91157.39880000001 74666.629412574621 65108.796997790159 617.94035714285735 498.28071428571434 -1240.1850000000047 0.11913973381560418 61691.983105860789 331.07291071428506 -2571.764999999999 1.1902524562917354 0.016140423130424322 45.896654000265194 10.643812879623104 95719.373330955874 0.076858152427332085 74764.092300000004 69121.888300000006 97495.650700000013 0.0053372285821417171 633.77357142857113 0.01224059672469917 63216.274400000017 32.442721231181686 598.4192857142865 0.0049672995506235855 0.0021803688269490893 0.6229963504246141 0.96307798583352866 0.0038503629077197986 718.44996428571551
decision_type=2 2 2 2 2 2 2 2 2 2 2 2 2 2 2 2 2 2 2 2 2 2 2 2 2 2 2 2 2 2 2 2 2 2 2 2 2 2 2 2 2
left_child=4 11 3 5 17 16 7 -5 10 -7 30 -2 14 26 23 39 -3 18 20 -17 33 35 -23 -6 25 -10 27 -14 -28 -22 -4 -19 -16 -1 36 -20 -33 -25 -26 -15 -12
right_child=1 2 8 6 12 9 -8 -9 24 -11 40 -13 13 15 32 19 -18 31 21 -21 29 22 -24 37 38 -27 28 -29 -30 -31 -32 34 -34 -35 -36 -37 -38 -39 -40 -41 -42
leaf_value=-1.138572556560365e-05 -0.00064023702718096157 0.00019354245812075663 0 3.0304466555657152e-05 0 2.5031443534945636e-05 0 0.0006399781287499839 0.00018627921420183736 -0.00024800146682441081 0 0 3.5592136583049941e-06 0 0.00020573785017392545 0 0 0 0.00011087871816970417 -0.00014619693779462477 0.00013130289480160539 -0.00013706156544878947 1.3608375165138973e-06 0 -0.00017508418691252075 0 3.3238093211201442e-05 -0.00010493267728030156 -4.6027696648979902e-05 0 -0.00073330828080617292 0 0 4.9588709207836467e-05 0 0 0.00016447251227281491 -0.00013186761936090038 0 5.7502387561057946e-05 -9.5881830852377142e-06
leaf_weight=676 22 596 22 74 22 327 25 118 158 83 20 30 2090 48 45 174 159 65 135 704 534 450 289 48 43 161 2098 842 555 36 23 27 57 625 38 36 389 869 21 149 40
leaf_count=676 22 596 22 74 22 327 25 118 158 83 20 30 2090 48 45 174 159 65 135 704 534 450 289 48 43 161 2098 842 555 36 23 27 57 625 38 36 389 869 21 149 40
internal_value=0 8.01232e-05 9.59789e-05 0.000143341 -9.80307e-06 9.1329e-05 0.000380647 0.000452215 -1.97236e-05 -8.44682e-06 -0.000240836 -0.000315268 -2.9845e-05 -1.92187e-05 -8.91605e-05 -8.48524e-05 0.00015741 3.42389e-05 1.6189e-05 -0.000115568 4.6557e-05 -3.63569e-05 -7.07766e-05 -0.000113643 1.75555e-05 7.21318e-05 -4.97031e-06 -2.45353e-05 1.32606e-05 0.000111896 -0.000482757 0.000113561 4.79186e-05 1.09949e-05 0.000137189 5.97163e-05 0.000153224 -0.000125862 -0.000113572 6.39569e-06 0
internal_weight=0 1922 1870 1382 11001 1165 217 192 488 410 105 52 7701 6660 1041 1075 755 3300 2781 878 1871 910 739 939 383 319 5585 2932 2653 570 45 519 102 1301 454 171 416 917 64 197 60
internal_count=12923 1922 1870 1382 11001 1165 217 192 488 410 105 52 7701 6660 1041 1075 755 3300 2781 878 1871 910 739 939 383 319 5585 2932 2653 570 45 519 102 1301 454 171 416 917 64 197 60
is_linear=0
shrinkage=0.03


Tree=6
num_leaves=50
num_cat=0
split_feature=41 3 26 34 27 3 34 34 28 1 8 8 1 19 35 54 34 7 41 35 8 42 54 49 2 33 2 3 49 2 54 3 41 6 7 9 30 1 49 7 37 49 49 37 38 8 8 30 46
split_gain=0.0127342 0.00946916 0.0092621 0.0175645 0.0087594 0.00693228 0.00688605 0.00603532 0.00573581 0.00529233 0.00518622 0.00393181 0.00624872 0.00377571 0.00375763 0.00440287 0.003213 0.00392088 0.00294656 0.00288229 0.00287758 0.00617689 0.0100756 0.00284717 0.00267129 0.00638956 0.00465656 0.00374709 0.0036258 0.00265601 0.00241345 0.00236205 0.00275559 0.00229754 0.00226652 0.00215226 0.00164152 0.00280178 0.0018462 0.00123158 0.00117043 0.000824919 0.00139738 0.00111371 0.000750866 0.000707603 0.000562586 0.000418717 0.000376265
threshold=0.0057532749433251967 80665.960840825705 0.11393503964507061 939.67226785714286 0.90882389897261595 61405.034626730536 809.71273214285645 1232.3735892857137 0.20186952076161527 68612.312750000026 11999.975 8453.0250000000015 60496.820500000009 0.00094599998248146033 1.1574910277622907 -0.0031384252459537758 867.90525000000048 0.0040839643290251923 0.0050004151612504004 1.3243023423815303 11319.975 0.98453383652309012 -0.00080511711585112757 23.946842671004681 74075.79952251869 0.0069776274298930284 69475.51527542602 95142.369860307212 51.804406141104074 43486.1504031156 0.0031976181044361266 95326.596008823399 0.010751407199064774 534.03500000000361 0.0044015306582560762 169.44499999999974 0.0087239430644397067 58558.670500000007 47.287398507137929 0.014170226152244137 494.02500000000151 35.06138729932286 24.234544468881747 2199.6650000000013 0.83449312116852381 13425.075000000003 8085.4750000000013 0.017875313520673005 23.80941840004693
decision_type=2 2 2 2 2 2 2 2 2 2 2 2 2 2 2 2 2 2 2 2 2 2 2 2 2 2 2 2 2 2 2 2 2 2 2 2 2 2 2 2 2 2 2 2 2 2 2 2 2
left_child=5 2 3 6 10 11 9 39 19 -2 -5 14 29 -8 36 48 17 -10 24 31 21 46 -23 -19 25 26 -7 28 -26 47 -31 32 -3 -27 -29 -17 37 -1 -38 -4 44 42 -22 -43 -14 -18 -20 -13 -16
right_child=1 8 7 4 -6 18 13 -9 16 -11 -12 12 40 -15 15 35 45 23 20 -21 41 22 -24 -25 27 33 -28 34 -30 30 -32 -33 -34 -35 -36 -37 38 -39 -40 -41 -42 43 -44 -45 -46 -47 -48 -49 -50
leaf_value=8.6743768507502081e-05 7.3029217704918405e-05 0.0001647708767168715 0 0.00073042050855947585 0 -2.7843627343620487e-05 0 2.0751527850533972e-06 0 0.00028771197791071352 5.2656578310398008e-05 7.1217533566676891e-05 0 -0.00023829787713411995 5.379439877817468e-05 0 0 0 0 -0.00013259766936419537 0 -0.00057180192429008916 0 -0.00049466447400862382 4.9622876014667734e-05 0 -0.00011966102729751052 -1.2862433235738344e-05 -4.3650247336367279e-05 -0.00015697904650946676 0 0 0 0.00015663691059008997 -0.00014009003984413271 0.0002060911382618064 -3.9687312236082829e-05 -7.0063172583994055e-06 5.3535498126521546e-05 -0.0004493002094491327 0 9.9350274343850103e-05 -0.00020286834278353643 0 0.00019088495478755571 -0.00014742880992101883 -5.2808084838309304e-05 0 -1.0710915618599344e-05
leaf_weight=598 841 267 22 83 23 2449 61 26 25 180 48 74 40 73 111 34 120 20 51 37 56 69 71 55 1573 342 809 1064 395 338 249 58 29 146 197 326 614 251 244 40 91 115 45 37 109 29 198 52 144
leaf_count=598 841 267 22 83 23 2449 61 26 25 180 48 74 40 73 111 34 120 20 51 37 56 69 71 55 1573 342 809 1064 395 338 249 58 29 146 197 326 614 251 244 40 91 115 45 37 109 29 198 52 144
internal_value=0 7.09945e-05 0.000115658 0.000139371 0.000455574 -1.06e-05 8.93125e-05 -0.000134412 -1.24505e-05 0.000119763 0.000551313 2.44876e-05 -2.05754e-05 -7.54371e-05 4.68583e-05 0.000113736 -0.000135075 -0.00027236 -2.68681e-05 4.26839e-05 -9.2433e-05 -0.000144045 -0.00031123 -0.000381669 -1.95393e-05 -3.67777e-05 -5.34141e-05 0 2.63256e-05 -7.27388e-05 -0.000102451 8.65033e-05 0.000126973 5.58241e-05 -3.99027e-05 0.000181905 1.74761e-05 4.84377e-05 -2.68111e-06 -0.000335846 9.68373e-05 0 -7.73898e-05 2.98522e-05 0.000148824 0 -1.36823e-05 0 0
internal_weight=0 2037 1397 1309 154 10892 1155 88 640 1021 131 3275 953 134 2322 615 249 100 7617 391 642 389 140 75 6975 3746 3258 3229 1968 713 587 354 296 488 1261 360 1707 849 858 62 240 253 101 152 149 149 249 126 255
internal_count=12929 2037 1397 1309 154 10892 1155 88 640 1021 131 3275 953 134 2322 615 249 100 7617 391 642 389 140 75 6975 3746 3258 3229 1968 713 587 354 296 488 1261 360 1707 849 858 62 240 253 101 152 149 149 249 126 255
is_linear=0
shrinkage=0.03


Tree=7
num_leaves=44
num_cat=0
split_feature=34 51 41 53 30 8 30 8 7 52 53 53 7 51 51 37 3 53 26 35 42 36 53 26 54 42 53 51 13 6 53 34 37 27 7 34 38 7 54 35 51 37 51
split_gain=0.010922 0.0164284 0.022862 0.0110184 0.0107392 0.00617958 0.00931605 0.00554948 0.0054358 0.00920437 0.0159237 0.00659899 0.00362923 0.00418828 0.00312925 0.00311679 0.00298612 0.00630514 0.00490784 0.00314414 0.00360218 0.00410559 0.00333049 0.00394317 0.00312242 0.00253404 0.0036967 0.00247454 0.00186083 0.00138018 0.0013668 0.00190137 0.00128115 0.00122929 0.00109584 0.000975232 0.000869268 0.000538377 0.000307028 0.000219588 4.16698e-05 0.000235027 0.000166017
threshold=922.10264285714322 83330.697000000015 0.0076649555552401206 62012.378800000006 0.028551191567020646 12186.175000000001 0.020981203944079905 13594.550000000001 0.0062827200415673775 -0.015382918360090782 64365.428800000009 63418.816900000005 0.0051516061518243192 62364.576250000006 83751.789000000019 -176.42500000000288 45735.527307756223 45050.202100000002 0.019729261353425072 1.1159404945319116 0.76241675155713795 0.50099048984403627 57761.868000000009 0.033356702311585426 0.010015944415339581 0.81922358917362958 71667.638500000015 57497.14375000001 125.39499999999681 1630.8449999999941 43572.861800000006 312.41641071428575 -87.665000000000859 0.34656086808138947 0.0056542044128383455 275.73726785714337 1.1794398750540789 0.0071766492983236499 0.017481698688973309 0.98812764597935954 88305.243500000011 2682.1950000000002 97441.345750000008
decision_type=2 2 2 2 2 2 2 2 2 2 2 2 2 2 2 2 2 2 2 2 2 2 2 2 2 2 2 2 2 2 2 2 2 2 2 2 2 2 2 2 2 2 2
left_child=3 2 -2 16 15 8 25 39 12 10 -10 -11 13 -5 -14 -4 17 30 -19 20 24 -22 27 -24 -18 26 -7 -21 -9 32 36 -32 -3 -6 -27 -20 -1 -31 -35 -8 41 -34 -42
right_child=1 29 4 5 33 6 7 28 9 11 -12 -13 14 -15 -16 -17 19 18 35 22 21 -23 23 -25 -26 34 -28 -29 -30 37 31 -33 40 38 -36 -37 -38 -39 -40 -41 42 -43 -44
leaf_value=-1.5418989215571094e-05 0.0011254503296244161 0.00017138021091247366 0 -0.00020132694612579041 -0.00022790772309133286 0 -4.0775083126289342e-05 0 -0.00089842767503012862 0.00024286825316276734 0 -0.00010467805481933949 0.00010550558896770833 -2.7677973825732099e-05 -1.4959967855974283e-05 0.00055657243073862724 0.0001353129429302065 -0.00051771599288754678 0 0.00011293554577454526 3.8994952930405334e-05 -7.1321216927595763e-05 0.00011850765795300085 -1.7517223742189813e-05 0 0 0.00047249774260846262 0.00051434853477795616 -0.00048597357004067043 -0.00016848039339883877 0.0002122943294830944 0 6.7386799666404134e-05 7.4866398962112598e-05 0.00012435926070238128 -0.00011018084125454186 5.7112466098681228e-05 0 0 2.8255025787893339e-05 -4.3220145836630596e-05 0 0
leaf_weight=556 32 53 27 147 21 21 56 21 38 46 65 363 332 6736 222 52 380 36 27 274 736 506 309 279 170 160 57 38 33 46 73 73 54 49 202 72 199 53 29 130 81 24 42
leaf_count=556 32 53 27 147 21 21 56 21 38 46 65 363 332 6736 222 52 380 36 27 274 736 506 309 279 170 160 57 38 33 46 73 73 54 49 202 72 199 53 29 130 81 24 42
internal_value=0 0.000128364 0.000338294 -6.66008e-06 0.00014465 -2.58892e-05 5.60588e-05 -7.05247e-05 -3.40335e-05 -0.000133074 -0.000400669 -4.34516e-05 -2.59999e-05 -3.27027e-05 4.10137e-05 0.000411009 3.54331e-05 0 -0.000198152 5.23148e-05 2.25451e-05 0 0.000101566 3.86909e-05 8.68719e-05 0.000145546 0.000347688 0.000191091 -0.000337626 0 2.00464e-05 0.000104326 4.02728e-05 0 7.68975e-05 0 0 -9.14093e-05 0 0 0 2.11577e-05 -4.45942e-06
internal_weight=0 563 210 12357 178 8629 680 240 7949 512 103 409 7437 6883 554 79 3728 1036 135 2692 1792 1242 900 588 550 440 78 312 54 353 901 146 254 99 362 99 755 99 78 186 201 78 123
internal_count=12920 563 210 12357 178 8629 680 240 7949 512 103 409 7437 6883 554 79 3728 1036 135 2692 1792 1242 900 588 550 440 78 312 54 353 901 146 254 99 362 99 755 99 78 186 201 78 123
is_linear=0
shrinkage=0.03


Tree=8
num_leaves=47
num_cat=0
split_feature=41 26 49 53 8 34 52 49 34 53 53 30 8 2 34 37 49 1 30 8 3 1 0 1 1 3 0 53 20 8 3 42 52 8 53 41 37 41 37 29 1 2 41 2 8 3
split_gain=0.00913345 0.0138194 0.00826699 0.00773819 0.00893705 0.00826734 0.00691895 0.00658611 0.00577907 0.00688599 0.0215762 0.00573554 0.00540612 0.00471303 0.00331575 0.00314077 0.00294488 0.00290611 0.00456965 0.00290402 0.00284657 0.00274829 0.00291364 0.00262051 0.00251969 0.00249441 0.00210343 0.0025452 0.00189687 0.00198495 0.00187388 0.00185373 0.00178221 0.00175345 0.0016305 0.00149057 0.00122978 0.00096498 0.000951856 0.000889607 0.000800061 0.000670011 0.000396897 0.000381408 3.49099e-05 2.80842e-05
threshold=0.0067702310205894648 0.11393503964507061 46.149773629164429 62012.378800000006 12061.725 695.78960714285734 0.0051461106492655213 23.208594007457897 904.10125000000107 84523.201300000015 79895.751900000017 0.021541339978037179 8391.0500000000011 61778.102446333032 785.3746428571427 -1525.794999999998 47.566164219592785 63917.055000000015 0.015043180350339715 9327.6250000000018 86735.88967988333 51669.830250000006 31.423500441097442 97441.345750000008 62260.98575 80665.960840825705 36.13606919459712 43572.861800000006 0.022328560198120132 12263.85 92051.371337681092 1.3135228174256117 -0.021663554614879107 11413.050000000001 57761.868000000009 0.0044097960385104619 -41.25500000000465 0.005606122887380327 350.72999999999962 0.010733469712376964 92721.945750000014 98684.938520072421 0.0057532749433251967 92491.816408991828 10671.975 92419.173859294649
decision_type=2 2 2 2 2 2 2 2 2 2 2 2 2 2 2 2 2 2 2 2 2 2 2 2 2 2 2 2 2 2 2 2 2 2 2 2 2 2 2 2 2 2 2 2 2 2
left_child=3 6 -3 12 5 17 20 42 14 10 -10 28 16 19 44 -9 35 18 -5 31 21 -2 -23 -19 38 39 -18 -28 29 -6 -27 -14 -4 -16 -21 36 -1 -37 -15 -13 43 -42 -7 -22 -8 -11
right_child=1 2 32 4 11 7 8 15 9 45 -12 25 13 24 33 -17 26 23 -20 34 40 22 -24 -25 -26 30 27 -29 -30 -31 -32 -33 -34 -35 -36 37 -38 -39 -40 -41 41 -43 -44 -45 -46 -47
leaf_value=7.3559015911700443e-05 0 0 -0.00064294529771405894 -0.00011852979470483102 0 0 -4.1828313922629474e-06 0 0 -2.5689348752477642e-05 0.0010843263449986638 0.00014556000472577471 -0.00014382089657223108 0.00021601739234667383 0 -0.000272400288925926 0 -8.1787028102490785e-06 1.3602911376229187e-05 4.3365227649427828e-05 0 0 0.00026289664425945203 -7.1104471549505324e-05 0 -0.00019225427646812912 0 0.00018466908098538855 0 0.00018976876439432452 0 0 0 -0.00035261797083045249 -7.5929557295468492e-05 -5.8005923475170653e-05 3.820289264568291e-06 2.0572520555196065e-05 0 0 0.00020573051226795605 0 8.3445274514113479e-05 -0.00013120409729786117 1.9531739396534088e-05 0
leaf_weight=712 53 22 35 696 82 55 110 54 59 38 25 46 357 104 34 281 132 5497 187 261 40 66 405 764 54 103 87 357 20 344 28 94 31 45 169 253 792 112 25 39 30 22 51 22 77 29
leaf_count=712 53 22 35 696 82 55 110 54 59 38 25 46 357 104 34 281 132 5497 187 261 40 66 405 764 54 103 87 357 20 344 28 94 31 45 169 253 792 112 25 39 30 22 51 22 77 29
internal_value=0 7.9566e-05 -0.000250661 -9.16179e-06 -2.56066e-05 -3.56506e-05 0.000115703 -0.000165715 0 0.000165235 0.000350026 7.58504e-05 2.69217e-05 -2.39301e-05 -6.33966e-05 -0.000231994 5.27317e-05 -2.63553e-05 -8.03628e-05 -5.93908e-05 0.000178574 0.000209066 0.000232103 -1.72977e-05 9.75034e-05 -1.76034e-05 0.000117829 0.000149229 0.000141258 0.00015778 -0.000127417 -0.000112603 -0.000442608 -0.000226116 0 2.78395e-05 4.28258e-05 -9.2598e-06 0.000176113 4.59809e-05 0 0.000113979 0 -2.55332e-05 0 0
internal_weight=0 1143 88 11756 8247 7585 1055 441 417 151 84 662 3509 1064 266 335 2445 7144 883 881 638 524 471 6261 183 216 576 444 446 426 131 451 66 79 430 1869 1504 365 129 85 114 52 106 62 187 67
internal_count=12899 1143 88 11756 8247 7585 1055 441 417 151 84 662 3509 1064 266 335 2445 7144 883 881 638 524 471 6261 183 216 576 444 446 426 131 451 66 79 430 1869 1504 365 129 85 114 52 106 62 187 67
is_linear=0
shrinkage=0.03


Tree=9
num_leaves=31
num_cat=0
split_feature=34 53 37 33 49 42 4 20 34 1 49 35 18 4 41 41 33 35 0 42 49 14 49 20 53 34 33 49 41 49
split_gain=0.00772572 0.00726058 0.0057872 0.00599585 0.00615129 0.00466199 0.00578203 0.00616878 0.00582301 0.00493782 0.00348198 0.00294072 0.00292005 0.00272958 0.00248062 0.00196064 0.00521717 0.00162546 0.00201785 0.00196955 0.00184056 0.00181802 0.000814084 0.000661989 0.000631209 0.000507679 0.00030351 0.00014734 0.000435162 7.22488e-06
threshold=1316.9578750000003 62012.378800000006 -1385.9949999999951 0.0075831037167581822 57.720537401589837 0.95293143248926981 628.26035714285911 -0.033092045125644169 262.11750000000006 64409.733000000007 34.561927138519813 0.81558470283592499 0.0033062733357608347 443.07285714285644 0.0057078551947468666 0.0056553020878706258 0.005483926874401337 1.5281370795499714 34.099794550128884 1.2301430540435849 23.763534154784839 188.11999999999537 44.195629577518353 0.042080925278369048 54241.182100000005 400.58128571428472 0.0035660370321070806 42.473307747639403 0.0035217109873654207 37.596418984348048
decision_type=2 2 2 2 2 2 2 2 2 2 2 2 2 2 2 2 2 2 2 2 2 2 2 2 2 2 2 2 2 2
left_child=1 11 3 27 10 9 8 -8 -7 13 -5 15 -2 -4 -11 16 26 19 -19 21 -20 -13 -18 24 -17 -21 -1 29 -29 -3
right_child=12 2 5 4 -6 6 7 -9 -10 14 -12 17 -14 -15 -16 23 22 18 20 25 -22 -23 -24 -25 -26 -27 -28 28 -30 -31
leaf_value=2.0962663074953255e-05 0.00065249795004602258 0 -0.00012199523833736161 0 0 -0.00014259735406794806 0 -0.0001409503217352642 -5.5975519633745181e-06 0 0.00034007591405817351 6.3164606542532624e-05 0 0 7.2078893221730518e-05 0 -0.00027779977278668492 0 0 -2.6406734962963313e-05 0.00024955593771107642 0 0 0 0.00011250344716793401 3.0003611153940095e-05 -1.8438610033783049e-05 0 -5.6494127741079668e-05 1.3029785498073358e-05
leaf_weight=259 22 92 430 73 118 332 287 949 2988 2734 144 1706 24 58 525 76 82 54 22 448 126 224 25 38 159 160 468 64 164 38
leaf_count=259 22 92 430 73 118 332 287 949 2988 2734 144 1706 24 58 525 76 82 54 22 448 126 224 25 38 159 160 468 64 164 38
internal_value=0 -2.66342e-06 -1.80533e-05 6.15026e-05 0.000154644 -2.57793e-05 -4.61733e-05 -0.000103751 -2.20198e-05 0 0.000249756 3.09844e-05 0.000385097 -8.99116e-05 1.23432e-05 -3.15169e-06 -3.32648e-05 4.8059e-05 0.000147364 3.65931e-05 0.00020462 5.17603e-05 -0.000228831 5.58468e-05 7.84512e-05 0 0 -5.92476e-07 -2.4112e-05 0
internal_weight=0 12843 8996 693 335 8303 4556 1236 3320 3747 217 3847 46 488 3259 1107 834 2740 202 2538 148 1930 107 273 235 608 727 358 228 130
internal_count=12889 12843 8996 693 335 8303 4556 1236 3320 3747 217 3847 46 488 3259 1107 834 2740 202 2538 148 1930 107 273 235 608 727 358 228 130
is_linear=0
shrinkage=0.03


end of trees

feature_importances:
sma_50=46
atr_ma=41
volume_ma=32
volatility_ma=28
adx=27
bb_lower=25
bb_middle=22
bb_upper=19
bb_width=17
atr_ratio=16
price_sma_50_dist=15
volatility=14
atr=13
momentum_convergence=13
volatility_ratio=13
price_bb_lower_dist=12
return_24=10
price_sma_20_dist=10
bb_position_normalized=7
volume_ratio=7
momentum_20=6
sma_20=6
atr_normalized=5
rsi=4
stoch_d=4
price_bb_upper_dist=3
stoch_k=3
return_12=2
bb_position=2
momentum_10=1
range=1
upper_shadow=1
lower_shadow=1
return_6=1
rsi_normalized=1
momentum_ratio=1
volume_change=1

parameters:
[boosting: gbdt]
[objective: regression]
[metric: rmse]
[tree_learner: serial]
[device_type: cpu]
[data: ]
[valid: ]
[num_iterations: 500]
[learning_rate: 0.03]
[num_leaves: 50]
[num_threads: 8]
[deterministic: 0]
[force_col_wise: 0]
[force_row_wise: 0]
[histogram_pool_size: -1]
[max_depth: 6]
[min_data_in_leaf: 20]
[min_sum_hessian_in_leaf: 0.001]
[bagging_fraction: 0.8]
[pos_bagging_fraction: 1]
[neg_bagging_fraction: 1]
[bagging_freq: 1]
[bagging_seed: 400]
[feature_fraction: 0.8]
[feature_fraction_bynode: 1]
[feature_fraction_seed: 30056]
[extra_trees: 0]
[extra_seed: 12879]
[early_stopping_round: 0]
[first_metric_only: 0]
[max_delta_step: 0]
[lambda_l1: 0.3]
[lambda_l2: 0.3]
[linear_lambda: 0]
[min_gain_to_split: 0]
[drop_rate: 0.1]
[max_drop: 50]
[skip_drop: 0.5]
[xgboost_dart_mode: 0]
[uniform_drop: 0]
[drop_seed: 17869]
[top_rate: 0.2]
[other_rate: 0.1]
[min_data_per_group: 100]
[max_cat_threshold: 32]
[cat_l2: 10]
[cat_smooth: 10]
[max_cat_to_onehot: 4]
[top_k: 20]
[monotone_constraints: ]
[monotone_constraints_method: basic]
[monotone_penalty: 0]
[feature_contri: ]
[forcedsplits_filename: ]
[refit_decay_rate: 0.9]
[cegb_tradeoff: 1]
[cegb_penalty_split: 0]
[cegb_penalty_feature_lazy: ]
[cegb_penalty_feature_coupled: ]
[path_smooth: 0]
[interaction_constraints: ]
[verbosity: 1]
[saved_feature_importance_type: 0]
[linear_tree: 0]
[max_bin: 255]
[max_bin_by_feature: ]
[min_data_in_bin: 3]
[bin_construct_sample_cnt: 200000]
[data_random_seed: 175]
[is_enable_sparse: 1]
[enable_bundle: 1]
[use_missing: 1]
[zero_as_missing: 0]
[feature_pre_filter: 1]
[pre_partition: 0]
[two_round: 0]
[header: 0]
[label_column: ]
[weight_column: ]
[group_column: ]
[ignore_column: ]
[categorical_feature: ]
[forcedbins_filename: ]
[precise_float_parser: 0]
[parser_config_file: ]
[objective_seed: 16083]
[num_class: 1]
[is_unbalance: 0]
[scale_pos_weight: 1]
[sigmoid: 1]
[boost_from_average: 1]
[reg_sqrt: 0]
[alpha: 0.9]
[fair_c: 1]
[poisson_max_delta_step: 0.7]
[tweedie_variance_power: 1.5]
[lambdarank_truncation_level: 30]
[lambdarank_norm: 1]
[label_gain: ]
[lambdarank_position_bias_regularization: 0]
[eval_at: ]
[multi_error_top_k: 1]
[auc_mu_weights: ]
[num_machines: 1]
[local_listen_port: 12400]
[time_out: 120]
[machine_list_filename: ]
[machines: ]
[gpu_platform_id: -1]
[gpu_device_id: -1]
[gpu_use_dp: 0]
[num_gpu: 1]

end of parameters

pandas_categorical:[]
