tree
version=v4
num_class=1
num_tree_per_iteration=1
label_index=0
max_feature_idx=54
objective=regression
feature_names=ema_fast ema_slow macd macd_signal atr momentum_10 momentum_20 volatility volume_ma range range_pct body body_pct upper_shadow lower_shadow is_bullish return_1 return_3 return_6 return_12 return_24 log_return ema_cross ema_cross_pct ema_cross_signal price_ema_fast_dist price_ema_slow_dist macd_hist macd_hist_change macd_cross_signal macd_strength atr_normalized atr_ma atr_ratio momentum_ratio momentum_convergence volume_ratio volume_spike volume_change volatility_ma volatility_ratio high_volatility low_volatility stoch_k stoch_d stoch_overbought stoch_oversold adx strong_trend sma_20 price_sma_20_dist sma_50 price_sma_50_dist signal_convergence market_regime
feature_infos=[393.78039597925124:516.19050637889245] [394.23095608416145:515.56941879713395] [-3.7843608113351479:4.9124877890472476] [-3.4421243135740478:4.2997943675253758] [0:4.3464285714285733] [-17.25:18.550000000000011] [-18.950000000000045:18.300000000000011] [0:0.010936378070948268] [0:1295.8499999999999] [0:28.199999999999989] [0:0.067407673001075627] [0:20.449999999999989] [0:0.04888251464085093] [0:7.4000000000000341] [0:6.1500000000000341] [0:1] [-0.046712999886065809:0.037101048507892642] [-0.043627227044312544:0.037151702786377694] [-0.038395807223424949:0.042290850426365489] [-0.040701673927998172:0.04109116022099446] [-0.04466218525692156:0.042651296829971264] [-0.047839266296518912:0.036429367612840491] [-3.7843608113351479:4.9124877890472476] [-0.0088258630886247341:0.010264287064453087] [0:1] [-0.035676378944641852:0.029123986701014376] [-0.038063384774058365:0.03410996193567073] [-1.7856090633421566:1.9741201889542976] [-1.2287011414126909:0.97834973995522934] [0:1] [-1.5995113318141976:1.8043205953337147] [0:0.010204081632653071] [0:3.6758928571428604] [0:2.8358371218692864] [-414999999.99999774:269999999.99999887] [-18.550000000000011:17.25] [0:10.328947367741517] [0:1] [-0.99641577060931896:611] [0:0.01086280726866261] [0:7.028555025285689] [0:1] [0:1] [0:99.999999918699174] [0:99.999999828387146] [0:1] [0:1] [0:96.569188193361313] [0:1] [0:515.995] [-0.038998446277040882:0.036075179657269328] [0:515.072] [-0.039361778415202678:0.038076285240464407] [0:2] [0:2]
tree_sizes=3076 2746 2788 2776 2773

Tree=0
num_leaves=31
num_cat=0
split_feature=49 32 39 30 1 51 23 8 36 39 52 39 34 51 47 40 4 35 32 3 3 17 32 3 47 3 40 10 8 1
split_gain=0.000657844 0.000919597 0.000495472 0.000610962 0.000591217 0.000920395 0.000820244 0.000378503 0.000503443 0.00084891 0.00147717 0.000798856 0.000480897 0.000471739 0.000449261 0.000387743 0.000376114 0.00022157 0.000308146 0.000220585 0.000189104 0.00017183 0.000151188 0.000137964 0.000127472 0.000118177 9.73651e-05 0.000280015 0.000299603 9.05202e-05
threshold=466.01500000000004 1.3661250000000049 0.0020346199585785578 -0.19025803136063024 478.54846917425567 490.71750000000003 -0.0014459679488902229 108.27500000000002 1.0876893702822503 0.0015340179165484614 0.0062462070147040515 0.00076306794385264641 0.719999997600001 404.33150000000006 36.980399601799384 0.84375702144568121 0.88571428571429434 -0.9499999999999601 0.9276785714285759 -0.16173529842244797 0.49864363100971582 0.0019845903486725995 1.7438214285714346 -0.14050208422182883 38.744800164165248 -1.9901069462376164 1.2636950998017704 0.0027574567764186279 165.90000000000001 436.68775162716378
decision_type=2 2 2 2 2 2 2 2 2 2 2 2 2 2 2 2 2 2 2 2 2 2 2 2 2 2 2 2 2 2
left_child=7 2 3 19 6 -6 -5 16 22 11 12 14 -11 -13 -10 -12 29 -18 -19 24 -21 -20 -9 -4 -2 -3 27 -27 -29 -1
right_child=1 25 23 4 5 -7 -8 8 9 10 15 13 -14 -15 -16 -17 17 18 21 20 -22 -23 -24 -25 -26 26 -28 28 -30 -31
leaf_value=3.085012799368945e-05 6.0692537469246112e-06 -4.2800068642382506e-05 0.00010565102620555539 6.0692537469246112e-06 6.0692537469246112e-06 -0.0001155706128633625 -0.00020437089701358531 1.1119133182033025e-05 0.00038858307437870726 4.9670553861999196e-05 -0.00010544326314274369 0.00010586057174006739 0.00015462389492083595 -1.1779875877790137e-05 6.0692537469246112e-06 6.0692537469246112e-06 6.0692537469246112e-06 6.0692537469246112e-06 -9.489987391410261e-05 0.00010517088169465257 6.0692537469246112e-06 6.0692537469246112e-06 -1.4765561126517655e-05 6.0692537469246112e-06 -8.0274557356615881e-05 6.0692537469246112e-06 -1.7130815946117608e-06 6.0692537469246112e-06 9.0613166962722844e-05 -1.529252041624696e-06
leaf_weight=326 35 99 38 23 255 235 198 3534 21 420 92 86 368 1114 20 165 101 109 302 69 65 55 663 43 89 638 343 77 242 451
leaf_count=326 35 99 38 23 255 235 198 3534 21 420 92 86 368 1114 20 165 101 109 302 69 65 55 663 43 89 638 343 77 242 451
internal_value=6.06925e-06 -1.77513e-05 -5.31985e-05 -6.49975e-05 -8.89615e-05 -4.29491e-05 -0.000168297 1.18477e-05 1.73288e-05 3.62367e-05 6.9484e-05 6.06925e-06 0.000105041 8.24955e-07 0.000224676 -2.00882e-05 -1.08704e-05 -4.22853e-05 -5.74386e-05 6.06925e-06 4.52517e-05 -8.00796e-05 6.06925e-06 2.62135e-05 -4.67012e-05 6.06925e-06 1.27928e-05 2.32162e-05 6.15279e-05 6.06925e-06
internal_weight=0 2449 1050 969 711 490 221 7827 6483 2286 1045 1241 788 1200 41 257 1344 567 466 258 134 357 4197 81 124 1399 1300 957 319 777
internal_count=10276 2449 1050 969 711 490 221 7827 6483 2286 1045 1241 788 1200 41 257 1344 567 466 258 134 357 4197 81 124 1399 1300 957 319 777
is_linear=0
shrinkage=1


Tree=1
num_leaves=31
num_cat=0
split_feature=33 49 33 30 8 40 27 52 28 1 3 8 7 52 30 49 47 9 16 1 35 7 27 3 40 52 1 33 51 8
split_gain=0.000538638 0.000342441 0.000555882 0.000687592 0.000697917 0.000494882 0.000447938 0.000369775 0.000319656 0.000273262 0.000270948 0.000377527 0.000396796 0.0005939 0.000251288 0.00038595 0.00028801 0.00020003 0.000214569 0.000192042 0.000172106 0.000157909 0.000143481 0.000127773 0.000126598 0.000113624 0.000129277 0.000213514 0.000122984 0.000107003
threshold=1.6108784574673074 466.01500000000004 0.9694680846212137 -0.2123535686253904 349.22500000000008 0.52039723454267894 0.34018799704341957 -0.0031902125011060022 -0.010278640692668871 502.07162667800839 0.62863642899200711 108.27500000000002 0.0016616280660624711 0.0027939678930688143 0.1119177924964231 464.34225000000009 26.058737610621602 1.475000000000023 0.0050305269804281636 399.65792293620558 -0.90000000000000557 0.0012619261934702444 -0.3399540001509716 0.51842545502241222 0.86893526588959047 0.0083146485349310604 439.0445791216344 0.4529883106644419 423.47500000000008 358.97500000000008
decision_type=2 2 2 2 2 2 2 2 2 2 2 2 2 2 2 2 2 2 2 2 2 2 2 2 2 2 2 2 2 2
left_child=1 10 6 7 5 -5 23 29 -8 -9 11 19 13 -13 15 16 -2 -18 -19 -1 -21 -10 -14 24 -3 26 28 -28 -12 -4
right_child=14 2 3 4 -6 -7 8 9 21 -11 25 12 22 -15 -16 -17 17 18 -20 20 -22 -23 -24 -25 -26 -27 27 -29 -30 -31
leaf_value=8.5960063098490907e-05 0 -3.6834572443715524e-05 -5.9461563704668263e-05 0 0 -0.00012739524068053755 0 0.00011961194186308383 0.00029199512629025351 0 -2.5758936424285898e-05 1.5584956597350383e-05 3.0671257737634212e-05 8.9835241415950188e-05 0 0 0 0.00017891773633205708 0 3.271989149659145e-06 -3.2920718659977953e-05 0 -4.2432500265343002e-06 1.3466153777219084e-05 0 0 0 -6.2333615787708694e-05 2.5772583847291145e-05 0
leaf_weight=26 65 415 109 21 313 425 20 104 27 22 298 1937 343 386 223 107 47 146 20 161 906 22 1996 428 282 667 36 375 165 135
leaf_count=26 65 415 109 21 313 425 20 104 27 22 298 1937 343 386 223 107 47 146 20 161 906 22 1996 428 282 667 36 375 165 135
internal_value=0 -1.62147e-06 -1.86753e-05 -4.41233e-05 -7.18352e-05 -0.00011266 1.2017e-06 0 0.000127123 7.99586e-05 3.12325e-06 8.66528e-06 1.54283e-05 3.00783e-05 4.67189e-05 7.12593e-05 0.000102475 0.000130702 0.000157885 -1.56059e-05 -2.27742e-05 0.000197531 0 -2.088e-06 -1.88123e-05 -1.43287e-05 -2.62098e-05 -4.74004e-05 0 -2.20083e-05
internal_weight=0 9619 2323 1129 759 446 1194 370 69 126 7296 5755 4662 2323 608 385 278 213 166 1093 1067 49 2339 1125 697 1541 874 411 463 244
internal_count=10227 9619 2323 1129 759 446 1194 370 69 126 7296 5755 4662 2323 608 385 278 213 166 1093 1067 49 2339 1125 697 1541 874 411 463 244
is_linear=0
shrinkage=0.05


Tree=2
num_leaves=31
num_cat=0
split_feature=39 25 49 36 39 36 7 51 35 8 51 8 49 49 36 39 30 36 23 3 36 35 30 51 36 34 4 49 51 7
split_gain=0.000548391 0.000671352 0.000709853 0.000827473 0.000621667 0.00063989 0.000451147 0.00043105 0.00057019 0.000502889 0.000474613 0.000377627 0.000311948 0.000478204 0.000395293 0.000374374 0.000633465 0.00034937 0.000303698 0.000569556 0.000263715 0.000285812 0.000275006 0.000243781 0.000194764 0.000154628 0.000145144 0.000126575 0.000108182 0.000114668
threshold=0.001401774337577253 -0.003601691117882925 463.4812500000001 1.3734781978013897 0.00080496136284983707 1.4459143166908992 0.0014051888120876581 434.55050000000006 0.32499999999998869 343.87500000000006 433.56300000000005 77.075000000000003 442.88375000000002 449.86750000000001 0.99595886806929623 0.0015985176965225166 -0.038957094901280694 1.0133366787880096 0.0014814766720334667 0.0097341153458345049 0.86427163453859224 0.1750000000000114 0.077006021222104648 404.33150000000006 1.2211521390170856 1.3585714437053049 0.76428571428572778 451.96250000000009 415.14450000000011 0.0013087933382869032
decision_type=2 2 2 2 2 2 2 2 2 2 2 2 2 2 2 2 2 2 2 2 2 2 2 2 2 2 2 2 2 2
left_child=4 2 3 -2 11 -6 -5 10 9 -9 23 -1 17 14 -14 16 -15 28 19 -19 -13 22 -22 -7 -17 -8 -16 -10 29 -3
right_child=1 12 -4 6 5 7 25 8 27 -11 -12 20 13 15 26 24 -18 18 -20 -21 21 -23 -24 -25 -26 -27 -28 -29 -30 -31
leaf_value=0 0 5.5409995840288518e-06 0 0 -1.2652310829551943e-06 4.012118459918217e-05 0.00024774263838450651 -0.00011945795311872792 9.8241352297766219e-06 0 0.00020297013597354711 0 -3.3986411827788841e-06 1.3320217606295111e-05 0 0 -7.8229279912679799e-05 1.0059787362551785e-05 0 0.0001124452907069002 0.00043742689955632075 0 0 -4.506959759574036e-05 3.5960700580159601e-05 0 -0.00011847693908585286 -4.6973830284488344e-05 9.4615715241633577e-06 -3.0576512939563234e-05
leaf_weight=33 174 62 247 22 1826 52 121 491 167 43 24 47 396 240 22 1795 361 504 240 290 20 31 21 354 583 26 192 136 1376 462
leaf_count=33 174 62 247 22 1826 52 121 491 167 43 24 47 396 240 22 1795 361 504 240 290 20 31 21 354 583 26 192 136 1376 462
internal_value=0 7.80747e-06 5.92979e-05 0.000105924 -1.69959e-05 -2.31033e-05 0.000187079 -5.06276e-05 -7.18827e-05 -0.000103766 0 7.43404e-05 2.38286e-06 -6.55989e-06 -4.7039e-05 5.18206e-08 -3.33562e-05 1.5026e-05 3.85388e-05 5.37609e-05 0.000122411 0.00018411 0.000277215 -2.1839e-05 1.05987e-05 0.000218861 -0.000104401 0 0 -1.67627e-05
internal_weight=0 7113 590 343 3245 3093 169 1267 837 534 430 152 6523 3589 610 2979 601 2934 1034 794 119 72 41 406 2378 147 214 303 1900 524
internal_count=10358 7113 590 343 3245 3093 169 1267 837 534 430 152 6523 3589 610 2979 601 2934 1034 794 119 72 41 406 2378 147 214 303 1900 524
is_linear=0
shrinkage=0.05


Tree=3
num_leaves=31
num_cat=0
split_feature=39 39 36 51 51 47 1 30 9 51 6 47 51 27 34 34 27 9 40 36 17 7 20 38 49 7 30 27 7 3
split_gain=0.000503049 0.000592886 0.000605392 0.000589788 0.000541136 0.000838907 0.000690152 0.000579997 0.00050893 0.000558419 0.000689793 0.000416491 0.000336364 0.000177511 0.000174109 0.000221311 0.000169956 0.000424287 0.000261012 0.000483685 0.000177809 0.000174349 0.000155214 0.000146362 0.000130282 0.000123897 9.04105e-05 0.000110729 0.000151393 9.06845e-05
threshold=0.0014248480804786674 0.00080496136284983707 1.4997869922244795 458.95300000000009 434.55050000000006 72.644293456762014 432.20046526160638 -0.24528121632709066 2.2700000000000107 463.17740000000009 2.9000000000000061 39.242264020264258 404.33150000000006 -0.1607588445047535 0.15750805154257266 2.2500000328125132 -0.23858241598222832 1.8100000000000025 0.40705323110134206 1.1641191195214342 -0.001135202692186865 0.0025995058417079505 0.0068379351292954258 -0.36546651180797518 443.11500000000007 0.0028131554755651228 -0.023108064770091478 0.69520078420806408 0.0015234751206246442 -0.23575087391079969
decision_type=2 2 2 2 2 2 2 2 2 2 2 2 2 2 2 2 2 2 2 2 2 2 2 2 2 2 2 2 2 2
left_child=1 3 13 -1 6 7 12 -6 16 10 14 -8 -4 -3 -10 -16 18 21 22 -20 25 24 -2 -21 -18 -19 29 28 -28 -11
right_child=8 2 4 -5 5 -7 11 -9 9 26 -12 -13 -14 -15 15 -17 17 20 19 23 -22 -23 -24 -25 -26 -27 27 -29 -30 -31
leaf_value=0 -0.00010343592660296561 -2.828714081175178e-05 5.5335875345554753e-05 0.00030863193390348489 0 4.4068351267656339e-05 0 -0.00010913643605449711 0 0 0 0.00035643817662013534 -5.234964227347698e-05 3.9927682941123408e-06 0.00016593577405231278 0 1.8361073849359251e-05 -0.00011839360532207838 2.0234214519029951e-06 0 -3.8124174768136213e-06 -1.4531865733010945e-05 0 0.00010368957497385911 0 0 0 0 -9.8290904961359006e-05 6.5138622474718633e-05
leaf_weight=134 51 535 54 24 93 80 20 651 81 59 99 20 324 1504 209 27 1805 126 695 28 282 932 23 235 2052 28 22 23 86 65
leaf_count=134 51 535 54 24 93 80 20 651 81 59 99 20 324 1504 209 27 1805 126 695 28 282 932 23 235 2052 28 22 23 86 65
internal_value=0 -1.56691e-05 -2.14201e-05 7.20682e-05 -4.92317e-05 -7.27649e-05 0 -9.20514e-05 7.72325e-06 4.95611e-05 8.55376e-05 0.000194208 -2.37314e-05 -2.02586e-06 0.000122635 0.000148467 2.43675e-06 -3.02229e-07 2.11474e-05 3.15784e-05 -4.83003e-05 3.02449e-06 -4.62762e-05 9.06453e-05 8.56336e-06 -9.72633e-05 0 -3.66936e-05 -6.47588e-05 1.99739e-05
internal_weight=0 3439 3281 158 1242 824 418 744 6928 671 416 40 378 2039 317 236 6257 5225 1032 958 436 4789 74 263 3857 154 255 131 108 124
internal_count=10367 3439 3281 158 1242 824 418 744 6928 671 416 40 378 2039 317 236 6257 5225 1032 958 436 4789 74 263 3857 154 255 131 108 124
is_linear=0
shrinkage=0.05


Tree=4
num_leaves=31
num_cat=0
split_feature=39 39 36 32 27 36 47 51 47 47 0 32 47 0 23 39 14 14 51 51 7 27 27 7 20 33 47 7 51 7
split_gain=0.000432929 0.000699217 0.000760927 0.00112355 0.000572995 0.000661009 0.000841409 0.000423743 0.000412922 0.000432173 0.000340111 0.000877449 0.000603477 0.000251232 0.000378003 0.000278494 0.000242721 0.000190941 0.000178946 0.000169463 0.000157661 0.000141106 0.000115092 0.000105401 7.22088e-05 4.96893e-05 5.72806e-05 3.41157e-05 2.18811e-05 2.83892e-05
threshold=0.00080496136284983707 0.0014248480804786674 1.4997869922244795 0.98657142857143121 -0.46096504831425417 1.5880362831642716 61.651126094721754 458.95300000000009 77.035525544963079 45.776919271588802 441.73972013410759 1.2357321428571539 29.65735131549204 454.07383096636914 -0.00294649147614775 0.0017626847858398637 0.84999999999999443 0.299999999999983 463.17740000000009 424.71650000000005 0.0011418873907315284 -0.1607588445047535 0.11632012895308479 0.00090675077137160462 0.0070956921399237824 1.489851826443465 23.830389387128019 0.00058837427841369066 442.69100000000009 0.0012105210853314309
decision_type=2 2 2 2 2 2 2 2 2 2 2 2 2 2 2 2 2 2 2 2 2 2 2 2 2 2 2 2 2 2
left_child=7 2 21 16 5 -3 18 27 9 -5 11 12 -6 14 -12 -15 17 -4 -7 -13 -18 25 23 -23 -24 26 -2 -1 29 -29
right_child=1 4 3 8 10 6 -8 -9 -10 -11 13 19 -14 15 -16 -17 20 -19 -20 -21 -22 22 24 -25 -26 -27 -28 28 -30 -31
leaf_value=0 0 7.103725859287642e-07 0 -5.8770979826011107e-05 0 0.00029666492026788499 0 0.00029508927945096888 0 -0.00019134376317117043 5.4072461864678284e-05 -1.3545212863353261e-05 8.6594602498595995e-05 -2.1065974320753935e-05 -4.2253281059793545e-05 1.2213469826556369e-05 7.1084606267925063e-05 -5.919656002906918e-05 0 1.5621738789278328e-05 0 0 -2.5254638655471701e-05 2.6986814641310219e-05 0 0 -4.014709745228697e-05 6.8675614062619928e-05 0 0
leaf_weight=25 66 277 209 348 153 67 29 24 30 194 73 1157 588 958 858 1817 126 240 39 866 98 207 333 772 187 108 358 46 47 21
leaf_count=25 66 277 209 348 153 67 29 24 30 194 73 1157 588 958 858 1817 126 240 39 866 98 207 333 772 187 108 358 46 47 21
internal_value=0 -1.90353e-06 -2.12914e-05 -5.21596e-05 6.59923e-06 6.42695e-05 0.000157577 8.00702e-05 -0.000104069 -0.000115473 2.15315e-06 1.60002e-05 6.25683e-05 -6.82525e-06 -2.93254e-05 0 -6.03067e-07 -2.847e-05 0.000226811 0 3.29315e-05 0 5.35618e-06 1.74696e-05 -7.83507e-06 -2.41276e-05 -3.1989e-05 6.8138e-06 2.83566e-05 4.67179e-05
internal_weight=0 10158 3276 1245 6882 412 135 163 572 542 6470 2764 741 3706 931 2775 673 449 106 2023 224 2031 1499 979 520 532 424 139 114 67
internal_count=10321 10158 3276 1245 6882 412 135 163 572 542 6470 2764 741 3706 931 2775 673 449 106 2023 224 2031 1499 979 520 532 424 139 114 67
is_linear=0
shrinkage=0.05


end of trees

feature_importances:
sma_50=15
volatility=11
volume_ratio=11
volatility_ma=11
adx=10
macd_signal=8
macd_hist=8
sma_20=8
volume_ma=7
macd_strength=7
ema_slow=6
atr_ma=5
volatility_ratio=5
atr_ratio=4
momentum_ratio=4
momentum_convergence=4
price_sma_50_dist=4
range=3
ema_cross_pct=3
ema_fast=2
atr=2
lower_shadow=2
return_3=2
return_24=2
momentum_20=1
range_pct=1
return_1=1
price_ema_fast_dist=1
macd_hist_change=1
volume_change=1

parameters:
[boosting: gbdt]
[objective: regression]
[metric: rmse]
[tree_learner: serial]
[device_type: cpu]
[data: ]
[valid: ]
[num_iterations: 500]
[learning_rate: 0.05]
[num_leaves: 31]
[num_threads: 8]
[deterministic: 0]
[force_col_wise: 0]
[force_row_wise: 0]
[histogram_pool_size: -1]
[max_depth: 6]
[min_data_in_leaf: 20]
[min_sum_hessian_in_leaf: 0.001]
[bagging_fraction: 0.9]
[pos_bagging_fraction: 1]
[neg_bagging_fraction: 1]
[bagging_freq: 1]
[bagging_seed: 400]
[feature_fraction: 0.7]
[feature_fraction_bynode: 1]
[feature_fraction_seed: 30056]
[extra_trees: 0]
[extra_seed: 12879]
[early_stopping_round: 0]
[first_metric_only: 0]
[max_delta_step: 0]
[lambda_l1: 0.1]
[lambda_l2: 0.1]
[linear_lambda: 0]
[min_gain_to_split: 0]
[drop_rate: 0.1]
[max_drop: 50]
[skip_drop: 0.5]
[xgboost_dart_mode: 0]
[uniform_drop: 0]
[drop_seed: 17869]
[top_rate: 0.2]
[other_rate: 0.1]
[min_data_per_group: 100]
[max_cat_threshold: 32]
[cat_l2: 10]
[cat_smooth: 10]
[max_cat_to_onehot: 4]
[top_k: 20]
[monotone_constraints: ]
[monotone_constraints_method: basic]
[monotone_penalty: 0]
[feature_contri: ]
[forcedsplits_filename: ]
[refit_decay_rate: 0.9]
[cegb_tradeoff: 1]
[cegb_penalty_split: 0]
[cegb_penalty_feature_lazy: ]
[cegb_penalty_feature_coupled: ]
[path_smooth: 0]
[interaction_constraints: ]
[verbosity: 1]
[saved_feature_importance_type: 0]
[linear_tree: 0]
[max_bin: 255]
[max_bin_by_feature: ]
[min_data_in_bin: 3]
[bin_construct_sample_cnt: 200000]
[data_random_seed: 175]
[is_enable_sparse: 1]
[enable_bundle: 1]
[use_missing: 1]
[zero_as_missing: 0]
[feature_pre_filter: 1]
[pre_partition: 0]
[two_round: 0]
[header: 0]
[label_column: ]
[weight_column: ]
[group_column: ]
[ignore_column: ]
[categorical_feature: ]
[forcedbins_filename: ]
[precise_float_parser: 0]
[parser_config_file: ]
[objective_seed: 16083]
[num_class: 1]
[is_unbalance: 0]
[scale_pos_weight: 1]
[sigmoid: 1]
[boost_from_average: 1]
[reg_sqrt: 0]
[alpha: 0.9]
[fair_c: 1]
[poisson_max_delta_step: 0.7]
[tweedie_variance_power: 1.5]
[lambdarank_truncation_level: 30]
[lambdarank_norm: 1]
[label_gain: ]
[lambdarank_position_bias_regularization: 0]
[eval_at: ]
[multi_error_top_k: 1]
[auc_mu_weights: ]
[num_machines: 1]
[local_listen_port: 12400]
[time_out: 120]
[machine_list_filename: ]
[machines: ]
[gpu_platform_id: -1]
[gpu_device_id: -1]
[gpu_use_dp: 0]
[num_gpu: 1]

end of parameters

pandas_categorical:[]
