tree
version=v4
num_class=1
num_tree_per_iteration=1
label_index=0
max_feature_idx=58
objective=regression
feature_names=ema_fast ema_slow bb_middle bb_upper bb_lower atr momentum_10 momentum_20 volatility volume_ma range range_pct body body_pct upper_shadow lower_shadow is_bullish return_1 return_3 return_6 return_12 return_24 log_return ema_cross ema_cross_pct ema_cross_signal price_ema_fast_dist price_ema_slow_dist bb_width bb_position bb_position_normalized price_bb_upper_dist price_bb_lower_dist bb_breakout_upper bb_breakout_lower atr_normalized atr_ma atr_ratio momentum_ratio momentum_convergence volume_ratio volume_spike volume_change volatility_ma volatility_ratio high_volatility low_volatility stoch_k stoch_d stoch_overbought stoch_oversold adx strong_trend sma_20 price_sma_20_dist sma_50 price_sma_50_dist signal_convergence market_regime
feature_infos=[16221.460477967343:22195.420446942684] [16239.993743061475:22183.497877056925] [0:22190.644999999997] [0:22473.811888960026] [0:22156.697503341999] [0:416.8899999999997] [-1136.3299999999981:2041.25] [-1492.3600000000006:2391.5300000000025] [0:0.014853398867608843] [0:18712.200000000001] [0:1362.5300000000025] [0:0.074722026471580341] [0:864.88000000000102] [0:0.047430578596244014] [0:990.12000000000262] [0:265.25] [0:1] [-0.045174245084269593:0.049905285037338931] [-0.048101045054701363:0.086898819085784673] [-0.061847842605140535:0.099918239971441558] [-0.069266784019653138:0.12466460594935413] [-0.10307623393468524:0.13529494076771242] [-0.046226410734074706:0.048699955374397121] [-401.79307035902457:574.44218261259448] [-0.024248253187935324:0.029941350879806313] [0:1] [-0.050407460627379774:0.062606981097555275] [-0.068259907944047085:0.077643593190519999] [0:0.21006472259235695] [-0.55117649402783531:1.5235299468246777] [-2.1023529880556708:2.0470598936493554] [-0.029934778744457612:0.11574006853853853] [-0.023113417573155708:0.16790089316156842] [0:1] [0:1] [0:0.024148175694501142] [0:339.85485714285699] [0:3.2790940618972764] [-5670000000.0000725:10050000000] [-2041.25:1136.3299999999981] [0:6.0856248751311206] [0:1] [-0.99980506822612081:2776] [0:0.014083508988507099] [0:4.7739267325055099] [0:1] [0:1] [0:99.999999998465086] [0:99.679439429295329] [0:1] [0:1] [0:97.291675599848531] [0:1] [0:22190.644999999997] [-0.065043780517382327:0.081969259130748082] [0:22163.835999999999] [-0.093182420536107813:0.10000952626628214] [0:1] [0:2]
tree_sizes=3680 3599

Tree=0
num_leaves=37
num_cat=0
split_feature=36 51 0 4 35 9 40 43 40 32 44 43 9 32 40 35 4 9 36 51 0 56 11 4 18 12 51 28 39 18 51 4 32 0 39 51
split_gain=0.00691564 0.0165351 0.00436255 0.000997271 0.00084549 0.00106119 0.00192131 0.000926382 0.00086245 0.000676461 0.000769769 0.000720847 0.000551199 0.000478893 0.00104565 0.000611117 0.000244977 0.000413146 0.000232312 0.000169689 0.000140289 0.000139963 0.0001376 0.000176499 9.05387e-05 7.27019e-05 9.17848e-05 6.33991e-05 4.89773e-05 3.51938e-05 2.83297e-05 2.03047e-05 1.9263e-05 1.17392e-05 1.18098e-06 4.35101e-05
threshold=166.99826785714311 25.780212807392843 17785.184685929275 17930.677440595944 0.00610791276293927 10570.175000000001 1.1173633690822824 0.0008604575554476394 0.62718918563923964 0.0090705237932781537 1.3780191815009293 0.00064269084851265013 1848.3250000000003 0.00056387124986623379 1.0318351945769355 0.00089892296323810432 20497.848100153882 7321.6000000000013 17.042053571428458 53.146972988976827 18281.959962573444 0.003370203666371811 0.0052916110843776142 20977.059518071204 0.0075554956889853928 60.175000000001098 22.679329829374275 0.004911656883416376 -8.975000000000362 0.004307931878545391 59.352713777343872 20240.170626958268 0.0046384708335484677 18017.109478790353 -43.600000000000357 58.924700212075564
decision_type=2 2 2 2 2 2 2 2 2 2 2 2 2 2 2 2 2 2 2 2 2 2 2 2 2 2 2 2 2 2 2 2 2 2 2 2
left_child=3 2 -2 4 7 -6 -7 34 -9 10 11 31 -10 -13 27 -16 17 -12 -14 -20 -19 -22 23 24 25 26 -11 -15 29 30 -18 32 33 -5 -1 -36
right_child=1 -3 -4 9 5 6 -8 8 12 22 16 13 18 14 15 -17 28 20 19 -21 21 -23 -24 -25 -26 -27 -28 -29 -30 -31 -32 -33 -34 -35 35 -37
leaf_value=0.0001340359394409405 0.0018526518697107891 0.0001340359394409405 0.0001340359394409405 0.0001340359394409405 0.0001340359394409405 0.0001340359394409405 -0.00034503094149856083 0.0001340359394409405 0.0001340359394409405 0.0001340359394409405 0.0001340359394409405 0.0001340359394409405 0.0001340359394409405 0.0001340359394409405 0.0001340359394409405 6.0640068590193708e-05 9.2926647847414913e-05 0.0001340359394409405 0.00023468804031639214 0.0001340359394409405 0.00019106031499851331 0.0001340359394409405 0.0001340359394409405 0.0001340359394409405 0.0001340359394409405 0.0001340359394409405 0.0001698349408054 0.00012028561318566243 0.0001340359394409405 0.0001340359394409405 0.0001340359394409405 0.0001340359394409405 0.0001340359394409405 0.00015391751294642714 0.00011783162430479516 0.0001340359394409405
leaf_weight=98 23 134 12.999999999999998 12.999999999999998 17 15.999999999999998 34 970 65 169 425 777 14.999999999999998 979 350 2170 170 31 959 204 719 102 194 258 73 55 1206 2652 271 17 11.999999999999998 251 28 324 425 62
leaf_count=98 23 134 13 13 17 16 34 970 65 169 425 777 15 979 350 2170 170 31 959 204 719 102 194 258 73 55 1206 2652 271 17 12 251 28 324 425 62
internal_value=0.000134036 0.00045134 0.00140007 0.000131086 0.000154614 5.13337e-05 -0.000114311 0.000166035 0.000182418 0.000122869 0.000116156 0.000108566 0.000210852 0.000102948 9.82145e-05 7.05319e-05 0.000134624 0.000155819 0.000220033 0.000223423 0.000177883 0.000183251 0.00014198 0.000150325 0.00015862 0.000162204 0.000164976 0.000124317 0.00013021 0.000108575 9.95283e-05 0.000134036 0.000145821 0.000151156 0.000134036 0.000131575
internal_weight=0 170 36 14111 2865 67 50 2798 2213 11246 9291 7544 1243 6928 6151 2520 1747 1277 1178 1163 852 821 1955 1761 1503 1430 1375 3631 470 199 182 616 365 337 585 487
internal_count=14281 170 36 14111 2865 67 50 2798 2213 11246 9291 7544 1243 6928 6151 2520 1747 1277 1178 1163 852 821 1955 1761 1503 1430 1375 3631 470 199 182 616 365 337 585 487
is_linear=0
shrinkage=1


Tree=1
num_leaves=43
num_cat=0
split_feature=36 3 29 40 3 2 43 40 51 7 32 55 43 35 27 40 48 0 3 7 3 3 44 56 8 43 40 55 48 36 37 37 55 32 2 39 43 1 32 35 44 44
split_gain=0.00575742 0.0173849 0.00233295 0.00167868 0.0010093 0.000891271 0.00145621 0.00357429 0.00297736 0.00183984 0.00180793 0.000762282 0.000460005 0.000419346 0.000376771 0.000561883 0.000373593 0.000316989 0.000515159 0.000667172 0.000623534 0.000470984 0.000661849 0.000357612 0.000311328 0.000261549 0.000373534 0.000403999 0.000249623 0.000216352 0.000216142 0.00022695 0.00020243 0.000195948 0.000149607 0.000138067 0.000155665 0.000115008 5.91548e-05 1.17035e-06 1.89092e-05 3.82284e-05
threshold=166.99826785714311 17765.696658442837 0.96097455737484394 0.9178458126778869 18092.476589404407 18504.393500000002 0.0024532845858329694 1.0951812887902395 17.978343751541225 352.29500000000195 7.3679124757523387e-05 21499.394900000003 0.00079764009627881723 0.00093587761596259365 0.010593984259574512 0.69369935506615488 17.232250735476939 19436.810195475624 19076.389895006785 -321.26000000000016 18900.709484002637 20683.022710748857 1.1257513178099663 0.01021115186432226 0.0014570236062578048 0.00065068978144661356 0.85933241483488498 18046.822500000006 82.25027761223582 58.902142857143012 0.64224802125972202 1.9791016255446379 18764.425400000004 0.010776073835297962 18976.580000000005 -76.674999999999258 0.0018950772851511128 17994.711666927211 0.013837417784075969 0.0055972054424005503 1.986141622863504 0.90157511310313942
decision_type=2 2 2 2 2 2 2 2 2 2 2 2 2 2 2 2 2 2 2 2 2 2 2 2 2 2 2 2 2 2 2 2 2 2 2 2 2 2 2 2 2 2
left_child=4 2 3 -2 12 6 24 -8 -9 10 -10 17 -1 -14 15 -15 -17 18 20 -20 32 22 23 -19 25 -6 -27 -28 -21 30 -13 33 -7 -32 -22 -23 -37 -18 -24 40 41 -26
right_child=1 -3 -4 -5 5 11 7 8 9 -11 -12 29 13 14 -16 16 37 21 19 28 34 35 38 -25 39 26 27 -29 -30 -31 31 -33 -34 -35 -36 36 -38 -39 -40 -41 -42 -43
leaf_value=0 0 0 0 0.0014211375061283582 0 3.7926655854854735e-05 0 0 0 0 -0.00055834404078380635 0 0 0 0 0 8.7210708478339147e-05 -3.879035544690156e-05 0 8.3528231876037377e-05 -6.6524409921026148e-05 0 9.7947505516665562e-06 0 0 0 0 -9.5027065300078465e-05 0 0 -7.8520100110031376e-05 0 0 0 0 2.6859360691246335e-05 0 0 0 0 0 2.0136520056338429e-05
leaf_weight=497 14.999999999999998 110 9.9999999999999982 33 123 629 182 21 14.999999999999998 11.999999999999998 105 218 425 760 25 90 903 2424 106 613 346 451 1541 148 28 337 37 375 259 100 673 46 112 54 89 1253 458 40 153 11.999999999999998 61 359
leaf_count=497 15 110 10 33 123 629 182 21 15 12 105 218 425 760 25 90 903 2424 106 613 346 451 1541 148 28 337 37 375 259 100 673 46 112 54 89 1253 458 40 153 12 61 359
internal_value=0 0.000289954 0.000992524 0.00114389 -4.01655e-06 -1.20445e-05 -4.75179e-05 -0.000148423 -0.000326132 -0.000423552 -0.000485214 -3.34466e-06 2.00823e-05 3.17055e-05 4.26224e-05 4.86537e-05 7.39399e-05 0 1.80312e-05 4.50785e-05 0 -3.78283e-06 -1.6053e-05 -3.27199e-05 -3.3322e-06 -3.01499e-05 -4.39386e-05 -7.59716e-05 6.4735e-05 -4.29546e-05 -5.07612e-05 -6.32574e-05 2.32091e-05 -7.09535e-05 -5.15972e-05 8.86577e-06 1.7349e-05 8.35376e-05 0 0 2.55415e-06 1.13818e-05
internal_weight=0 168 58 48 14080 11340 1667 335 153 132 120 9673 2740 2243 1818 1793 1033 8582 2154 978 1176 6428 4266 2572 1332 872 749 412 872 1091 991 773 741 727 435 2162 1711 943 1694 460 448 387
internal_count=14248 168 58 48 14080 11340 1667 335 153 132 120 9673 2740 2243 1818 1793 1033 8582 2154 978 1176 6428 4266 2572 1332 872 749 412 872 1091 991 773 741 727 435 2162 1711 943 1694 460 448 387
is_linear=0
shrinkage=0.05


end of trees

feature_importances:
volume_ratio=7
price_bb_lower_dist=6
volatility_ma=6
adx=6
bb_upper=5
ema_fast=4
bb_lower=4
atr_normalized=4
atr_ma=4
volatility_ratio=4
volume_ma=3
momentum_convergence=3
sma_50=3
bb_middle=2
momentum_20=2
return_3=2
atr_ratio=2
stoch_d=2
price_sma_50_dist=2
ema_slow=1
volatility=1
range_pct=1
body=1
price_ema_slow_dist=1
bb_width=1
bb_position=1

parameters:
[boosting: gbdt]
[objective: regression]
[metric: rmse]
[tree_learner: serial]
[device_type: cpu]
[data: ]
[valid: ]
[num_iterations: 800]
[learning_rate: 0.05]
[num_leaves: 50]
[num_threads: 8]
[deterministic: 0]
[force_col_wise: 0]
[force_row_wise: 0]
[histogram_pool_size: -1]
[max_depth: 8]
[min_data_in_leaf: 10]
[min_sum_hessian_in_leaf: 0.001]
[bagging_fraction: 0.9]
[pos_bagging_fraction: 1]
[neg_bagging_fraction: 1]
[bagging_freq: 1]
[bagging_seed: 400]
[feature_fraction: 0.7]
[feature_fraction_bynode: 1]
[feature_fraction_seed: 30056]
[extra_trees: 0]
[extra_seed: 12879]
[early_stopping_round: 0]
[first_metric_only: 0]
[max_delta_step: 0]
[lambda_l1: 0.5]
[lambda_l2: 0.5]
[linear_lambda: 0]
[min_gain_to_split: 0]
[drop_rate: 0.1]
[max_drop: 50]
[skip_drop: 0.5]
[xgboost_dart_mode: 0]
[uniform_drop: 0]
[drop_seed: 17869]
[top_rate: 0.2]
[other_rate: 0.1]
[min_data_per_group: 100]
[max_cat_threshold: 32]
[cat_l2: 10]
[cat_smooth: 10]
[max_cat_to_onehot: 4]
[top_k: 20]
[monotone_constraints: ]
[monotone_constraints_method: basic]
[monotone_penalty: 0]
[feature_contri: ]
[forcedsplits_filename: ]
[refit_decay_rate: 0.9]
[cegb_tradeoff: 1]
[cegb_penalty_split: 0]
[cegb_penalty_feature_lazy: ]
[cegb_penalty_feature_coupled: ]
[path_smooth: 0]
[interaction_constraints: ]
[verbosity: 1]
[saved_feature_importance_type: 0]
[linear_tree: 0]
[max_bin: 255]
[max_bin_by_feature: ]
[min_data_in_bin: 3]
[bin_construct_sample_cnt: 200000]
[data_random_seed: 175]
[is_enable_sparse: 1]
[enable_bundle: 1]
[use_missing: 1]
[zero_as_missing: 0]
[feature_pre_filter: 1]
[pre_partition: 0]
[two_round: 0]
[header: 0]
[label_column: ]
[weight_column: ]
[group_column: ]
[ignore_column: ]
[categorical_feature: ]
[forcedbins_filename: ]
[precise_float_parser: 0]
[parser_config_file: ]
[objective_seed: 16083]
[num_class: 1]
[is_unbalance: 0]
[scale_pos_weight: 1]
[sigmoid: 1]
[boost_from_average: 1]
[reg_sqrt: 0]
[alpha: 0.9]
[fair_c: 1]
[poisson_max_delta_step: 0.7]
[tweedie_variance_power: 1.5]
[lambdarank_truncation_level: 30]
[lambdarank_norm: 1]
[label_gain: ]
[lambdarank_position_bias_regularization: 0]
[eval_at: ]
[multi_error_top_k: 1]
[auc_mu_weights: ]
[num_machines: 1]
[local_listen_port: 12400]
[time_out: 120]
[machine_list_filename: ]
[machines: ]
[gpu_platform_id: -1]
[gpu_device_id: -1]
[gpu_use_dp: 0]
[num_gpu: 1]

end of parameters

pandas_categorical:[]
