tree
version=v4
num_class=1
num_tree_per_iteration=1
label_index=0
max_feature_idx=54
objective=regression
feature_names=ema_fast ema_slow macd macd_signal atr momentum_10 momentum_20 volatility volume_ma range range_pct body body_pct upper_shadow lower_shadow is_bullish return_1 return_3 return_6 return_12 return_24 log_return ema_cross ema_cross_pct ema_cross_signal price_ema_fast_dist price_ema_slow_dist macd_hist macd_hist_change macd_cross_signal macd_strength atr_normalized atr_ma atr_ratio momentum_ratio momentum_convergence volume_ratio volume_spike volume_change volatility_ma volatility_ratio high_volatility low_volatility stoch_k stoch_d stoch_overbought stoch_oversold adx strong_trend sma_20 price_sma_20_dist sma_50 price_sma_50_dist signal_convergence market_regime
feature_infos=[140.00419228244851:161.85491834155184] [140.15959095491192:161.77386577410471] [-1.1327603992711772:0.72525453050678834] [-1.0349543330226298:0.5849833072352123] [0:1.1125714285714321] [-4.1740000000000066:3.6910000000000025] [-4.0190000000000055:3.1930000000000121] [0:0.004651925091918363] [0:14472.4] [0:3.1289999999999907] [0:0.019790486385785944] [0:2.86099999999999] [0:0.018034088903456733] [0:1.1399999999999864] [0:1.5829999999999984] [0:1] [-0.017714621838333167:0.014877782329646427] [-0.022323288195084667:0.021831831417413072] [-0.021306128588913342:0.022410317306895688] [-0.023662010314559945:0.026812644307773414] [-0.030412096542869249:0.024559774311784466] [-0.017873403720390344:0.014768193745818952] [-1.1327603992711772:0.72525453050678834] [-0.0079356633899468083:0.0049124836963239634] [0:1] [-0.015550408266898312:0.015067731023277454] [-0.020498919836102681:0.017349420162368165] [-0.36447759139961056:0.38418737904878653] [-0.18206359703680802:0.13384016716385658] [0:1] [-0.33458035143265025:0.37014659703597824] [0:0.0071373584075662827] [0:0.8504392857142864] [0:3.9214667240956609] [-20500000.000001252:27300000.000002455] [-3.6910000000000025:4.1740000000000066] [0:5.4120637403284393] [0:1] [-0.99739752765126866:135] [0:0.0043580031549319562] [0:8.9920287103106187] [0:1] [0:1] [0:99.99999954128441] [0:99.332322829059265] [0:1] [0:1] [0:92.306826590390614] [0:1] [0:161.81829999999999] [-0.019390125305217113:0.019216354919305893] [0:161.66587999999999] [-0.029932344977646477:0.017446147612938202] [0:2] [0:2]
tree_sizes=2247 1237 1309 1492 1308 622 1145 1382 758 1146 1931 333 849 1301 855 839 1382 760 482 851 923 691 470 553 626 402 695 921 332 694 699 777 760 1149 688 846 840 311 1144 307 546 985 927 683 834 630 312 998 471 385 689 469 546 1061 1157 704 311 546 472 546 923 330 471 311 467 462 309 787 312 614 477 467 469 312 533 460 709 389 385 767 312 708 763 310 548 769 625 393 852 457 462 692 384 388 388 683 312 771 471 535 313 461 391 710 695 384 394 454

Tree=0
num_leaves=22
num_cat=0
split_feature=39 0 51 3 35 32 47 20 8 44 32 3 39 27 3 8 51 43 47 43 51
split_gain=8.14792e-06 7.8493e-05 4.58938e-05 4.00063e-05 5.60767e-05 4.14353e-05 4.22404e-05 3.34568e-05 1.86205e-05 1.14341e-05 5.27722e-06 5.32707e-06 2.81778e-06 3.69345e-06 2.46628e-06 7.94727e-06 9.84054e-06 6.60748e-06 4.72593e-06 4.3016e-06 1.09536e-06
threshold=0.0007629630489618622 145.07074684599027 155.94569000000004 -0.01768159195899319 -0.86299999999999943 0.18756607142857382 12.924558202252923 -0.0024485503002604765 6335.9500000000007 95.499736602241853 0.20022321428571152 0.24619921051587668 0.00028699843810207486 0.066639932007341696 0.25710501202158303 4324.9250000000011 145.72602000000003 5.0205670309959514 13.280103370221498 95.140069911480126 157.45574000000002
decision_type=2 2 2 2 2 2 2 2 2 2 2 2 2 2 2 2 2 2 2 2 2
left_child=2 14 7 -3 -5 -6 -7 -1 10 20 11 12 -9 -14 15 -2 17 -17 -19 -20 -8
right_child=1 3 -4 4 5 6 9 8 -10 -11 -12 -13 13 -15 -16 16 -18 18 19 -21 -22
leaf_value=-1.746138837993781e-06 -1.746138837993781e-06 -1.746138837993781e-06 -1.746138837993781e-06 -1.746138837993781e-06 -1.746138837993781e-06 -1.746138837993781e-06 -2.3631332091377209e-05 -1.746138837993781e-06 -1.746138837993781e-06 -1.746138837993781e-06 -1.746138837993781e-06 -1.746138837993781e-06 6.7696466502730775e-06 -1.746138837993781e-06 -1.746138837993781e-06 -1.746138837993781e-06 -1.746138837993781e-06 -1.746138837993781e-06 7.8315263909244676e-06 -1.746138837993781e-06 -1.746138837993781e-06
leaf_weight=750 314 2716 2250 231 552 65 1433 506 59 39 35 80 4118 114 103 44 30 38 978 67 43
leaf_count=750 314 2716 2250 231 552 65 1433 506 59 39 35 80 4118 114 103 44 30 38 978 67 43
internal_value=-1.74614e-06 -2.93778e-06 -5.71206e-07 -8.10973e-06 -1.31199e-05 -1.62075e-05 -2.03941e-05 2.96477e-06 4.7814e-06 -2.25395e-05 5.51464e-06 5.72648e-06 5.97355e-06 6.52328e-06 -1.74614e-06 3.01108e-07 2.9972e-06 4.95649e-06 6.12797e-06 6.94644e-06 -2.32672e-05
internal_weight=0 6653 7912 5079 2363 2132 1580 5662 4912 1515 4853 4818 4738 4232 1574 1471 1157 1127 1083 1045 1476
internal_count=14565 6653 7912 5079 2363 2132 1580 5662 4912 1515 4853 4818 4738 4232 1574 1471 1157 1127 1083 1045 1476
is_linear=0
shrinkage=1


Tree=1
num_leaves=14
num_cat=0
split_feature=47 3 51 30 30 7 51 30 51 35 44 49 44
split_gain=5.32518e-06 2.59082e-05 5.45924e-05 3.09179e-05 2.86002e-05 1.73197e-05 3.14017e-05 2.67759e-05 1.59734e-05 1.46093e-05 5.09303e-06 4.12124e-06 9.1707e-07
threshold=46.225689012540592 0.087096151658843407 155.79285000000002 -0.039055177956111707 0.042796136137193706 0.00069764764666633498 145.44932000000003 -0.067852429679237256 158.63795000000002 -0.76800000000000057 92.390837841418829 145.82692500000005 23.710701770895337
decision_type=2 2 2 2 2 2 2 2 2 2 2 2 2
left_child=1 2 3 -1 10 -2 -7 -8 9 -9 12 -11 -5
right_child=5 -3 -4 4 -6 6 7 8 -10 11 -12 -13 -14
leaf_value=0 0 0 0 0 0 0 0 0 0 0 0 -1.6626301465187852e-05 9.2319589695817799e-06
leaf_weight=868 1436 2048 2082 778 886 425 278 180 40 32 149 1034 4318
leaf_count=868 1436 2048 2082 778 886 425 278 180 40 32 149 1034 4318
internal_value=0 5.15354e-07 2.73092e-06 5.4015e-06 6.77597e-06 -1.73894e-06 -5.19377e-06 -9.19219e-06 -1.24422e-05 -1.38501e-05 8.20374e-06 -1.60771e-05 8.47158e-06
internal_weight=0 11129 9081 6999 6131 3425 1989 1564 1286 1246 5245 1066 5096
internal_count=14554 11129 9081 6999 6131 3425 1989 1564 1286 1246 5245 1066 5096
is_linear=0
shrinkage=0.05


Tree=2
num_leaves=15
num_cat=0
split_feature=39 49 35 7 51 35 1 7 35 49 30 39 44 44
split_gain=4.6361e-06 5.54088e-05 2.71809e-05 2.33667e-05 2.19964e-05 2.07093e-05 8.76081e-06 3.3725e-06 1.0354e-06 1.03887e-06 1.0526e-06 1.14268e-06 4.58704e-06 3.62193e-07
threshold=0.00076668613060065446 145.03000000000006 -0.86299999999999943 0.00056085845600647847 155.83682000000002 0.057000000000002167 156.27823210706018 0.0015353129888104201 -0.68549999999999034 155.89602500000004 -0.069861898533362263 0.00030860036407491374 11.581689384875526 95.499736602241853
decision_type=2 2 2 2 2 2 2 2 2 2 2 2 2 2
left_child=4 -2 -3 -4 5 8 7 13 -1 10 -10 -12 -13 -5
right_child=1 2 3 6 -6 -7 -8 -9 9 -11 11 12 -14 -15
leaf_value=0 0 0 0 -9.3644711795070632e-06 0 0 0 0 0 0 0 0 6.4439708462379925e-06 0
leaf_weight=72 1592 257 224 3492 2314 1833 587 473 41 45 481 119 3140 42
leaf_count=72 1592 257 224 3492 2314 1833 587 473 41 45 481 119 3140 42
internal_value=0 -1.23106e-06 -5.41159e-06 -6.70455e-06 4.29804e-07 3.13919e-06 -7.73682e-06 -8.60772e-06 5.26973e-06 5.3823e-06 5.4773e-06 5.57075e-06 6.04069e-06 -9.29489e-06
internal_weight=0 6667 5075 4818 8045 5731 4594 4007 3898 3826 3781 3740 3259 3534
internal_count=14712 6667 5075 4818 8045 5731 4594 4007 3898 3826 3781 3740 3259 3534
is_linear=0
shrinkage=0.05


Tree=3
num_leaves=17
num_cat=0
split_feature=47 7 30 30 39 1 7 51 30 51 7 39 6 1 7 39
split_gain=3.698e-06 1.66997e-05 1.99828e-05 1.99319e-05 1.88237e-05 1.81111e-05 1.21924e-05 3.24699e-05 2.68758e-05 1.01718e-05 5.99664e-06 5.02008e-06 4.63284e-06 3.89454e-06 3.45382e-06 6.84856e-07
threshold=47.04265679133659 0.0010362044184012928 -0.040454363285825599 0.17281738398288901 0.00081801745946017215 156.5851929682307 0.00069764764666633498 145.44932000000003 -0.069861898533362263 158.63795000000002 0.00056085845600647847 0.00029294823779084866 1.5735000000000101 145.97563549466659 0.0010025796044633314 0.0007629630489618622
decision_type=2 2 2 2 2 2 2 2 2 2 2 2 2 2 2 2
left_child=1 4 -3 5 11 12 -2 -8 -9 13 -6 -1 -4 -10 15 -13
right_child=6 2 3 -5 10 -7 7 8 9 -11 -12 14 -14 -15 -16 -17
leaf_value=0 0 0 1.1402251124040759e-05 0 0 0 0 0 0 0 -5.20952834982845e-06 2.1506249506655103e-06 0 -1.3641210444821485e-05 0 0
leaf_weight=669 1362 534 1534 40 145 75 397 263 31 42 2202 5445 46 1194 64 641
leaf_count=669 1362 534 1534 40 145 75 397 263 31 42 2202 5445 46 1194 64 641
internal_value=0 3.04226e-07 4.38204e-06 7.3975e-06 0 9.28183e-06 -1.57802e-06 -4.47963e-06 -8.85017e-06 -1.21494e-05 -4.36753e-06 5.79211e-07 1.0904e-05 -1.31692e-05 1.55326e-06 1.96386e-06
internal_weight=0 11395 2229 1695 9166 1655 3289 1927 1530 1267 2347 6819 1580 1225 6150 6086
internal_count=14684 11395 2229 1695 9166 1655 3289 1927 1530 1267 2347 6819 1580 1225 6150 6086
is_linear=0
shrinkage=0.05


Tree=4
num_leaves=15
num_cat=0
split_feature=20 51 51 39 43 32 1 39 7 1 6 6 7 1
split_gain=4.96234e-06 4.12612e-05 2.05127e-05 1.11918e-05 1.17222e-05 1.1121e-05 3.19193e-05 5.75186e-06 5.83448e-06 6.13658e-06 5.40526e-06 3.34884e-06 2.28404e-06 3.20015e-07
threshold=-0.00059497350853293652 146.06980000000001 158.63795000000002 0.00030359794020134198 94.050834160217974 0.18756607142857382 157.19220253924968 0.00030860036407491374 0.00069438430599016326 155.95202831312534 0.48349999999999232 -2.0684999999999856 0.00027315672571344109 142.72951624614575
decision_type=2 2 2 2 2 2 2 2 2 2 2 2 2 2
left_child=1 -1 3 -3 10 6 7 -2 9 13 11 -5 -13 -9
right_child=5 2 -4 4 -6 -7 -8 8 -10 -11 -12 12 -14 -15
leaf_value=0 0 0 0 0 0 0 0 0 0 0 0 0 -7.7747135023567495e-06 7.241896700316634e-06
leaf_weight=994 603 178 220 79 62 2844 1002 55 1047 465 30 34 4164 2912
leaf_count=994 603 178 220 79 62 2844 1002 55 1047 465 30 34 4164 2912
internal_value=0 -1.46643e-06 -4.92314e-06 -6.05705e-06 -6.67732e-06 4.37993e-08 2.13834e-06 4.60173e-06 5.21892e-06 6.30841e-06 -7.21335e-06 -7.45364e-06 -7.65483e-06 7.15565e-06
internal_weight=0 5761 4767 4547 4369 8928 6084 5082 4479 3432 4307 4277 4198 2967
internal_count=14689 5761 4767 4547 4369 8928 6084 5082 4479 3432 4307 4277 4198 2967
is_linear=0
shrinkage=0.05


Tree=5
num_leaves=6
num_cat=0
split_feature=51 44 44 44 44
split_gain=7.90473e-07 8.94161e-06 6.62524e-06 3.43746e-06 1.36705e-06
threshold=155.79285000000002 26.218966701819607 91.389815633935385 91.664489233338841 7.390730454876274
decision_type=2 2 2 2 2
left_child=1 -1 -3 4 -2
right_child=3 2 -4 -5 -6
leaf_value=0 0 2.2140142388659812e-06 0 0 -2.154873055790389e-06
leaf_weight=2573 53 8035 822 256 2911
leaf_count=2573 53 8035 822 256 2911
internal_value=0 2.0274e-07 1.60527e-06 -6.8396e-07 -1.84593e-06
internal_weight=0 11430 8857 3220 2964
internal_count=14650 11430 8857 3220 2964
is_linear=0
shrinkage=0.05


Tree=6
num_leaves=13
num_cat=0
split_feature=47 51 51 44 51 6 32 32 32 44 7 1
split_gain=6.29945e-06 1.79867e-05 1.74134e-05 3.26901e-05 2.32639e-05 1.86396e-05 1.37008e-05 7.87667e-06 3.98487e-06 2.7978e-06 2.5739e-06 8.26453e-07
threshold=47.298190640322943 155.79285000000002 145.44932000000003 74.289108763645928 157.84468000000004 -2.5750000000000024 0.23071250000000013 0.071710714285714433 0.46357678571428523 92.64815835417636 0.00027315672571344109 155.77951505832411
decision_type=2 2 2 2 2 2 2 2 2 2 2 2
left_child=1 6 -2 4 5 -4 9 -7 10 11 -9 -1
right_child=2 -3 3 -5 -6 7 -8 8 -10 -11 -12 -13
leaf_value=3.7428685659985205e-06 0 0 0 0 0 0 0 0 0 0 -1.3304522272293194e-05 0
leaf_weight=6481 442 2513 32 913 119 66 2095 48 32 321 1578 68
leaf_count=6481 442 2513 32 913 119 66 2095 48 32 321 1578 68
internal_value=0 4.68068e-07 -2.02412e-06 -4.51228e-06 -8.59412e-06 -1.05822e-05 2.30136e-06 -1.18781e-05 -1.25929e-05 3.4492e-06 -1.29548e-05 3.68078e-06
internal_weight=0 11478 3230 2788 1875 1756 8965 1724 1658 6870 1626 6549
internal_count=14708 11478 3230 2788 1875 1756 8965 1724 1658 6870 1626 6549
is_linear=0
shrinkage=0.05


Tree=7
num_leaves=16
num_cat=0
split_feature=39 0 51 20 32 6 32 47 39 51 43 39 47 32 0
split_gain=3.3192e-06 6.87958e-05 2.91826e-05 2.56573e-05 2.1788e-05 1.69479e-05 6.56061e-06 6.33368e-06 5.25371e-06 2.49247e-06 2.28121e-06 3.76216e-07 6.30763e-06 2.94966e-06 3.19733e-07
threshold=0.0007629630489618622 145.07074684599027 155.94569000000004 -0.00063016870667087488 0.16784464285714282 -2.0684999999999856 0.20157678571428714 13.614521353628358 0.00030860036407491374 159.55453000000003 99.424734283104257 0.00091138089399595099 67.28426939843699 0.1805214285714298 156.09115646220582
decision_type=2 2 2 2 2 2 2 2 2 2 2 2 2 2 2
left_child=2 11 3 -1 -3 -6 8 -7 -5 -9 14 -2 13 -13 -10
right_child=1 4 -4 6 5 7 -8 9 10 -11 -12 12 -14 -15 -16
leaf_value=0 0 0 0 0 0 0 0 -8.180478914132721e-06 7.1731887308919238e-06 0 0 0 0 4.689592894137635e-06 0
leaf_weight=1695 388 387 2247 504 78 168 30 4446 3397 30 52 33 57 1095 56
leaf_count=1695 388 387 2247 504 78 168 30 4446 3397 30 52 33 57 1095 56
internal_value=0 -9.9679e-07 4.55885e-07 3.60729e-06 -5.91294e-06 -7.02591e-06 5.86121e-06 -7.70168e-06 6.22109e-06 -8.06719e-06 6.92922e-06 0 8.90863e-07 3.84866e-06 7.0985e-06
internal_weight=0 6682 7981 5734 5109 4722 4039 4644 4009 4476 3505 1573 1185 1128 3453
internal_count=14663 6682 7981 5734 5109 4722 4039 4644 4009 4476 3505 1573 1185 1128 3453
is_linear=0
shrinkage=0.05


Tree=8
num_leaves=8
num_cat=0
split_feature=32 0 49 8 0 8 8
split_gain=1.40321e-06 5.29797e-05 3.2262e-05 1.97975e-05 9.65594e-06 4.14834e-06 2.99503e-06
threshold=0.23071250000000013 145.07074684599027 153.97090000000003 9302.6750000000011 149.64793335592933 6387.2000000000016 3433.0250000000001
decision_type=2 2 2 2 2 2 2
left_child=4 -2 3 6 5 -1 -3
right_child=1 2 -4 -5 -6 -7 -8
leaf_value=3.1227022744715134e-06 0 0 0 0 0 0 -1.4534539345237075e-05
leaf_weight=3539 819 30 719 252 7851 184 1295
leaf_count=3539 819 30 719 252 7851 184 1295
internal_value=0 -1.0612e-06 -7.69495e-06 -1.17196e-05 0 2.54633e-06 -1.41711e-05
internal_weight=0 3115 2296 1577 11574 3723 1325
internal_count=14689 3115 2296 1577 11574 3723 1325
is_linear=0
shrinkage=0.05


Tree=9
num_leaves=13
num_cat=0
split_feature=20 0 1 30 6 35 47 43 6 6 35 6
split_gain=2.43108e-06 1.6443e-05 9.7267e-06 1.34159e-05 1.34434e-05 9.28472e-06 7.21272e-06 7.36416e-06 4.54093e-06 4.80647e-06 6.60586e-07 9.17716e-08
threshold=-0.00014080886778927712 143.01007941895912 157.19220253924968 -0.015078121398693646 1.7300000000000042 0.17499999999999719 22.360783543442242 94.050834160217974 -2.5750000000000024 0.5285000000000083 -0.76800000000000057 1.4390000000000074
decision_type=2 2 2 2 2 2 2 2 2 2 2 2
left_child=1 -1 3 -2 5 10 -3 8 -8 -10 -5 -12
right_child=2 6 -4 4 -6 -7 7 -9 9 -11 11 -13
leaf_value=0 0 0 0 0 0 0 0 0 -4.6085872390760316e-06 0 5.0475567285584542e-06 0
leaf_weight=517 1276 1152 1044 240 130 512 50 105 4771 31 4797 37
leaf_count=517 1276 1152 1044 240 130 512 50 105 4771 31 4797 37
internal_value=0 -2.5041e-07 8.39402e-07 2.07064e-06 3.3335e-06 4.1698e-06 -2.60709e-06 -3.46613e-06 -4.00853e-06 -4.31274e-06 4.86994e-06 5.02348e-06
internal_weight=0 6626 8036 6992 5716 5586 6109 4957 4852 4802 5074 4834
internal_count=14662 6626 8036 6992 5716 5586 6109 4957 4852 4802 5074 4834
is_linear=0
shrinkage=0.05


Tree=10
num_leaves=23
num_cat=0
split_feature=47 7 39 7 51 44 51 6 39 35 51 39 32 44 43 43 44 44 32 7 44 32
split_gain=2.17403e-06 8.84207e-06 2.02288e-05 1.04425e-05 6.71679e-06 2.09108e-05 1.20237e-05 8.49607e-06 9.07724e-06 4.20087e-06 3.6637e-06 3.54645e-06 3.49564e-06 3.22201e-06 3.18698e-06 2.56024e-06 2.65025e-06 2.39423e-06 1.42486e-06 1.24277e-06 1.22374e-06 1.01955e-06
threshold=47.04265679133659 0.0010362044184012928 0.00076668613060065446 0.00056085845600647847 145.44932000000003 79.144639345470353 158.63795000000002 -2.0684999999999856 0.00030359794020134198 1.0155000000000032 157.53937000000002 0.00029294823779084866 0.29146250000000157 6.8301408940287578 98.466843611165288 3.60491657058818 86.74963069824031 24.525481865889052 0.16576607142857144 0.00099832021320153891 74.289108763645928 0.076855357142858363
decision_type=2 2 2 2 2 2 2 2 2 2 2 2 2 2 2 2 2 2 2 2 2 2
left_child=1 2 11 -4 -2 6 7 -6 -9 10 14 -1 18 -10 15 -3 17 -17 -5 21 -15 -13
right_child=4 9 3 12 5 -7 -8 8 13 -11 -12 19 -14 20 -16 16 -18 -19 -20 -21 -22 -23
leaf_value=0 0 0 0 0 0 0 0 0 0 0 0 0 0 -1.0163725327544363e-05 0 0 0 7.2605215908201142e-06 -5.9921479355663954e-06 0 0 1.6841811530044042e-06
leaf_weight=688 437 70 210 184 80 751 92 116 74 69 41 198 79 1545 37 463 257 1304 2466 47 165 5272
leaf_count=688 437 70 210 184 80 751 92 116 74 69 41 198 79 1545 37 463 257 1304 2466 47 165 5272
internal_value=0 0 0 -4.13033e-06 -1.29118e-06 -2.80594e-06 -5.99631e-06 -7.26684e-06 -8.13688e-06 3.14063e-06 3.87452e-06 2.63921e-07 -5.28566e-06 -9.12323e-06 4.42703e-06 4.87336e-06 5.26623e-06 5.95953e-06 -5.66292e-06 1.29822e-06 -9.56793e-06 1.50593e-06
internal_weight=0 11385 9144 2939 3260 2823 2072 1980 1900 2241 2172 6205 2729 1784 2131 2094 2024 1767 2650 5517 1710 5470
internal_count=14645 11385 9144 2939 3260 2823 2072 1980 1900 2241 2172 6205 2729 1784 2131 2094 2024 1767 2650 5517 1710 5470
is_linear=0
shrinkage=0.05


Tree=11
num_leaves=2
num_cat=0
split_feature=51
split_gain=3.72192e-08
threshold=147.31576000000004
decision_type=2
left_child=-1
right_child=-2
leaf_value=1.3379439890012005e-07 -5.6982227492280233e-08
leaf_weight=3103 11549
leaf_count=3103 11549
internal_value=0
internal_weight=0
internal_count=14652
is_linear=0
shrinkage=0.05


Tree=12
num_leaves=9
num_cat=0
split_feature=20 51 51 51 35 20 20 47
split_gain=4.37512e-07 1.78429e-05 1.12315e-05 1.10792e-05 8.08303e-06 8.50647e-06 1.86652e-06 2.16062e-06
threshold=-0.00059497350853293652 146.06980000000001 156.88750000000002 159.21201000000002 0.21699999999999878 0.0126468335472143 -0.00081665366048672128 16.126364681615225
decision_type=2 2 2 2 2 2 2 2
left_child=1 -1 4 6 5 -2 7 -3
right_child=2 3 -4 -5 -6 -7 -8 -9
leaf_value=0 3.2116374537992659e-06 0 0 0 0 0 0 -4.5196291416564849e-06
leaf_weight=965 6743 198 1341 190 625 157 282 4086
leaf_count=965 6743 198 1341 190 625 157 282 4086
internal_value=0 -4.37246e-07 0 -3.09983e-06 1.93167e-06 2.64536e-06 -4.00934e-06 -4.26874e-06
internal_weight=0 5721 8866 4756 7525 6900 4566 4284
internal_count=14587 5721 8866 4756 7525 6900 4566 4284
is_linear=0
shrinkage=0.05


Tree=13
num_leaves=15
num_cat=0
split_feature=1 30 44 39 44 30 39 30 44 43 51 51 44 51
split_gain=1.11132e-06 9.45948e-06 2.18405e-05 8.88695e-06 1.99949e-05 1.30171e-05 5.1072e-06 3.38506e-06 2.3335e-06 1.02547e-06 9.40964e-07 1.48733e-06 9.20764e-07 7.1432e-07
threshold=146.55685633530865 -0.037699787837185868 83.737499198230211 0.00075997221712429308 78.312589197297456 -0.09806480316361936 0.00041228351762360912 0.088712018248392241 6.286178765782954 94.635682103615096 155.94569000000004 148.12792000000002 77.378935743339582 146.71860000000004
decision_type=2 2 2 2 2 2 2 2 2 2 2 2 2 2
left_child=1 -1 6 10 5 -5 -3 8 -7 12 11 -2 -10 -8
right_child=3 2 -4 4 -6 7 13 -9 9 -11 -12 -13 -14 -15
leaf_value=0 0 0 0 0 0 0 8.1384130010056183e-06 0 -6.257874857444547e-06 0 0 1.149906502834328e-06 0 0
leaf_weight=542 703 51 438 177 1110 63 1443 44 3164 32 2251 4591 43 35
leaf_count=542 703 51 438 177 1110 63 1443 44 3164 32 2251 4591 43 35
internal_value=0 1.05228e-06 3.66531e-06 0 -2.18983e-06 -4.5271e-06 7.27947e-06 -5.59503e-06 -5.85527e-06 -6.06235e-06 0 6.66592e-07 -6.15777e-06 7.96601e-06
internal_weight=0 2509 1967 12178 4633 3523 1529 3346 3302 3239 7545 5294 3207 1478
internal_count=14687 2509 1967 12178 4633 3523 1529 3346 3302 3239 7545 5294 3207 1478
is_linear=0
shrinkage=0.05


Tree=14
num_leaves=9
num_cat=0
split_feature=32 20 32 35 32 35 44 32
split_gain=2.02626e-07 1.21907e-05 8.93495e-06 7.45079e-06 3.63611e-06 5.61697e-06 1.04013e-06 5.76059e-07
threshold=0.18756607142857382 -0.00063016870667087488 0.079273214285715668 0.37300000000000472 0.60932321428571623 -0.86299999999999943 97.00490180207079 0.20238571428571503
decision_type=2 2 2 2 2 2 2 2
left_child=1 -1 -3 6 5 -2 -4 -7
right_child=4 2 3 -5 -6 7 -8 -9
leaf_value=0 0 0 3.8032722173346216e-06 0 0 0 0 -2.3619394017129149e-06
leaf_weight=2628 318 816 5150 82 56 1135 69 4414
leaf_count=2628 318 816 5150 82 56 1135 69 4414
internal_value=0 2.27904e-07 2.24866e-06 3.16994e-06 -9.40032e-08 -1.24831e-06 3.71152e-06 -2.04406e-06
internal_weight=0 8745 6117 5301 5923 5867 5219 5549
internal_count=14668 8745 6117 5301 5923 5867 5219 5549
is_linear=0
shrinkage=0.05


Tree=15
num_leaves=9
num_cat=0
split_feature=47 51 43 51 51 43 43 43
split_gain=5.64233e-07 1.22622e-05 8.84607e-06 4.71658e-06 6.16214e-06 1.1229e-05 1.69869e-06 7.41631e-07
threshold=46.225689012540592 155.79285000000002 23.019562555155947 157.84468000000004 145.44932000000003 86.323088360180691 93.19037387346448 5.0205670309959514
decision_type=2 2 2 2 2 2 2 2
left_child=1 2 -1 4 -2 7 -4 -6
right_child=3 -3 6 -5 5 -7 -8 -9
leaf_value=0 0 0 3.0069314465898419e-06 0 0 0 0 -5.1875789464803106e-06
leaf_weight=1714 466 2438 6306 233 127 471 776 2175
leaf_count=1714 466 2438 6306 233 127 471 776 2175
internal_value=0 0 1.86685e-06 -6.37387e-07 -2.01887e-06 -3.21186e-06 2.7297e-06 -4.96195e-06
internal_weight=0 11234 8796 3472 3239 2773 7082 2302
internal_count=14706 11234 8796 3472 3239 2773 7082 2302
is_linear=0
shrinkage=0.05


Tree=16
num_leaves=16
num_cat=0
split_feature=47 6 6 43 44 39 35 47 44 39 39 35 47 20 43
split_gain=1.30516e-06 8.68795e-06 9.73846e-06 4.08095e-06 4.23556e-06 4.7638e-06 5.03526e-06 3.26242e-06 2.6708e-06 2.48332e-06 1.62664e-06 2.09972e-06 5.96952e-07 5.53634e-07 3.89593e-07
threshold=46.225689012540592 0.46750000000000119 -2.5750000000000024 26.862587479261521 88.010275294129997 0.00029294823779084866 0.27649999999999869 47.04265679133659 26.218966701819607 0.00030359794020134198 0.0022583321044529828 -0.92800000000001137 83.235516415485264 0.002456519090058618 95.469817092909935
decision_type=2 2 2 2 2 2 2 2 2 2 2 2 2 2 2
left_child=3 2 -2 -1 5 -5 8 -4 -7 -9 11 -10 13 14 -11
right_child=1 -3 7 4 -6 6 -8 9 10 12 -12 -13 -14 -15 -16
leaf_value=0 0 0 0 0 0 0 0 0 0 -6.1896162320827683e-06 0 3.3746936846008966e-06 0 0 0
leaf_weight=2555 50 1063 138 465 1358 288 1126 188 51 1762 63 5384 33 198 33
leaf_count=2555 50 1063 138 465 1358 288 1126 188 51 1762 63 5384 33 198 33
internal_value=0 -9.6512e-07 -3.22268e-06 5.5919e-08 1.0826e-06 1.68022e-06 2.17625e-06 -4.57791e-06 2.7988e-06 -5.09384e-06 3.07539e-06 3.21183e-06 -5.60526e-06 -5.71734e-06 -6.08806e-06
internal_weight=0 3465 2402 11290 8735 7377 6912 2352 5786 2214 5498 5435 2026 1993 1795
internal_count=14755 3465 2402 11290 8735 7377 6912 2352 5786 2214 5498 5435 2026 1993 1795
is_linear=0
shrinkage=0.05


Tree=17
num_leaves=8
num_cat=0
split_feature=35 51 51 47 51 47 35
split_gain=3.79446e-07 1.39906e-05 1.03868e-05 1.62386e-05 5.63708e-06 3.2102e-06 4.41648e-06
threshold=0.27100000000000085 156.97678000000002 143.81812000000002 20.767950127527815 158.63795000000002 49.30484436334357 -0.503
decision_type=2 2 2 2 2 2 2
left_child=1 5 -2 -4 -5 6 -1
right_child=2 -3 3 4 -6 -7 -8
leaf_value=0 0 0 0 -5.95846746202449e-06 0 0 2.6391921478489316e-06
leaf_weight=633 347 1735 231 2286 71 1522 7822
leaf_count=633 347 1735 231 2286 71 1522 7822
internal_value=0 1.93918e-07 -4.16105e-07 -3.19837e-06 -5.33433e-06 1.8841e-06 2.26672e-06
internal_weight=0 11712 2935 2588 2357 9977 8455
internal_count=14647 11712 2935 2588 2357 9977 8455
is_linear=0
shrinkage=0.05


Tree=18
num_leaves=4
num_cat=0
split_feature=51 3 51
split_gain=1.00241e-06 3.06467e-05 1.47106e-08
threshold=145.97532000000004 0.11034906256816791 147.31576000000004
decision_type=2 2 2
left_child=1 -1 -2
right_child=2 -3 -4
leaf_value=6.8074601623770658e-06 0 0 -3.5875309009681623e-07
leaf_weight=1676 859 564 11550
leaf_count=1676 859 564 11550
internal_value=0 6.86674e-07 -3.41805e-07
internal_weight=0 2240 12409
internal_count=14649 2240 12409
is_linear=0
shrinkage=0.05


Tree=19
num_leaves=9
num_cat=0
split_feature=51 7 7 49 7 32 32 51
split_gain=6.85188e-07 9.93918e-06 1.1114e-05 3.08775e-06 3.92648e-06 2.03738e-06 1.16232e-06 1.24292e-06
threshold=147.31576000000004 0.00056650941774354546 0.0014128759840445024 146.56825000000006 0.0033683545751427703 0.087224999999998207 0.097416071428573267 146.82446000000002
decision_type=2 2 2 2 2 2 2 2
left_child=3 -2 5 4 6 -3 -1 -8
right_child=1 2 -4 -5 -6 -7 7 -9
leaf_value=0 0 0 0 0 0 -3.1502746456929259e-06 3.1714956019446472e-06 0
leaf_weight=62 4931 30 626 615 39 5966 2364 34
leaf_count=62 4931 30 626 615 39 5966 2364 34
internal_value=0 -3.58234e-07 -1.99403e-06 2.71972e-07 1.78354e-06 -3.00418e-06 2.68731e-06 2.93599e-06
internal_weight=0 11553 6622 3114 2499 5996 2460 2398
internal_count=14667 11553 6622 3114 2499 5996 2460 2398
is_linear=0
shrinkage=0.05


Tree=20
num_leaves=10
num_cat=0
split_feature=51 47 32 20 7 7 14 43 43
split_gain=1.14048e-06 1.2302e-05 9.92448e-06 9.87882e-06 8.84982e-06 2.51821e-06 1.48461e-06 2.88712e-07 1.13071e-07
threshold=147.31576000000004 29.057321068407024 0.49864464285714244 -0.00014080886778927712 0.0011288455740350119 0.00022662424402407084 1.0000000180025095e-35 96.988262620579235 94.635682103615096
decision_type=2 2 2 2 2 2 2 2 2
left_child=1 2 7 4 5 -2 -7 -1 -8
right_child=3 -3 -4 -5 -6 6 8 -9 -10
leaf_value=7.0388205530036208e-06 0 0 0 0 0 0 -3.9080425622926386e-06 0 0
leaf_weight=1136 89 1888 39 6403 935 154 3926 40 55
leaf_count=1136 89 1888 39 6403 935 154 3926 40 55
internal_value=0 0 5.03098e-06 -4.96588e-07 -2.31079e-06 -3.4292e-06 -3.67899e-06 6.87359e-06 -3.87179e-06
internal_weight=0 3103 1215 11562 5159 4224 4135 1176 3981
internal_count=14665 3103 1215 11562 5159 4224 4135 1176 3981
is_linear=0
shrinkage=0.05


Tree=21
num_leaves=7
num_cat=0
split_feature=0 44 44 44 44 44
split_gain=6.60998e-07 9.72642e-06 4.2288e-06 4.81936e-06 1.95784e-06 2.84161e-07
threshold=149.72627315582019 65.730514184700738 26.218966701819607 83.737499198230211 13.548973829436919 55.581932966725184
decision_type=2 2 2 2 2 2
left_child=2 4 -1 -4 -2 -6
right_child=1 -3 3 -5 5 -7
leaf_value=0 0 0 2.6353271079786476e-06 0 -3.0025990074119047e-06 0
leaf_weight=1396 645 4013 3257 948 3502 888
leaf_count=1396 645 4013 3257 948 3502 888
internal_value=0 -4.27358e-07 0 1.58559e-06 -2.27101e-06 -2.65145e-06
internal_weight=0 9048 5601 4205 5035 4390
internal_count=14649 9048 5601 4205 5035 4390
is_linear=0
shrinkage=0.05


Tree=22
num_leaves=4
num_cat=0
split_feature=44 44 44
split_gain=4.49133e-07 2.54676e-06 7.21013e-08
threshold=45.517607266398606 7.8311410686183613 88.010275294129997
decision_type=2 2 2
left_child=1 -1 -2
right_child=2 -3 -4
leaf_value=0 1.5930068687413205e-07 -1.1832950908645754e-06 0
leaf_weight=421 7103 5349 1851
leaf_count=421 7103 5349 1851
internal_value=0 -4.41129e-07 0
internal_weight=0 5770 8954
internal_count=14724 5770 8954
is_linear=0
shrinkage=0.05


Tree=23
num_leaves=5
num_cat=0
split_feature=51 39 39 39
split_gain=1.02907e-06 2.68892e-05 5.1306e-06 1.44519e-06
threshold=155.79285000000002 0.00067950421807142782 0.00030860036407491374 0.00023800521799418508
decision_type=2 2 2 2
left_child=1 2 -1 -2
right_child=3 -3 -4 -5
leaf_value=0 0 0 4.5183023619479171e-06 -1.3970899401551574e-06
leaf_weight=658 34 6870 3921 3169
leaf_count=658 34 6870 3921 3169
internal_value=0 0 3.8315e-06 -8.96203e-07
internal_weight=0 11449 4579 3203
internal_count=14652 11449 4579 3203
is_linear=0
shrinkage=0.05


Tree=24
num_leaves=6
num_cat=0
split_feature=47 51 51 51 47
split_gain=2.87319e-07 1.20034e-05 3.4252e-06 6.90055e-06 1.75924e-06
threshold=47.04265679133659 155.79285000000002 146.64524000000003 157.84468000000004 83.235516415485264
decision_type=2 2 2 2 2
left_child=1 -1 -2 4 -4
right_child=2 -3 3 -5 -6
leaf_value=1.8469632760887761e-06 0 0 -3.5444109684100163e-06 0 0
leaf_weight=8874 600 2478 2441 221 48
leaf_count=8874 600 2478 2441 221 48
internal_value=0 1.52382e-07 -3.70631e-07 -1.82413e-06 -3.24864e-06
internal_weight=0 11352 3310 2710 2489
internal_count=14662 11352 3310 2710 2489
is_linear=0
shrinkage=0.05


Tree=25
num_leaves=3
num_cat=0
split_feature=51 1
split_gain=2.74e-07 1.72943e-06
threshold=147.31576000000004 146.55685633530865
decision_type=2 2
left_child=1 -1
right_child=-2 -3
leaf_value=1.3469985826527483e-06 -2.0780009976272348e-07 0
leaf_weight=2486 11528 614
leaf_count=2486 11528 614
internal_value=0 2.45738e-07
internal_weight=0 3100
internal_count=14628 3100
is_linear=0
shrinkage=0.05


Tree=26
num_leaves=7
num_cat=0
split_feature=47 0 39 49 1 35
split_gain=1.24679e-06 5.24083e-06 1.05368e-05 4.66969e-06 5.89029e-06 5.97838e-06
threshold=47.04265679133659 155.70141906155928 0.00081801745946017215 141.18190000000001 158.32223301104582 -0.81050000000000455
decision_type=2 2 2 2 2 2
left_child=1 2 -1 -2 5 -5
right_child=3 -3 -4 4 -6 -7
leaf_value=2.8383503006595163e-06 0 0 0 0 0 -3.9622742055082821e-06
leaf_weight=4896 35 2606 3863 232 176 2832
leaf_count=4896 35 2606 3863 232 176 2832
internal_value=0 0 1.22304e-06 -9.75561e-07 -2.1366e-06 -3.10373e-06
internal_weight=0 11365 8759 3275 3240 3064
internal_count=14640 11365 8759 3275 3240 3064
is_linear=0
shrinkage=0.05


Tree=27
num_leaves=10
num_cat=0
split_feature=39 1 1 1 39 1 32 32 39
split_gain=3.63458e-08 3.92502e-05 1.62712e-05 1.09852e-05 7.59845e-06 1.24161e-05 7.09765e-06 3.91491e-06 1.56541e-06
threshold=0.0007629630489618622 144.88996124306922 156.27823210706018 157.19220253924968 0.00060534775064163598 144.55652253606166 0.16295357142857184 0.078251785714285316 0.00028224977046366844
decision_type=2 2 2 2 2 2 2 2 2
left_child=3 -2 6 4 5 -1 -3 -7 -9
right_child=1 2 -4 -5 -6 7 -8 8 -10
leaf_value=0 0 0 0 0 0 0 -6.0715678476853203e-06 0 5.1737554556682872e-06
leaf_weight=50 1523 222 681 1366 2256 780 4249 72 3407
leaf_count=50 1523 222 681 1366 2256 780 4249 72 3407
internal_value=0 -1.16672e-07 -4.36616e-06 0 2.04529e-06 3.28354e-06 -5.57359e-06 4.2657e-06 5.00888e-06
internal_weight=0 6675 5152 7931 6565 4309 4471 4259 3479
internal_count=14606 6675 5152 7931 6565 4309 4471 4259 3479
is_linear=0
shrinkage=0.05


Tree=28
num_leaves=2
num_cat=0
split_feature=51
split_gain=1.30451e-07
threshold=147.31576000000004
decision_type=2
left_child=-1
right_child=-2
leaf_value=2.0929837618841061e-07 -1.283068163753108e-07
leaf_weight=3103 11553
leaf_count=3103 11553
internal_value=0
internal_weight=0
internal_count=14656
is_linear=0
shrinkage=0.05


Tree=29
num_leaves=7
num_cat=0
split_feature=0 44 44 44 44 44
split_gain=8.97472e-08 5.14936e-06 2.83734e-06 3.09562e-06 2.35558e-06 4.61784e-07
threshold=149.72627315582019 67.104895806510982 26.218966701819607 95.088223186172527 13.548973829436919 55.581932966725184
decision_type=2 2 2 2 2 2
left_child=2 4 -1 -4 -2 -6
right_child=1 -3 3 -5 5 -7
leaf_value=0 0 0 1.8957582715124891e-06 0 -2.4036571847072853e-06 0
leaf_weight=1414 635 3874 4127 111 3486 1031
leaf_count=1414 635 3874 4127 111 3486 1031
internal_value=0 -1.57663e-07 0 1.29372e-06 -1.59443e-06 -2.05019e-06
internal_weight=0 9026 5652 4238 5152 4517
internal_count=14678 9026 5652 4238 5152 4517
is_linear=0
shrinkage=0.05


Tree=30
num_leaves=7
num_cat=0
split_feature=1 20 44 44 20 44
split_gain=5.45649e-07 7.51667e-06 8.64095e-06 2.42066e-06 1.00463e-06 6.74111e-06
threshold=146.55685633530865 -0.00014080886778927712 7.8311410686183613 91.664489233338841 -0.0095561303850263939 83.737499198230211
decision_type=2 2 2 2 2 2
left_child=4 2 -2 -4 -1 -6
right_child=1 -3 3 -5 5 -7
leaf_value=0 0 0 -3.0762575091651575e-06 0 3.1773552160758506e-06 0
leaf_weight=146 303 6761 5052 58 1918 435
leaf_count=146 303 6761 5052 58 1918 435
internal_value=0 -3.34741e-07 -1.92964e-06 -2.85862e-06 0 1.03312e-06
internal_weight=0 12174 5413 5110 2499 2353
internal_count=14673 12174 5413 5110 2499 2353
is_linear=0
shrinkage=0.05


Tree=31
num_leaves=8
num_cat=0
split_feature=51 7 7 39 49 7 7
split_gain=5.62586e-07 5.17508e-06 1.46707e-05 7.52519e-06 2.72505e-05 3.21693e-08 1.59396e-08
threshold=147.31576000000004 0.00056085845600647847 0.0014128759840445024 0.00060865069056963551 156.24790000000004 0.0033683545751427703 0.00032543703679942894
decision_type=2 2 2 2 2 2 2
left_child=5 -2 3 -3 -5 6 -1
right_child=1 2 -4 4 -6 -7 -8
leaf_value=0 0 0 0 -5.656298480628761e-06 0 0 1.9982420346652288e-07
leaf_weight=43 4799 1028 630 4312 759 60 3012
leaf_count=43 4799 1028 630 4312 759 60 3012
internal_value=0 -3.4929e-07 -1.46002e-06 -2.89228e-06 -3.71092e-06 0 1.62248e-07
internal_weight=0 11528 6729 6099 5071 3115 3055
internal_count=14643 11528 6729 6099 5071 3115 3055
is_linear=0
shrinkage=0.05


Tree=32
num_leaves=8
num_cat=0
split_feature=51 47 3 3 35 35 35
split_gain=3.50135e-07 1.19816e-05 4.10094e-05 3.62394e-06 1.33181e-06 4.8201e-07 8.17912e-08
threshold=155.79285000000002 46.803577122276444 0.087096151658843407 -0.37982962541685805 1.0155000000000032 -0.74049999999999716 1.1760000000000022
decision_type=2 2 2 2 2 2 2
left_child=1 2 3 -1 -5 -2 -7
right_child=5 -3 -4 4 -6 6 -8
leaf_value=0 0 0 0 4.5554207074754949e-06 0 -6.7956902879581828e-07 0
leaf_weight=80 67 2619 1730 7023 43 3052 52
leaf_count=80 67 2619 1730 7023 43 3052 52
internal_value=0 2.75951e-07 1.86368e-06 4.31983e-06 4.48936e-06 0 -6.2306e-07
internal_weight=0 11495 8876 7146 7066 3171 3104
internal_count=14666 11495 8876 7146 7066 3171 3104
is_linear=0
shrinkage=0.05


Tree=33
num_leaves=13
num_cat=0
split_feature=39 0 35 49 0 35 1 39 35 44 0 39
split_gain=2.30323e-07 4.16518e-05 2.0556e-05 7.93395e-06 7.18913e-06 8.94e-06 1.75406e-06 1.06529e-06 7.70209e-07 6.23754e-07 9.55886e-08 4.66122e-08
threshold=0.0007629630489618622 145.07074684599027 -0.86299999999999943 156.42642500000002 157.26149204585892 0.029000000000010576 144.88996124306922 0.00075639381656206835 -0.76800000000000057 97.00490180207079 157.22577352751713 0.00091138089399595099
decision_type=2 2 2 2 2 2 2 2 2 2 2 2
left_child=4 11 -3 -4 5 6 -1 8 -8 10 -10 -2
right_child=1 2 3 -5 -6 -7 7 -9 9 -11 -12 -13
leaf_value=0 0 0 -6.430819803407114e-06 0 0 0 0 0 3.666841048616031e-06 0 0 3.1109161445455874e-07
leaf_weight=168 393 258 4254 569 1322 2529 35 49 3800 38 31 1204
leaf_count=168 393 258 4254 569 1322 2529 35 49 3800 38 31 1204
internal_value=0 -2.93638e-07 -4.53948e-06 -5.68895e-06 0 1.64397e-06 3.12802e-06 3.36298e-06 3.48335e-06 3.56947e-06 3.64343e-06 0
internal_weight=0 6678 5081 4823 7972 6650 4121 3953 3904 3869 3831 1597
internal_count=14650 6678 5081 4823 7972 6650 4121 3953 3904 3869 3831 1597
is_linear=0
shrinkage=0.05


Tree=34
num_leaves=7
num_cat=0
split_feature=44 44 0 49 44 51
split_gain=1.94895e-07 4.97989e-06 8.64612e-06 3.31561e-06 3.75423e-06 1.38397e-07
threshold=45.517607266398606 7.8311410686183613 142.92683193986343 157.12607500000004 88.010275294129997 157.16586000000004
decision_type=2 2 2 2 2 2
left_child=1 -1 -3 4 5 -2
right_child=3 2 -4 -5 -6 -7
leaf_value=0 1.7151120605682545e-06 0 -2.6348142322091224e-06 0 0 0
leaf_weight=428 6126 352 4977 1214 1588 36
leaf_count=428 6126 352 4977 1214 1588 36
internal_value=0 -2.90916e-07 -1.55808e-06 0 1.03419e-06 1.6936e-06
internal_weight=0 5757 5329 8964 7750 6162
internal_count=14721 5757 5329 8964 7750 6162
is_linear=0
shrinkage=0.05


Tree=35
num_leaves=9
num_cat=0
split_feature=32 8 32 32 8 8 8 8
split_gain=1.12372e-07 1.12414e-05 7.36694e-06 3.76856e-06 4.93852e-06 3.72615e-06 2.92438e-06 9.00274e-08
threshold=0.23071250000000013 9302.6750000000011 0.60932321428571623 0.090144642857144283 6335.9500000000007 1781.0250000000003 4009.1000000000004 5680.4500000000007
decision_type=2 2 2 2 2 2 2 2
left_child=3 2 6 -1 5 -5 -2 -7
right_child=1 -3 -4 4 -6 7 -8 -9
leaf_value=0 0 0 0 0 0 1.8698344777590735e-06 -4.5907591548410292e-06 0
leaf_weight=1652 187 330 31 101 232 9018 2557 543
leaf_count=1652 187 330 31 101 232 9018 2557 543
internal_value=0 -1.38124e-07 -3.18565e-06 1.38565e-07 9.87233e-07 1.50859e-06 -4.12003e-06 1.80947e-06
internal_weight=0 3105 2775 11546 9894 9662 2744 9561
internal_count=14651 3105 2775 11546 9894 9662 2744 9561
is_linear=0
shrinkage=0.05


Tree=36
num_leaves=9
num_cat=0
split_feature=7 7 51 1 51 0 44 44
split_gain=2.86015e-07 2.02962e-05 2.36977e-05 1.42766e-05 3.88665e-06 4.08583e-06 1.93428e-06 3.25316e-07
threshold=0.0014128759840445024 0.00068330178232881868 143.04707000000005 156.27823210706018 155.99868000000001 143.65229052567693 13.201238484194478 95.907152367216938
decision_type=2 2 2 2 2 2 2 2
left_child=1 4 -3 6 5 -1 -4 -7
right_child=-2 2 3 -5 -6 7 -8 -9
leaf_value=0 0 0 0 0 0 2.0891178627375309e-06 -5.7976457482664305e-06 0
leaf_weight=132 1326 587 585 739 1983 4753 4499 63
leaf_count=132 1326 587 585 739 1983 4753 4499 63
internal_value=0 -2.31509e-07 -2.83324e-06 -4.3601e-06 0 1.40132e-06 -5.366e-06 2.03432e-06
internal_weight=0 13341 6410 5823 6931 4948 5084 4816
internal_count=14667 13341 6410 5823 6931 4948 5084 4816
is_linear=0
shrinkage=0.05


Tree=37
num_leaves=2
num_cat=0
split_feature=51
split_gain=7.65258e-09
threshold=145.97532000000004
decision_type=2
left_child=-1
right_child=-2
leaf_value=9.2976544806220544e-08 0
leaf_weight=2213 12468
leaf_count=2213 12468
internal_value=0
internal_weight=0
internal_count=14681
is_linear=0
shrinkage=0.05


Tree=38
num_leaves=13
num_cat=0
split_feature=39 1 7 7 51 8 8 32 39 51 39 8
split_gain=2.67836e-07 2.74638e-05 1.30643e-05 1.48389e-05 1.20643e-05 2.6272e-05 8.26238e-06 5.65274e-06 4.74538e-06 4.67035e-06 2.64614e-06 8.4013e-06
threshold=0.0007629630489618622 144.88996124306922 0.0005583937838857274 0.0015891659520855231 155.83682000000002 4755.4000000000005 8986.9750000000022 0.16576607142857144 0.0007048123327964476 144.85473000000002 0.00029294823779084866 1859.9250000000002
decision_type=2 2 2 2 2 2 2 2 2 2 2 2
left_child=4 -2 -3 6 5 8 7 -4 10 -9 -1 -12
right_child=1 2 3 -5 -6 -7 -8 9 -10 -11 11 -13
leaf_value=0 0 0 0 0 0 0 0 0 0 -6.872900045892405e-06 0 6.1106207731417741e-06
leaf_weight=551 1514 222 239 651 2300 888 143 34 514 3928 119 3624
leaf_count=551 1514 222 239 651 2300 888 143 34 514 3928 119 3624
internal_value=0 -3.154e-07 -3.64538e-06 -4.51863e-06 0 2.30108e-06 -5.6584e-06 -6.16637e-06 4.46466e-06 -6.62454e-06 5.00818e-06 5.52643e-06
internal_weight=0 6731 5217 4995 7996 5696 4344 4201 4808 3962 4294 3743
internal_count=14727 6731 5217 4995 7996 5696 4344 4201 4808 3962 4294 3743
is_linear=0
shrinkage=0.05


Tree=39
num_leaves=2
num_cat=0
split_feature=0
split_gain=4.70309e-09
threshold=149.72627315582019
decision_type=2
left_child=-1
right_child=-2
leaf_value=4.576376427233979e-08 0
leaf_weight=5614 9064
leaf_count=5614 9064
internal_value=0
internal_weight=0
internal_count=14678
is_linear=0
shrinkage=0.05


Tree=40
num_leaves=5
num_cat=0
split_feature=3 3 3 3
split_gain=1.45215e-07 7.21216e-06 1.03809e-06 3.11778e-08
threshold=0.087096151658843407 -0.16872956300365929 0.056692119471106923 0.49207001465727529
decision_type=2 2 2 2
left_child=1 -1 -3 -2
right_child=3 2 -4 -5
leaf_value=0 -1.543876342744682e-07 1.5943319380239327e-06 0 0
leaf_weight=1658 3270 8257 1443 58
leaf_count=1658 3270 8257 1443 58
internal_value=0 1.78781e-07 1.37703e-06 0
internal_weight=0 11358 9700 3328
internal_count=14686 11358 9700 3328
is_linear=0
shrinkage=0.05


Tree=41
num_leaves=11
num_cat=0
split_feature=51 3 30 44 30 43 43 44 44 47
split_gain=1.24548e-06 3.71638e-05 6.52762e-05 7.65234e-06 1.11986e-05 6.8794e-06 3.6587e-06 1.82e-06 1.19616e-06 4.58789e-07
threshold=147.31576000000004 0.087096151658843407 -0.038350683582416341 67.104895806510982 -0.0552831006823876 95.140069911480126 67.629132632131473 87.027850184280013 6.8301408940287578 15.226586408239006
decision_type=2 2 2 2 2 2 2 2 2 2
left_child=1 2 -1 4 -2 7 8 -4 -6 -10
right_child=3 -3 5 -5 6 -7 -8 -9 9 -11
leaf_value=0 0 0 1.3857567629290926e-05 0 0 0 0 0 0 -3.4923768014734078e-06
leaf_weight=485 774 930 1463 4764 105 95 576 128 394 4953
leaf_count=485 774 930 1463 4764 105 95 576 128 394 4953
internal_value=0 1.00203e-06 6.6504e-06 0 -1.67705e-06 1.2399e-05 -2.79606e-06 1.31804e-05 -3.21272e-06 -3.32919e-06
internal_weight=0 3101 2171 11566 6802 1686 6028 1591 5452 5347
internal_count=14667 3101 2171 11566 6802 1686 6028 1591 5452 5347
is_linear=0
shrinkage=0.05


Tree=42
num_leaves=10
num_cat=0
split_feature=39 1 7 7 1 7 1 39 7
split_gain=1.31378e-07 3.36572e-05 3.07902e-05 1.90615e-05 6.46652e-06 2.97536e-06 2.02776e-06 2.48677e-06 8.27181e-07
threshold=0.0007629630489618622 144.88996124306922 0.0015891659520855231 0.00056085845600647847 157.19220253924968 0.000700969224606407 156.08051462221965 0.00028699843810207486 0.00068743070492671384
decision_type=2 2 2 2 2 2 2 2 2
left_child=4 -2 3 -3 5 6 7 -1 -9
right_child=1 2 -4 -5 -6 -7 -8 8 -10
leaf_value=0 0 0 0 -6.980607421072901e-06 0 0 0 3.0716906945599092e-06 0
leaf_weight=543 1545 227 656 4291 1363 1352 704 3917 104
leaf_count=543 1545 227 656 4291 1363 1352 704 3917 104
internal_value=0 -2.21093e-07 -4.04052e-06 -5.97774e-06 0 1.56269e-06 2.11676e-06 2.5065e-06 2.94567e-06
internal_weight=0 6719 5174 4518 7983 6620 5268 4564 4021
internal_count=14702 6719 5174 4518 7983 6620 5268 4564 4021
is_linear=0
shrinkage=0.05


Tree=43
num_leaves=7
num_cat=0
split_feature=3 0 43 3 43 0
split_gain=9.41973e-07 1.13264e-05 2.29956e-05 1.04699e-05 4.66606e-07 7.8774e-08
threshold=0.069920665562656664 149.81229313816652 23.019562555155947 -0.4060650409295945 98.466843611165288 142.54496465186443
decision_type=2 2 2 2 2 2
left_child=1 2 -1 -4 -5 -2
right_child=5 -3 3 4 -6 -7
leaf_value=0 0 0 0 6.3272168009271471e-06 0 -2.211939425192175e-07
leaf_weight=1094 97 6458 69 2885 44 4025
leaf_count=1094 97 6458 69 2885 44 4025
internal_value=0 4.72456e-07 2.73772e-06 5.42266e-06 6.24772e-06 0
internal_weight=0 10550 4092 2998 2929 4122
internal_count=14672 10550 4092 2998 2929 4122
is_linear=0
shrinkage=0.05


Tree=44
num_leaves=9
num_cat=0
split_feature=49 3 3 35 7 7 7 35
split_gain=1.89843e-07 1.6669e-05 1.67266e-05 6.59957e-06 1.95418e-06 8.23127e-07 5.14621e-06 3.18208e-06
threshold=146.56825000000006 0.089019391836382009 -0.30365575547836265 0.872 0.00032543703679942894 0.00056650941774354546 0.0010192345724363738 -0.26899999999999119
decision_type=2 2 2 2 2 2 2 2
left_child=1 2 -1 4 -4 -2 7 -7
right_child=5 -3 3 -5 -6 6 -8 -9
leaf_value=0 0 0 0 0 8.2200806952904639e-06 0 0 -2.4217020466871293e-06
leaf_weight=193 4958 634 42 55 1559 1184 2108 3901
leaf_count=193 4958 634 42 55 1559 1184 2108 3901
internal_value=0 4.3719e-07 4.77424e-06 7.12036e-06 7.92123e-06 0 -5.34867e-07 -1.7131e-06
internal_weight=0 2483 1849 1656 1601 12151 7193 5085
internal_count=14634 2483 1849 1656 1601 12151 7193 5085
is_linear=0
shrinkage=0.05


Tree=45
num_leaves=6
num_cat=0
split_feature=51 47 47 47 47
split_gain=3.41913e-08 3.96374e-06 1.1628e-06 9.84145e-07 4.37595e-08
threshold=147.31576000000004 29.057321068407024 47.298190640322943 83.235516415485264 27.290193777203463
decision_type=2 2 2 2 2
left_child=1 -1 4 -4 -2
right_child=2 -3 3 -5 -6
leaf_value=2.8389602229850864e-06 0 0 -1.4652165784363134e-06 0 1.4799051335932914e-07
leaf_weight=1240 4022 1858 2500 43 4995
leaf_count=1240 4022 1858 2500 43 4995
internal_value=0 1.66104e-07 0 -1.06916e-06 0
internal_weight=0 3098 11560 2543 9017
internal_count=14658 3098 11560 2543 9017
is_linear=0
shrinkage=0.05


Tree=46
num_leaves=2
num_cat=0
split_feature=51
split_gain=2.04067e-09
threshold=155.74525000000003
decision_type=2
left_child=-1
right_child=-2
leaf_value=0 -3.9582861630179307e-08
leaf_weight=11364 3256
leaf_count=11364 3256
internal_value=0
internal_weight=0
internal_count=14620
is_linear=0
shrinkage=0.05


Tree=47
num_leaves=11
num_cat=0
split_feature=7 47 7 47 49 47 49 0 0 0
split_gain=2.07244e-07 3.19409e-05 1.77418e-05 1.50278e-05 1.32555e-05 9.88505e-06 4.99413e-06 3.59329e-06 3.20176e-06 1.91964e-06
threshold=0.0011165855604549008 42.87714304795545 0.00056650941774354546 16.309137258704801 141.18190000000001 13.913838878517963 157.52072500000003 157.22577352751713 156.54620197498974 143.94512918963309
decision_type=2 2 2 2 2 2 2 2 2 2
left_child=2 3 7 -2 -4 -6 -5 9 -7 -1
right_child=1 -3 4 6 5 8 -8 -9 -10 -11
leaf_value=0 0 0 0 9.481294282520691e-06 0 -4.3997460274177734e-06 0 0 0 1.8469932046372802e-06
leaf_weight=69 178 904 155 1445 294 5720 31 1067 756 4040
leaf_count=69 178 904 155 1445 294 5720 31 1067 756 4040
internal_value=0 0 -2.06918e-07 6.94805e-06 -2.54553e-06 -3.39454e-06 8.91901e-06 0 -3.98271e-06 1.47857e-06
internal_weight=0 2558 12101 1654 6925 6770 1476 5176 6476 4109
internal_count=14659 2558 12101 1654 6925 6770 1476 5176 6476 4109
is_linear=0
shrinkage=0.05


Tree=48
num_leaves=4
num_cat=0
split_feature=32 32 32
split_gain=6.79098e-08 5.60385e-06 1.53254e-06
threshold=0.20325357142857292 0.60932321428571623 0.11377142857142947
decision_type=2 2 2
left_child=2 -2 -1
right_child=1 -3 -4
leaf_value=0 -1.7411682125970835e-06 0 7.5659210458328873e-07
leaf_weight=3190 4677 60 6693
leaf_count=3190 4677 60 6693
internal_value=0 -1.89313e-07 0
internal_weight=0 4737 9883
internal_count=14620 4737 9883
is_linear=0
shrinkage=0.05


Tree=49
num_leaves=3
num_cat=0
split_feature=51 47
split_gain=1.27507e-08 7.15659e-06
threshold=155.79285000000002 46.567520997945486
decision_type=2 2
left_child=1 -1
right_child=-2 -3
leaf_value=1.426407856161722e-06 0 0
leaf_weight=8809 3219 2631
leaf_count=8809 3219 2631
internal_value=0 5.27863e-08
internal_weight=0 11440
internal_count=14659 11440
is_linear=0
shrinkage=0.05


Tree=50
num_leaves=7
num_cat=0
split_feature=3 49 3 51 32 32
split_gain=6.2738e-07 1.6687e-05 2.51378e-05 4.2126e-06 2.69156e-06 6.61155e-07
threshold=0.074764287800729384 149.94560000000004 -0.3404643545253116 150.23856000000004 0.079273214285715668 0.17696250000000494
decision_type=2 2 2 2 2 2
left_child=1 2 -1 4 -4 -2
right_child=5 -3 3 -5 -6 -7
leaf_value=0 0 0 0 0 5.5546943482455165e-06 -9.8370530391752162e-07
leaf_weight=195 2114 6553 67 36 3999 1708
leaf_count=195 2114 6553 67 36 3999 1708
internal_value=0 3.80206e-07 3.17384e-06 5.08647e-06 5.35643e-06 0
internal_weight=0 10850 4297 4102 4066 3822
internal_count=14672 10850 4297 4102 4066 3822
is_linear=0
shrinkage=0.05


Tree=51
num_leaves=4
num_cat=0
split_feature=3 3 3
split_gain=2.3743e-08 4.6592e-06 1.22815e-07
threshold=0.074764287800729384 -0.16872956300365929 0.49207001465727529
decision_type=2 2 2
left_child=1 -1 -2
right_child=2 -3 -4
leaf_value=0 -2.8398681709913164e-07 1.1295983813410603e-06 0
leaf_weight=1631 3807 9175 54
leaf_count=1631 3807 9175 54
internal_value=0 7.41145e-08 0
internal_weight=0 10806 3861
internal_count=14667 10806 3861
is_linear=0
shrinkage=0.05


Tree=52
num_leaves=5
num_cat=0
split_feature=3 3 3 3
split_gain=2.38131e-11 2.79915e-06 2.36033e-07 2.5673e-08
threshold=0.069920665562656664 -0.16872956300365929 0.49207001465727529 0.087096151658843407
decision_type=2 2 2 2
left_child=1 -1 3 -2
right_child=2 -3 -4 -5
leaf_value=0 0 8.8592255460813295e-07 0 -4.4697643677854862e-07
leaf_weight=1641 754 8916 60 3275
leaf_count=1641 754 8916 60 3275
internal_value=0 0 -3.81561e-09 -3.82714e-07
internal_weight=0 10557 4089 4029
internal_count=14646 10557 4089 4029
is_linear=0
shrinkage=0.05


Tree=53
num_leaves=12
num_cat=0
split_feature=51 44 7 44 47 7 49 44 44 47 47
split_gain=4.47521e-07 1.15568e-05 9.04846e-06 9.81201e-06 8.2407e-06 8.38067e-06 8.81526e-07 1.40715e-07 2.69977e-06 1.4614e-06 6.16675e-07
threshold=147.31576000000004 67.104895806510982 0.0014128759840445024 13.548973829436919 15.226586408239006 0.00020235988270947785 161.62247500000001 84.033239635277596 14.715974588184169 72.444791419493882 17.29715651604528
decision_type=2 2 2 2 2 2 2 2 2 2 2
left_child=7 2 3 -2 -5 -6 -7 8 -1 10 -10
right_child=1 -3 -4 4 5 6 -8 -9 9 -11 -12
leaf_value=0 0 0 0 0 0 -4.8874497026377812e-06 0 0 0 0 2.5560401431321729e-06
leaf_weight=386 842 4784 401 414 57 5062 32 534 253 32 1882
leaf_count=386 842 4784 401 414 57 5062 32 534 253 32 1882
internal_value=0 -3.10668e-07 -2.09955e-06 -2.86612e-06 -3.72362e-06 -4.35651e-06 -4.82747e-06 0 3.71199e-07 1.8102e-06 2.24435e-06
internal_weight=0 11592 6808 6407 5565 5151 5094 3087 2553 2167 2135
internal_count=14679 11592 6808 6407 5565 5151 5094 3087 2553 2167 2135
is_linear=0
shrinkage=0.05


Tree=54
num_leaves=13
num_cat=0
split_feature=0 32 47 51 32 35 36 51 35 20 6 35
split_gain=3.07057e-06 3.03176e-05 4.03736e-05 4.60115e-05 5.50465e-05 3.66152e-05 7.58852e-06 1.70922e-06 1.16348e-05 9.32831e-06 4.66995e-07 1.64901e-07
threshold=143.01007941895912 0.18756607142857382 22.360783543442242 149.60501000000002 0.20238571428571503 -0.86299999999999943 0.30750594906617451 155.99868000000001 0.048499999999990002 -0.0037163452433113249 -0.46850000000000586 -0.68549999999999034
decision_type=2 2 2 2 2 2 2 2 2 2 2 2
left_child=-1 7 -3 4 -4 -6 -7 8 9 -2 -11 -12
right_child=1 2 3 -5 5 6 -8 -9 -10 10 11 -13
leaf_value=0 0 0 0 0 0 0 -2.1038405439537914e-05 0 0 0 0 3.8789521086141742e-06
leaf_weight=869 109 1102 346 2305 148 110 1237 2350 2071 30 100 3872
leaf_count=869 109 1102 346 2305 148 110 1237 2350 2071 30 100 3872
internal_value=0 -7.46368e-07 -3.98809e-06 -6.66908e-06 -1.2753e-05 -1.70974e-05 -1.98088e-05 0 8.31383e-07 2.84862e-06 3.76335e-06 3.81624e-06
internal_weight=0 13780 5248 4146 1841 1495 1347 8532 6182 4111 4002 3972
internal_count=14649 13780 5248 4146 1841 1495 1347 8532 6182 4111 4002 3972
is_linear=0
shrinkage=0.05


Tree=55
num_leaves=7
num_cat=0
split_feature=7 7 3 3 3 3
split_gain=1.351e-08 1.03587e-05 6.68959e-06 3.4622e-05 1.42547e-06 2.12398e-07
threshold=0.0014128759840445024 0.00068330178232881868 0.078283418460637896 -0.3404643545253116 0.2374761855865605 0.014199588627463415
decision_type=2 2 2 2 2 2
left_child=1 5 3 -2 -3 -1
right_child=2 4 -4 -5 -6 -7
leaf_value=0 0 -2.1970692963752154e-06 0 1.2833275697356198e-05 0 3.6320913817445652e-07
leaf_weight=2947 273 6110 438 627 301 4025
leaf_count=2947 273 6110 438 627 301 4025
internal_value=0 -5.02364e-08 0 4.31047e-06 -2.01112e-06 0
internal_weight=0 13383 1338 900 6411 6972
internal_count=14721 13383 1338 900 6411 6972
is_linear=0
shrinkage=0.05


Tree=56
num_leaves=2
num_cat=0
split_feature=51
split_gain=9.22136e-11
threshold=155.79285000000002
decision_type=2
left_child=-1
right_child=-2
leaf_value=4.4827648547119167e-09 0
leaf_weight=11472 3203
leaf_count=11472 3203
internal_value=0
internal_weight=0
internal_count=14675
is_linear=0
shrinkage=0.05


Tree=57
num_leaves=5
num_cat=0
split_feature=3 3 3 3
split_gain=2.68447e-10 4.21425e-06 4.54273e-08 3.70171e-09
threshold=0.074764287800729384 -0.18206778635412277 0.49207001465727529 0.087096151658843407
decision_type=2 2 2 2
left_child=1 -1 3 -2
right_child=2 -3 -4 -5
leaf_value=0 0 1.0592747854496543e-06 0 -1.9415876008609964e-07
leaf_weight=1478 524 9390 56 3258
leaf_count=1478 524 9390 56 3258
internal_value=0 7.85819e-09 0 -1.73285e-07
internal_weight=0 10868 3838 3782
internal_count=14706 10868 3838 3782
is_linear=0
shrinkage=0.05


Tree=58
num_leaves=4
num_cat=0
split_feature=3 3 3
split_gain=5.39773e-07 1.99446e-06 1.00605e-06
threshold=0.087096151658843407 -0.16872956300365929 0.49207001465727529
decision_type=2 2 2
left_child=1 -1 -2
right_child=2 -3 -4
leaf_value=0 -1.0892655014893754e-06 7.1929946086877479e-07 0
leaf_weight=1633 3257 9637 55
leaf_count=1633 3257 9637 55
internal_value=0 0 -6.38299e-07
internal_weight=0 11270 3312
internal_count=14582 11270 3312
is_linear=0
shrinkage=0.05


Tree=59
num_leaves=5
num_cat=0
split_feature=35 51 51 51
split_gain=5.22689e-09 5.85831e-06 5.39698e-06 1.89881e-06
threshold=0.27100000000000085 145.57487000000003 157.10246000000004 158.63795000000002
decision_type=2 2 2 2
left_child=2 -2 -1 -3
right_child=1 3 -4 -5
leaf_value=1.1536881123552894e-06 0 -2.923776275591677e-06 0 0
leaf_weight=10137 557 2270 1606 64
leaf_count=10137 557 2270 1606 64
internal_value=0 -6.72295e-08 0 -2.50605e-06
internal_weight=0 2891 11743 2334
internal_count=14634 2891 11743 2334
is_linear=0
shrinkage=0.05


Tree=60
num_leaves=10
num_cat=0
split_feature=44 7 44 30 1 30 6 30 30
split_gain=7.41468e-07 1.414e-05 1.12051e-05 4.66798e-06 8.05412e-06 8.35089e-06 3.01143e-06 2.92111e-06 4.23628e-07
threshold=45.517607266398606 0.0014128759840445024 8.8303198526004998 0.040356178518108382 157.16377536626018 -0.027091581368126432 -0.41450000000000381 -0.074124124391649907 0.023885664358341382
decision_type=2 2 2 2 2 2 2 2 2
left_child=1 2 -1 4 5 -2 -7 -4 -9
right_child=3 -3 7 -5 -6 6 -8 8 -10
leaf_value=0 0 0 0 0 0 0 3.3907261145835452e-06 -4.160785449635412e-06 0
leaf_weight=481 385 559 316 2010 1032 280 5237 4250 154
leaf_count=481 385 559 316 2010 1032 280 5237 4250 154
internal_value=0 -5.67285e-07 -2.67452e-06 0 1.2973e-06 2.32138e-06 3.09014e-06 -3.71709e-06 -4.05787e-06
internal_weight=0 5760 5201 8944 6934 5902 5517 4720 4404
internal_count=14704 5760 5201 8944 6934 5902 5517 4720 4404
is_linear=0
shrinkage=0.05


Tree=61
num_leaves=2
num_cat=0
split_feature=0
split_gain=3.05889e-07
threshold=149.72627315582019
decision_type=2
left_child=-1
right_child=-2
leaf_value=3.6530702854597181e-07 -3.9596158307589093e-08
leaf_weight=5624 9051
leaf_count=5624 9051
internal_value=0
internal_weight=0
internal_count=14675
is_linear=0
shrinkage=0.05


Tree=62
num_leaves=4
num_cat=0
split_feature=32 32 32
split_gain=1.85774e-08 4.77093e-06 1.9698e-06
threshold=0.23071250000000013 0.60932321428571623 0.11377142857142947
decision_type=2 2 2
left_child=2 -2 -1
right_child=1 -3 -4
leaf_value=0 -1.9912487650648741e-06 0 7.7105836422196834e-07
leaf_weight=3201 3008 56 8361
leaf_count=3201 3008 56 8361
internal_value=0 0 6.33788e-08
internal_weight=0 3064 11562
internal_count=14626 3064 11562
is_linear=0
shrinkage=0.05


Tree=63
num_leaves=2
num_cat=0
split_feature=51
split_gain=1.74419e-08
threshold=155.79285000000002
decision_type=2
left_child=-1
right_child=-2
leaf_value=6.1549823225705162e-08 0
leaf_weight=11510 3208
leaf_count=11510 3208
internal_value=0
internal_weight=0
internal_count=14718
is_linear=0
shrinkage=0.05


Tree=64
num_leaves=4
num_cat=0
split_feature=44 44 44
split_gain=3.44214e-08 2.05878e-06 1.73334e-08
threshold=45.517607266398606 7.8311410686183613 92.64815835417636
decision_type=2 2 2
left_child=1 -1 -2
right_child=2 -3 -4
leaf_value=0 7.2854668768331198e-08 -9.9346315309909286e-07 0
leaf_weight=430 8164 5302 802
leaf_count=430 8164 5302 802
internal_value=0 -1.22526e-07 0
internal_weight=0 5732 8966
internal_count=14698 5732 8966
is_linear=0
shrinkage=0.05


Tree=65
num_leaves=4
num_cat=0
split_feature=51 3 3
split_gain=5.29436e-08 8.95516e-06 1.05051e-05
threshold=155.79285000000002 0.085407216680901371 -0.18206778635412277
decision_type=2 2 2
left_child=1 2 -1
right_child=-2 -3 -4
leaf_value=0 0 0 2.5529088744802342e-06
leaf_weight=1190 3236 2781 7485
leaf_count=1190 3236 2781 7485
internal_value=0 1.07488e-07 1.6112e-06
internal_weight=0 11456 8675
internal_count=14692 11456 8675
is_linear=0
shrinkage=0.05


Tree=66
num_leaves=2
num_cat=0
split_feature=0
split_gain=8.75249e-09
threshold=143.01007941895912
decision_type=2
left_child=-1
right_child=-2
leaf_value=0 -3.9806424553585935e-08
leaf_weight=875 13809
leaf_count=875 13809
internal_value=0
internal_weight=0
internal_count=14684
is_linear=0
shrinkage=0.05


Tree=67
num_leaves=8
num_cat=0
split_feature=3 7 7 3 3 3 3
split_gain=3.33162e-07 7.45503e-06 3.52263e-06 3.79174e-05 2.89666e-06 1.87524e-06 2.66032e-07
threshold=0.069920665562656664 0.0006517279934709128 0.0011165855604549008 -0.3404643545253116 0.49207001465727529 0.087096151658843407 0.0089111599086216537
decision_type=2 2 2 2 2 2 2
left_child=2 -2 6 -4 5 -3 -1
right_child=1 4 3 -5 -6 -7 -8
leaf_value=-3.4846700440631528e-07 0 0 0 8.3242411343509666e-06 0 -3.9922929575408497e-06 0
leaf_weight=5477 1749 300 347 1495 56 1970 3282
leaf_count=5477 1749 300 347 1495 56 1970 3282
internal_value=0 -4.52094e-07 0 2.18649e-06 -2.89317e-06 -3.4303e-06 0
internal_weight=0 4075 10601 1842 2326 2270 8759
internal_count=14676 4075 10601 1842 2326 2270 8759
is_linear=0
shrinkage=0.05


Tree=68
num_leaves=2
num_cat=0
split_feature=51
split_gain=8.39828e-08
threshold=147.31576000000004
decision_type=2
left_child=-1
right_child=-2
leaf_value=0 -1.3427449184677461e-07
leaf_weight=3101 11645
leaf_count=3101 11645
internal_value=0
internal_weight=0
internal_count=14746
is_linear=0
shrinkage=0.05


Tree=69
num_leaves=6
num_cat=0
split_feature=3 3 1 0 3
split_gain=4.42153e-07 9.6521e-06 2.03802e-05 4.20652e-07 5.22843e-07
threshold=0.069920665562656664 -0.16872956300365929 155.65693356792059 141.68924019060958 0.49207001465727529
decision_type=2 2 2 2 2
left_child=1 -1 -3 -2 -5
right_child=3 2 -4 4 -6
leaf_value=0 0 3.372580621511242e-06 0 -7.6789947619822582e-07 0
leaf_weight=1640 33 6698 2197 4000 54
leaf_count=1640 33 6698 2197 4000 54
internal_value=0 3.23919e-07 1.68435e-06 0 -5.09312e-07
internal_weight=0 10535 8895 4087 4054
internal_count=14622 10535 8895 4087 4054
is_linear=0
shrinkage=0.05


Tree=70
num_leaves=4
num_cat=0
split_feature=20 20 20
split_gain=2.17275e-08 5.31822e-07 1.69077e-07
threshold=-0.00011383966175076975 0.0095324499480636832 -0.017414330139231601
decision_type=2 2 2
left_child=2 -2 -1
right_child=1 -3 -4
leaf_value=0 4.1759823647422361e-07 0 -2.6756318529963145e-07
leaf_weight=59 7624 340 6663
leaf_count=59 7624 340 6663
internal_value=0 0 -8.98924e-08
internal_weight=0 7964 6722
internal_count=14686 7964 6722
is_linear=0
shrinkage=0.05


Tree=71
num_leaves=4
num_cat=0
split_feature=51 51 0
split_gain=4.12247e-07 2.66636e-07 6.14809e-08
threshold=145.97532000000004 159.55453000000003 146.1991825144824
decision_type=2 2 2
left_child=2 -2 -1
right_child=1 -3 -4
leaf_value=2.6662586855965255e-07 -3.7790632145905032e-07 0 0
leaf_weight=2162 11884 569 69
leaf_count=2162 11884 569 69
internal_value=0 -2.8768e-07 0
internal_weight=0 12453 2231
internal_count=14684 12453 2231
is_linear=0
shrinkage=0.05


Tree=72
num_leaves=4
num_cat=0
split_feature=51 7 7
split_gain=2.73587e-07 1.99223e-06 4.15896e-06
threshold=147.31576000000004 0.0014128759840445024 0.00056085845600647847
decision_type=2 2 2
left_child=-1 2 -2
right_child=1 -3 -4
leaf_value=0 0 0 -1.6151432538322335e-06
leaf_weight=3086 4875 638 6157
leaf_count=3086 4875 638 6157
internal_value=0 -2.42092e-07 -7.16562e-07
internal_weight=0 11670 11032
internal_count=14756 11670 11032
is_linear=0
shrinkage=0.05


Tree=73
num_leaves=2
num_cat=0
split_feature=51
split_gain=1.04343e-07
threshold=147.31576000000004
decision_type=2
left_child=-1
right_child=-2
leaf_value=0 -1.5003594014210225e-07
leaf_weight=3102 11588
leaf_count=3102 11588
internal_value=0
internal_weight=0
internal_count=14690
is_linear=0
shrinkage=0.05


Tree=74
num_leaves=5
num_cat=0
split_feature=3 0 3 3
split_gain=1.57065e-07 8.21238e-06 1.80219e-05 6.60837e-06
threshold=0.087096151658843407 149.81229313816652 -0.4060650409295945 0.076271234639188015
decision_type=2 2 2 2
left_child=1 2 -1 -4
right_child=-2 -3 3 -5
leaf_value=0 0 0 4.5138380495928275e-06 0
leaf_weight=140 3326 6953 4049 168
leaf_count=140 3326 6953 4049 168
internal_value=0 1.86327e-07 2.19139e-06 3.95543e-06
internal_weight=0 11310 4357 4217
internal_count=14636 11310 4357 4217
is_linear=0
shrinkage=0.05


Tree=75
num_leaves=4
num_cat=0
split_feature=51 3 3
split_gain=3.22765e-07 6.19125e-06 1.27329e-05
threshold=155.79285000000002 0.087096151658843407 -0.3404643545253116
decision_type=2 2 2
left_child=1 2 -1
right_child=-2 -3 -4
leaf_value=0 0 0 2.4000828052539094e-06
leaf_weight=341 3210 2736 8353
leaf_count=341 3210 2736 8353
internal_value=0 2.65698e-07 1.36862e-06
internal_weight=0 11430 8694
internal_count=14640 11430 8694
is_linear=0
shrinkage=0.05


Tree=76
num_leaves=7
num_cat=0
split_feature=51 7 49 7 7 49
split_gain=4.66971e-07 1.39535e-05 2.36247e-05 1.01445e-06 7.47185e-06 1.07912e-07
threshold=145.97532000000004 0.00056650941774354546 150.70322500000003 0.0011165855604549008 0.0033683545751427703 157.12607500000004
decision_type=2 2 2 2 2 2
left_child=3 5 -3 -1 -5 -2
right_child=1 2 -4 4 -6 -7
leaf_value=0 2.638541281238374e-07 -5.3661008885485208e-06 0 5.3111863533759776e-06 0 0
leaf_weight=1406 3875 3303 4152 752 45 1160
leaf_count=1406 3875 3303 4152 752 45 1160
internal_value=0 -3.05726e-07 -2.19904e-06 0 1.78373e-06 0
internal_weight=0 12490 7455 2203 797 5035
internal_count=14693 12490 7455 2203 797 5035
is_linear=0
shrinkage=0.05


Tree=77
num_leaves=3
num_cat=0
split_feature=14 14
split_gain=2.44146e-10 2.88226e-07
threshold=0.0455000000000041 0.0030000000000001141
decision_type=2 2
left_child=1 -1
right_child=-2 -3
leaf_value=0 0 -3.0373670208463457e-07
leaf_weight=1387 5479 7817
leaf_count=1387 5479 7817
internal_value=0 -8.14336e-09
internal_weight=0 9204
internal_count=14683 9204
is_linear=0
shrinkage=0.05


Tree=78
num_leaves=3
num_cat=0
split_feature=51 0
split_gain=6.25149e-08 1.70212e-07
threshold=155.79285000000002 155.74531981242541
decision_type=2 2
left_child=1 -1
right_child=-2 -3
leaf_value=2.2688893231571478e-07 0 0
leaf_weight=11302 3215 205
leaf_count=11302 3215 205
internal_value=0 1.16541e-07
internal_weight=0 11507
internal_count=14722 11507
is_linear=0
shrinkage=0.05


Tree=79
num_leaves=8
num_cat=0
split_feature=51 44 44 44 44 20 51
split_gain=6.57682e-07 9.40755e-06 8.27396e-06 7.41785e-07 7.93917e-06 2.21185e-06 3.00361e-07
threshold=147.31576000000004 67.104895806510982 7.8311410686183613 83.737499198230211 26.218966701819607 -0.0095561303850263939 148.04708000000002
decision_type=2 2 2 2 2 2 2
left_child=3 2 -2 4 -1 -6 -4
right_child=1 -3 6 -5 5 -7 -8
leaf_value=0 0 0 0 0 0 3.9223021050210496e-06 -2.773216221108703e-06
leaf_weight=763 298 4722 475 532 37 1770 6059
leaf_count=763 298 4722 475 532 37 1770 6059
internal_value=0 -3.77233e-07 -1.91913e-06 0 8.49442e-07 3.46547e-06 -2.64891e-06
internal_weight=0 11554 6832 3102 2570 1807 6534
internal_count=14656 11554 6832 3102 2570 1807 6534
is_linear=0
shrinkage=0.05


Tree=80
num_leaves=2
num_cat=0
split_feature=51
split_gain=8.51523e-09
threshold=147.31576000000004
decision_type=2
left_child=-1
right_child=-2
leaf_value=0 -4.2899866241098866e-08
leaf_weight=3110 11567
leaf_count=3110 11567
internal_value=0
internal_weight=0
internal_count=14677
is_linear=0
shrinkage=0.05


Tree=81
num_leaves=7
num_cat=0
split_feature=7 7 30 30 30 30
split_gain=4.78118e-09 1.17358e-05 1.33003e-05 1.02473e-05 4.89248e-07 4.46149e-07
threshold=0.0011165855604549008 0.00068330178232881868 -0.0552831006823876 0.075225447479041266 -0.012402840715216754 0.045697832524979783
decision_type=2 2 2 2 2 2
left_child=1 4 -3 -4 -1 -6
right_child=-2 2 3 -5 5 -7
leaf_value=0 0 0 -4.4690554666894384e-06 0 7.0945303326357361e-07 0
leaf_weight=2085 2535 557 4417 214 4646 250
leaf_count=2085 2535 557 4417 214 4646 250
internal_value=0 -3.13407e-08 -2.37854e-06 -3.67665e-06 0 4.99815e-07
internal_weight=0 12169 5188 4631 6981 4896
internal_count=14704 12169 5188 4631 6981 4896
is_linear=0
shrinkage=0.05


Tree=82
num_leaves=8
num_cat=0
split_feature=32 8 32 32 8 8 8
split_gain=1.08648e-07 8.33222e-06 7.43573e-06 8.12075e-07 2.31029e-06 3.15067e-06 8.09717e-07
threshold=0.23071250000000013 9302.6750000000011 0.60932321428571623 0.11460535714285915 6335.9500000000007 2498.5000000000005 4182.0000000000009
decision_type=2 2 2 2 2 2 2
left_child=3 2 6 -1 5 -5 -2
right_child=1 -3 -4 4 -6 -7 -8
leaf_value=0 0 0 0 0 0 1.4441002589663375e-06 -4.0856238441573745e-06
leaf_weight=3256 238 336 34 544 223 7520 2499
leaf_count=3256 238 336 34 544 223 7520 2499
internal_value=0 -2.95668e-07 -2.75954e-06 0 4.94956e-07 9.83862e-07 -3.80806e-06
internal_weight=0 3107 2771 11543 8287 8064 2737
internal_count=14650 3107 2771 11543 8287 8064 2737
is_linear=0
shrinkage=0.05


Tree=83
num_leaves=2
num_cat=0
split_feature=1
split_gain=2.4219e-07
threshold=146.55685633530865
decision_type=2
left_child=-1
right_child=-2
leaf_value=0 -2.2259266852664181e-07
leaf_weight=2511 12220
leaf_count=2511 12220
internal_value=0
internal_weight=0
internal_count=14731
is_linear=0
shrinkage=0.05


Tree=84
num_leaves=5
num_cat=0
split_feature=14 51 14 51
split_gain=1.57803e-09 9.60029e-07 1.60192e-06 2.84013e-07
threshold=0.0455000000000041 141.90247000000002 0.0030000000000001141 155.79285000000002
decision_type=2 2 2 2
left_child=1 -1 -3 -2
right_child=3 2 -4 -5
leaf_value=0 3.996671364391226e-07 0 -9.1672296665813404e-07 0
leaf_weight=177 4445 1349 7626 1002
leaf_count=177 4445 1349 7626 1002
internal_value=0 -2.07619e-08 -5.17546e-07 0
internal_weight=0 9152 8975 5447
internal_count=14599 9152 8975 5447
is_linear=0
shrinkage=0.05


Tree=85
num_leaves=8
num_cat=0
split_feature=7 44 51 44 7 47 7
split_gain=6.31185e-07 1.39639e-05 7.9886e-06 8.53588e-06 6.02452e-06 3.22419e-06 6.69505e-07
threshold=0.0014128759840445024 64.952037809577078 147.86363000000003 13.548973829436919 0.00020235988270947785 40.783435364775642 0.0013754272458595333
decision_type=2 2 2 2 2 2 2
left_child=1 2 -1 -4 -5 -2 -6
right_child=5 -3 3 4 6 -7 -8
leaf_value=0 3.3907062097884873e-06 0 0 0 -4.349455274292426e-06 0 0
leaf_weight=1753 701 5715 790 53 4997 622 38
leaf_count=1753 701 5715 790 53 4997 622 38
internal_value=0 -3.43852e-07 -2.18665e-06 -3.09919e-06 -3.91029e-06 0 -4.29448e-06
internal_weight=0 13346 7631 5878 5088 1323 5035
internal_count=14669 13346 7631 5878 5088 1323 5035
is_linear=0
shrinkage=0.05


Tree=86
num_leaves=6
num_cat=0
split_feature=14 7 7 7 7
split_gain=1.59097e-08 9.87656e-06 7.2339e-06 1.94107e-06 3.51604e-06
threshold=0.0455000000000041 0.00068330178232881868 0.0015891659520855231 0.0010362044184012928 0.0033683545751427703
decision_type=2 2 2 2 2
left_child=1 -1 -3 -2 -5
right_child=3 2 -4 4 -6
leaf_value=0 0 -3.4127862550491817e-06 0 2.8983109127978233e-06 0
leaf_weight=5178 3758 3676 376 1624 72
leaf_count=5178 3758 3676 376 1624 72
internal_value=0 -6.56445e-08 -2.47049e-06 0 1.69147e-06
internal_weight=0 9230 4052 5454 1696
internal_count=14684 9230 4052 5454 1696
is_linear=0
shrinkage=0.05


Tree=87
num_leaves=3
num_cat=0
split_feature=7 7
split_gain=1.08285e-07 1.54666e-05
threshold=0.0011165855604549008 0.00068330178232881868
decision_type=2 2
left_child=1 -1
right_child=-2 -3
leaf_value=0 0 -2.7256611350630512e-06
leaf_weight=6942 2545 5241
leaf_count=6942 2545 5241
internal_value=0 -1.49065e-07
internal_weight=0 12183
internal_count=14728 12183
is_linear=0
shrinkage=0.05


Tree=88
num_leaves=9
num_cat=0
split_feature=7 7 51 49 51 49 49 49
split_gain=1.50719e-07 9.40845e-06 1.18125e-05 5.33662e-06 2.83572e-06 1.00041e-07 1.77959e-07 3.90551e-08
threshold=0.0014128759840445024 0.00056650941774354546 143.04707000000005 156.24790000000004 156.57529000000002 156.88897500000004 144.45242500000003 157.80430000000004
decision_type=2 2 2 2 2 2 2 2
left_child=1 5 -3 4 -4 6 -1 -2
right_child=7 2 3 -5 -6 -7 -8 -9
leaf_value=0 2.7935911033698743e-07 0 -3.3495723495899623e-06 0 0 0 4.3176584907742324e-07 0
leaf_weight=89 1251 630 6583 974 37 1352 3728 82
leaf_count=89 1251 630 6583 974 37 1352 3728 82
internal_value=0 -1.67731e-07 -1.70465e-06 -2.65247e-06 -3.17585e-06 0 2.55972e-07 0
internal_weight=0 13393 8224 7594 6620 5169 3817 1333
internal_count=14726 13393 8224 7594 6620 5169 3817 1333
is_linear=0
shrinkage=0.05


Tree=89
num_leaves=4
num_cat=0
split_feature=6 6 35
split_gain=6.52849e-09 1.85007e-06 3.87642e-06
threshold=-0.011499999999998066 1.5735000000000101 0.11050000000000183
decision_type=2 2 2
left_child=-1 2 -2
right_child=1 -3 -4
leaf_value=0 1.4426953643140973e-06 0 0
leaf_weight=6805 6886 198 785
leaf_count=6805 6886 198 785
internal_value=0 4.55422e-08 7.77857e-07
internal_weight=0 7869 7671
internal_count=14674 7869 7671
is_linear=0
shrinkage=0.05


Tree=90
num_leaves=4
num_cat=0
split_feature=0 20 20
split_gain=3.74679e-07 1.19786e-05 4.45597e-06
threshold=157.26149204585892 -0.00059497350853293652 0.01594434032430159
decision_type=2 2 2
left_child=1 -1 -3
right_child=-2 2 -4
leaf_value=0 0 2.3373405445548203e-06 0
leaf_weight=5255 1652 7692 50
leaf_count=5255 1652 7692 50
internal_value=0 2.68458e-07 1.99725e-06
internal_weight=0 12997 7742
internal_count=14649 12997 7742
is_linear=0
shrinkage=0.05


Tree=91
num_leaves=7
num_cat=0
split_feature=47 51 43 43 51 51
split_gain=1.43179e-07 6.54908e-06 4.60583e-06 3.63319e-07 3.35333e-11 1.70029e-06
threshold=46.225689012540592 155.79285000000002 17.883014823485244 93.19037387346448 157.84468000000004 145.44932000000003
decision_type=2 2 2 2 2 2
left_child=1 2 -1 -4 5 -2
right_child=4 -3 3 -5 -6 -7
leaf_value=0 0 0 2.0969371332772717e-06 0 0 -1.2340922267090125e-06
leaf_weight=1309 475 2439 6630 762 232 2791
leaf_count=1309 475 2439 6630 762 232 2791
internal_value=0 1.79252e-07 1.38666e-06 1.95474e-06 0 -5.06633e-09
internal_weight=0 11140 8701 7392 3498 3266
internal_count=14638 11140 8701 7392 3498 3266
is_linear=0
shrinkage=0.05


Tree=92
num_leaves=3
num_cat=0
split_feature=0 0
split_gain=7.61353e-08 1.89388e-07
threshold=143.01007941895912 150.95423142047721
decision_type=2 2
left_child=-1 -2
right_child=1 -3
leaf_value=0 -3.2496035739836525e-07 0
leaf_weight=872 6286 7511
leaf_count=872 6286 7511
internal_value=0 -1.17454e-07
internal_weight=0 13797
internal_count=14669 13797
is_linear=0
shrinkage=0.05


Tree=93
num_leaves=3
num_cat=0
split_feature=51 51
split_gain=2.42422e-07 1.03809e-07
threshold=147.31576000000004 158.63795000000002
decision_type=2 2
left_child=-1 -2
right_child=1 -3
leaf_value=0 -2.8226471501369376e-07 0
leaf_weight=3116 10864 664
leaf_count=3116 10864 664
internal_value=0 -2.29286e-07
internal_weight=0 11528
internal_count=14644 11528
is_linear=0
shrinkage=0.05


Tree=94
num_leaves=3
num_cat=0
split_feature=3 3
split_gain=3.21678e-11 3.44941e-06
threshold=0.087096151658843407 -0.18206778635412277
decision_type=2 2
left_child=1 -1
right_child=-2 -3
leaf_value=0 0 9.3748372215081946e-07
leaf_weight=1477 3349 9812
leaf_count=1477 3349 9812
internal_value=0 2.66901e-09
internal_weight=0 11289
internal_count=14638 11289
is_linear=0
shrinkage=0.05


Tree=95
num_leaves=7
num_cat=0
split_feature=3 0 3 40 27 3
split_gain=4.03373e-07 1.3662e-05 2.65247e-05 1.88791e-05 1.28259e-05 1.27516e-06
threshold=0.087096151658843407 149.81229313816652 -0.37982962541685805 0.70354486999505816 -0.041236000994005345 0.076271234639188015
decision_type=2 2 2 2 2 2
left_child=1 2 -1 -4 -5 -6
right_child=-2 -3 3 4 5 -7
leaf_value=0 0 0 0 0 7.8168265442394266e-06 0
leaf_weight=170 3328 6958 356 705 3010 123
leaf_count=170 3328 6958 356 705 3010 123
internal_value=0 2.98442e-07 2.83856e-06 4.91881e-06 6.22383e-06 7.59516e-06
internal_weight=0 11322 4364 4194 3838 3133
internal_count=14650 11322 4364 4194 3838 3133
is_linear=0
shrinkage=0.05


Tree=96
num_leaves=2
num_cat=0
split_feature=51
split_gain=6.96642e-08
threshold=147.31576000000004
decision_type=2
left_child=-1
right_child=-2
leaf_value=0 -1.2274226358529784e-07
leaf_weight=3089 11560
leaf_count=3089 11560
internal_value=0
internal_weight=0
internal_count=14649
is_linear=0
shrinkage=0.05


Tree=97
num_leaves=8
num_cat=0
split_feature=7 7 51 1 20 51 1
split_gain=8.99979e-07 1.7725e-05 2.17201e-05 2.22888e-05 3.89872e-06 1.92911e-06 1.765e-06
threshold=0.0014128759840445024 0.00068330178232881868 143.04707000000005 156.27823210706018 0.007950766355124041 155.99868000000001 143.66207879857834
decision_type=2 2 2 2 2 2 2
left_child=1 5 -3 4 -4 6 -1
right_child=-2 2 3 -5 -6 -7 -8
leaf_value=0 0 0 -5.7867636177853188e-06 0 0 0 1.3811876325223676e-06
leaf_weight=128 1296 589 4967 711 166 1992 4841
leaf_count=128 1296 589 4967 711 166 1992 4841
internal_value=0 -4.09854e-07 -2.69034e-06 -4.15438e-06 -5.52312e-06 0 9.85166e-07
internal_weight=0 13394 6433 5844 5133 6961 4969
internal_count=14690 13394 6433 5844 5133 6961 4969
is_linear=0
shrinkage=0.05


Tree=98
num_leaves=4
num_cat=0
split_feature=3 3 3
split_gain=5.35053e-08 5.08531e-06 4.64106e-08
threshold=0.087096151658843407 -0.16872956300365929 0.49207001465727529
decision_type=2 2 2
left_child=1 -1 -2
right_child=2 -3 -4
leaf_value=0 -1.8790503709255509e-07 1.1519056275877802e-06 0
leaf_weight=1625 3286 9682 55
leaf_count=1625 3286 9682 55
internal_value=0 1.08766e-07 0
internal_weight=0 11307 3341
internal_count=14648 11307 3341
is_linear=0
shrinkage=0.05


Tree=99
num_leaves=5
num_cat=0
split_feature=51 3 3 0
split_gain=1.10445e-07 8.66491e-06 1.49751e-05 3.44606e-06
threshold=155.79285000000002 0.087096151658843407 -0.44637266051248947 149.86190200519562
decision_type=2 2 2 2
left_child=1 2 -1 -4
right_child=-2 -3 3 -5
leaf_value=0 0 0 3.9954657213436893e-06 0
leaf_weight=140 3222 2769 4259 4286
leaf_count=140 3222 2769 4259 4286
internal_value=0 1.55261e-07 1.58933e-06 2.63601e-06
internal_weight=0 11454 8685 8545
internal_count=14676 11454 8685 8545
is_linear=0
shrinkage=0.05


Tree=100
num_leaves=2
num_cat=0
split_feature=51
split_gain=6.94821e-08
threshold=147.31576000000004
decision_type=2
left_child=-1
right_child=-2
leaf_value=0 -1.2232271915399061e-07
leaf_weight=3099 11609
leaf_count=3099 11609
internal_value=0
internal_weight=0
internal_count=14708
is_linear=0
shrinkage=0.05


Tree=101
num_leaves=4
num_cat=0
split_feature=49 49 51
split_gain=2.06639e-08 2.83079e-07 3.14557e-07
threshold=143.01492500000003 150.70322500000003 143.04707000000005
decision_type=2 2 2
left_child=-1 2 -2
right_child=1 -3 -4
leaf_value=0 0 0 -5.0350975353309791e-07
leaf_weight=885 106 7618 6097
leaf_count=885 106 7618 6097
internal_value=0 -6.11371e-08 -3.49879e-07
internal_weight=0 13821 6203
internal_count=14706 13821 6203
is_linear=0
shrinkage=0.05


Tree=102
num_leaves=3
num_cat=0
split_feature=51 35
split_gain=3.62303e-08 3.13823e-06
threshold=145.97532000000004 0.057000000000002167
decision_type=2 2
left_child=-1 -2
right_child=1 -3
leaf_value=0 0 -1.2822178949233524e-06
leaf_weight=2240 7572 4827
leaf_count=2240 7572 4827
internal_value=0 -8.54695e-08
internal_weight=0 12399
internal_count=14639 12399
is_linear=0
shrinkage=0.05


Tree=103
num_leaves=7
num_cat=0
split_feature=51 20 14 20 20 20
split_gain=5.28284e-07 4.77831e-06 1.74803e-06 9.46776e-08 9.38717e-08 9.21171e-07
threshold=147.31576000000004 -5.4892089999647446e-05 0.0019999999999953393 -0.017414330139231601 0.0095324499480636832 -0.0090966901500658653
decision_type=2 2 2 2 2 2
left_child=4 2 -2 -4 5 -1
right_child=1 -3 3 -5 -6 -7
leaf_value=0 0 0 0 -1.9015257633398621e-06 0 9.7142365325416099e-07
leaf_weight=175 354 6248 30 4943 212 2689
leaf_count=175 354 6248 30 4943 212 2689
internal_value=0 -3.37786e-07 -1.57809e-06 -1.88319e-06 0 2.86249e-07
internal_weight=0 11575 5327 4973 3076 2864
internal_count=14651 11575 5327 4973 3076 2864
is_linear=0
shrinkage=0.05


Tree=104
num_leaves=7
num_cat=0
split_feature=7 7 0 0 0 0
split_gain=2.59351e-07 1.79031e-05 9.33503e-06 5.24386e-06 1.11978e-06 1.49831e-06
threshold=0.0011165855604549008 0.00056650941774354546 141.68924019060958 156.43184606458695 157.22577352751713 143.94512918963309
decision_type=2 2 2 2 2 2
left_child=1 4 -3 -4 5 -1
right_child=-2 2 3 -5 -6 -7
leaf_value=0 0 0 -3.7015372991962287e-06 0 0 1.2709325151623663e-06
leaf_weight=71 2548 197 5974 828 1058 4052
leaf_count=71 2548 197 5974 828 1058 4052
internal_value=0 -2.30722e-07 -2.54704e-06 -3.17903e-06 0 8.23995e-07
internal_weight=0 12180 6999 6802 5181 4123
internal_count=14728 12180 6999 6802 5181 4123
is_linear=0
shrinkage=0.05


Tree=105
num_leaves=3
num_cat=0
split_feature=0 51
split_gain=1.55557e-07 2.39507e-07
threshold=143.01007941895912 141.90247000000002
decision_type=2 2
left_child=-1 -2
right_child=1 -3
leaf_value=0 0 -2.6774713680274777e-07
leaf_weight=857 41 13777
leaf_count=857 41 13777
internal_value=0 -1.67761e-07
internal_weight=0 13818
internal_count=14675 13818
is_linear=0
shrinkage=0.05


Tree=106
num_leaves=3
num_cat=0
split_feature=51 14
split_gain=2.02533e-07 3.52507e-07
threshold=147.31576000000004 0.0030000000000001141
decision_type=2 2
left_child=-1 -2
right_child=1 -3
leaf_value=0 0 -3.6542761008337125e-07
leaf_weight=3128 1153 10391
leaf_count=3128 1153 10391
internal_value=0 -2.09429e-07
internal_weight=0 11544
internal_count=14672 11544
is_linear=0
shrinkage=0.05


Tree=107
num_leaves=4
num_cat=0
split_feature=51 1 32
split_gain=9.2886e-08 1.7743e-06 1.81614e-06
threshold=147.31576000000004 146.55685633530865 0.097416071428573267
decision_type=2 2 2
left_child=1 2 -1
right_child=-2 -3 -4
leaf_value=0 0 0 1.9410225512168945e-06
leaf_weight=64 11569 587 2444
leaf_count=64 11569 587 2444
internal_value=0 2.7391e-07 1.36424e-06
internal_weight=0 3095 2508
internal_count=14664 3095 2508
is_linear=0
shrinkage=0.05


end of trees

feature_importances:
sma_50=98
volatility=64
stoch_d=63
macd_signal=61
atr_ma=40
ema_fast=37
volatility_ma=36
adx=36
momentum_convergence=30
ema_slow=28
return_24=24
stoch_k=22
sma_20=22
macd_strength=21
volume_ma=17
momentum_20=16
lower_shadow=8
macd_hist=2
volume_ratio=1
volatility_ratio=1

parameters:
[boosting: gbdt]
[objective: regression]
[metric: rmse]
[tree_learner: serial]
[device_type: cpu]
[data: ]
[valid: ]
[num_iterations: 300]
[learning_rate: 0.05]
[num_leaves: 70]
[num_threads: 8]
[deterministic: 0]
[force_col_wise: 0]
[force_row_wise: 0]
[histogram_pool_size: -1]
[max_depth: 8]
[min_data_in_leaf: 30]
[min_sum_hessian_in_leaf: 0.001]
[bagging_fraction: 0.9]
[pos_bagging_fraction: 1]
[neg_bagging_fraction: 1]
[bagging_freq: 1]
[bagging_seed: 400]
[feature_fraction: 0.7]
[feature_fraction_bynode: 1]
[feature_fraction_seed: 30056]
[extra_trees: 0]
[extra_seed: 12879]
[early_stopping_round: 0]
[first_metric_only: 0]
[max_delta_step: 0]
[lambda_l1: 0.5]
[lambda_l2: 0.1]
[linear_lambda: 0]
[min_gain_to_split: 0]
[drop_rate: 0.1]
[max_drop: 50]
[skip_drop: 0.5]
[xgboost_dart_mode: 0]
[uniform_drop: 0]
[drop_seed: 17869]
[top_rate: 0.2]
[other_rate: 0.1]
[min_data_per_group: 100]
[max_cat_threshold: 32]
[cat_l2: 10]
[cat_smooth: 10]
[max_cat_to_onehot: 4]
[top_k: 20]
[monotone_constraints: ]
[monotone_constraints_method: basic]
[monotone_penalty: 0]
[feature_contri: ]
[forcedsplits_filename: ]
[refit_decay_rate: 0.9]
[cegb_tradeoff: 1]
[cegb_penalty_split: 0]
[cegb_penalty_feature_lazy: ]
[cegb_penalty_feature_coupled: ]
[path_smooth: 0]
[interaction_constraints: ]
[verbosity: 1]
[saved_feature_importance_type: 0]
[linear_tree: 0]
[max_bin: 255]
[max_bin_by_feature: ]
[min_data_in_bin: 3]
[bin_construct_sample_cnt: 200000]
[data_random_seed: 175]
[is_enable_sparse: 1]
[enable_bundle: 1]
[use_missing: 1]
[zero_as_missing: 0]
[feature_pre_filter: 1]
[pre_partition: 0]
[two_round: 0]
[header: 0]
[label_column: ]
[weight_column: ]
[group_column: ]
[ignore_column: ]
[categorical_feature: ]
[forcedbins_filename: ]
[precise_float_parser: 0]
[parser_config_file: ]
[objective_seed: 16083]
[num_class: 1]
[is_unbalance: 0]
[scale_pos_weight: 1]
[sigmoid: 1]
[boost_from_average: 1]
[reg_sqrt: 0]
[alpha: 0.9]
[fair_c: 1]
[poisson_max_delta_step: 0.7]
[tweedie_variance_power: 1.5]
[lambdarank_truncation_level: 30]
[lambdarank_norm: 1]
[label_gain: ]
[lambdarank_position_bias_regularization: 0]
[eval_at: ]
[multi_error_top_k: 1]
[auc_mu_weights: ]
[num_machines: 1]
[local_listen_port: 12400]
[time_out: 120]
[machine_list_filename: ]
[machines: ]
[gpu_platform_id: -1]
[gpu_device_id: -1]
[gpu_use_dp: 0]
[num_gpu: 1]

end of parameters

pandas_categorical:[]
