tree
version=v4
num_class=1
num_tree_per_iteration=1
label_index=0
max_feature_idx=54
objective=regression
feature_names=ema_fast ema_slow macd macd_signal atr momentum_10 momentum_20 volatility volume_ma range range_pct body body_pct upper_shadow lower_shadow is_bullish return_1 return_3 return_6 return_12 return_24 log_return ema_cross ema_cross_pct ema_cross_signal price_ema_fast_dist price_ema_slow_dist macd_hist macd_hist_change macd_cross_signal macd_strength atr_normalized atr_ma atr_ratio momentum_ratio momentum_convergence volume_ratio volume_spike volume_change volatility_ma volatility_ratio high_volatility low_volatility stoch_k stoch_d stoch_overbought stoch_oversold adx strong_trend sma_20 price_sma_20_dist sma_50 price_sma_50_dist signal_convergence market_regime
feature_infos=[38967.729318929021:107396.26389944887] [39220.71373165102:107049.79494400365] [-2596.3215042438969:3122.6028892565373] [-2400.0705964852082:2692.2138919211602] [0:1913.6478571428556] [-8342.5400000000009:10665.179999999993] [-12486.150000000001:14155.739999999991] [0:0.027665265364936176] [0:15071.1] [41.610000000000582:7445.0200000000041] [0.00064197892033770012:0.083194551703992967] [0.010000000002037268:4847.2799999999988] [1.687657469333537e-07:0.053865545209733065] [0:2853.8099999999977] [0:2709.1299999999974] [0:1] [-0.06392068477713575:0.11991470268267301] [-0.06874591913368211:0.12121289228058596] [-0.079615203583715433:0.12324016964288909] [-0.13852618933251082:0.1281729140500143] [-0.20656179582649081:0.18012682534038826] [-0.066055067608681614:0.11325252408776919] [-2596.3215042438969:3122.6028892565373] [-0.051939210812642647:0.033488267366733444] [0:1] [-0.080064711463382857:0.093992858566676371] [-0.1320039222760255:0.11036991523222302] [-818.78982093274772:1169.6714460130504] [-327.88141727023503:612.98987585223176] [0:1] [-746.44218222589257:1062.1407196823261] [0:0.030615925217490077] [0:1459.5823571428562] [0:2.5193794912994942] [-4451.5502226422777:74647.925336867193] [-10665.179999999993:8342.5400000000009] [0:2.9553958669892095] [0:1] [-0.80889167188478395:8.7027863777089784] [0:0.027364409329763521] [0:3.7248595957797415] [0:1] [0:1] [0:99.999999999838437] [0:98.883595895685247] [0:1] [0:1] [0:95.095784100943362] [0:1] [0:107202.68299999999] [-0.11842224866658865:0.11006071071452704] [0:106786.319] [-0.21353636665559603:0.12751438682104085] [0:2] [0:2]
tree_sizes=6781 5815 5711 5855 5812 5821 5697 5719 5107 5624 5429

Tree=0
num_leaves=70
num_cat=0
split_feature=51 32 8 3 8 4 27 20 47 39 8 4 51 49 51 47 51 1 30 23 39 47 52 40 39 47 1 40 39 52 51 4 8 36 39 3 8 4 0 39 49 39 49 0 3 27 40 30 10 49 3 35 40 0 39 8 0 30 34 51 49 0 39 0 28 0 44 8 5
split_gain=0.00514191 0.00358049 0.00363363 0.00440316 0.00301436 0.00455311 0.00405478 0.00312766 0.00326794 0.00521086 0.00533001 0.00211068 0.00384476 0.00184091 0.00254788 0.00255057 0.00154693 0.00154537 0.00136116 0.00187139 0.00135594 0.00129556 0.00126847 0.00124755 0.00102198 0.00151328 0.00100915 0.00123794 0.00120211 0.00135308 0.000998192 0.00192864 0.00144834 0.000812027 0.000722136 0.00197435 0.00108445 0.0020948 0.000926188 0.000812089 0.000791381 0.000696299 0.000686686 0.000813851 0.000649685 0.000644232 0.000683689 0.000607902 0.000900125 0.000623427 0.000586299 0.000571743 0.000571601 0.000522939 0.000446684 0.000438227 0.000917019 0.00133414 0.000539441 0.000788397 0.000401849 0.000394527 0.00076576 0.000342892 0.000319041 0.00024964 0.000228183 0.000226814 0.000118722
threshold=61908.17470000001 904.10125000000107 10940.350000000002 738.9041560362574 12184.225000000002 676.63035714285706 86.834179054318426 0.011647800744259753 20.394223233779268 0.0051241763477504199 11194.375000000002 671.10535714285743 82822.835500000016 46853.055000000008 57761.868000000009 47.818977507186879 85769.83620000002 60891.365562811879 -70.742701370405129 0.0027987125119038549 0.003850787143050862 16.244197453519963 1.0000000180025095e-35 1.0444422991460527 0.0029268657509285271 38.313041798055472 51114.218318973974 0.97422285818968024 0.0027133939573764248 0.048651114341175174 74813.451300000015 452.74214285714339 7901.8750000000009 0.82750198843134559 0.0037211445357392034 128.84328737637051 8025.0000000000009 459.82964285714252 59137.536009780808 0.0055700768820014434 60032.500000000007 0.0022532531717795903 66307.811250000013 63229.667993308205 -179.83353661997452 -148.4758359366173 0.49679089436196661 70.318279011320001 0.0049001215900213819 96888.136500000008 -401.27188188550133 552.54000000000099 0.91926254258560969 62873.510955998419 0.0022876583621010698 8325.1250000000018 43804.525183481688 25.640257503694965 1.427461189499466 43260.857100000016 82887.803250000012 43804.525183481688 0.0045786795843875926 68480.019013997182 27.842283217250898 84558.081674255911 47.607302956420206 4615.6500000000005 1401.4650000000004
decision_type=2 2 2 2 2 2 2 2 2 2 2 2 2 2 2 2 2 2 2 2 2 2 2 2 2 2 2 2 2 2 2 2 2 2 2 2 2 2 2 2 2 2 2 2 2 2 2 2 2 2 2 2 2 2 2 2 2 2 2 2 2 2 2 2 2 2 2 2 2
left_child=13 4 3 16 5 30 18 8 -7 20 -11 -8 -13 55 15 24 -3 34 -6 21 -10 -20 -14 -19 -15 45 -17 -28 -29 -30 31 32 41 -23 35 40 -36 39 -37 -38 51 -2 43 -33 -34 -26 -47 49 -49 50 -32 -16 -51 54 -25 61 -57 58 59 -58 -50 -1 -63 -44 -56 -18 -39 -40 -67
right_child=1 2 -4 -5 6 7 11 -9 9 10 -12 12 22 14 17 26 65 23 19 -21 -22 33 -24 53 25 -27 27 28 29 -31 47 42 44 -35 36 38 37 66 67 -41 -42 -43 63 -45 -46 46 -48 48 60 52 -52 -53 -54 -55 64 56 57 -59 -60 -61 -62 62 -64 -65 -66 68 -68 -69 -70
leaf_value=0.00037396711819126836 0.00028240986008438507 0.0011877111232536117 0.00037396711819126836 0.00037396711819126836 0.00037396711819126836 0.00037396711819126836 0.00037396711819126836 0.00037396711819126836 0.00017043585222906841 -0.00031321174103563306 0.00037396711819126836 0.00037396711819126836 0.00037396711819126836 0.00037396711819126836 0.00058636977796693967 0.00037396711819126836 0.00037396711819126836 0.00037396711819126836 0.00037396711819126836 0.00037396711819126836 0.00037396711819126836 0.00037396711819126836 -0.00037272726193494861 0.00037396711819126836 0.00037396711819126836 0.00037396711819126836 0.00037396711819126836 0.00037396711819126836 0.00098822918989715743 0.00037396711819126836 0.0003608483618044714 0.00037396711819126836 0.00037396711819126836 0.00087472626651029792 0.00037396711819126836 0.00037396711819126836 -2.2104604948367445e-05 0.00040803203576353744 0.00037396711819126836 0.00037396711819126836 0.00037396711819126836 0.00037396711819126836 0.00030699260598231242 0.00051888699275459867 0.0002533425995878197 0.00037396711819126836 0.00055081502376935591 0.00037396711819126836 0.00037396711819126836 0.00037396711819126836 0.00042131516858454413 0.00037396711819126836 0.00030072078249824934 0.00037396711819126836 0.00066465211101815718 0.00037396711819126836 0.00037396711819126836 0.00037396711819126836 0.00037396711819126836 -7.4869514273530043e-05 0.00022116024984188313 0.00055320821711181249 0.00037396711819126836 0.00037767287241047964 0.00037396711819126836 0.00052256963929200352 0.00029268349309157762 0.00014488505214336377 0.00037396711819126836
leaf_weight=474 249 42 310 37 187 51 76 213 106 131 63 51 12.999999999999998 137 170 37 10.999999999999998 246 17 53 149 25 34 34 11.999999999999998 139 45 9.9999999999999982 87 13.999999999999998 102 66 348 98 317 29 73 84 9.9999999999999982 18 93 1200 190 185 1202 19 420 352 49 290 1263 33 320 12.999999999999998 125 192 13.999999999999998 41 11.999999999999998 49 199 92 66 198 22 63 71 72 9.9999999999999982
leaf_count=474 249 42 310 37 187 51 76 213 106 131 63 51 13 137 170 37 11 246 17 53 149 25 34 34 12 139 45 10 87 14 102 66 348 98 317 29 73 84 10 18 93 1200 190 185 1202 19 420 352 49 290 1263 33 320 13 125 192 14 41 12 49 199 92 66 198 22 63 71 72 10
internal_value=0.000373967 0.000347935 0.000473222 0.00066395 0.000338001 0.000327705 0.000439596 0.000203322 0.000134938 8.79722e-05 -0.000126784 0.000291882 0.000118023 0.000422084 0.000446244 0.000514295 0.000816352 0.000391173 0.000546674 0.000650083 0.000310724 0.000745851 -0.00020758 0.000472353 0.000443262 0.000475173 0.000703477 0.000761739 0.000862649 0.000914288 0.000344406 0.000327296 0.000309148 0.000802407 0.000369773 0.000399736 0.00032149 0.000242461 0.000283023 5.17493e-05 0.000494173 0.000358412 0.000388998 0.000459993 0.000272789 0.000521531 0.000535318 0.000373967 0.000325624 0.000381642 0.000405809 0.000549395 0.000352154 0.000568795 0.000592781 0.000373967 0.00031634 0.000205229 7.71318e-05 1.90024e-05 0.000252711 0.000384567 0.000455644 0.000373967 0.000631818 0.000449442 0.000373967 0.000175865 0.000496605
internal_weight=0 7953 473 163 7480 6926 554 713 500 449 194 174 98 3270 2330 920 126 1410 380 193 255 140 47 440 727 590 193 156 111 101 6213 3638 2999 123 970 407 563 246 111 91 296 1449 639 251 1550 451 439 2575 600 1975 1365 203 610 194 181 940 308 116 75 63 248 632 158 388 147 84 155 82 73
internal_count=11223 7953 473 163 7480 6926 554 713 500 449 194 174 98 3270 2330 920 126 1410 380 193 255 140 47 440 727 590 193 156 111 101 6213 3638 2999 123 970 407 563 246 111 91 296 1449 639 251 1550 451 439 2575 600 1975 1365 203 610 194 181 940 308 116 75 63 248 632 158 388 147 84 155 82 73
is_linear=0
shrinkage=1


Tree=1
num_leaves=70
num_cat=0
split_feature=39 51 6 26 51 8 9 28 8 33 27 39 25 33 3 2 33 6 49 39 35 3 44 47 0 51 7 52 38 44 40 0 39 0 43 33 8 20 39 18 30 30 51 47 0 47 39 51 8 3 0 8 7 49 51 39 40 49 8 30 30 9 50 2 3 47 2 9 10
split_gain=0.00534449 0.00435298 0.00616814 0.00502395 0.00396526 0.0039836 0.00272242 0.00312347 0.00191741 0.002872 0.00167768 0.00157585 0.00158546 0.00532875 0.00278455 0.00134557 0.00143027 0.00135744 0.00126611 0.00116976 0.00133361 0.00116104 0.0010559 0.00126144 0.00103285 0.000918848 0.00146948 0.00107143 0.000885255 0.000930636 0.000842874 0.000907588 0.00104965 0.000956336 0.000831559 0.00075493 0.000923807 0.00075153 0.000657621 0.000617842 0.000521494 0.000594481 0.000530485 0.000498029 0.000472392 0.000568678 0.000453794 0.000367348 0.000423154 0.000593605 0.000355217 0.000333787 0.000330335 0.000866805 0.000658222 0.000320039 0.000454265 0.000308683 0.000276836 0.000533948 0.000439772 0.000225728 0.000136989 0.000131066 0.000308425 0.000120273 0.000101535 0.000245672 8.80371e-05
threshold=0.0066018965334760813 83028.859200000021 -5786.665 0.015157740400643861 61908.17470000001 12341.275000000003 520.76499999999953 33.168893230247569 8371.4500000000025 1.0998591626266161 88.493706591548275 0.0050004151612504004 -0.0061048724125108787 1.2317447984298837 -426.29304168460311 144.20831772565728 0.67577785806940815 3541.3450000000016 60496.820500000009 0.0025405264073325349 802.6800000000004 238.77188810563533 90.169377279836439 19.201207752744157 62580.958509477627 57761.868000000009 0.0041142004613707412 -0.02258311310571615 0.33279709380271288 86.96721567570539 0.80541821757931686 92450.166030980705 0.0043154888803758366 97037.383013919301 92.550448228493636 1.0749778805521948 8165.3750000000009 0.014413942270446902 0.0034020420889940783 -0.0006574037076111926 -188.68135542009659 146.88431537972767 54241.182100000005 54.480954895709935 96497.873925827822 16.448731781170867 0.0029147834005572248 56811.484500000006 9136.1000000000022 -148.07605260510562 93473.350706396202 7012.7250000000013 0.0043179081563903448 68080.569000000003 94779.871000000028 0.0044622318794972924 0.94404139764233619 44342.280250000011 11607.900000000003 -287.07858613660744 167.49057144780491 524.56999999999982 0.0031667927522905236 115.92340630110267 182.09323043688408 30.742110828438257 -25.238066313500891 528.96999999999764 0.0032363875346790383
decision_type=2 2 2 2 2 2 2 2 2 2 2 2 2 2 2 2 2 2 2 2 2 2 2 2 2 2 2 2 2 2 2 2 2 2 2 2 2 2 2 2 2 2 2 2 2 2 2 2 2 2 2 2 2 2 2 2 2 2 2 2 2 2 2 2 2 2 2 2 2
left_child=4 2 -2 6 8 11 40 28 9 43 37 21 13 -13 -15 58 -17 61 25 66 22 30 23 -21 -20 47 -27 -28 29 -8 63 32 -32 -33 -29 36 -14 38 -7 -38 -4 42 -42 -1 45 -40 50 48 49 -10 51 -23 54 -54 -48 65 -57 -45 59 -3 62 -18 -61 -6 -65 -12 -11 68 -68
right_child=1 15 3 -5 5 10 7 -9 18 19 55 12 35 14 -16 16 17 -19 24 20 -22 46 -24 -25 -26 26 27 34 -30 -31 31 33 -34 -35 -36 -37 39 -39 44 -41 41 -43 -44 57 -46 -47 52 -49 -50 -51 -52 -53 53 -55 -56 56 -58 -59 -60 60 -62 -63 -64 64 -66 -67 67 -69 -70
leaf_value=0 -0.00052712595160276559 0 0 0 -1.0686776348576404e-05 0 0.00058022554092784556 0 0 0 0 0 0 0 -0.0010669624204992464 0 0 0 0.00018647799757761987 0 0 0 0 0.00029857105850943913 0 0 0 -0.00031132824245764038 0 0 -7.8307355078696976e-05 2.8610327560714249e-05 0 -6.7018713311338044e-05 0 0 0 0 0 -0.00016391929074411447 0 0 0.00019434164222632651 0 0 0.00025927150559069203 -6.9155383428735645e-05 0.00012606258477931948 0 -0.00012744554853066629 0 0.00013646155465759694 0.00017651209946955955 0 0 0 -0.00017495007298653947 0.00013223523976101372 0 0.00024034736491850995 0 -0.00051834309784074635 0 8.288274654756427e-05 0 0.00010845567743209277 0 0 0.00011415457486315815
leaf_weight=1304 18 18 13.999999999999998 132 808 29 179 54 22 80 9.9999999999999982 69 89 18 28 29 13.999999999999998 26 112 41 31 32 50 313 38 97 31 130 12.999999999999998 9.9999999999999982 2382 602 223 422 14.999999999999998 134 160 55 14.999999999999998 292 57 44 247 50 10.999999999999998 227 471 44 239 169 110 155 76 194 155 29 62 137 99 60 25 40 9.9999999999999982 146 101 27 13.999999999999998 13.999999999999998 83
leaf_count=1304 18 18 14 132 808 29 179 54 22 80 10 69 89 18 28 29 14 26 112 41 31 32 50 313 38 97 31 130 13 10 2382 602 223 422 15 134 160 55 15 292 57 44 247 50 11 227 471 44 239 169 110 155 76 194 155 29 62 137 99 60 25 40 10 146 101 27 14 14 83
internal_value=0 0.000108372 0.000175493 0.000212683 -7.79585e-06 -2.93297e-05 0.000274216 0.000432961 3.81798e-05 6.5565e-05 0.000103361 -4.08412e-05 -0.000114234 -0.000324489 -0.000740289 -5.58263e-06 -0.000174856 -0.00029327 -9.739e-06 0.000159284 0.000207879 -2.84145e-05 0.000234025 0.000264459 9.40048e-05 -5.06869e-05 -0.00012418 -0.000211447 0.000525362 0.000553731 -4.03034e-05 -5.17406e-05 -6.78238e-05 0 -0.000269527 -5.59937e-05 -8.6003e-05 0.000164811 0.000197741 -0.000118132 0.000120133 0.000136941 0.000162306 1.61198e-05 0.000223741 0.000239167 5.69331e-06 0 -2.21486e-05 -8.14064e-05 6.27968e-05 0.000104848 0 2.82883e-05 -3.11876e-05 0 -9.21693e-05 9.33135e-05 1.10679e-05 7.95428e-05 0.00014662 -0.000435094 0.00021146 0 3.08354e-05 2.46523e-05 0 4.77134e-05 9.43544e-05
internal_weight=0 1089 768 750 10146 7132 618 256 3014 2117 465 6667 790 115 46 321 109 80 897 626 435 5877 404 354 150 747 273 176 202 189 4684 3629 2605 1024 145 675 541 337 282 452 362 348 304 1491 253 242 1193 474 430 191 297 187 896 270 626 128 91 187 212 113 95 54 70 1055 247 37 191 111 97
internal_count=11235 1089 768 750 10146 7132 618 256 3014 2117 465 6667 790 115 46 321 109 80 897 626 435 5877 404 354 150 747 273 176 202 189 4684 3629 2605 1024 145 675 541 337 282 452 362 348 304 1491 253 242 1193 474 430 191 297 187 896 270 626 128 91 187 212 113 95 54 70 1055 247 37 191 111 97
is_linear=0
shrinkage=0.05


Tree=2
num_leaves=70
num_cat=0
split_feature=39 19 30 51 8 35 3 31 44 8 38 18 40 23 4 44 51 9 51 49 30 49 35 23 49 33 31 39 40 4 35 39 13 32 32 4 31 8 3 31 1 30 8 3 30 30 17 1 31 27 39 10 10 30 33 4 3 14 19 33 30 44 2 8 49 30 3 8 8
split_gain=0.00376648 0.00307072 0.00428256 0.00285146 0.00256717 0.00244747 0.00263578 0.00262243 0.00225126 0.00176261 0.00146871 0.00149172 0.0013273 0.0013213 0.00185151 0.00334783 0.00195425 0.00130136 0.00125523 0.00117815 0.00127574 0.00107826 0.00121629 0.00106016 0.00148431 0.00198969 0.000997256 0.00142377 0.0010702 0.000959358 0.000906782 0.000885929 0.000880333 0.000851071 0.00352393 0.00341111 0.00174915 0.0013123 0.00149664 0.00103895 0.00128692 0.00103894 0.000766317 0.000741971 0.000847034 0.00127794 0.000776526 0.000844839 0.000676202 0.00111648 0.000938401 0.000628053 0.000681696 0.000626091 0.000621848 0.000621253 0.00062366 0.000591528 0.000506709 0.000490622 0.000540037 0.000462219 0.000410588 0.000438794 0.000364662 0.000363905 0.000315602 0.000292183 0.000488615
threshold=0.0058010725506563348 0.0064316969484563566 -287.07858613660744 61908.17470000001 8453.0250000000015 2945.0250000000019 -603.16261957073334 0.0097390422554657994 25.670327893063547 11412.150000000001 -0.16840213948857627 0.011739364928131104 1.4691518364682732 0.0018918968710019313 671.10535714285743 18.078303645178448 74813.451300000015 1109.4000000000017 82822.835500000016 60496.820500000009 -17.162748753624449 97049.907750000013 -176.42500000000288 -0.0039534226099794557 43780.977500000008 1.2050974999666872 0.0054837170445583604 0.0045333663240909958 0.90737805650456327 702.83107142857136 82.045000000005544 0.0023477423013270947 18.905000000002477 904.10125000000107 785.3746428571427 688.82285714285752 0.013225694574206812 11607.900000000003 738.9041560362574 0.0078458725629711127 60750.484549772715 108.13154284507858 8276.4250000000011 -227.8719125040823 85.0634145905195 -86.054580578569741 -0.0042818721603879442 65914.954834333985 0.0079045589741991388 238.18944920686184 0.0053011455888579443 0.0049001215900213819 0.0079864858837972331 -242.66200747393751 1.2806652974510879 301.73892857142897 17.868580006009271 153.01499999999581 -0.0013433509949630771 1.1453791695520579 329.6923045315063 56.96573334293938 -230.88610204296853 7901.8750000000009 63695.457250000007 83.198908436092793 192.90982044456294 7046.8250000000007 12059.675000000001
decision_type=2 2 2 2 2 2 2 2 2 2 2 2 2 2 2 2 2 2 2 2 2 2 2 2 2 2 2 2 2 2 2 2 2 2 2 2 2 2 2 2 2 2 2 2 2 2 2 2 2 2 2 2 2 2 2 2 2 2 2 2 2 2 2 2 2 2 2 2 2
left_child=3 2 8 4 26 6 7 -4 17 13 -9 -12 18 14 16 -16 62 -2 29 20 -6 54 -23 -22 -25 -26 30 28 -28 -8 55 -30 -17 34 59 -36 41 38 39 -35 -41 -37 -33 -11 45 -45 -47 -48 51 50 66 -15 58 -34 -18 56 -1 -58 -53 67 61 -61 64 -64 -5 -42 -50 -3 -69
right_child=1 33 5 9 19 -7 12 10 -10 43 11 -13 -14 48 15 32 21 -19 -20 -21 23 22 -24 24 25 -27 27 -29 31 -31 -32 42 53 37 35 36 -38 -39 -40 40 65 -43 -44 44 -46 46 47 -49 49 -51 -52 52 -54 -55 -56 -57 57 -59 -60 60 -62 -63 63 -65 -66 -67 -68 68 -70
leaf_value=0 -0.00061734612131112961 0 0 -8.2329283231753796e-05 0 0 9.6719672530277067e-05 0 0 0 0.00077147497342423734 0 0 0 0 0 0 0 0 3.8715755100590085e-05 0 -0.00018211375446536309 0 0 -0.00039624934272170859 0 0 0 0 0.00040777233923706946 -8.8337858722699558e-06 0.00021986632296976374 0 0 0 0 0 0 0 0 0 -0.00086989594602595959 0 0 0 0 0 0.00026038587509815222 0 0 0 0 0 -0.00038662074531229979 0.00012226061089513055 0 0.00012555630661233616 0 -0.00010699445665080665 0 0 0.00025031904917906879 -2.9381778772409928e-05 -0.00011449247046389317 0 0.00053152523871800178 0.0002835278981082972 -9.1523878338263867e-05 0
leaf_weight=305 27 38 44 134 237 74 427 11.999999999999998 30 243 69 19 24 1003 95 18 1033 20 195 134 33 147 223 98 116 119 42 143 33 93 484 416 14.999999999999998 22 39 18 9.9999999999999982 98 23 12.999999999999998 14.999999999999998 33 34 116 157 58 17 178 17 19 37 55 232 151 160 84 481 28 419 10.999999999999998 9.9999999999999982 59 924 951 357 52 91 233 41
leaf_count=305 27 38 44 134 237 74 427 12 30 243 69 19 24 1003 95 18 1033 20 195 134 33 147 223 98 116 119 42 143 33 93 484 416 15 22 39 18 10 98 23 13 15 33 34 116 157 58 17 178 17 19 37 55 232 151 160 84 481 28 419 11 10 59 924 951 357 52 91 233 41
internal_value=0 7.01393e-05 0.000125461 -9.32225e-06 3.08409e-05 0.000162843 0.00018885 0.000435512 -0.000143646 -2.78537e-05 0.00058133 0.000652117 0.00012024 -3.81253e-05 -5.37153e-05 -0.000193914 -3.99191e-05 -0.000390069 0.000139929 -3.72539e-05 -7.90092e-05 0 -7.06855e-05 -0.000137773 -0.000169726 -0.000237805 6.26402e-05 0.000120883 0.000159256 0.000181507 2.36047e-05 0.000181932 -0.000319887 0 -4.60023e-05 -0.000313098 -0.00054668 6.9689e-05 0.000186522 0.000281248 0.000364669 -0.000664681 0.000201098 3.38492e-05 7.20952e-05 0.000114617 0.00017819 0.000226056 0 9.32131e-05 0.000170314 -1.23613e-05 -5.0913e-05 -0.000355821 2.66001e-05 5.77779e-05 7.47624e-05 0.000109524 -8.63202e-05 0 0.000123238 0.000191029 -6.86331e-05 -8.05668e-05 0 0.000454158 0.00024601 -3.55345e-06 -5.17245e-05
internal_weight=0 1749 1034 9637 2787 957 883 144 77 6850 100 88 739 6081 4208 279 3929 47 715 737 603 1563 370 366 333 235 2050 668 525 520 1382 483 184 715 492 100 61 223 125 102 80 51 450 769 526 369 253 195 1873 164 145 1709 706 166 1193 898 814 509 474 392 80 70 2366 1875 491 67 108 312 274
internal_count=11386 1749 1034 9637 2787 957 883 144 77 6850 100 88 739 6081 4208 279 3929 47 715 737 603 1563 370 366 333 235 2050 668 525 520 1382 483 184 715 492 100 61 223 125 102 80 51 450 769 526 369 253 195 1873 164 145 1709 706 166 1193 898 814 509 474 392 80 70 2366 1875 491 67 108 312 274
is_linear=0
shrinkage=0.05


Tree=3
num_leaves=70
num_cat=0
split_feature=39 40 23 31 34 28 27 1 16 6 7 22 51 36 1 39 51 39 47 19 4 36 39 22 35 47 31 1 30 34 4 3 49 20 1 27 27 3 44 23 30 52 1 1 40 28 40 40 47 36 47 4 51 4 6 9 1 17 7 1 36 1 25 16 4 28 28 31 31
split_gain=0.00424878 0.00308595 0.00286299 0.00252302 0.0052431 0.00572355 0.00240799 0.00212233 0.00196463 0.00187974 0.0017407 0.00188939 0.00138526 0.00220431 0.00189141 0.00220191 0.00169947 0.00164096 0.00187454 0.00136071 0.00145659 0.00128821 0.0015237 0.00116731 0.00112434 0.00104166 0.00119985 0.00100354 0.000952537 0.000866929 0.000820595 0.000863911 0.0015163 0.00122062 0.000801507 0.000737528 0.000994194 0.000679445 0.000658405 0.00057687 0.000490293 0.000472209 0.000456528 0.00122249 0.00107481 0.000448213 0.000444647 0.000636934 0.000437843 0.00038535 0.000344124 0.000270908 0.00082719 0.000759855 0.000400196 0.000248966 0.000450126 0.000216931 0.000260204 0.000198103 0.000190229 0.000173512 0.000159771 0.000126985 0.000107061 9.69909e-05 0.00022802 9.50067e-05 9.40174e-05
threshold=0.0066018965334760813 1.047191761523157 0.0098357085364682798 0.011268353080109992 0.72039037059273425 -7.7922240844314805 126.18078284496796 85288.78878033004 0.0017979163518290211 1561.7049999999947 0.014170226152244137 -230.88610204296853 61908.17470000001 1.0676886737615956 64104.573648589263 0.0058892764872640821 89637.391800000027 0.003387469723912686 23.208594007457897 -0.0012589243006529414 1354.3689285714293 0.95084619343052057 0.0019569061302277999 168.46813118868889 802.6800000000004 70.041686641971296 0.010964561522257768 52100.77827311428 26.557477008784076 0.89096577085456918 886.53464285714188 798.51993891587858 67040.462750000021 -0.018056139424835912 60664.730452472264 -240.33541734602903 -63.145608027100131 -348.8370906626061 94.365174351226031 -0.0049463534305599476 -14.456920567379106 0.0017772784347898549 55853.118828201565 54818.958479137385 0.90737805650456327 55.794544675318534 0.81917385637336559 1.5651011970103603 10.643812879623104 0.86344840006531987 20.798049648359019 1138.6578571428565 64905.24210000001 643.58321428571423 3541.3450000000016 743.69499999999618 89176.371605371518 0.0096064424270276855 0.0030695469837031639 64016.292989475194 1.0867865791898705 66160.25124334787 0.01424315477466573 -0.0050737437829287404 1053.833571428572 52.88088092239942 10.580727177943649 0.0055746618300679994 0.0053705433665167676
decision_type=2 2 2 2 2 2 2 2 2 2 2 2 2 2 2 2 2 2 2 2 2 2 2 2 2 2 2 2 2 2 2 2 2 2 2 2 2 2 2 2 2 2 2 2 2 2 2 2 2 2 2 2 2 2 2 2 2 2 2 2 2 2 2 2 2 2 2 2 2
left_child=2 3 6 9 5 8 12 25 -5 30 11 29 17 14 37 40 -17 18 41 20 -12 -20 -23 35 45 26 27 -4 -29 -3 31 32 61 -34 42 -15 -37 -14 -30 -26 -16 60 43 -19 -44 46 -8 50 -39 -43 -48 52 -13 -54 -55 68 -57 58 -36 -41 -1 -2 63 -11 -61 66 -7 -65 -25
right_child=1 10 7 4 -6 65 24 -9 -10 62 19 51 13 23 15 16 -18 34 21 -21 -22 22 -24 55 39 -27 -28 28 38 -31 -32 -33 33 -35 57 36 -38 48 -40 59 -42 49 44 -45 -46 -47 47 -49 -50 -51 -52 -53 53 54 -56 56 -58 -59 -60 64 -62 -63 -64 67 -66 -67 -68 -69 -70
leaf_value=0 5.0292377633522643e-05 0.00026736788799837819 0 0.0013344446184556382 0 0 0 0 0 0 -0.0005423357897903771 0 0 0 -3.4226061877983961e-06 0.00029790360021567092 0 -3.8544345666398243e-06 0 0 0 0 0.00018316784226598225 0 0 0 0 0 0.00054609729713899142 0 0 0 0 0.000372854174447471 0 -0.00013483382444451751 -3.220146996217644e-05 0 0 0 2.9689491548266073e-05 0 0 0.00028511375047576924 -9.5990622302101567e-05 0 0 0 -0.00011034950469001876 -0.0001297352793094897 -0.0001386588814096324 0 0 -0.00037335899073957118 0 0.00014172885401177149 0 0 0.00014100403035771243 -0.00037742369211720789 8.2214962359681862e-05 0 0 0 0 0 0.00014350887326099263 -0.00010332883737900676 -3.8025469989617356e-05
leaf_weight=120 171 101 25 30 54 12.999999999999998 88 38 9.9999999999999982 9.9999999999999982 37 78 49 98 1530 128 54 528 284 11.999999999999998 10.999999999999998 33 535 359 17 92 10.999999999999998 22 80 35 9.9999999999999982 27 39 135 42 694 1233 17 14.999999999999998 12.999999999999998 1681 41 281 37 476 46 25 52 473 122 269 37 18 40 31 85 54 17 132 78 82 26 23 13.999999999999998 10.999999999999998 9.9999999999999982 39 89 183
leaf_count=120 171 101 25 30 54 13 88 38 10 10 37 78 49 98 1530 128 54 528 284 12 11 33 535 359 17 92 11 22 80 35 10 27 39 135 42 694 1233 17 15 13 1681 41 281 37 476 46 25 52 473 122 269 37 18 40 31 85 54 17 132 78 82 26 23 14 11 10 39 89 183
internal_value=0 0.000100197 -2.14164e-06 0.000163663 0.000374809 0.000585126 -8.03425e-06 0.000152129 0.00110444 7.52773e-05 0 3.27495e-05 -2.0064e-07 -1.40784e-05 6.55423e-06 2.38164e-05 0.000198007 2.80461e-05 7.16492e-05 -0.000256697 -0.000390304 0.000113264 0.000157805 -4.95969e-05 -0.000105424 0.000219858 0.000307041 0.000350145 0.000412357 0.000193075 0.000138037 0.0001571 0.000179688 0.00030077 0 -6.8758e-05 -7.69715e-05 -7.42287e-05 0.000483886 -0.000274085 9.24321e-06 0 -2.06184e-05 0 -4.74225e-05 -3.21511e-05 -6.10084e-05 -8.87436e-05 -9.75877e-05 -8.19656e-05 -0.000121132 -9.95537e-07 -6.35973e-05 -0.000175144 -0.000254885 0 6.51511e-05 8.67621e-05 0.000106625 -0.000318829 2.01316e-05 0 -2.92847e-06 -5.94096e-05 -0.000349214 3.93166e-06 6.80956e-05 -8.32934e-05 -7.47171e-06
internal_weight=0 1100 10250 700 156 102 9967 283 40 544 400 340 9368 6638 3932 3393 182 2730 1217 60 48 852 568 2706 599 245 153 142 117 136 408 398 371 174 1513 2025 1927 539 95 119 3211 365 1322 565 757 480 434 346 490 163 294 204 167 89 71 681 139 191 174 102 202 197 136 113 89 62 52 103 542
internal_count=11350 1100 10250 700 156 102 9967 283 40 544 400 340 9368 6638 3932 3393 182 2730 1217 60 48 852 568 2706 599 245 153 142 117 136 408 398 371 174 1513 2025 1927 539 95 119 3211 365 1322 565 757 480 434 346 490 163 294 204 167 89 71 681 139 191 174 102 202 197 136 113 89 62 52 103 542
is_linear=0
shrinkage=0.05


Tree=4
num_leaves=70
num_cat=0
split_feature=51 7 39 0 33 13 50 50 17 32 33 0 26 0 33 31 9 51 31 0 32 35 39 27 47 3 44 20 35 36 20 5 47 1 51 44 51 0 33 25 32 47 11 26 51 33 47 36 47 39 44 27 6 7 4 20 1 39 4 27 36 31 43 7 27 39 51 39 47
split_gain=0.00260029 0.00367953 0.00411667 0.0044911 0.00325514 0.00333125 0.00423193 0.00325882 0.00294432 0.00202255 0.00254687 0.00212553 0.00222858 0.00255976 0.00157304 0.00163121 0.00157029 0.00150277 0.00202803 0.00154131 0.00126786 0.00115908 0.00112176 0.0010989 0.00108671 0.0010599 0.00102685 0.000933188 0.000835622 0.00083067 0.0007963 0.000718906 0.000919081 0.000678949 0.00151804 0.000810758 0.00067893 0.002456 0.000786609 0.000676159 0.000666411 0.000649277 0.000592228 0.000923473 0.000585904 0.000541061 0.000517241 0.000499946 0.00044859 0.000566694 0.00042312 0.000431532 0.000356817 0.000338774 0.00032247 0.00054597 0.000529335 0.000513046 0.000277643 0.000323866 0.000274137 0.000257589 0.000234 0.000209446 0.000184885 0.000177316 0.000245513 0.000187188 0.000137486
threshold=61908.17470000001 0.014170226152244137 0.0058892764872640821 88020.90749146686 0.96615160717271309 164.61500000000163 -0.018964481628611581 0.029125802489054119 -0.0091533174283591739 718.44996428571551 0.84480790574432951 83565.961155534911 -0.019294499914764219 94162.207604082665 1.3647335727380536 0.01109604511549551 1052.269999999997 74813.451300000015 0.0065560249170400894 94768.238287104788 867.90525000000048 -324.84999999999849 0.0025066422940308547 133.04572839459965 28.926693335124469 -107.71595156555621 30.718716005170574 -0.0072895407763180478 506.26499999999584 1.1038420355669527 0.0083154121434263501 948.96500000000754 22.706777009885261 60580.864762914767 59494.83430000001 82.19923576531707 68590.39850000001 66915.793639593889 0.79211255996040808 -0.0029048143156500494 561.09217857142892 48.123871042220181 236.85000000000221 0.011221193997018318 58874.645200000006 0.92141333324074948 73.598317005855975 0.72924441759272707 21.013770180242478 0.0022208222170448885 21.394768454323472 68.783186476796629 -731.81499999999858 0.0038548270540006515 261.08107142857165 0.024801730827487826 60966.664022628633 0.0021803688269490893 393.00500000000051 -131.09543211599504 0.84650778381944092 0.0058679947327114953 74.262192996944592 0.0050510288035368013 -227.40801473020201 0.0062558848815869898 95643.673400000014 0.0072087436717273223 19.201207752744157
decision_type=2 2 2 2 2 2 2 2 2 2 2 2 2 2 2 2 2 2 2 2 2 2 2 2 2 2 2 2 2 2 2 2 2 2 2 2 2 2 2 2 2 2 2 2 2 2 2 2 2 2 2 2 2 2 2 2 2 2 2 2 2 2 2 2 2 2 2 2 2
left_child=8 2 9 4 21 52 -7 -8 22 17 -11 -12 -13 -14 33 28 26 18 36 31 24 58 -1 45 -5 -26 -3 53 46 -29 63 32 -19 34 35 42 37 -2 -38 60 -32 44 62 -44 -37 -23 48 -36 -16 -50 -49 -52 64 -21 -35 56 -56 -58 -4 -60 -24 -62 -10 -20 -6 -22 -67 -68 -63
right_child=1 16 3 20 5 6 7 -9 14 10 11 12 13 -15 15 -17 -18 19 30 27 65 23 39 -25 25 -27 -28 29 -30 -31 40 -33 -34 54 47 41 38 -39 -40 -41 -42 -43 43 -45 -46 -47 -48 50 49 -51 51 -53 -54 -55 55 -57 57 -59 59 -61 61 68 -64 -65 -66 66 67 -69 -70
leaf_value=0 -7.5043921934442992e-05 -0.00087910203127120078 0 0 0 0 0.00074080260088848983 0 0 0 0 0 -0.00072862477877583265 0 0 0 0 0 0 6.6400477267842761e-05 9.3691172769828034e-05 0.00021000337861780462 0 0 0 -0.00047376015614488244 0 0 0 -0.00011556965888522046 0.00012441852866156765 0 8.5598285873360577e-05 0 0 -0.00013591107929325589 0 3.1154381647445668e-05 -0.00014774001455406571 0 0 0 0.00016163775851128575 0 0 0 0 0 0 0.000267953451744089 -0.00024685860173344489 0 0 0 0 0 0 0.00020339248538349676 0 -9.9628690066178748e-05 0 0 4.8856410811879998e-05 -4.4493184688315438e-05 0.00018516194115870315 0 -0.00013051997327546437 0 0.00036717601669238769
leaf_weight=21 1457 21 35 33 13.999999999999998 35 94 20 1185 65 18 24 58 65 48 41 10.999999999999998 262 367 221 50 170 10.999999999999998 81 34 40 25 713 39 391 245 220 963 162 58 228 186 629 538 13.999999999999998 38 96 179 28 13.999999999999998 10.999999999999998 20 14.999999999999998 30 212 118 28 76 134 90 90 11.999999999999998 155 28 151 24 9.9999999999999982 245 264 39 112 63 20 126
leaf_count=21 1457 21 35 33 14 35 94 20 1185 65 18 24 58 65 48 41 11 262 367 221 50 170 11 81 34 40 25 713 39 391 245 220 963 162 58 228 186 629 538 14 38 96 179 28 14 11 20 15 30 212 118 28 76 134 90 90 12 155 28 151 24 10 245 264 39 112 63 20 126
internal_value=0 -1.43117e-05 -9.50155e-06 7.67364e-05 0.000150939 0.000298443 0.000470776 0.000617881 3.837e-05 -2.56009e-05 -0.000179242 -0.000288476 -0.000359722 -0.000446832 2.07493e-05 0.000116048 -0.000419581 -1.79933e-05 -3.96066e-05 4.56054e-06 -3.96434e-05 3.30887e-05 0.000229608 0.000114133 -0.000186114 -0.000294021 -0.000549653 -2.54998e-05 0.000163448 -5.34236e-05 1.25291e-05 4.52875e-05 6.23354e-05 1.43189e-06 -4.63603e-06 1.94328e-06 -6.1901e-05 -3.58327e-05 -0.000116229 0.000271673 8.67664e-05 -5.78507e-05 2.34634e-05 0.000107122 -0.000106607 0.000184326 0.00019183 -0.000132176 0.000209245 0.000238903 -0.000177437 -0.000204763 0 1.90981e-05 5.70066e-05 8.41705e-05 0.000121908 0.000175349 0 -6.21843e-05 0.000299479 0.000316393 8.34429e-07 0 0.000129127 0 0 -8.57361e-05 0.000349891
internal_weight=0 8021 7964 1106 754 278 149 114 3299 6858 230 165 147 123 3093 390 57 6628 3724 2904 352 476 206 262 107 74 46 1459 349 1104 914 1445 1225 2703 2194 1975 2810 2086 724 185 283 338 1637 207 242 181 310 219 290 242 161 146 129 355 509 347 257 167 214 179 171 160 1430 631 53 245 195 83 136
internal_count=11320 8021 7964 1106 754 278 149 114 3299 6858 230 165 147 123 3093 390 57 6628 3724 2904 352 476 206 262 107 74 46 1459 349 1104 914 1445 1225 2703 2194 1975 2810 2086 724 185 283 338 1637 207 242 181 310 219 290 242 161 146 129 355 509 347 257 167 214 179 171 160 1430 631 53 245 195 83 136
is_linear=0
shrinkage=0.05


Tree=5
num_leaves=70
num_cat=0
split_feature=51 8 27 50 4 40 0 33 14 35 47 7 52 22 17 40 47 7 7 31 47 40 3 26 3 33 47 18 34 34 44 36 0 38 6 40 36 40 8 22 27 4 33 47 31 16 4 7 22 47 31 51 43 7 0 35 0 47 47 7 22 52 49 22 33 12 30 26 8
split_gain=0.00423245 0.0030126 0.00330903 0.00277206 0.0025397 0.00315513 0.00517084 0.00391238 0.00250255 0.00242955 0.00293495 0.00639257 0.00414042 0.00486893 0.00207385 0.00142449 0.00116999 0.00128077 0.00114944 0.00160384 0.00102997 0.00201994 0.00139683 0.00226398 0.000925243 0.000978365 0.000857977 0.000806558 0.00165222 0.00134154 0.000781514 0.000738535 0.000731176 0.00071718 0.000685376 0.000622227 0.000614361 0.000611436 0.000714463 0.000996757 0.000688264 0.000591527 0.00125231 0.000635277 0.000616944 0.000548213 0.000537565 0.00046992 0.000906086 0.000464506 0.000660618 0.000485585 0.000424515 0.000650014 0.000422787 0.000416591 0.000377283 0.000333469 0.000783412 0.000672036 0.000906218 0.000659788 0.00075615 0.000743017 0.000468848 0.000423852 0.000726944 0.000286979 0.000260899
threshold=61908.17470000001 12341.275000000003 -78.496689880860472 0.0069702333068937762 671.10535714285743 1.0444422991460527 88307.279610044512 1.6386594062522684 106.29000000000089 -1385.9949999999951 53.858641978607857 0.0051179902128661225 0.029345551916596803 708.69992321882467 -0.0088545516435425391 1.6304831590003384 18.621118580015736 0.014170226152244137 0.0055137962508846833 0.012849659226176377 36.700619116740761 0.95279464928755508 320.00787328852726 -0.0025031369852438648 27.12564765453148 1.2269631165738561 19.201207752744157 -0.0090857838077333369 0.74985779828333088 -3.4926406289955234 90.169377279836439 0.98387159985216832 96322.334233369911 -0.19117197332880795 1325.5749999999973 1.3424334299483089 0.69187253199910492 1.1454858645637207 7855.6250000000009 -63.738821122955407 19.295663329194301 469.58285714285643 0.83488075382007987 49.474719736162498 0.0039661115662721702 0.0078080076437353494 738.01500000000055 0.0044015306582560762 255.61670830058577 21.404394276019442 0.0052841633581962675 43572.861800000006 19.006137705067641 0.012289794037657179 64919.56432325807 -1749.419999999998 102373.30405658593 47.566164219592785 65.066163805221393 0.0034456641305503255 -117.3150341700093 -0.0055772990655614521 60496.820500000009 -90.283483366976711 0.66120126564667092 0.0018134971133080926 -54.762220485131543 0.002291787886746314 6268.1750000000011
decision_type=2 2 2 2 2 2 2 2 2 2 2 2 2 2 2 2 2 2 2 2 2 2 2 2 2 2 2 2 2 2 2 2 2 2 2 2 2 2 2 2 2 2 2 2 2 2 2 2 2 2 2 2 2 2 2 2 2 2 2 2 2 2 2 2 2 2 2 2 2
left_child=14 2 4 16 41 -6 7 8 -7 10 11 -4 13 -13 15 27 -3 32 -5 35 37 47 23 -23 57 34 -27 28 29 -1 33 -31 36 -28 49 -20 -18 38 54 -40 -39 42 -2 44 -44 -38 -35 67 -49 -26 51 -51 -8 -54 -11 -36 -42 59 65 60 64 62 63 -61 -16 -59 -67 -22 -57
right_child=1 3 9 18 5 6 52 -9 -10 20 -12 12 -14 -15 24 -17 17 -19 19 -21 21 22 -24 -25 25 26 30 -29 -30 31 -32 -33 -34 46 55 -37 45 40 39 -41 56 -43 43 -45 -46 -47 -48 48 -50 50 -52 -53 53 -55 -56 68 -58 58 -60 61 -62 -63 -64 -65 -66 66 -68 -69 -70
leaf_value=0 0 0 0 0 0 0 0 0 -0.00074921455139886385 -2.6660702676979325e-05 0 0.00025849710842939443 0 0.0020890778021532158 0 0 0 0 -0.00035079381620032354 0 -3.9650392309937725e-05 -3.4672062426897953e-06 0 -0.0001918518825842876 0 0 0 0 0 0 0 0.00078234074216905155 0 0.00026172349971840115 0 0 0.0002532920676875002 0 0 -6.7606508239796741e-05 0.0001107477368611981 0 0 0 -0.00018530263843880793 0 0 0.0001914535611297501 0 0 0 0.0001308169732338491 -0.00018862777387809146 0 3.5075366824278701e-05 0 0 0 0 -0.00017169898325950585 0 0 0 0 0.00017631742691414225 0 0.00023837180160427788 1.0902628799578163e-07 -0.00010930591945770629
leaf_weight=12.999999999999998 226 40 111 64 88 27 76 19 98 171 142 67 19 9.9999999999999982 10.999999999999998 27 24 14.999999999999998 69 31 464 490 292 510 203 32 33 54 81 9.9999999999999982 80 40 10.999999999999998 214 73 13.999999999999998 339 358 481 996 311 483 40 107 278 25 12.999999999999998 93 33 92 283 361 75 11.999999999999998 837 24 15.999999999999998 114 81 240 516 261 17 29 112 60 98 422 149
leaf_count=13 226 40 111 64 88 27 76 19 98 171 142 67 19 10 11 27 24 15 69 31 464 490 292 510 203 32 33 54 81 10 80 40 11 214 73 14 339 358 481 996 311 483 40 107 278 25 13 93 33 92 283 361 75 12 837 24 16 114 81 240 516 261 17 29 112 60 98 422 149
internal_value=0 -1.82145e-05 -2.87494e-05 8.05463e-05 -9.53701e-05 -0.000215916 -0.000292596 -0.000521197 -0.000625067 -8.67366e-06 0.00011338 0.000238774 0.000536846 0.000701727 4.88693e-05 0.000209317 0.000155004 0.000182761 -2.52322e-05 -0.000161522 -1.92049e-05 -4.46489e-05 -8.63797e-05 -0.000114584 3.23327e-05 5.96954e-05 0.000141492 0.000260219 0.000327067 0.000555405 0.000167931 0.000674015 0.000206568 0.000210622 2.13156e-05 -0.000289473 0.000220417 0 -1.22321e-05 -3.73645e-05 4.10778e-05 -4.00828e-05 -7.11871e-05 -0.000122952 -0.000158689 0.000236636 0.000242235 0 9.58415e-05 4.79445e-05 6.7149e-05 0.000104712 0 -0.000110132 9.72068e-06 -1.93682e-05 9.37328e-05 0 4.64088e-05 -7.80677e-06 9.6634e-06 -5.56027e-05 -0.000108007 -0.00013934 0.000137215 9.99062e-05 0.00015442 -3.80321e-06 -8.08438e-05
internal_weight=0 7984 7352 632 1529 395 307 144 125 5823 349 207 96 77 3321 225 454 414 178 114 5474 2304 1292 1000 3096 1557 372 198 144 63 340 50 399 260 1185 83 388 3170 2485 1477 685 1134 651 425 318 364 227 1012 126 939 736 453 163 87 1008 246 327 1539 353 1186 639 547 286 269 123 272 158 886 173
internal_count=11305 7984 7352 632 1529 395 307 144 125 5823 349 207 96 77 3321 225 454 414 178 114 5474 2304 1292 1000 3096 1557 372 198 144 63 340 50 399 260 1185 83 388 3170 2485 1477 685 1134 651 425 318 364 227 1012 126 939 736 453 163 87 1008 246 327 1539 353 1186 639 547 286 269 123 272 158 886 173
is_linear=0
shrinkage=0.05


Tree=6
num_leaves=70
num_cat=0
split_feature=32 1 28 52 8 40 40 14 51 33 8 8 26 47 27 40 28 30 32 4 4 49 51 49 52 1 47 51 7 44 32 9 8 44 40 27 1 50 9 30 47 38 40 23 25 8 1 5 20 7 30 8 47 7 47 8 49 25 40 17 38 44 52 49 8 52 7 30 30
split_gain=0.00302249 0.00624394 0.00754969 0.00420211 0.00318666 0.00388629 0.00585179 0.00199357 0.00195313 0.00221122 0.0018028 0.00174662 0.00189611 0.00173737 0.0020812 0.00131825 0.00123936 0.00123119 0.00212098 0.000981265 0.00136439 0.00131136 0.0010518 0.0013156 0.00161428 0.000822917 0.000764451 0.000755347 0.000836867 0.000751471 0.00102413 0.00119274 0.000630543 0.000626578 0.000566896 0.000885773 0.00150475 0.000647068 0.000491573 0.000489168 0.000461751 0.000497389 0.000442348 0.000440714 0.000417772 0.000388378 0.000459037 0.000694242 0.000432618 0.000284587 0.000273407 0.000254331 0.000209198 0.000154075 0.000148127 0.000427611 0.000815896 0.000382717 0.000294474 0.000133333 0.000215845 0.000333937 0.000498684 0.000113104 9.08285e-05 3.37579e-05 3.12812e-05 3.17029e-05 2.46175e-05
threshold=939.67226785714286 83304.892976199015 33.975013057732902 0.029345551916596803 11743.925000000001 1.0712766125305992 0.85989468887327347 216.1350000000057 61908.17470000001 1.0998591626266161 10768.375000000002 12262.925000000001 0.0057302591680712294 65.438974507059854 85.129857421731728 0.78467882927304855 19.432137463764033 86.605615270788817 530.4214464285734 598.44178571428722 452.74214285714339 66703.58100000002 63291.245700000007 93493.731500000009 -0.001180602669062247 94499.240399204995 54.836699763864011 41264.859500000006 0.0069076044246419886 12.099837328364746 569.32646428571456 477.37500000000733 8041.7000000000016 74.456595794415577 0.71882903440884782 -3.1861093879130364 46277.924733546919 0.00092388123781532666 226.53499999999624 76.236343602945837 56.645060097244702 -0.16026404410104608 1.0264963122725683 -0.00093273577291626763 -0.0022131259161562995 11607.900000000003 87521.44483606545 -1785.0850000000025 0.043678990362044263 0.005257692667546744 190.26658706515872 8972.3250000000025 17.794506177034364 0.0050790540375578635 45.678224010268757 11788.375000000002 97449.821500000005 -0.0034156862042178135 0.78467882927304855 -0.012032558911603817 -0.17507924836510144 89.810296704189284 -0.036675261214280254 97794.88900000001 11115.025000000003 -0.0088850015294049071 0.009491573642007093 -36.492858556561636 173.94904420391256
decision_type=2 2 2 2 2 2 2 2 2 2 2 2 2 2 2 2 2 2 2 2 2 2 2 2 2 2 2 2 2 2 2 2 2 2 2 2 2 2 2 2 2 2 2 2 2 2 2 2 2 2 2 2 2 2 2 2 2 2 2 2 2 2 2 2 2 2 2 2 2
left_child=7 2 3 4 5 6 -2 8 9 34 15 19 16 14 27 -9 17 18 -13 20 21 33 -21 24 -24 26 -22 -11 -29 -17 40 -32 -23 -10 35 -1 -37 38 -36 -38 41 -31 43 -39 -40 48 -47 -48 50 -49 64 -15 -33 -14 55 56 57 -12 -59 -56 -61 62 -62 -25 -3 -27 67 -55 -16
right_child=1 45 -4 -5 -6 -7 -8 10 11 13 54 12 53 51 68 29 -18 -19 -20 22 25 32 23 63 -26 65 -28 28 -30 30 31 52 -34 -35 37 36 39 42 44 -41 -42 -43 -44 -45 -46 46 47 49 -50 -51 -52 -53 -54 66 59 -57 -58 58 -60 60 61 -63 -64 -65 -66 -67 -68 -69 -70
leaf_value=0 0 0.00018676560420112943 0 0 0 0 0.001987084356071644 0 -7.8379182194661962e-05 0 0 0 0 0 -2.0709345159992457e-05 0 0 0 0.00043992948599028679 0 0.00010144487360966798 2.2226563422581526e-05 -0.00027816677648921428 0 0 0 0 0.0002018459093932021 0 0 0 0 -2.5732906463419459e-05 0 0 0 0.00025255278128250778 0 0 0 0 -0.00010576286512738098 0 -8.8388656559249318e-05 0.00014571278034062365 0 0 0 0 -0.0002357663107574016 0 -0.00013383049868243179 -0.00038227124383575822 0 0 0 0 0 0.00028100322265949332 0 0 0 -0.00020049252204215281 -3.8833628223364943e-05 0 -1.7193107224141302e-05 0 -0.00010071214737270517 0
leaf_weight=256 17 64 56 17 42 12.999999999999998 21 138 1103 58 28 39 59 67 143 60 99 41 99 36 548 1411 180 175 197 72 181 583 44 43 45 9.9999999999999982 1327 361 347 84 134 73 207 23 94 458 276 469 116 28 26 10.999999999999998 30 77 18 35 121 9.9999999999999982 31 179 35 12.999999999999998 65 9.9999999999999982 11.999999999999998 9.9999999999999982 73 187 22 285 13.999999999999998 53 47
leaf_count=256 17 64 56 17 42 13 21 138 1103 58 28 39 59 67 143 60 99 41 99 36 548 1411 180 175 197 72 181 583 44 43 45 10 1327 361 347 84 134 73 207 23 94 458 276 469 116 28 26 11 30 77 18 35 121 10 31 179 35 13 65 10 12 10 73 187 22 285 14 53 47
internal_value=0 0.000130982 0.000373294 0.00061707 0.000749909 0.00108429 0.00135093 -1.53593e-06 5.35061e-06 3.99282e-05 -5.76599e-05 -8.14824e-06 8.56104e-05 0.00010238 0.000129089 -9.76585e-05 0.00016712 0.000246158 0.00031742 -1.70307e-05 -6.14247e-06 -2.1454e-05 -7.19295e-05 -9.47707e-05 -0.000162194 3.92782e-05 7.15396e-05 0.00016992 0.000185879 -0.000122815 -0.000136717 -0.000284143 0 -5.96604e-05 1.61712e-06 5.26594e-05 0.000121992 -5.36598e-06 1.72791e-05 0.000216111 -6.77184e-05 -8.8018e-05 -4.22394e-05 -6.87775e-05 6.64657e-05 0 -7.07469e-05 -0.000127482 4.37733e-05 -0.000201588 0.000113207 0 -0.000361997 0 0 3.39918e-05 0.000100857 0.000180741 0.000237714 0 -5.62099e-05 -9.56075e-05 -0.00014133 0 0.000152921 0 -7.04993e-05 -8.54253e-05 0
internal_weight=0 442 166 110 93 51 38 10864 9439 2962 1425 6477 414 977 875 969 278 179 138 6063 5288 4202 775 739 377 1086 729 685 627 831 771 176 2738 1464 1985 497 241 1488 670 157 595 501 818 542 323 276 142 114 134 88 104 102 131 136 456 320 141 106 78 136 105 95 85 362 86 357 77 63 190
internal_count=11306 442 166 110 93 51 38 10864 9439 2962 1425 6477 414 977 875 969 278 179 138 6063 5288 4202 775 739 377 1086 729 685 627 831 771 176 2738 1464 1985 497 241 1488 670 157 595 501 818 542 323 276 142 114 134 88 104 102 131 136 456 320 141 106 78 136 105 95 85 362 86 357 77 63 190
is_linear=0
shrinkage=0.05


Tree=7
num_leaves=68
num_cat=0
split_feature=32 1 8 27 30 39 33 51 27 32 8 25 31 10 1 49 51 23 32 39 39 8 19 47 27 39 1 33 14 39 47 27 47 2 32 27 23 31 20 47 47 31 47 1 14 5 8 50 1 32 9 32 39 0 3 25 0 27 31 3 8 25 8 4 30 30 33
split_gain=0.00259822 0.00721573 0.00746541 0.00525462 0.00373401 0.00396877 0.00270215 0.0022753 0.00181131 0.00464244 0.00391499 0.00181048 0.00171151 0.00268731 0.00220124 0.00152616 0.00122746 0.00120511 0.00206963 0.0015676 0.00110876 0.0012209 0.00140468 0.00110669 0.000907524 0.000829868 0.00182702 0.000735991 0.0010877 0.00072052 0.000648653 0.000771541 0.000640739 0.000630418 0.00113808 0.000811523 0.000524083 0.00029295 0.00082388 0.000487575 0.000233381 0.000719774 0.000217922 0.000377414 0.000188454 0.00047379 0.000321211 0.000214663 0.00020886 0.00018225 0.000170591 0.000276448 0.000449937 8.16264e-05 7.24064e-05 7.00515e-05 6.55012e-05 5.59503e-05 9.69536e-05 5.49129e-05 3.65524e-05 3.30206e-05 0.000123732 2.96406e-05 4.35069e-06 0.000119798 2.17107e-05
threshold=922.10264285714322 83304.892976199015 10095.150000000003 345.82832955750433 -322.08134243977628 0.0051942583828138286 1.5124729069871481 61908.17470000001 86.834179054318426 561.09217857142892 11514.125000000002 -0.018966922529391691 0.013225694574206812 0.0057348383139697026 95224.798015394961 46853.055000000008 45050.202100000002 0.0031154202810977452 573.77967857142733 0.0076649555552401206 0.005606122887380327 8506.6000000000004 0.0031998388893171863 41.883038791340745 -72.35691678451316 0.00594932845843869 68480.228865248719 1.1366681855656291 199.37000000000265 0.0024616080383529 46.371032064257086 -197.64539347884531 21.013770180242478 141.10704679451376 283.01089285714244 64.841959627252464 0.0018918968710019313 0.0075831037167581822 0.02762142502572296 73.598317005855975 31.207324414033668 0.0048485654652466337 61.788146523462565 61071.178307290342 154.46500000000381 -1710.4699999999937 8276.4250000000011 0.0036590308003785249 96218.842350523992 466.75751785714272 245.2999999999993 304.5893750000003 0.0021682096864911854 49747.292189821223 419.49606230060209 -0.0046851653854135073 67887.666121191331 -176.66165213758393 0.0080618412609144915 262.79963928436894 9769.8750000000018 -0.00012521143934998417 5575.4000000000005 393.00500000000051 -77.398208095080193 329.6923045315063 0.71952657875992687
decision_type=2 2 2 2 2 2 2 2 2 2 2 2 2 2 2 2 2 2 2 2 2 2 2 2 2 2 2 2 2 2 2 2 2 2 2 2 2 2 2 2 2 2 2 2 2 2 2 2 2 2 2 2 2 2 2 2 2 2 2 2 2 2 2 2 2 2 2
left_child=4 2 3 23 5 -1 -7 15 10 37 24 -4 13 60 -15 16 50 18 55 -20 21 -18 -23 -2 30 36 -27 33 29 -29 31 -9 -31 34 53 -36 -26 40 -39 -40 63 -42 43 -35 47 -46 -47 48 -3 -44 61 52 -52 -17 59 -12 -56 -48 -59 -19 -11 -6 -63 -10 -13 66 -66
right_child=1 44 11 -5 7 6 -8 8 9 12 17 64 -14 14 -16 27 20 54 19 -21 -22 22 -24 -25 25 26 -28 28 -30 32 -32 -33 -34 42 35 -37 -38 38 39 -41 41 -43 49 -45 45 46 57 -49 -50 -51 51 -53 -54 -55 56 -57 -58 58 -60 -61 -62 62 -64 -65 65 -67 -68
leaf_value=0 0 0.00013569963388853588 0.00051192669124092637 0 0 -0.00097320802550000893 0 0 0 0 0 -1.4789552692408609e-05 0 -0.00043088062088105254 0 0 0 0 0.00028406681384641965 0 0 -0.00058339511462142824 0 0.0020045779590848189 -2.3906531928569603e-05 0 0.00027004684403787873 0 0 0 0 -9.5883505117142683e-05 0.00018121411682565458 -6.6467849852996406e-05 0.00011402382519788619 0 9.7111871929169551e-06 0 0.00031243970955400097 0 0 -0.00010201276292009076 0.00010138452235275365 0 0 0 0 0 0 0 0 0 0.00011948910536294636 -2.5038588871439414e-05 0 3.3777273882163204e-05 4.2681525167785121e-05 0 -0.0001698275149913935 -8.6160093996146467e-05 -2.6616635926190993e-05 0 -3.8203673395919247e-05 2.2413884744371719e-05 0 0 7.8975446259036026e-05
leaf_weight=17 10.000000000000002 57 20 11.999999999999998 189 27 9.9999999999999982 168 89 63 109 27 23 184 43 11.999999999999998 63 11.999999999999998 249 24 37 36 20 13.999999999999998 2850 83 85 78 130 74 396 823 451 329 571 154 1182 62 40 10.999999999999998 177 234 47 89 33 9.9999999999999982 9.9999999999999982 59 38 26 46 54 157 325 15.999999999999998 153 95 10.999999999999998 98 41 129 58 268 147 17 14.999999999999998 57
leaf_count=17 10 57 20 12 189 27 10 168 89 63 109 27 23 184 43 12 63 12 249 24 37 36 20 14 2850 83 85 78 130 74 396 823 451 329 571 154 1182 62 40 11 177 234 47 89 33 10 10 59 38 26 46 54 157 325 16 153 95 11 98 41 129 58 268 147 17 15 57
internal_value=0 0.000115404 0.000377215 0.00107732 -1.77401e-06 -0.000414615 -0.000717232 0 -1.47742e-05 -7.15032e-05 -1.53573e-06 7.87357e-05 -0.000200306 -0.000229176 -0.000355496 3.55114e-05 -5.1435e-06 0.000107125 0.000143584 0.000243483 -0.000140445 -0.000221422 -0.000397138 0.00150508 -1.78234e-05 -2.35674e-06 9.94813e-05 5.85729e-05 0.000108934 0.000137582 -5.38298e-05 -7.54353e-05 0.000158638 2.51199e-05 4.90504e-05 8.62857e-05 -1.03316e-05 0 7.71128e-05 0.000230433 -9.42035e-06 -3.94653e-05 0 -3.49838e-05 0 -5.38439e-05 -0.000113068 3.55574e-07 7.49643e-05 2.10662e-05 2.85291e-06 4.09956e-05 7.43154e-05 0 0 0 9.57412e-06 -0.000143437 -0.000154047 -5.65017e-05 -1.37262e-06 0 -1.59009e-05 0 0 7.37019e-06 6.39166e-05
internal_weight=0 488 172 36 10756 54 37 10702 7488 1202 6286 136 442 419 227 3214 928 699 535 273 156 119 56 24 5587 4200 168 2286 733 603 1387 991 525 1553 1062 725 4032 760 113 51 647 411 491 418 316 162 129 154 95 73 772 257 203 337 164 262 111 119 109 53 192 515 326 236 116 89 74
internal_count=11244 488 172 36 10756 54 37 10702 7488 1202 6286 136 442 419 227 3214 928 699 535 273 156 119 56 24 5587 4200 168 2286 733 603 1387 991 525 1553 1062 725 4032 760 113 51 647 411 491 418 316 162 129 154 95 73 772 257 203 337 164 262 111 119 109 53 192 515 326 236 116 89 74
is_linear=0
shrinkage=0.05


Tree=8
num_leaves=61
num_cat=0
split_feature=32 40 1 28 31 30 8 4 39 31 4 35 52 35 14 32 44 1 39 20 27 39 39 27 27 20 28 20 23 0 50 31 39 20 27 4 8 32 47 4 40 31 47 2 47 39 8 47 39 50 25 39 23 32 44 47 1 1 39 32
split_gain=0.00325882 0.00334248 0.00613833 0.0029125 0.00326182 0.00278036 0.00394547 0.00231936 0.00276327 0.00244004 0.0021306 0.00191505 0.00268976 0.0016402 0.00191321 0.00161521 0.00154367 0.00149532 0.00120853 0.00143735 0.00120823 0.00305054 0.00177316 0.00114472 0.001201 0.00124612 0.00157518 0.00111273 0.000960137 0.000953784 0.000913868 0.000813016 0.000972356 0.00081212 0.000800304 0.000790692 0.00121503 0.000632577 0.00060066 0.000504715 0.000525873 0.000646943 0.000494116 0.00046984 0.000312308 0.000148953 0.00042127 0.000257761 0.000141319 0.00125587 0.000168021 0.000682195 9.54422e-05 7.84317e-05 0.000122098 7.42569e-05 1.76907e-05 0.000718976 0.0001922 1.59221e-05
threshold=904.10125000000107 1.047191761523157 87521.44483606545 39.964553627070053 0.0095390598338389119 110.31887098415424 12184.225000000002 676.63035714285706 0.0045093007656495879 0.012849659226176377 598.44178571428722 2487.7300000000037 0.029345551916596803 -1148.725000000002 69.034999999996231 594.67403571428497 87.528777699783589 95391.757576373711 0.005514186581948328 0.013255459534502136 -304.34409066054826 0.0061990108125104578 0.0051942583828138286 94.274076365119882 -122.18840466897821 0.027091246964493946 33.168893230247569 0.012528168591168122 0.0091998988008408621 63965.975059307391 0.0072138432247913246 0.0070516777698308311 0.0040576546005899406 0.0021589119379782367 77.712745760043504 455.08999999999918 8165.3750000000009 419.75894642857185 65.066163805221393 643.58321428571423 1.6084342467854948 0.0052841633581962675 47.566164219592785 880.49909376443986 76.104428508452841 0.003850787143050862 10427.500000000002 26.488927091508124 0.010751407199064774 -0.0092714462659800965 0.0091848485825282641 0.0058892764872640821 0.012787365830964712 514.60303571428483 84.942604364451356 66.677121113206127 96218.842350523992 89176.371605371518 0.0061503224418763243 393.50712499999992
decision_type=2 2 2 2 2 2 2 2 2 2 2 2 2 2 2 2 2 2 2 2 2 2 2 2 2 2 2 2 2 2 2 2 2 2 2 2 2 2 2 2 2 2 2 2 2 2 2 2 2 2 2 2 2 2 2 2 2 2 2 2
left_child=5 2 3 4 -2 6 10 28 -9 15 18 12 16 45 -15 -10 -6 29 27 34 22 -22 -16 24 -8 26 30 35 33 -17 -26 32 -29 -7 42 36 -1 -37 -33 40 41 -35 -20 44 52 -12 -47 -48 50 -50 51 -3 -30 59 -55 -53 57 -4 -58 -21
right_child=1 48 56 -5 11 7 23 8 9 -11 13 -13 -14 14 20 17 -18 -19 19 53 21 -23 -24 -25 25 -27 -28 31 43 -31 -32 38 -34 39 -36 37 -38 -39 -40 -41 -42 -43 -44 -45 -46 46 47 -49 49 -51 -52 55 -54 54 -56 -57 58 -59 -60 -61
leaf_value=-1.7145447270914018e-06 0 0 0 0 0.0011161319071760947 0 0 0 0 0 0 0 0 0 0 0 0 0 0.00018600109303917986 0 -0.00017181149134930319 5.8460189918252863e-05 -0.00077647106148387229 0 0.00034666141698098843 0 0 3.9533568837756754e-05 0.00017890470525092116 -0.00067322843637597973 0 0.00019045402560261275 -5.355549364687362e-05 0 0 6.7748643879506776e-05 -5.6886918091414725e-05 0 0 0 0 -0.00016565381155046207 0 0 0 0 0 0.00019140648380909899 -0.00037758435546159178 0 0 0.00014662661753272706 0 -6.2460832384773747e-05 0 0 0 0.00017640672883806894 -9.6836493874978395e-05 2.000132412269441e-05
leaf_weight=3208 33 12.999999999999998 30 31 49 131 122 69 14.999999999999998 39 35 17 9.9999999999999982 212 11.999999999999998 9.9999999999999982 12.999999999999998 20 276 23 444 93 27 52 202 24 53 935 77 80 15.999999999999998 132 341 150 49 400 2018 534 50 25 29 322 48 38 14.999999999999998 92 17 56 24 32 30 107 9.9999999999999982 128 13.999999999999998 9.9999999999999982 12.999999999999998 58 53 99
leaf_count=3208 33 13 30 31 49 131 122 69 15 39 35 17 10 212 12 10 13 20 276 23 444 93 27 52 202 24 53 935 77 80 16 132 341 150 49 400 2018 534 50 25 29 322 48 38 15 92 17 56 24 32 30 107 10 128 14 10 13 58 53 99
internal_value=0 0.000116914 0.0002246 0.00044836 0.000557977 -1.00239e-05 -1.76567e-07 -8.8274e-05 -0.000238809 -0.000350637 -8.89246e-06 0.000719198 0.000839385 -7.82809e-05 -0.000113502 -0.000457995 0.000961711 -0.000524191 0 6.55173e-05 -0.000160986 -0.000104008 -0.000554545 0.000139473 0.0001695 0.000225283 0.000258289 -6.1146e-06 -2.53347e-05 -0.000613847 0.000317676 2.96551e-05 2.8942e-06 -6.31933e-05 0.000130182 -1.70174e-05 -2.58925e-05 1.65772e-05 0.000134561 -9.40384e-05 -0.000108628 -0.00012372 0.000160225 4.51615e-05 0.000119395 0 4.74346e-05 0.000139267 0 -7.90764e-05 0 5.67344e-05 0.000160069 0 -3.70944e-05 0.000134498 0 1.61354e-05 -1.78488e-05 0
internal_weight=0 523 307 153 122 10742 9712 1030 233 164 9243 89 72 988 788 125 62 110 8255 637 576 537 39 469 417 295 271 7618 797 90 218 1458 1276 657 373 6160 5226 934 182 526 501 472 324 140 102 200 165 73 216 56 160 130 87 264 142 117 154 88 66 122
internal_count=11265 523 307 153 122 10742 9712 1030 233 164 9243 89 72 988 788 125 62 110 8255 637 576 537 39 469 417 295 271 7618 797 90 218 1458 1276 657 373 6160 5226 934 182 526 501 472 324 140 102 200 165 73 216 56 160 130 87 264 142 117 154 88 66 122
is_linear=0
shrinkage=0.05


Tree=9
num_leaves=67
num_cat=0
split_feature=32 1 30 52 5 4 51 20 35 43 3 52 4 1 44 20 4 36 2 1 51 49 0 4 36 14 4 2 47 33 33 32 43 12 32 47 47 34 5 51 33 23 0 35 33 19 35 2 19 52 19 38 51 10 34 5 40 34 47 30 47 1 5 1 33 1
split_gain=0.00286117 0.00442482 0.00652409 0.00342163 0.00346234 0.00282976 0.00335285 0.00352564 0.00278791 0.00272852 0.0020772 0.00188974 0.00152707 0.00122764 0.000974825 0.000872211 0.0014534 0.00146096 0.00137828 0.00115094 0.00108889 0.00130598 0.000831871 0.000828329 0.000778387 0.000776455 0.000742921 0.000733155 0.00065198 0.00150308 0.0012927 0.000950762 0.00070885 0.00063599 0.000662989 0.000489008 0.000478906 0.000441988 0.000490678 0.000431043 0.000407604 0.000380142 0.000451967 0.000371168 0.000370214 0.000584822 0.00039494 0.00033449 0.000325562 0.000299004 0.000274619 0.000262617 0.000208946 0.000177386 0.000167145 0.0001387 0.000203973 0.000136464 0.000126759 0.000635438 0.00102135 0.00051863 0.000271767 0.000122157 9.81316e-05 3.04993e-05
threshold=922.10264285714322 83165.026147120123 85.0634145905195 0.031043795763879143 2655.3800000000015 617.94035714285735 63344.017800000009 0.011647800744259753 3302.8949999999973 14.499039118907429 -498.21100763464977 0.02157247487129833 671.10535714285743 63650.830839155555 16.942775456810466 0.024412913018722174 455.08999999999918 1.037308012292196 228.33226748533346 97013.45278597124 61908.17470000001 63917.055000000015 59983.054326419828 653.96749999999997 1.3465247044580646 216.1350000000057 334.06607142857223 97.847379641385501 53.280772113709368 1.0998591626266161 1.3190459194587685 770.56694642857099 59.32041334634706 0.00096304807073221749 549.1308035714286 11.426221536829244 56.645060097244702 -0.025146896701076126 2436.7300000000037 61222.241900000015 0.99717987663377283 0.015197121054807248 96193.330674660639 1042.5300000000027 1.3190459194587685 0.0044550981538704635 506.26499999999584 -736.73851720265873 -0.0057632266463514817 0.048651114341175174 0.00032484632173024336 0.18883748774753487 58121.161300000014 0.012025205941414726 0.086747705406535522 -1033.3350000000062 1.5432095125263199 1.1060463833191851 18.621118580015736 126.47448114229121 59.592297949581003 95994.900806684556 1583.6749999999995 88406.72753371326 0.80344877943649173 53122.900378547507
decision_type=2 2 2 2 2 2 2 2 2 2 2 2 2 2 2 2 2 2 2 2 2 2 2 2 2 2 2 2 2 2 2 2 2 2 2 2 2 2 2 2 2 2 2 2 2 2 2 2 2 2 2 2 2 2 2 2 2 2 2 2 2 2 2 2 2 2
left_child=5 2 -2 4 8 11 22 9 -4 13 43 15 54 -8 -14 16 20 18 19 -18 24 35 52 -24 39 -26 -17 -23 29 50 31 -31 -30 -13 37 -22 40 -35 49 -1 -25 42 -34 47 45 -19 -46 -11 -28 -39 -9 57 65 -45 -12 56 -15 -50 63 60 61 62 -60 -3 -52 -7
right_child=1 58 3 -5 -6 6 7 28 -10 10 12 33 14 55 -16 26 17 44 -20 -21 21 27 23 36 25 -27 48 -29 32 30 -32 -33 41 34 -36 -37 -38 38 -40 -41 -42 -43 -44 53 46 -47 -48 -49 51 -51 64 -53 -54 -55 -56 -57 -58 -59 59 -61 -62 -63 -64 -65 -66 -67
leaf_value=-1.0135543688363084e-05 0 -0.00022949699393433071 0.00096175697377417233 0 0 0 -0.00052834652674694864 0 0 0 0 0 0 8.2683143656325016e-05 -0.0003592416892628117 0 0.00013933880267041554 -8.1796169635310465e-05 0 0 0 -3.1704580048390857e-05 0 0 0.00012444190208402403 0 0 9.5844386454555059e-06 0 0.00035252901876971633 0 0 -0.00029367092913529333 0 0 -0.00011155542316811283 0 0.00015105711834941248 0 6.8834849433969261e-05 0.00039066707764715453 0 0 -0.00012314530207803816 7.2557476727508127e-05 0 0 0.00016576213870495043 -0.00020386264145039456 0 0 0 -8.9071295274725597e-05 0 -6.5898545340109535e-05 0 0 0 0.00023778078514167367 -1.7269325162584634e-07 0 0 0 0 -0.00014792155983574135 4.61196439001859e-05
leaf_weight=1795 71 11.000000000000002 62 12.999999999999998 13.999999999999998 25 9.9999999999999982 17 11.999999999999998 23 54 191 34 145 330 84 638 332 176 121 14.999999999999998 2329 37 18 263 61 14.999999999999998 1231 32 81 116 17 54 36 99 612 9.9999999999999982 469 33 188 47 14.999999999999998 26 88 218 126 30 31 148 18 10.999999999999998 32 59 23 97 18 23 13.999999999999998 108 94 46 19 9.9999999999999982 9.9999999999999982 43 59
leaf_count=1795 71 11 62 13 14 25 10 17 12 23 54 191 34 145 330 84 638 332 176 121 15 2329 37 18 263 61 15 1231 32 81 116 17 54 36 99 612 10 469 33 188 47 15 26 88 218 126 30 31 148 18 11 32 59 23 97 18 23 14 108 94 46 19 10 10 43 59
internal_value=0 0.000115339 0.000316879 0.000575624 0.000690414 -9.62022e-06 -7.23323e-05 -0.000109944 0.000826095 -0.00016681 -0.000214158 0 -0.00026574 0 -0.00033216 -6.33065e-06 -1.38346e-06 3.84059e-05 8.05753e-05 0.000111954 -1.37498e-05 -2.99519e-05 5.87779e-05 0.000162272 9.15499e-06 8.11961e-05 -9.23431e-05 -1.32152e-05 0 5.23401e-05 0.000145161 0.00028053 -8.15453e-05 7.1986e-05 9.54856e-05 -0.00010099 0.000258196 0.000117123 0.000129575 0 0.000308418 -0.000165632 -0.000210598 0 0 -4.07822e-05 2.56083e-05 2.31873e-05 -0.000144263 0.000142977 -1.66989e-05 -0.000163099 0 -8.97739e-05 -6.04827e-06 2.72048e-05 5.36379e-05 -0.00018942 0 7.7341e-06 9.35288e-05 0.000173908 0.000214558 -0.000118184 -0.000113855 2.44004e-05
internal_weight=0 470 172 101 88 10817 1543 1288 74 876 680 9274 515 196 364 8428 8135 1641 935 759 6494 4187 255 112 2307 324 293 3560 412 285 214 98 127 846 655 627 75 556 520 1983 65 95 80 165 706 458 248 54 209 487 71 194 143 111 151 186 168 162 298 277 183 137 118 21 54 84
internal_count=11287 470 172 101 88 10817 1543 1288 74 876 680 9274 515 196 364 8428 8135 1641 935 759 6494 4187 255 112 2307 324 293 3560 412 285 214 98 127 846 655 627 75 556 520 1983 65 95 80 165 706 458 248 54 209 487 71 194 143 111 151 186 168 162 298 277 183 137 118 21 54 84
is_linear=0
shrinkage=0.05


Tree=10
num_leaves=66
num_cat=0
split_feature=39 13 40 33 8 26 32 6 19 51 8 1 40 51 50 8 32 4 33 39 10 47 8 33 28 6 0 32 6 8 36 33 25 0 51 26 40 47 8 4 36 13 25 35 19 47 32 2 18 32 4 39 20 35 51 20 7 51 7 7 0 8 8 47 47
split_gain=0.00313429 0.00383302 0.00433472 0.0135574 0.00200949 0.00271985 0.00231947 0.00187909 0.00254495 0.00204399 0.00161199 0.00159747 0.00114115 0.00186608 0.00154529 0.000833424 0.000941212 0.000830989 0.00113828 0.00245438 0.000906355 0.000988771 0.000865712 0.000943762 0.0010429 0.00107106 0.000804366 0.000790542 0.000771657 0.000744133 0.00137395 0.00112186 0.000718569 0.000910964 0.000554238 0.000749641 0.00047717 0.000877569 0.000810233 0.00043144 0.000419155 0.000353095 0.000332994 0.000309976 0.000475875 0.000464053 0.000245343 0.000343326 0.000105048 7.48955e-05 5.76251e-05 8.76368e-05 5.116e-05 5.07409e-05 0.000328641 0.000317883 0.000264211 0.000138236 0.000133573 5.15404e-05 4.77132e-05 1.29262e-05 0.000212412 1.62087e-06 6.32586e-05
threshold=0.0066018965334760813 250.30500000000032 1.0584286819897961 1.0195232665260991 12890.525000000001 0.0047672776071789958 680.2201428571426 -5786.665 0.0033119004371996445 68590.39850000001 10826.85 95746.666248408859 0.95017829507227114 67113.797500000015 -0.018964481628611581 11560.1 746.20100000000082 617.94035714285735 1.3647335727380536 0.0025405264073325349 0.015502613161736028 65.066163805221393 11560.1 1.2361959297661274 -74.418286710735444 -2688.3199999999993 63660.355484283042 885.49467857142884 675.8050000000004 7877.5750000000007 1.0265767752526402 1.1366681855656291 -0.00068693924197791602 71948.960191492471 54241.182100000005 0.0061240858218067117 1.0945857972378399 38.313041798055472 6752.6000000000013 617.94035714285735 0.84039992409090625 6.4200000000018926 0.0007983428588405299 -241.49499999999895 0.021406355193277608 29.426355216435692 1016.6933571428566 491.09990153487166 0.0066809887413578082 590.34241071428528 695.72250000000042 0.0044622318794972924 0.0059986250544863404 1071.3499999999915 96966.383600000016 -0.049812627700069161 0.0040639400994899955 82309.551400000011 0.007522706882834876 0.0061657640739939115 87797.377972835398 7576.2750000000005 10984.425000000001 50.090253096340049 25.712420537662897
decision_type=2 2 2 2 2 2 2 2 2 2 2 2 2 2 2 2 2 2 2 2 2 2 2 2 2 2 2 2 2 2 2 2 2 2 2 2 2 2 2 2 2 2 2 2 2 2 2 2 2 2 2 2 2 2 2 2 2 2 2 2 2 2 2 2 2
left_child=4 7 3 52 6 26 17 -2 9 34 11 12 -8 -14 -15 46 -17 18 29 32 21 -21 23 -19 -25 -26 -6 39 40 36 42 -32 33 -20 -9 41 38 -38 -1 -18 -28 -36 -31 44 45 -24 61 -48 -42 -45 -7 -52 60 54 56 -55 -12 -58 59 -57 -3 -10 -63 64 -56
right_child=1 2 -4 -5 5 50 10 8 15 -11 53 -13 13 14 -16 16 27 22 19 20 -22 -23 43 24 25 -27 28 -29 -30 30 31 -33 -34 -35 35 -37 37 -39 -40 -41 48 -43 -44 49 -46 -47 47 -49 -50 -51 51 -53 -54 55 63 58 57 -59 -60 -61 -62 62 -64 -65 -66
leaf_value=0 -0.00040296312183050846 8.1188316790697498e-05 0 0.0012977752945893097 0 0 0 0 0 0 0 0 0 0 -0.00080697360749997459 0 0 0 -0.00018400725594045687 0.00016775546734820054 0 0 0 0 0 -0.00018747706004340313 0 0 0 2.0223654320527305e-05 -8.2900662544444135e-05 0 0 0 0 0 0 -9.2746478403631173e-05 5.0218621051846925e-05 -0.00042204169466105454 0.00048635089252888476 0.00035918518078935173 -1.6583727897878755e-05 -5.5177277311345765e-05 0 0.00026206112520482677 0.00018831362598575654 0 0 0 0 -9.9746894760357173e-05 0 0 0 0 0 0.00017675716490146476 0 -0.00017442810541379606 0 -6.1385645553581534e-05 0 0 -7.1757677845501664e-05
leaf_weight=1775 20 37 91 36 34 36 49 46 35 196 15.999999999999998 141 9.9999999999999982 13.999999999999998 40 39 9.9999999999999982 187 124 471 53 55 11.999999999999998 24 47 343 18 61 13.999999999999998 1264 1195 550 165 53 9.9999999999999982 25 360 293 1221 42 68 132 1146 61 9.9999999999999982 45 41 12.999999999999998 11.999999999999998 26 11.999999999999998 36 45 18 12.999999999999998 22 18 58 9.9999999999999982 45 12.999999999999998 149 29 19 31
leaf_count=1775 20 37 91 36 34 36 49 46 35 196 16 141 10 14 40 39 10 187 124 471 53 55 12 24 47 343 18 61 14 1264 1195 550 165 53 10 25 360 293 1221 42 68 132 1146 61 10 45 41 13 12 26 12 36 45 18 13 22 18 58 10 45 13 149 29 19 31
internal_value=0 8.2863e-05 0.000274323 0.000457972 -6.89981e-06 0.000134223 -1.16597e-05 1.493e-05 4.33661e-05 0.000138384 -0.000117531 -0.000207889 -0.000363446 -0.000525997 -0.000642681 -1.36814e-05 -0.00011907 -4.44302e-06 0 5.24672e-05 0.000121332 0.000143203 -5.47496e-05 -8.58085e-05 -0.000127973 -0.000155114 0.000273421 -0.000199451 0.000339452 -6.29218e-06 -2.18095e-05 -5.56797e-05 -2.0331e-05 -0.000104491 0.000246302 0.00029257 7.26731e-06 -2.24968e-05 1.87631e-05 -0.000351635 0.000388833 0.000337292 0 0 0.000107148 0.000184844 0 0.000106086 0.000444988 0 0 -5.4501e-05 0 0 0 -3.64458e-05 9.42454e-05 0.000139191 -0.000109046 -0.000136381 5.03257e-05 0 -1.34551e-05 0 -9.54255e-06
internal_weight=0 1070 222 131 10214 230 9984 848 828 409 504 254 113 64 54 419 152 9480 8725 921 579 526 755 601 414 390 146 113 112 7804 4155 1745 342 177 213 167 3649 653 2996 52 98 142 2410 154 67 57 267 54 80 87 84 48 95 250 155 95 92 76 77 67 50 213 178 63 44
internal_count=11284 1070 222 131 10214 230 9984 848 828 409 504 254 113 64 54 419 152 9480 8725 921 579 526 755 601 414 390 146 113 112 7804 4155 1745 342 177 213 167 3649 653 2996 52 98 142 2410 154 67 57 267 54 80 87 84 48 95 250 155 95 92 76 77 67 50 213 178 63 44
is_linear=0
shrinkage=0.05


end of trees

feature_importances:
adx=52
volume_ma=48
volatility_ma=48
sma_50=40
ema_slow=35
atr=33
ema_fast=29
macd_strength=29
atr_ratio=29
volatility_ratio=29
atr_ma=28
macd_hist=25
atr_normalized=23
macd_signal=21
volatility=20
sma_20=20
momentum_convergence=17
stoch_d=17
return_24=16
volume_ratio=14
price_sma_50_dist=14
ema_cross_pct=11
price_ema_fast_dist=11
macd_hist_change=11
macd=10
momentum_20=9
range=9
return_12=9
price_sma_20_dist=9
momentum_10=8
price_ema_slow_dist=8
momentum_ratio=8
range_pct=7
lower_shadow=7
ema_cross=7
volume_change=6
return_3=5
stoch_k=5
upper_shadow=4
return_6=4
return_1=3
body_pct=2
body=1

parameters:
[boosting: gbdt]
[objective: regression]
[metric: rmse]
[tree_learner: serial]
[device_type: cpu]
[data: ]
[valid: ]
[num_iterations: 800]
[learning_rate: 0.05]
[num_leaves: 70]
[num_threads: 8]
[deterministic: 0]
[force_col_wise: 0]
[force_row_wise: 0]
[histogram_pool_size: -1]
[max_depth: 8]
[min_data_in_leaf: 10]
[min_sum_hessian_in_leaf: 0.001]
[bagging_fraction: 0.7]
[pos_bagging_fraction: 1]
[neg_bagging_fraction: 1]
[bagging_freq: 1]
[bagging_seed: 400]
[feature_fraction: 0.8]
[feature_fraction_bynode: 1]
[feature_fraction_seed: 30056]
[extra_trees: 0]
[extra_seed: 12879]
[early_stopping_round: 0]
[first_metric_only: 0]
[max_delta_step: 0]
[lambda_l1: 0.3]
[lambda_l2: 0.5]
[linear_lambda: 0]
[min_gain_to_split: 0]
[drop_rate: 0.1]
[max_drop: 50]
[skip_drop: 0.5]
[xgboost_dart_mode: 0]
[uniform_drop: 0]
[drop_seed: 17869]
[top_rate: 0.2]
[other_rate: 0.1]
[min_data_per_group: 100]
[max_cat_threshold: 32]
[cat_l2: 10]
[cat_smooth: 10]
[max_cat_to_onehot: 4]
[top_k: 20]
[monotone_constraints: ]
[monotone_constraints_method: basic]
[monotone_penalty: 0]
[feature_contri: ]
[forcedsplits_filename: ]
[refit_decay_rate: 0.9]
[cegb_tradeoff: 1]
[cegb_penalty_split: 0]
[cegb_penalty_feature_lazy: ]
[cegb_penalty_feature_coupled: ]
[path_smooth: 0]
[interaction_constraints: ]
[verbosity: 1]
[saved_feature_importance_type: 0]
[linear_tree: 0]
[max_bin: 255]
[max_bin_by_feature: ]
[min_data_in_bin: 3]
[bin_construct_sample_cnt: 200000]
[data_random_seed: 175]
[is_enable_sparse: 1]
[enable_bundle: 1]
[use_missing: 1]
[zero_as_missing: 0]
[feature_pre_filter: 1]
[pre_partition: 0]
[two_round: 0]
[header: 0]
[label_column: ]
[weight_column: ]
[group_column: ]
[ignore_column: ]
[categorical_feature: ]
[forcedbins_filename: ]
[precise_float_parser: 0]
[parser_config_file: ]
[objective_seed: 16083]
[num_class: 1]
[is_unbalance: 0]
[scale_pos_weight: 1]
[sigmoid: 1]
[boost_from_average: 1]
[reg_sqrt: 0]
[alpha: 0.9]
[fair_c: 1]
[poisson_max_delta_step: 0.7]
[tweedie_variance_power: 1.5]
[lambdarank_truncation_level: 30]
[lambdarank_norm: 1]
[label_gain: ]
[lambdarank_position_bias_regularization: 0]
[eval_at: ]
[multi_error_top_k: 1]
[auc_mu_weights: ]
[num_machines: 1]
[local_listen_port: 12400]
[time_out: 120]
[machine_list_filename: ]
[machines: ]
[gpu_platform_id: -1]
[gpu_device_id: -1]
[gpu_use_dp: 0]
[num_gpu: 1]

end of parameters

pandas_categorical:[]
