tree
version=v4
num_class=1
num_tree_per_iteration=1
label_index=0
max_feature_idx=56
objective=regression
feature_names=rsi bb_middle bb_upper bb_lower atr momentum_10 momentum_20 volatility volume_ma range range_pct body body_pct upper_shadow lower_shadow is_bullish return_1 return_3 return_6 return_12 return_24 log_return rsi_normalized rsi_overbought rsi_oversold rsi_divergence bb_width bb_position bb_position_normalized price_bb_upper_dist price_bb_lower_dist bb_breakout_upper bb_breakout_lower atr_normalized atr_ma atr_ratio momentum_ratio momentum_convergence volume_ratio volume_spike volume_change volatility_ma volatility_ratio high_volatility low_volatility stoch_k stoch_d stoch_overbought stoch_oversold adx strong_trend sma_20 price_sma_20_dist sma_50 price_sma_50_dist signal_convergence market_regime
feature_infos=[0:99.99999802816906] [0:515.995] [0:519.35259465880495] [0:515.16754446967616] [0:4.3464285714285733] [-17.25:18.550000000000011] [-18.950000000000045:18.300000000000011] [0:0.010936378070948268] [0:1295.8499999999999] [0:28.199999999999989] [0:0.067407673001075627] [0:20.449999999999989] [0:0.04888251464085093] [0:7.4000000000000341] [0:6.1500000000000341] [0:1] [-0.046712999886065809:0.037101048507892642] [-0.043627227044312544:0.037151702786377694] [-0.038395807223424949:0.042290850426365489] [-0.040701673927998172:0.04109116022099446] [-0.04466218525692156:0.042651296829971264] [-0.047839266296518912:0.036429367612840491] [-1:0.99999996056338114] [0:1] [0:1] [-50.422589203230672:57.142847619048588] [0:0.073304577880474078] [-0.50106521650598013:1.5560963962314149] [-2.0021304330119603:2.1121927924628299] [-0.017339809312814661:0.062077626462115836] [-0.019519971936887471:0.059344195675750409] [0:1] [0:1] [0:0.010204081632653071] [0:3.6758928571428604] [0:2.8358371218692864] [-414999999.99999774:269999999.99999887] [-18.550000000000011:17.25] [0:10.328947367741517] [0:1] [-0.99641577060931896:611] [0:0.01086280726866261] [0:7.028555025285689] [0:1] [0:1] [0:99.999999918699174] [0:99.999999828387146] [0:1] [0:1] [0:96.569188193361313] [0:1] [0:515.995] [-0.038998446277040882:0.036075179657269328] [0:515.072] [-0.039361778415202678:0.038076285240464407] [0:1] [0:2]
tree_sizes=1538 1457 1568 1525 1518 1559 1463 1568 1560 1557 1468 1539 1584 1539 1531 1539 1240 1413 1550 1505 1588 1372 1199 1535 1293 1405 1195 1475 1428 1368 1571 1205

Tree=0
num_leaves=15
num_cat=0
split_feature=53 34 41 42 1 2 41 3 8 53 42 53 2 8
split_gain=0.000921676 0.00116595 0.00108999 0.00101751 0.000740788 0.00140151 0.000720819 0.0010774 0.000652048 0.00109452 0.000679753 0.000643799 0.000390548 8.72848e-05
threshold=469.40340000000003 1.253571428571435 0.0010439500446637786 0.53864826082606609 482.27250000000009 491.40526441012076 0.00080496136284983707 454.86555587637304 141.37500000000003 403.41600000000011 0.72536029159403492 473.24350000000004 483.22219045158784 77.075000000000003
decision_type=2 2 2 2 2 2 2 2 2 2 2 2 2 2
left_child=6 2 12 -4 11 -6 7 13 9 -8 -10 -3 -2 -1
right_child=1 4 3 -5 5 -7 8 -9 10 -11 -12 -13 -14 -15
leaf_value=8.8332728001004702e-06 0.00012653705229059573 8.8332728001004702e-06 8.8332728001004702e-06 -9.1670938237129124e-05 0.00012740013683023636 8.8332728001004702e-06 0.00010288680981040279 0.00029233071299154052 4.8639971820861997e-05 -1.2648995430016469e-05 1.0630111851627917e-05 -5.7155359624046902e-05 8.8332728001004702e-06 4.0254892214301224e-05
leaf_weight=22 27 223 47 371 99 541 69 20 506 1633 4028 257 35 80
leaf_count=22 27 223 47 371 99 541 69 20 506 1633 4028 257 35 80
internal_value=8.83327e-06 -1.4192e-05 -5.38056e-05 -7.34983e-05 5.48296e-06 2.34809e-05 1.10296e-05 8.32762e-05 9.12929e-06 -6.17675e-06 1.55376e-05 -2.47481e-05 3.05578e-05 1.18338e-05
internal_weight=0 1600 480 418 1120 640 6358 122 6236 1702 4534 480 62 102
internal_count=7958 1600 480 418 1120 640 6358 122 6236 1702 4534 480 62 102
is_linear=0
shrinkage=1


Tree=1
num_leaves=15
num_cat=0
split_feature=3 34 26 3 2 53 20 38 53 29 42 41 42 3
split_gain=0.00126298 0.00175469 0.0010475 0.000989168 0.00247856 0.000947027 0.000877774 0.000974639 0.000792257 0.000633417 0.000365707 0.00029101 0.000277902 7.05345e-05
threshold=460.40711813326294 1.3666071428571438 0.0063274755152843689 458.4545292906738 462.58358661159605 479.483 0.0016334155599541102 1.2207597582674414 491.26400000000007 0.010737492688834118 0.79364554339279436 0.0018597235813188359 0.87897527128783759 459.75141771263662
decision_type=2 2 2 2 2 2 2 2 2 2 2 2 2 2
left_child=3 2 5 6 -5 -2 7 -1 -4 11 -8 -3 -11 -6
right_child=1 9 8 4 13 -7 10 -9 -10 12 -12 -13 -14 -15
leaf_value=2.2008845696595013e-06 -0.00015814791792761708 0 0 0.00031269377519366453 2.6058794658559875e-05 -2.2941490789033616e-05 -2.5351133775136566e-05 3.815443655529872e-05 -6.7216926683486269e-05 -0.00015721636512425056 0 2.9663496661995792e-05 -1.0496957657620265e-05 0
leaf_weight=2010 146 369 445 34 98 162 688 1205 221 21 1638 618 232 51
leaf_count=2010 146 369 445 34 98 162 688 1205 221 21 1638 618 232 51
internal_value=0 -1.75518e-05 -4.7968e-05 9.02831e-06 7.90276e-05 -9.69098e-05 6.16819e-06 1.66133e-05 -2.07775e-05 3.93103e-06 -6.98002e-06 1.69085e-05 -3.47956e-05 4.7734e-06
internal_weight=0 2214 974 5724 183 308 5541 3215 666 1240 2326 987 253 149
internal_count=7938 2214 974 5724 183 308 5541 3215 666 1240 2326 987 253 149
is_linear=0
shrinkage=0.03


Tree=2
num_leaves=16
num_cat=0
split_feature=3 34 8 2 53 2 20 20 38 35 29 34 42 26 1
split_gain=0.00139177 0.00153557 0.00106811 0.00093467 0.00110469 0.00114976 0.000794534 0.00056219 0.000538477 0.00048636 0.000378023 0.000437514 0.00022128 0.000136299 8.65979e-05
threshold=461.15664486232555 1.2298214285714364 293.47500000000008 455.44381487526044 443.37400000000008 448.1336325297828 0.0024146088006012927 0.011462138161200454 0.75357383928528898 1.5713507042668826 0.010737492688834118 1.4883035714285775 0.92810132983444327 0.010051699265323141 455.48500000000007
decision_type=2 2 2 2 2 2 2 2 2 2 2 2 2 2 2
left_child=3 2 9 4 6 -6 -1 8 -5 -2 11 -3 -12 -4 -9
right_child=1 10 13 7 5 -7 -8 14 -10 -11 12 -13 -14 -15 -16
leaf_value=1.9195411233910902e-05 -9.4740771399033644e-05 -1.5370529613383016e-05 5.8783257235838481e-05 9.738717280417032e-06 -7.0759998565217972e-05 0 -7.188608003753637e-06 0 6.8721753316787755e-05 0 -0.00011412467380626055 1.9885705465886084e-05 -1.2168140063338241e-05 -9.2472809875254367e-09 -2.5237072864144123e-05
leaf_weight=2413 417 548 35 412 354 556 1580 42 434 43 39 676 318 86 124
leaf_count=2413 417 548 35 412 354 556 1580 42 434 43 39 676 318 86 124
internal_value=0 -2.14175e-05 -6.35491e-05 6.66176e-06 6.13069e-07 -2.85122e-05 8.00464e-06 3.29891e-05 4.35639e-05 -8.4777e-05 -4.02247e-06 1.65124e-06 -3.18419e-05 0 -2.85504e-06
internal_weight=0 2162 581 5915 4903 910 3993 1012 846 460 1581 1224 357 121 166
internal_count=8077 2162 581 5915 4903 910 3993 1012 846 460 1581 1224 357 121 166
is_linear=0
shrinkage=0.03


Tree=3
num_leaves=15
num_cat=0
split_feature=41 53 3 38 30 22 42 49 38 20 38 54 16 8
split_gain=0.00106137 0.0017454 0.00175306 0.00145672 0.00131808 0.000722559 0.000661712 0.00059001 0.000935621 0.000416083 0.00121651 0.000306226 0.000290616 0.000290316
threshold=0.0016305925405002634 460.37550000000005 459.46859474620408 1.3535220190748904 0.0019342109695542765 -0.21441560805712498 0.79364554339279436 52.112734896013293 1.0126155979206826 0.0022193868931085219 0.9128705602245929 -0.00089408639036609816 -0.00092075732594731885 119.02500000000002
decision_type=2 2 2 2 2 2 2 2 2 2 2 2 2 2
left_child=1 2 6 13 7 -5 -1 8 -2 10 -6 -11 -9 -3
right_child=4 3 -4 5 9 -7 -8 12 -10 11 -12 -13 -14 -15
leaf_value=-2.7866188097775464e-05 4.5582781494657337e-06 -7.2890163426858921e-05 0.00027602186083804998 -1.2178440467926029e-05 -2.5196016827348413e-06 -0.0001186493316720517 4.923081330433958e-06 -3.4669761025029944e-05 0.00010051641272541698 -7.3746414820445648e-05 4.9771897090783306e-05 -4.3931164696051668e-06 3.3033044318617475e-05 0
leaf_weight=721 238 55 20 158 1236 288 2111 95 289 70 534 1607 134 500
leaf_count=721 238 55 20 158 1236 288 2111 95 289 70 534 1607 134 500
internal_value=0 -1.23347e-05 0 -4.64103e-05 9.40768e-06 -8.77057e-05 -2.36906e-06 4.5365e-05 6.29131e-05 6.4584e-07 1.15716e-05 -9.0975e-06 0 -7.77558e-06
internal_weight=0 3853 2852 1001 4203 446 2832 756 527 3447 1770 1677 229 555
internal_count=8056 3853 2852 1001 4203 446 2832 756 527 3447 1770 1677 229 555
is_linear=0
shrinkage=0.03


Tree=4
num_leaves=16
num_cat=0
split_feature=3 34 26 3 2 52 38 53 41 53 38 7 29 41 49
split_gain=0.00103522 0.00163685 0.00127292 0.00106754 0.00213613 0.000844005 0.00160772 0.000822424 0.000745823 0.000712421 0.000594543 0.00049807 0.00044711 0.000382296 0.00034595
threshold=460.5895931152026 1.250714285714291 0.0065024898073555238 458.4545292906738 462.58358661159605 -0.0072447901169462011 1.2939373151960376 443.37400000000008 0.0015989487450770359 491.82450000000006 1.1902515970614787 0.00068575760232503474 0.010737492688834118 0.0018597235813188359 38.744800164165248
decision_type=2 2 2 2 2 2 2 2 2 2 2 2 2 2 2
left_child=3 2 11 5 10 6 -1 -7 -6 -4 -5 -2 13 -3 -14
right_child=1 12 9 4 8 7 -8 -9 -10 -11 -12 -13 14 -15 -16
leaf_value=0 0 -8.2228943056627445e-06 0 0 -5.8906291797219357e-05 7.089215578046504e-06 0.00012591990751589487 -1.9288764499570693e-05 6.0751140081625127e-05 -7.7402478855699412e-05 0.00038920839537093612 -0.00013992227508861888 0 2.3611197100962821e-05 -5.4123609772147648e-05
leaf_weight=170 37 497 311 20 57 3819 141 1473 131 136 23 185 119 678 220
leaf_count=170 37 497 311 20 57 3819 141 1473 131 136 23 185 119 678 220
internal_value=0 -1.84259e-05 -5.75124e-05 5.73839e-06 6.94271e-05 2.5713e-06 5.05714e-05 0 8.49689e-06 -1.98661e-05 0.000263695 -0.000119616 0 7.59618e-06 -3.13923e-05
internal_weight=0 2183 669 5834 231 5603 311 5292 188 447 43 222 1514 1175 339
internal_count=8017 2183 669 5834 231 5603 311 5292 188 447 43 222 1514 1175 339
is_linear=0
shrinkage=0.03


Tree=5
num_leaves=16
num_cat=0
split_feature=53 2 38 41 41 53 53 6 41 34 3 34 26 6 49
split_gain=0.000945731 0.00173358 0.00138349 0.00126515 0.000846925 0.000767409 0.000716063 0.000633213 0.000758084 0.00136358 0.000283257 0.000280408 0.000296258 0.000188145 4.20791e-05
threshold=442.69600000000008 448.1336325297828 1.1635846878892571 0.00080496136284983707 0.0015924902683027156 443.37400000000008 458.98250000000002 0.92500000000001148 0.0014019288346102574 1.2932678571428637 424.34370420090187 0.93410714285715357 0.0055323086294206533 1.7749999999999775 45.256448460273923
decision_type=2 2 2 2 2 2 2 2 2 2 2 2 2 2 2
left_child=7 2 14 6 -5 -4 -3 8 10 -10 -1 13 -13 -9 -2
right_child=1 3 5 4 -6 -7 -8 11 9 -11 -12 12 -14 -15 -16
leaf_value=-1.7475651196181713e-05 -1.6924748896458975e-05 0 0 -2.392354909223134e-05 5.3015774718524018e-06 -0.00015273600354476411 0.00028866262489748073 6.1287341588512451e-05 6.9785306581275866e-05 5.2947473473582731e-06 1.5589361716783153e-05 -5.1527643091494522e-05 -2.2540608208329505e-06 0 0
leaf_weight=467 236 23 43 1391 2205 167 20 81 580 835 461 148 1176 107 66
leaf_count=467 236 23 43 1391 2205 167 20 81 580 835 461 148 1176 107 66
internal_value=0 -1.05559e-05 -6.24937e-05 -2.41644e-06 -5.17086e-06 -0.00012362 0.000156376 1.00462e-05 2.00379e-05 3.38637e-05 0 -3.45507e-06 -1.00444e-05 2.69388e-05 -9.93758e-06
internal_weight=0 4151 512 3639 3596 210 43 3855 2343 1415 928 1512 1324 188 302
internal_count=8006 4151 512 3639 3596 210 43 3855 2343 1415 928 1512 1324 188 302
is_linear=0
shrinkage=0.03


Tree=6
num_leaves=15
num_cat=0
split_feature=3 26 41 3 37 30 41 1 55 41 34 2 41 28
split_gain=0.00119305 0.00150294 0.00201931 0.00104049 0.000766194 0.000644098 0.00100323 0.00053233 0.000506316 0.000682569 0.000444141 0.000437549 0.000507616 0.000208678
threshold=460.0604875007985 0.0060741208014223301 0.0023686349002859305 458.4545292906738 -1.19999999999996 -0.00048280649931998245 0.0014256726758125982 482.27250000000009 1.0000000180025095e-35 0.0018253101963601464 1.8894464285714327 462.58358661159605 0.0016412436065532977 -1.0948848441681445
decision_type=2 2 2 2 2 2 2 2 2 2 2 2 2 2
left_child=3 2 4 5 -2 6 -1 -4 9 -3 -7 -5 -13 -10
right_child=1 8 7 11 -6 10 -8 -9 13 -11 -12 12 -14 -15
leaf_value=0 0 -1.419468053679524e-05 0 0.00021383973853552875 -0.0001165217569709608 3.5742664241762659e-06 0.00011092115773240307 0.00016683073971858795 0 3.0313531472064047e-05 -3.8209867714229251e-05 -1.2514144912591735e-05 7.7809828397585066e-05 -3.2876560767093779e-05
leaf_weight=154 65 595 41 30 323 5026 127 25 66 569 234 36 92 609
leaf_count=154 65 595 41 30 323 5026 127 25 66 569 234 36 92 609
internal_value=0 -1.87649e-05 -6.82316e-05 6.83546e-06 -9.76255e-05 4.09563e-06 4.86327e-05 5.8891e-05 -4.90679e-06 4.9898e-06 1.14169e-06 8.36767e-05 2.91101e-05 -2.64051e-05
internal_weight=0 2293 454 5699 388 5541 281 66 1839 1164 5260 158 128 675
internal_count=7992 2293 454 5699 388 5541 281 66 1839 1164 5260 158 128 675
is_linear=0
shrinkage=0.03


Tree=7
num_leaves=16
num_cat=0
split_feature=53 8 30 30 30 41 34 53 3 54 7 45 41 51 54
split_gain=0.000948498 0.00108966 0.000817087 0.00105145 0.000570015 0.000767868 0.00110907 0.000436923 0.000357195 0.000351932 0.00031872 0.000403385 0.000367039 0.000195052 2.40185e-05
threshold=442.69600000000008 160.47500000000002 0.0086946808563193225 0.00050121651036456416 0.011363719340465154 0.0014056129779080517 1.2360714285714318 441.10600000000005 421.63917094797824 0.0076814091173244177 0.0011724740568792213 81.145747610075304 0.0016305925405002634 406.32250000000005 0.010944826328882383
decision_type=2 2 2 2 2 2 2 2 2 2 2 2 2 2 2
left_child=4 2 3 -2 5 7 -7 -1 13 -4 11 -3 -12 -6 -10
right_child=1 10 9 -5 8 6 -8 -9 14 -11 12 -13 -14 -15 -16
leaf_value=-8.7302803832699102e-06 1.1689211554179988e-05 6.8098678862073676e-05 9.6040938164019881e-05 -5.653661379862788e-05 0 6.1132043131060271e-05 9.5388302805239388e-06 4.9521093067421339e-05 0 0 -1.7571790673866971e-05 0 4.05681073500111e-06 -5.1381315475988894e-05 1.5768953218523942e-05
leaf_weight=1163 173 133 48 929 71 623 1424 124 169 31 1080 50 1671 238 87
leaf_count=1163 173 133 48 929 71 623 1424 124 169 31 1080 50 1671 238 87
internal_value=0 -1.06065e-05 -3.49558e-05 -4.31045e-05 1.00133e-05 1.52082e-05 2.67174e-05 -7.70722e-07 -1.53225e-05 4.0534e-05 0 3.73547e-05 -3.34558e-06 -3.83042e-05 7.41758e-07
internal_weight=0 4115 1181 1102 3899 3334 2047 1287 565 79 2934 183 2751 309 256
internal_count=8014 4115 1181 1102 3899 3334 2047 1287 565 79 2934 183 2751 309 256
is_linear=0
shrinkage=0.03


Tree=8
num_leaves=16
num_cat=0
split_feature=8 7 53 2 38 41 34 29 41 29 34 26 8 37 41
split_gain=0.000926209 0.000855736 0.000925037 0.000770117 0.000896491 0.00180218 0.00089094 0.000518384 0.000489577 0.000479888 0.000341775 0.000159808 0.000243783 0.000181403 0.000142202
threshold=101.075 0.0007908512886070087 418.52950000000004 469.97732428124647 1.0868398218674169 0.0015345430950411082 1.3420535714285773 0.010208083986908718 0.0010272557866120417 0.0043709212532226345 1.8709285714285808 0.0048047710718202019 86.175000000000026 1.0000000180025095e-35 0.0013550219683943787
decision_type=2 2 2 2 2 2 2 2 2 2 2 2 2 2 2
left_child=1 11 14 4 10 -6 8 -8 -5 -4 -2 13 -13 -1 -3
right_child=3 2 9 6 5 -7 7 -9 -10 -11 -12 12 -14 -15 -16
leaf_value=-3.2729875131092882e-05 4.3089259047666431e-06 0 -8.4045614796089295e-05 1.4031022688141088e-05 0 5.7622826501097452e-05 1.8102881334765202e-05 -2.4963162157718596e-05 -5.048130092076909e-05 0 -3.0594144255035785e-05 5.9635968213386609e-05 0 6.1266365447383259e-06 7.1282486000072054e-05
leaf_weight=153 3106 29 375 47 996 919 767 351 574 127 268 100 32 123 35
leaf_count=153 3106 29 375 47 996 919 767 351 574 127 268 100 32 123 35
internal_value=0 -2.6225e-05 -5.04241e-05 4.88202e-06 1.08761e-05 2.73337e-05 -1.16215e-05 1.89487e-06 -4.07643e-05 -6.6475e-05 6.43399e-07 2.19912e-08 3.22746e-05 -4.58371e-06 2.85029e-05
internal_weight=0 974 566 7028 5289 1915 1739 1118 621 502 3374 408 132 276 64
internal_count=8002 974 566 7028 5289 1915 1739 1118 621 502 3374 408 132 276 64
is_linear=0
shrinkage=0.03


Tree=9
num_leaves=16
num_cat=0
split_feature=53 53 41 3 52 20 49 13 20 33 49 53 42 3 53
split_gain=0.000795971 0.00107579 0.00134451 0.000810919 0.000655671 0.000628803 0.00069989 0.000780136 0.00048681 0.000313933 0.00028348 0.000255084 0.000245095 0.000213738 3.02036e-06
threshold=442.69600000000008 446.28450000000004 0.00094084177602253799 460.0604875007985 0.0017391563035068526 0.0020304568527919069 64.202789802749507 0.1050000000000182 -0.0033780098596080661 0.003109289734692728 24.242810297266455 422.78750000000008 0.75249983478425964 433.4151881377137 443.54500000000002
decision_type=2 2 2 2 2 2 2 2 2 2 2 2 2 2 2
left_child=5 8 4 -4 -3 6 7 -1 14 12 -10 -11 -7 -8 -2
right_child=1 2 3 -5 -6 9 13 -9 10 11 -12 -13 -14 -15 -16
leaf_value=6.3800430037107328e-06 0 0.0001724865314550698 1.2603160904457519e-05 -1.6820250843303534e-05 0 -3.1844482647702741e-06 -2.4556283193186302e-05 5.0427906632806391e-05 0 -3.4279538608025274e-05 -8.2838863384551741e-05 0 2.4310411925983394e-05 1.543516768949883e-05 -4.7694350121894482e-06
leaf_weight=914 68 57 1265 2203 47 388 327 892 97 390 281 365 466 99 119
leaf_count=914 68 57 1265 2203 47 388 327 892 97 390 281 365 466 99 119
internal_value=0 -8.15876e-06 -1.20158e-06 -5.22247e-06 0.000103555 1.0745e-05 2.12027e-05 2.98043e-05 -4.67979e-05 -1.90006e-06 -6.65551e-05 -1.74213e-05 8.31322e-06 -8.2213e-06 0
internal_weight=0 4137 3572 3468 104 3841 2232 1806 565 1609 378 755 854 426 187
internal_count=7978 4137 3572 3468 104 3841 2232 1806 565 1609 378 755 854 426 187
is_linear=0
shrinkage=0.03


Tree=10
num_leaves=15
num_cat=0
split_feature=3 34 26 3 1 29 42 42 20 39 46 26 6 46
split_gain=0.000867483 0.00149991 0.00163632 0.00126681 0.00109943 0.000645676 0.000727947 0.000623202 0.000571597 0.000596884 0.000433533 0.000373485 0.00023907 0.000216795
threshold=460.40711813326294 1.3666071428571438 0.0063274755152843689 458.4545292906738 463.38000000000005 0.010737492688834118 0.8689718007172208 0.46435619028129255 0.00087889265567020491 1.0000000180025095e-35 73.35100477344885 0.0051134723362343286 2.2000000000000175 31.614928450059022
decision_type=2 2 2 2 2 2 2 2 2 2 2 2 2 2
left_child=3 2 7 8 13 12 -7 -2 9 -1 -4 -10 -3 -5
right_child=1 5 10 4 -6 6 -8 -9 11 -11 -12 -13 -14 -15
leaf_value=4.9733714714601117e-06 0 2.8256437929411906e-05 1.3729441624425043e-06 0 0 -0.00020165174898686519 -6.2791373040422792e-06 -0.00012244378931385486 -3.3666161572319603e-05 4.326877631301411e-05 -4.2732614859422976e-05 -3.1787131745358867e-07 0 0.00015920411708538994
leaf_weight=2549 47 626 377 37 58 23 259 255 397 494 265 2143 346 98
leaf_count=2549 47 626 377 37 58 23 259 255 397 494 265 2143 346 98
internal_value=0 -1.59179e-05 -4.47612e-05 6.22273e-06 8.23422e-05 3.41286e-06 -3.3162e-05 -0.000103966 3.0469e-06 1.2182e-05 -1.21824e-05 -6.71665e-06 1.71205e-05 0.000130326
internal_weight=0 2198 944 5776 193 1254 282 302 5583 3043 642 2540 972 135
internal_count=7974 2198 944 5776 193 1254 282 302 5583 3043 642 2540 972 135
is_linear=0
shrinkage=0.03


Tree=11
num_leaves=16
num_cat=0
split_feature=3 34 0 1 29 42 3 20 1 41 41 1 41 26 41
split_gain=0.000937884 0.00176612 0.00111354 0.00112856 0.000624796 0.000770208 0.000579528 0.000912113 0.00088635 0.000696912 0.000685744 0.000608741 0.000420372 0.000221006 0.00014953
threshold=464.6650438072258 1.3094642857142913 41.339742647382757 478.61000000000007 0.010737492688834118 0.92407031648495519 452.89140175515394 0.013374319486911814 442.3537500000001 0.0014019288346102574 0.0016412436065532977 448.02625000000006 0.0022295558271425036 0.030488358848245509 0.0014764842893923798
decision_type=2 2 2 2 2 2 2 2 2 2 2 2 2 2 2
left_child=6 2 14 -4 12 -6 8 10 9 -1 -8 -10 -3 -9 -2
right_child=1 4 3 -5 5 -7 7 13 11 -11 -12 -13 -14 -15 -16
leaf_value=-6.6385155882931728e-06 -2.0222237189846418e-05 0 -0.00016337769189634065 -3.859698009481027e-05 -0.00017132846838997109 0 0 -6.3047834050981445e-05 -3.64058665286226e-05 1.9321869915880057e-05 5.7003091467067477e-05 0 4.6024000762938397e-05 0 3.0501533865818908e-05
leaf_weight=1302 150 548 140 309 34 207 405 99 775 2395 612 609 296 31 78
leaf_count=1302 150 548 140 309 34 207 405 99 775 2395 612 609 296 31 78
internal_value=0 -1.86166e-05 -5.68995e-05 -8.43166e-05 2.52208e-06 -3.63732e-05 6.12875e-06 2.55445e-05 1.15332e-06 9.36819e-06 3.67348e-05 -1.86192e-05 1.71958e-05 -3.88148e-05 0
internal_weight=0 1762 677 449 1085 241 6228 1147 5081 3697 1017 1384 844 130 228
internal_count=7990 1762 677 449 1085 241 6228 1147 5081 3697 1017 1384 844 130 228
is_linear=0
shrinkage=0.03


Tree=12
num_leaves=16
num_cat=0
split_feature=3 8 2 54 3 38 29 53 42 26 36 8 34 7 3
split_gain=0.000759618 0.000794775 0.00101462 0.00110725 0.000731875 0.00071223 0.00153089 0.000807437 0.000763975 0.000399412 0.000437297 0.000369677 0.000186107 0.000213617 0.000173621
threshold=460.0604875007985 157.42500000000004 479.91634627695504 0.0012447015860548398 489.1630544084627 1.2829813383697848 0.014106002637683074 400.85600000000005 1.2600857551509839 0.013325537162000365 0.8086670823999732 298.17500000000001 1.854375000000003 0.00098171039941661697 456.91729486050576
decision_type=2 2 2 2 2 2 2 2 2 2 2 2 2 2 2
left_child=5 2 3 -2 -4 12 7 -7 -8 10 -3 -11 13 -1 -14
right_child=1 9 4 -5 -6 6 8 -9 -10 11 -12 -13 14 -15 -16
leaf_value=-1.6051468475012566e-05 -0.00014493767211127927 2.7680705988961328e-05 5.2029421903831593e-05 0 -4.4030658246071281e-05 0.00012115445404127241 0.00020254094414964415 6.2634815227052531e-06 2.294587324138484e-05 -6.5804527105130955e-05 -1.2309978426034327e-05 -3.4297745776818219e-06 -3.6144665727325973e-05 5.4765620524423598e-06 0
leaf_weight=438 142 600 120 135 171 62 66 1646 103 132 295 650 237 3092 20
leaf_count=438 142 600 120 135 171 62 66 1646 103 132 295 650 237 3092 20
internal_value=0 -1.28202e-05 -4.36627e-05 -8.48307e-05 0 7.6492e-06 2.27584e-05 1.22242e-05 0.000111173 -5.75561e-07 1.11498e-05 -1.78277e-05 0 1.95375e-06 -2.44568e-05
internal_weight=0 2245 568 277 291 5664 1877 1708 169 1677 895 782 3787 3530 257
internal_count=7909 2245 568 277 291 5664 1877 1708 169 1677 895 782 3787 3530 257
is_linear=0
shrinkage=0.03


Tree=13
num_leaves=16
num_cat=0
split_feature=1 34 26 38 29 41 49 7 7 1 2 34 42 26 2
split_gain=0.000810246 0.00120864 0.00119442 0.00092593 0.00183864 0.00197384 0.00107944 0.000695578 0.000555871 0.00046786 0.00105593 0.000437217 0.000391845 0.000389738 0.000316376
threshold=465.61250000000001 1.2633928571428683 0.0067482836079086816 1.2829813383697848 0.014782727546030808 0.0014145998203037209 35.455875145122384 0.00064218400937462127 0.00091610985283688349 482.27250000000009 491.40526441012076 1.3455357142857225 0.86340634967659302 0.0062363458294498178 493.02799560569241
decision_type=2 2 2 2 2 2 2 2 2 2 2 2 2 2 2
left_child=3 2 7 8 6 -6 -5 -2 13 12 -11 -10 -3 -1 -4
right_child=1 9 14 4 5 -7 -8 -9 11 10 -12 -13 -14 -15 -16
leaf_value=-5.5952617735099607e-05 0 -4.3571015791260525e-05 3.5044480728271983e-07 4.2409209576048241e-05 0 0.00020858208688248644 -1.9764960157126957e-06 -0.00013180975011241086 1.5378758543629558e-05 0.00012379800010840558 0 -5.2870311419864009e-06 0 0 -4.6678236725086327e-05
leaf_weight=266 26 282 233 743 45 96 1126 183 1477 77 561 2206 463 81 148
leaf_count=266 26 282 233 743 45 96 1126 183 1477 77 561 2206 463 81 148
internal_value=0 -1.49005e-05 -5.08346e-05 7.10375e-06 2.37836e-05 0.000130828 1.40705e-05 -0.000110587 -4.7307e-07 0 1.92835e-05 2.18713e-06 -1.56952e-05 -3.73036e-05 -1.00915e-05
internal_weight=0 1973 590 6040 2010 141 1869 209 4030 1383 638 3683 745 347 381
internal_count=8013 1973 590 6040 2010 141 1869 209 4030 1383 638 3683 745 347 381
is_linear=0
shrinkage=0.03


Tree=14
num_leaves=16
num_cat=0
split_feature=8 53 53 1 53 7 26 38 5 38 29 53 53 28 49
split_gain=0.000696525 0.00136107 0.00327252 0.00100087 0.00077082 0.000548356 0.000418261 0.000475261 0.000332375 0.000515745 0.000320737 0.000406296 0.000201443 4.65672e-05 1.34002e-07
threshold=163.67500000000004 420.36650000000003 422.78750000000008 442.3537500000001 421.23400000000004 0.0011654617906783279 0.0083524359327329326 0.65800178892388972 2.2000000000000175 1.2007737211614435 0.0010282176709066945 403.84950000000003 491.26400000000007 0.84369115614154022 38.158241482962069
decision_type=2 2 2 2 2 2 2 2 2 2 2 2 2 2 2
left_child=1 10 4 -4 -3 6 7 -2 9 -7 13 -12 -10 -1 -8
right_child=5 2 3 -5 -6 8 14 -9 12 -11 11 -13 -14 -15 -16
leaf_value=-2.5127557641014364e-05 0 0 9.2890561623964484e-06 -3.1797004589125941e-05 -0.00025984405304921987 0 0 9.8834130679892562e-05 -4.1256066034300796e-06 2.5584678068629146e-05 0.00011222609600221695 1.2164051838798449e-05 -5.7878523971480791e-05 4.6218414523487721e-06 -1.255584330590184e-06
leaf_weight=64 103 20 765 1273 65 3065 61 147 912 982 84 238 93 55 76
leaf_count=64 103 20 765 1273 65 3065 61 147 912 982 84 238 93 55 76
internal_value=0 -1.33429e-05 -2.4129e-05 -1.49044e-05 -0.000208833 5.59669e-06 4.05332e-05 6.3594e-05 2.32293e-06 6.64925e-06 3.17554e-05 4.7703e-05 -1.21097e-05 0 0
internal_weight=0 2564 2123 2038 85 5439 387 250 5052 4047 441 322 1005 119 137
internal_count=8003 2564 2123 2038 85 5439 387 250 5052 4047 441 322 1005 119 137
is_linear=0
shrinkage=0.03


Tree=15
num_leaves=16
num_cat=0
split_feature=3 34 3 35 19 39 29 53 29 42 22 41 41 36 41
split_gain=0.000745785 0.00115654 0.000950636 0.000932275 0.000865219 0.00103254 0.000662435 0.000545795 0.000537061 0.000350205 0.000333127 0.000752376 0.000632666 0.000101789 3.68357e-05
threshold=460.0604875007985 1.250714285714291 458.4545292906738 1.4592158563187854 -0.0074814472206114471 1.0000000180025095e-35 0.0036758787403541166 400.85600000000005 0.0050936502751041815 1.068171501522549 -0.28758563633382245 0.0020451847521046991 0.0019851627999852069 0.83333334143517357 0.0016305925405002634
decision_type=2 2 2 2 2 2 2 2 2 2 2 2 2 2 2
left_child=2 3 4 6 5 -1 -2 -6 9 -4 12 -12 -3 -5 -10
right_child=1 10 8 13 7 -7 -8 -9 14 -11 11 -13 -14 -15 -16
leaf_value=9.8008023786514541e-06 -9.6303909679245142e-05 0 0.00020737840177130842 4.0627966209113588e-05 5.4789859394983725e-05 0.0001203615074130689 -2.9489837451608396e-06 -2.6283759314345115e-06 0 0 -1.0281075585940807e-05 3.5844803915171389e-05 -6.6161357326451257e-05 0 2.2497543296199077e-05
leaf_weight=445 319 213 41 55 152 118 177 4905 25 24 693 514 185 107 65
leaf_count=445 319 213 41 55 152 118 177 4905 25 24 693 514 185 107 65
internal_value=0 -1.46923e-05 5.62283e-06 -4.81943e-05 3.04084e-06 3.83835e-05 -6.90686e-05 -3.04112e-07 7.96375e-05 0.000149786 0 6.88383e-06 -2.46733e-05 0 0
internal_weight=0 2263 5775 658 5620 563 496 5057 155 65 1605 1207 398 162 90
internal_count=8038 2263 5775 658 5620 563 496 5057 155 65 1605 1207 398 162 90
is_linear=0
shrinkage=0.03


Tree=16
num_leaves=13
num_cat=0
split_feature=53 2 3 2 49 53 38 53 7 38 8 53
split_gain=0.000651852 0.00120968 0.000500819 0.000921404 0.00049077 0.000699289 0.000623035 0.000307282 0.000546243 0.000302607 0.000189998 0.000134983
threshold=492.40350000000007 496.026788126187 485.58869365498623 490.63057493927829 36.333349014687521 421.23400000000004 1.1538444436460875 500.54000000000002 0.0014255754688222745 0.93231721191219996 149.92500000000004 490.71750000000003
decision_type=2 2 2 2 2 2 2 2 2 2 2 2
left_child=2 9 4 -4 6 -6 -1 10 -9 -2 -3 -5
right_child=1 7 3 11 5 -7 -8 8 -10 -11 -12 -13
leaf_value=0 0 6.5881942109769892e-05 0.00020584995695389807 3.4968208056219112e-05 1.665062207417518e-05 -1.2881193526837196e-05 2.7725266513831403e-05 -8.4814262033851694e-05 0 -0.00021087554830171348 0 0
leaf_weight=2268 25 44 31 105 882 2999 1176 107 170 41 170 86
leaf_count=2268 25 44 31 105 882 2999 1176 107 170 41 170 86
internal_value=0 -3.02948e-05 3.19912e-06 4.80188e-05 1.42804e-06 -5.39559e-06 9.98813e-06 -7.44941e-06 -3.186e-05 -0.000153804 1.0162e-05 6.26587e-06
internal_weight=0 557 7547 222 7325 3881 3444 491 277 66 214 191
internal_count=8104 557 7547 222 7325 3881 3444 491 277 66 214 191
is_linear=0
shrinkage=0.03


Tree=17
num_leaves=15
num_cat=0
split_feature=1 38 41 8 33 41 54 1 7 56 35 34 34 7
split_gain=0.000746321 0.00135342 0.000769744 0.000891274 0.00134661 0.00061785 0.00106807 0.000327787 0.000308647 0.000129932 0.000137184 8.40811e-05 3.68166e-05 2.30247e-05
threshold=416.77500000000003 1.0213858684095347 0.00080496136284983707 163.67500000000004 0.0021731285950829077 0.001350041308844783 0.0056544507461377116 458.0800000000001 0.0011724740568792213 1.5000000000000002 0.77272726570248318 1.3157142857142898 0.93410714285715357 0.0012101583262846137
decision_type=2 2 2 2 2 2 2 2 2 2 2 2 2 2
left_child=1 9 7 4 -4 12 -7 13 -5 10 -1 -11 -3 -2
right_child=2 5 3 8 -6 6 -8 -9 -10 11 -12 -13 -14 -15
leaf_value=3.5434319578924284e-05 1.868533757127987e-05 2.8603247554942583e-05 0 3.0194308936312688e-05 -5.0119110541584857e-05 0.00011582310291101258 0 0.00019248374122407959 -5.0422278834421201e-07 0 0 -2.3357557760726338e-05 0 0
leaf_weight=121 65 40 1285 307 896 244 76 23 4310 147 95 301 104 21
leaf_count=121 65 40 1285 307 896 244 76 23 4310 147 95 301 104 21
internal_value=0 2.19865e-05 -4.28023e-06 -5.96014e-06 -2.18342e-05 6.16011e-05 8.50567e-05 7.26418e-05 8.90373e-07 -1.20687e-06 1.15913e-05 -1.40724e-05 0 4.98159e-06
internal_weight=0 1128 6907 6798 2181 464 320 109 4617 664 216 448 144 86
internal_count=8035 1128 6907 6798 2181 464 320 109 4617 664 216 448 144 86
is_linear=0
shrinkage=0.03


Tree=18
num_leaves=16
num_cat=0
split_feature=53 38 56 26 54 8 38 4 29 33 26 49 41 53 12
split_gain=0.000830911 0.000969471 0.00127034 0.001048 0.00048315 0.000605665 0.000757615 0.000447684 0.000399457 0.000315206 0.00024432 0.0002404 0.000168011 0.000122378 5.24824e-05
threshold=469.0834000000001 1.5251922409911611 1.5000000000000002 0.015849912506786506 0.0066449104388673613 99.975000000000009 0.75357383928528898 0.92857142857143471 0.010737492688834118 0.0035692091472042452 0.007453842874382441 40.019375417890245 0.0016970805837617866 460.12650000000002 0.0010307507605350592
decision_type=2 2 2 2 2 2 2 2 2 2 2 2 2 2 2
left_child=4 8 10 -4 5 7 -7 -1 11 -10 -3 -2 14 -14 -6
right_child=1 2 3 -5 12 6 -8 -9 9 -11 -12 -13 13 -15 -16
leaf_value=0 -3.639549849696098e-06 -2.6504295216497287e-05 -0.0001343094518216755 0 1.0615279187439805e-05 5.192982153321781e-08 2.6384661836928222e-05 -4.7737836120714583e-05 -7.1833335339864209e-05 0 4.5044923430057068e-05 2.5091125526574342e-05 -2.7172636777483553e-05 0 -9.0277064983453697e-06
leaf_weight=510 586 80 196 75 278 2216 2183 239 123 169 80 355 559 135 194
leaf_count=510 586 80 196 75 278 2216 2183 239 123 169 80 355 559 135 194
internal_value=0 -1.89054e-05 -5.81315e-05 -9.78868e-05 4.92082e-06 9.20222e-06 1.38029e-05 -1.38071e-05 -2.74369e-06 -3.4768e-05 0 4.0205e-06 -1.1406e-05 -2.08863e-05 0
internal_weight=0 1664 431 271 6314 5148 4399 749 1233 292 160 941 1166 694 472
internal_count=7978 1664 431 271 6314 5148 4399 749 1233 292 160 941 1166 694 472
is_linear=0
shrinkage=0.03


Tree=19
num_leaves=15
num_cat=0
split_feature=41 30 22 38 34 26 26 38 18 1 34 49 7 19
split_gain=0.000655572 0.00176005 0.00098486 0.000857825 0.00255464 0.000891755 0.000819728 0.000545448 0.000527717 0.000396875 0.000771521 0.00064724 0.000325075 0.000173902
threshold=0.0015345430950411082 0.00032160477998451244 -0.7307692362056234 1.4457128323969781 0.99035714285715293 0.012866335406125256 0.0053871788295623566 1.3535220190748904 1.0000000180025095e-35 442.3537500000001 1.2565178571428663 28.676012445989063 0.0011572803394745681 -0.0067456327064259183
decision_type=2 2 2 2 2 2 2 2 2 2 2 2 2 2
left_child=3 2 -2 6 12 -6 8 -4 -1 10 -3 -11 -5 -8
right_child=1 9 7 4 5 -7 13 -9 -10 11 -12 -13 -14 -15
leaf_value=-6.9442926114905904e-05 -3.1842189849758484e-05 4.4785780698397075e-05 5.6292372555169429e-06 2.7888476047162513e-05 -9.517029835602066e-05 0 -4.7225831931458487e-06 0.00013342970701845221 0 1.3959344683955192e-05 0 -1.7981481442131217e-05 -1.0473995938681851e-05 1.4863467385139107e-05
leaf_weight=219 26 465 101 366 473 149 296 173 161 761 1456 1708 298 1376
leaf_count=219 26 465 101 366 473 149 296 173 161 761 1456 1708 298 1376
internal_value=0 5.80541e-06 7.61318e-05 -1.14816e-05 -3.06954e-05 -7.48341e-05 0 9.73458e-05 -3.91619e-05 3.08091e-07 1.116e-05 -6.92096e-06 6.16198e-06 9.60198e-06
internal_weight=0 4690 300 3338 1286 622 2052 274 380 4390 1921 2469 664 1672
internal_count=8028 4690 300 3338 1286 622 2052 274 380 4390 1921 2469 664 1672
is_linear=0
shrinkage=0.03


Tree=20
num_leaves=16
num_cat=0
split_feature=53 53 3 41 3 20 41 53 10 1 3 8 29 1 20
split_gain=0.000826987 0.00143714 0.000860824 0.000930122 0.000721333 0.000627352 0.00063507 0.000545186 0.000431772 0.00042108 0.000377128 0.000200427 0.000258582 0.000223822 0.000110775
threshold=443.1855000000001 446.11250000000007 460.5895931152026 0.0018597235813188359 458.4545292906738 0.0023178558892844596 0.0014019288346102574 428.73100000000005 0.0031234682994879443 433.55625000000003 440.33469229142696 312.92500000000001 0.0038667988874256007 438.22250000000003 -0.0063034913371056147
decision_type=2 2 2 2 2 2 2 2 2 2 2 2 2 2 2
left_child=5 8 4 -4 -3 6 9 -8 14 -1 -10 12 -7 -13 -2
right_child=1 2 3 -5 -6 11 7 -9 10 -11 -12 13 -14 -15 -16
leaf_value=-1.6192914091581575e-05 0 2.4625113616496012e-06 -3.2904872582836548e-05 4.2441573352082268e-06 6.6166090082579813e-05 -3.4907843328304557e-06 4.904508345373048e-05 6.0591529556223872e-06 0 2.423583092012477e-05 -0.00013241101321621038 -3.2289238341582529e-05 3.319464804404156e-05 0 -3.2840709852747841e-05
leaf_weight=579 39 1205 1246 940 210 837 791 674 30 386 128 392 202 129 230
leaf_count=579 39 1205 1246 940 210 837 791 674 30 386 128 392 202 129 230
internal_value=0 -1.01472e-05 -3.08976e-06 -1.55611e-05 1.40562e-05 9.09118e-06 1.88807e-05 3.13245e-05 -6.25732e-05 0 -0.000109876 -4.2365e-06 7.68047e-07 -1.99606e-05 -2.35053e-05
internal_weight=0 4028 3601 2186 1415 3990 2430 1465 427 965 158 1560 1039 521 269
internal_count=8018 4028 3601 2186 1415 3990 2430 1465 427 965 158 1560 1039 521 269
is_linear=0
shrinkage=0.03


Tree=21
num_leaves=14
num_cat=0
split_feature=41 30 0 41 53 3 34 35 26 42 35 27 30
split_gain=0.000766225 0.00205873 0.000899657 0.00089406 0.000733731 0.000717804 0.000923682 0.000569539 0.000441352 0.000412813 0.000370394 0.000337649 3.10553e-05
threshold=0.0015448769936104712 0.00012309121874927841 15.194936269433315 0.00083339151660806346 458.98250000000002 456.16489530175562 1.3094642857142913 1.5495466282574464 0.011537777481933983 0.80839028517746925 0.70836586178741212 0.85484199017763807 0.00090729598502920135
decision_type=2 2 2 2 2 2 2 2 2 2 2 2 2
left_child=3 2 -2 4 12 9 -7 8 -3 -5 -4 -9 -1
right_child=1 7 10 5 -6 6 -8 11 -10 -11 -12 -13 -14
leaf_value=0 0 9.7589562161860631e-06 0 -2.5957247116459994e-05 0.00022759717505735653 -5.7696926715864702e-05 1.0084246345023244e-06 7.1533474444725363e-05 -9.8868772130450346e-06 1.5360308956510286e-06 0.00013386297873574488 0 1.7779564753688134e-05
leaf_weight=30 25 2194 44 605 22 621 238 168 1925 1815 184 79 95
leaf_count=30 25 2194 44 605 22 621 238 168 1925 1815 184 79 95
internal_value=0 8.77818e-06 9.23732e-05 -9.89218e-06 5.8651e-05 -1.38883e-05 -3.79501e-05 3.23696e-06 0 -4.10182e-06 0.000114061 4.74964e-05 4.22382e-06
internal_weight=0 4619 253 3426 147 3279 859 4366 4119 2420 228 247 125
internal_count=8045 4619 253 3426 147 3279 859 4366 4119 2420 228 247 125
is_linear=0
shrinkage=0.03


Tree=22
num_leaves=12
num_cat=0
split_feature=41 41 27 53 41 38 53 22 2 18 53
split_gain=0.000652908 0.000886069 0.00129805 0.0007656 0.000591165 0.000542856 0.000764275 0.00050104 2.25983e-05 2.38898e-05 1.20985e-05
threshold=0.00083339151660806346 0.0014604841022728737 -0.058848789272568348 458.98250000000002 0.0015345430950411082 0.88728758988690737 404.91700000000009 0.094339579280881491 425.61374800090056 0.0029861269531534789 415.14450000000011
decision_type=2 2 2 2 2 2 2 2 2 2 2
left_child=3 5 4 8 -3 10 -7 -4 -1 -10 -2
right_child=1 2 7 -5 -6 6 -8 -9 9 -11 -12
leaf_value=0 -3.0076056139589067e-06 0 1.1100065940382832e-05 0.00024127523720177799 0.00010806498962698415 4.9470675705894313e-05 -3.0880793513643983e-05 -7.7554167812414799e-06 2.5402457295917687e-05 0 3.3673768827767444e-06
leaf_weight=24 102 24 2752 21 157 86 1694 2217 81 27 878
leaf_count=24 102 24 2752 21 157 86 1694 2217 81 27 878
internal_value=0 -1.345e-06 5.58367e-06 6.11138e-05 8.48672e-05 -1.53589e-05 -2.53009e-05 2.08377e-06 9.00795e-06 1.69276e-05 0
internal_weight=0 7910 5150 153 181 2760 1780 4969 132 108 980
internal_count=8063 7910 5150 153 181 2760 1780 4969 132 108 980
is_linear=0
shrinkage=0.03


Tree=23
num_leaves=16
num_cat=0
split_feature=34 7 8 4 7 8 26 5 34 12 35 34 7 1 45
split_gain=0.000566147 0.00106186 0.000933793 0.00120472 0.000632191 0.00115959 0.000717107 0.00042128 0.000386666 0.000351791 0.000337994 0.000118098 6.51515e-05 0.000191124 6.95084e-05
threshold=0.96580357142857587 0.0012411963047021448 134.67500000000004 1.0650000000000082 0.0011286813419632206 89.225000000000009 0.0081939915862814395 2.3750000000000004 1.8894464285714327 0.0010576601430649793 1.2336301503134204 1.5349821428571568 0.0014403041450763605 442.83375000000001 24.999999950961676
decision_type=2 2 2 2 2 2 2 2 2 2 2 2 2 2 2
left_child=4 2 3 -2 5 9 -7 8 -3 -1 -9 -4 13 -6 -14
right_child=1 7 11 -5 12 6 -8 10 -10 -11 -12 -13 14 -15 -16
leaf_value=2.2412547223808891e-05 -1.4745325159278863e-05 1.17399367864622e-05 0 -9.1375981560902584e-05 -4.2348766244757872e-05 0.00012310950905669306 0 3.6305641912583847e-06 -1.7250624893885805e-05 -5.1510204106186894e-05 -2.8012245549864268e-05 3.8077528252294848e-05 0 0 2.229163957808135e-05
leaf_weight=231 759 3945 615 318 126 180 68 343 385 75 582 73 61 92 133
leaf_count=231 759 3945 615 318 126 180 68 343 385 75 582 73 61 92 133
internal_value=0 -2.17418e-06 -2.25792e-05 -4.01878e-05 2.22307e-05 4.34453e-05 9.17141e-05 4.10994e-06 8.4678e-06 0 -1.30416e-05 6.37192e-07 0 -1.58447e-05 4.40898e-06
internal_weight=0 7020 1765 1077 966 554 248 5255 4330 306 925 688 412 218 194
internal_count=7986 7020 1765 1077 966 554 248 5255 4330 306 925 688 412 218 194
is_linear=0
shrinkage=0.03


Tree=24
num_leaves=14
num_cat=0
split_feature=53 7 19 41 53 2 42 8 38 8 42 4 0
split_gain=0.000688602 0.00135794 0.00069931 0.000612416 0.000757078 0.000638073 0.000873143 0.000804174 0.000269948 4.79022e-05 4.409e-05 7.99543e-05 4.30941e-05
threshold=492.40350000000007 0.0014255754688222745 0.0056308210112194787 0.00080496136284983707 458.98250000000002 400.56695802798953 0.85001759155135159 156.12500000000003 0.72178933453805139 81.300000000000011 1.1104541745807619 1.6971428571428668 69.422112569394258
decision_type=2 2 2 2 2 2 2 2 2 2 2 2 2
left_child=3 2 8 4 9 6 -5 -7 -2 -1 12 -12 -3
right_child=1 10 -4 5 -6 7 -8 -9 -10 -11 11 -13 -14
leaf_value=0 0 2.7069965764647932e-05 0 0.0001955529339663359 0.00024660889372814357 -1.363919204245119e-05 0 8.0677904995029423e-06 -0.00014071048033568025 2.3707260678078588e-05 -3.3887090846352897e-05 0 0
leaf_weight=20 27 99 22 36 21 2138 26 5211 131 79 67 177 28
leaf_count=20 27 99 22 36 21 2138 26 5211 131 79 67 177 28
internal_value=0 -3.03843e-05 -9.7937e-05 4.08279e-06 7.21767e-05 2.57063e-06 9.87899e-05 1.34402e-06 -0.00012204 3.97191e-06 0 -4.76599e-06 1.63605e-05
internal_weight=0 551 180 7531 120 7411 62 7349 158 99 371 244 127
internal_count=8082 551 180 7531 120 7411 62 7349 158 99 371 244 127
is_linear=0
shrinkage=0.03


Tree=25
num_leaves=15
num_cat=0
split_feature=35 53 53 2 8 7 0 4 30 50 3 7 26 26
split_gain=0.000516529 0.00054231 0.000759903 0.000751151 0.000313459 0.000763815 0.000285555 0.000284377 0.000265299 0.000199156 0.000134173 5.70198e-05 8.72456e-05 2.30491e-05
threshold=1.5849064490817686 442.5215 448.73650000000009 462.58358661159605 311.42500000000001 0.0012478723677903944 36.811500782717154 1.5321428571428666 0.026200890389672157 1.0000000180025095e-35 424.83913247094961 0.0012221024496371893 0.013231482589211247 0.0083524359327329326
decision_type=2 2 2 2 2 2 2 2 2 2 2 2 2 2
left_child=1 4 6 -4 5 -1 -3 11 9 -9 -6 13 -13 -2
right_child=7 2 3 -5 10 -7 -8 8 -10 -11 -12 12 -14 -15
leaf_value=-5.1616380490248631e-06 3.1230410360622887e-05 0 2.0592039642582018e-05 -1.2688669860700159e-05 -1.7875245968445214e-05 2.549212306927367e-05 -5.2613246312238732e-05 0 0 5.7159823654284458e-05 0 -4.7477817789742554e-05 0 0
leaf_weight=1199 21 188 769 2473 589 1469 492 81 47 328 319 57 30 20
leaf_count=1199 21 188 769 2473 589 1469 492 81 47 328 319 57 30 20
internal_value=0 -3.00668e-06 -1.09568e-05 -3.86734e-06 4.87412e-06 1.05937e-05 -4.03205e-05 2.61385e-05 3.78873e-05 4.67255e-05 -8.62629e-06 0 -2.41642e-05 2.33172e-06
internal_weight=0 7498 3922 3242 3576 2668 680 584 456 409 908 128 87 41
internal_count=8082 7498 3922 3242 3576 2668 680 584 456 409 908 128 87 41
is_linear=0
shrinkage=0.03


Tree=26
num_leaves=12
num_cat=0
split_feature=41 41 27 3 3 36 49 3 34 8 7
split_gain=0.000588835 0.000624213 0.000793747 0.000661302 0.000589086 0.00058115 0.000500597 0.000468493 0.000239724 5.49425e-05 2.82486e-05
threshold=0.00080496136284983707 0.0014201476598799891 -0.033325992093507499 440.83344923731994 457.23865156947147 0.72727272176310354 27.702409876096251 456.16489530175562 0.99419642857142498 77.075000000000003 0.0012023643340780224
decision_type=2 2 2 2 2 2 2 2 2 2 2
left_child=4 5 6 -4 9 8 -3 -7 -2 -1 -11
right_child=1 2 3 -5 -6 7 -8 -9 -10 10 -12
leaf_value=0 1.9423850092007929e-05 0 1.313490278401152e-05 -8.3350027665950456e-06 0.00020563940477334153 -1.4335116783713414e-05 8.3311131906039384e-05 -6.5414158422130334e-05 -8.5632981067433709e-06 3.4893011025305004e-05 0
leaf_weight=22 387 40 2303 2876 24 943 177 296 948 61 21
leaf_count=22 387 40 2303 2876 24 943 177 296 948 61 21
internal_value=0 -1.78137e-06 3.57966e-06 6.33384e-07 6.27436e-05 -1.41837e-05 5.99404e-05 -2.89798e-05 0 2.3334e-07 2.44835e-05
internal_weight=0 7970 5396 5179 128 2574 217 1239 1335 104 82
internal_count=8098 7970 5396 5179 128 2574 217 1239 1335 104 82
is_linear=0
shrinkage=0.03


Tree=27
num_leaves=15
num_cat=0
split_feature=26 41 2 41 54 26 53 49 44 9 11 38 3 38
split_gain=0.000584326 0.0011102 0.00143211 0.00111428 0.000950455 0.000504515 0.000498302 0.00048822 0.000900589 0.000602795 0.000264133 0.000213297 7.29288e-05 1.96391e-05
threshold=0.0060741208014223301 0.0026428160750612347 443.30697032119446 0.00080496136284983707 0.0033357493905982684 0.0083025424187649684 441.17850000000004 58.386465509207021 1.0000000180025095e-35 3.1500000000000061 1.9500000000000173 0.71290639361319397 453.91277617931911 3.2758482884665026
decision_type=2 2 2 2 2 2 2 2 2 2 2 2 2 2
left_child=1 2 6 -4 12 10 -1 9 -9 -7 11 -2 -3 -12
right_child=5 4 3 -5 -6 7 -8 8 -10 -11 13 -13 -14 -15
leaf_value=-2.8420779285921012e-07 1.7929162350529634e-06 0 0.00010985657910907105 -5.8075424367002952e-05 0 1.5395786380760384e-06 7.9295901277961597e-05 -9.4537616424126512e-06 -0.00017029055438935755 5.9494871476369594e-05 0 3.3803519330369929e-05 0.00020983298742414816 -4.2907839279255957e-05
leaf_weight=783 506 23 25 809 39 3796 72 757 37 177 22 902 34 24
leaf_count=783 506 23 25 809 39 3796 72 757 37 177 22 902 34 24
internal_value=0 -1.4051e-05 -2.11213e-05 -4.93837e-05 7.87194e-05 5.32743e-06 2.95298e-06 0 -2.08271e-05 4.88369e-06 2.08225e-05 2.44344e-05 0.000158986 -2.42883e-05
internal_weight=0 1785 1689 834 96 6221 855 4767 794 3973 1454 1408 57 46
internal_count=8006 1785 1689 834 96 6221 855 4767 794 3973 1454 1408 57 46
is_linear=0
shrinkage=0.03


Tree=28
num_leaves=15
num_cat=0
split_feature=8 53 53 41 1 54 41 7 42 35 13 46 12 53
split_gain=0.00051519 0.00133573 0.00252345 0.00136293 0.00128643 0.000907917 0.000723609 0.000597758 0.000306416 0.000368409 0.000325536 0.000243798 0.000209168 0.000208101
threshold=160.47500000000002 420.36650000000003 422.78750000000008 0.0014019288346102574 442.19750000000005 0.0019373712134013689 0.0024262219998085022 0.0010824542721507011 1.1549304757459113 1.5849064490817686 0.15000000000000571 88.867468051306943 0.00036027385485670895 404.91700000000009
decision_type=2 2 2 2 2 2 2 2 2 2 2 2 2 2
left_child=1 3 5 13 -4 -3 -5 11 10 -10 -9 12 -2 -1
right_child=7 2 4 6 -6 -7 -8 8 9 -11 -12 -13 -14 -15
leaf_value=0 0 -0.00028769997789183097 1.4515791327226217e-05 9.2354985343633215e-05 -3.3486615320187907e-05 0 0 0 -8.2766322578385576e-06 1.9585033735950394e-05 2.4598376600406154e-05 0 8.2606593167456086e-05 -5.6631296460629944e-05
leaf_weight=37 80 44 758 265 1205 30 49 1339 2405 484 993 39 160 99
leaf_count=37 80 44 758 265 1205 30 49 1339 2405 484 993 39 160 99
internal_value=0 -1.03265e-05 -2.15807e-05 3.39256e-05 -1.34239e-05 -0.000196144 7.16226e-05 6.04536e-06 3.13891e-06 -2.56809e-06 1.14942e-05 4.9598e-05 6.14102e-05 -3.10755e-05
internal_weight=0 2487 2037 450 1963 74 314 5500 5221 2889 2332 279 240 136
internal_count=7987 2487 2037 450 1963 74 314 5500 5221 2889 2332 279 240 136
is_linear=0
shrinkage=0.03


Tree=29
num_leaves=14
num_cat=0
split_feature=8 53 33 3 41 41 9 41 42 35 46 52 29
split_gain=0.000521156 0.000655451 0.00112516 0.000691063 0.00058633 0.000425079 0.000382226 0.00077911 0.000252452 0.000245647 0.000210752 0.000159896 2.4211e-05
threshold=110.62500000000001 420.36650000000003 0.0018684946361189113 420.01820960328956 0.0014145998203037209 0.00076306794385264641 3.1500000000000061 0.001945349268105357 1.3024990867827835 0.68079453455534167 80.107862703634666 0.0016681029403812192 0.0041827740092736229
decision_type=2 2 2 2 2 2 2 2 2 2 2 2 2
left_child=1 4 10 -4 12 11 8 -8 -7 -6 -3 -2 -1
right_child=5 2 3 -5 9 6 7 -9 -10 -11 -12 -13 -14
leaf_value=-1.8154615712111554e-05 0.00014321845674911807 -6.3679169207524185e-06 -0.00025124560328355677 -4.2625517089605596e-05 0 4.9621892852401411e-06 0 0.00011055366810594617 -8.1694765324083659e-06 9.9349532503303198e-05 3.3282933337531831e-05 0 0
leaf_weight=75 28 323 22 569 29 4636 182 89 1766 88 159 41 20
leaf_count=75 28 323 22 569 29 4636 182 89 1766 88 159 41 20
internal_value=0 -1.66998e-05 -2.76476e-05 -5.56691e-05 2.45275e-05 4.06901e-06 2.83227e-06 3.80307e-05 8.7088e-07 7.45164e-05 5.15247e-07 7.96279e-05 -5.69204e-06
internal_weight=0 1285 1073 591 212 6742 6673 271 6402 117 482 69 95
internal_count=8027 1285 1073 591 212 6742 6673 271 6402 117 482 69 95
is_linear=0
shrinkage=0.03


Tree=30
num_leaves=16
num_cat=0
split_feature=41 38 49 6 53 38 6 1 38 46 53 29 29 49 41
split_gain=0.000691864 0.00134067 0.000981725 0.00160615 0.000865293 0.0012497 0.000906541 0.000838641 0.00161233 0.000651928 0.000627676 0.000365295 0.000216633 0.000198836 9.26961e-05
threshold=0.0017629233125275123 0.99545377820225844 60.366915723678709 0.37500000000000006 460.37550000000005 1.7495270747183722 -2.2999999999999825 456.36875000000003 2.2537999885149529 34.713474433408315 403.84950000000003 0.0043269377966092771 0.010737492688834118 49.586665443126485 0.0019618270538255245
decision_type=2 2 2 2 2 2 2 2 2 2 2 2 2 2 2
left_child=4 12 3 -3 7 11 -7 10 -9 -4 -1 -6 13 -2 -14
right_child=1 2 9 -5 5 6 -8 8 -10 -11 -12 -13 14 -15 -16
leaf_value=4.5406696838202604e-05 0 9.6892705346977826e-05 -8.0127947430579167e-05 8.5591999683748079e-06 -2.8019296858249395e-05 0 -0.00010700902917760578 0 0.00024818919034687878 2.1187438795148229e-05 -6.886172135288621e-06 8.2445764553227996e-06 0 2.4516653726047593e-05 -2.60268150386381e-05
leaf_weight=214 1431 413 90 490 408 104 253 153 35 86 2995 469 113 321 391
leaf_count=214 1431 413 90 490 408 104 253 153 35 86 2995 469 113 321 391
internal_value=0 1.11746e-05 3.87629e-05 5.23115e-05 -6.69365e-06 -2.8262e-05 -7.64039e-05 2.61316e-07 6.24701e-05 -1.37046e-05 -2.45764e-06 -5.21374e-06 -6.96564e-07 2.85562e-06 -1.89817e-05
internal_weight=0 3335 1079 903 4631 1234 357 3397 188 176 3209 877 2256 1752 504
internal_count=7966 3335 1079 903 4631 1234 357 3397 188 176 3209 877 2256 1752 504
is_linear=0
shrinkage=0.03


Tree=31
num_leaves=12
num_cat=0
split_feature=41 1 41 30 0 38 34 20 49 7 7
split_gain=0.000489104 0.000602888 0.000542467 0.00116219 0.000836758 0.000546427 0.00115314 0.000437009 0.00018454 2.67678e-05 2.8714e-05
threshold=0.00080496136284983707 458.0800000000001 0.0014323234652456414 0.00043925700244204746 15.194936269433315 1.4994809946912342 1.0532142857142899 0.011872249918246426 37.499030477764741 0.00058837427841369066 0.0011496136056200596
decision_type=2 2 2 2 2 2 2 2 2 2 2
left_child=1 9 5 4 -4 8 -7 -5 -2 -1 -11
right_child=2 -3 3 7 -6 6 -8 -9 -10 10 -12
leaf_value=0 9.9254959408727304e-06 0.00021977889507855629 -3.0407797353625101e-05 5.1483764868322854e-06 7.5064825065279998e-05 -3.5808300973557969e-06 -8.130989932238119e-05 -2.0315591790390507e-05 -1.0283172491406253e-05 2.8043036845945344e-05 0
leaf_weight=21 780 20 39 4275 340 692 279 690 843 63 22
leaf_count=21 780 20 39 4275 340 692 279 690 843 63 22
internal_value=0 5.94847e-05 0 5.49021e-06 5.62805e-05 -1.12287e-05 -2.90333e-05 1.00372e-06 0 1.81664e-07 1.67871e-05
internal_weight=0 126 7938 5344 379 2594 971 4965 1623 106 85
internal_count=8064 126 7938 5344 379 2594 971 4965 1623 106 85
is_linear=0
shrinkage=0.03


end of trees

feature_importances:
volatility_ma=52
sma_50=50
bb_lower=34
volume_ratio=28
atr_ma=27
bb_width=23
volume_ma=22
volatility=21
bb_middle=19
bb_upper=18
volatility_ratio=18
price_bb_upper_dist=17
adx=15
return_24=11
price_bb_lower_dist=10
atr_ratio=9
price_sma_50_dist=8
rsi=5
momentum_20=5
stoch_d=5
atr=4
rsi_normalized=4
atr_normalized=4
body_pct=3
return_12=3
bb_position=3
momentum_ratio=3
price_sma_20_dist=3
momentum_10=2
range=2
upper_shadow=2
return_6=2
bb_position_normalized=2
momentum_convergence=2
volume_spike=2
stoch_k=2
market_regime=2
range_pct=1
body=1
return_1=1
low_volatility=1
strong_trend=1
sma_20=1
signal_convergence=1

parameters:
[boosting: gbdt]
[objective: regression]
[metric: rmse]
[tree_learner: serial]
[device_type: cpu]
[data: ]
[valid: ]
[num_iterations: 300]
[learning_rate: 0.03]
[num_leaves: 16]
[num_threads: 8]
[deterministic: 0]
[force_col_wise: 0]
[force_row_wise: 0]
[histogram_pool_size: -1]
[max_depth: 4]
[min_data_in_leaf: 20]
[min_sum_hessian_in_leaf: 0.001]
[bagging_fraction: 0.7]
[pos_bagging_fraction: 1]
[neg_bagging_fraction: 1]
[bagging_freq: 1]
[bagging_seed: 400]
[feature_fraction: 0.8]
[feature_fraction_bynode: 1]
[feature_fraction_seed: 30056]
[extra_trees: 0]
[extra_seed: 12879]
[early_stopping_round: 0]
[first_metric_only: 0]
[max_delta_step: 0]
[lambda_l1: 0.1]
[lambda_l2: 0.5]
[linear_lambda: 0]
[min_gain_to_split: 0]
[drop_rate: 0.1]
[max_drop: 50]
[skip_drop: 0.5]
[xgboost_dart_mode: 0]
[uniform_drop: 0]
[drop_seed: 17869]
[top_rate: 0.2]
[other_rate: 0.1]
[min_data_per_group: 100]
[max_cat_threshold: 32]
[cat_l2: 10]
[cat_smooth: 10]
[max_cat_to_onehot: 4]
[top_k: 20]
[monotone_constraints: ]
[monotone_constraints_method: basic]
[monotone_penalty: 0]
[feature_contri: ]
[forcedsplits_filename: ]
[refit_decay_rate: 0.9]
[cegb_tradeoff: 1]
[cegb_penalty_split: 0]
[cegb_penalty_feature_lazy: ]
[cegb_penalty_feature_coupled: ]
[path_smooth: 0]
[interaction_constraints: ]
[verbosity: 1]
[saved_feature_importance_type: 0]
[linear_tree: 0]
[max_bin: 255]
[max_bin_by_feature: ]
[min_data_in_bin: 3]
[bin_construct_sample_cnt: 200000]
[data_random_seed: 175]
[is_enable_sparse: 1]
[enable_bundle: 1]
[use_missing: 1]
[zero_as_missing: 0]
[feature_pre_filter: 1]
[pre_partition: 0]
[two_round: 0]
[header: 0]
[label_column: ]
[weight_column: ]
[group_column: ]
[ignore_column: ]
[categorical_feature: ]
[forcedbins_filename: ]
[precise_float_parser: 0]
[parser_config_file: ]
[objective_seed: 16083]
[num_class: 1]
[is_unbalance: 0]
[scale_pos_weight: 1]
[sigmoid: 1]
[boost_from_average: 1]
[reg_sqrt: 0]
[alpha: 0.9]
[fair_c: 1]
[poisson_max_delta_step: 0.7]
[tweedie_variance_power: 1.5]
[lambdarank_truncation_level: 30]
[lambdarank_norm: 1]
[label_gain: ]
[lambdarank_position_bias_regularization: 0]
[eval_at: ]
[multi_error_top_k: 1]
[auc_mu_weights: ]
[num_machines: 1]
[local_listen_port: 12400]
[time_out: 120]
[machine_list_filename: ]
[machines: ]
[gpu_platform_id: -1]
[gpu_device_id: -1]
[gpu_use_dp: 0]
[num_gpu: 1]

end of parameters

pandas_categorical:[]
