tree
version=v4
num_class=1
num_tree_per_iteration=1
label_index=0
max_feature_idx=55
objective=regression
feature_names=rsi ema_fast ema_slow macd macd_signal momentum_10 momentum_20 volatility volume_ma range range_pct body body_pct upper_shadow lower_shadow is_bullish return_1 return_3 return_6 return_12 return_24 log_return rsi_normalized rsi_overbought rsi_oversold rsi_divergence ema_cross ema_cross_pct ema_cross_signal price_ema_fast_dist price_ema_slow_dist macd_hist macd_hist_change macd_cross_signal macd_strength momentum_ratio momentum_convergence volume_ratio volume_spike volume_change volatility_ma volatility_ratio high_volatility low_volatility stoch_k stoch_d stoch_overbought stoch_oversold adx strong_trend sma_20 price_sma_20_dist sma_50 price_sma_50_dist signal_convergence market_regime
feature_infos=[0:99.999985872857692] [140.00419228244851:161.85491834155184] [140.15959095491192:161.77386577410471] [-1.1327603992711772:0.72525453050678834] [-1.0349543330226298:0.5849833072352123] [-4.1740000000000066:3.6910000000000025] [-4.0190000000000055:3.1930000000000121] [0:0.004651925091918363] [0:14472.4] [0:3.1289999999999907] [0:0.019790486385785944] [0:2.86099999999999] [0:0.018034088903456733] [0:1.1399999999999864] [0:1.5829999999999984] [0:1] [-0.017714621838333167:0.014877782329646427] [-0.022323288195084667:0.021831831417413072] [-0.021306128588913342:0.022410317306895688] [-0.023662010314559945:0.026812644307773414] [-0.030412096542869249:0.024559774311784466] [-0.017873403720390344:0.014768193745818952] [-0.93857804316327842:0.99999971745715388] [0:1] [0:1] [-46.462567102264515:46.652687094333061] [-1.1327603992711772:0.72525453050678834] [-0.0079356633899468083:0.0049124836963239634] [0:1] [-0.015550408266898312:0.015067731023277454] [-0.020498919836102681:0.017349420162368165] [-0.36447759139961056:0.38418737904878653] [-0.18206359703680802:0.13384016716385658] [0:1] [-0.33458035143265025:0.37014659703597824] [-20500000.000001252:27300000.000002455] [-3.6910000000000025:4.1740000000000066] [0:5.4120637403284393] [0:1] [-0.99739752765126866:135] [0:0.0043580031549319562] [0:8.9920287103106187] [0:1] [0:1] [0:99.99999954128441] [0:99.332322829059265] [0:1] [0:1] [0:92.306826590390614] [0:1] [0:161.81829999999999] [-0.019390125305217113:0.019216354919305893] [0:161.66587999999999] [-0.029932344977646477:0.017446147612938202] [0:3] [0:2]
tree_sizes=2170 1980 1907 1754 1872 2358 2503 1816 1861 2163 2103 2450 1996 1979 1730

Tree=0
num_leaves=21
num_cat=0
split_feature=2 4 22 7 52 41 54 52 22 9 48 45 53 9 4 44 53 1 2 36
split_gain=0.000552455 0.000662792 0.000736769 0.000657186 0.000288853 0.000281358 0.000269278 0.000210044 0.000133444 0.000111438 0.000101957 9.9743e-05 6.92913e-05 4.58507e-05 4.45919e-05 3.61408e-05 1.0637e-05 7.96203e-06 2.26553e-05 5.86307e-06
threshold=146.55685633530865 0.069920665562656664 -0.3263702146319043 0.00068284258439783722 155.95569000000003 1.5324595823321012 2.5000000000000004 151.69233 -0.39298538965406421 0.063500000000004789 63.516436320681564 79.716961026960988 0.0045212591484820137 0.071000000000012178 0.017081065051973845 92.632402724568195 0.00083608650166804206 150.28479190431315 146.85952096313784 -0.21950000000001066
decision_type=2 2 2 2 2 2 2 2 2 2 2 2 2 2 2 2 2 2 2 2
left_child=1 2 -1 4 7 11 9 17 -9 -4 -11 13 -10 -5 16 -15 19 18 -2 -6
right_child=3 -3 6 5 14 -7 -8 8 12 10 -12 -13 -14 15 -16 -17 -18 -19 -20 -21
leaf_value=-3.3068440548033775e-06 -3.3068440548033775e-06 -3.3068440548033775e-06 -3.3068440548033775e-06 -3.3068440548033775e-06 -3.3068440548033775e-06 -3.3068440548033775e-06 -3.3068440548033775e-06 -3.3068440548033775e-06 3.0975854513648359e-05 6.7972590982664951e-05 -3.3068440548033775e-06 -3.3068440548033775e-06 -3.3068440548033775e-06 -3.1606762671691232e-05 -3.3068440548033775e-06 -3.3068440548033775e-06 -3.3068440548033775e-06 -3.3068440548033775e-06 3.3561960261338282e-06 -2.07192584737938e-05
leaf_weight=412 61 745 37 198 43 377 103 115 1467 1143 37 1097 61 3780 1129 63 43 1146 1724 774
leaf_count=412 61 745 37 198 43 377 103 115 1467 1143 37 1097 61 3780 1129 63 43 1146 1724 774
internal_value=-3.30684e-06 1.77874e-05 3.66054e-05 -8.11226e-06 -4.8721e-07 -2.17192e-05 5.57308e-05 8.99603e-06 2.39135e-05 6.25226e-05 6.52896e-05 -2.56851e-05 2.85526e-05 -2.97348e-05 -9.72635e-06 -3.09518e-05 -1.83041e-05 -3.30684e-06 3.24189e-08 -1.97171e-05
internal_weight=0 2477 1732 12078 6563 5515 1320 4574 1643 1217 1180 5138 1528 4041 1989 3843 860 2931 1785 817
internal_count=14555 2477 1732 12078 6563 5515 1320 4574 1643 1217 1180 5138 1528 4041 1989 3843 860 2931 1785 817
is_linear=0
shrinkage=1


Tree=1
num_leaves=23
num_cat=0
split_feature=40 50 4 52 8 8 7 52 48 8 52 7 50 54 31 7 4 48 8 7 31 20
split_gain=0.000449649 0.000944728 0.000551897 0.000510427 0.000377053 0.000259438 0.000457938 0.000397389 0.000234726 0.000219426 0.000165237 0.000261049 0.000163614 0.000153702 0.000170438 4.467e-05 2.39162e-05 2.38481e-05 1.67767e-05 1.54429e-05 8.92043e-06 2.53827e-08
threshold=0.00060865069056963551 145.34730000000002 0.069920665562656664 155.95569000000003 4755.4000000000005 5585.2750000000005 0.0008757959406891267 154.95752000000002 19.411399761493804 3764.4750000000004 153.11244000000002 0.00098254720039728303 156.24790000000004 2.5000000000000004 -0.057463203761783717 0.00030944744793857606 0.035571632583057476 79.079867583216085 2993.2500000000005 0.00021840407433531794 0.066639932007341696 -0.00014080886778927712
decision_type=2 2 2 2 2 2 2 2 2 2 2 2 2 2 2 2 2 2 2 2 2 2
left_child=3 2 9 4 15 10 -7 8 -8 -2 16 12 -12 14 -11 -1 -3 20 19 -5 -17 -21
right_child=1 5 -4 18 -6 6 7 -9 -10 13 11 -13 -14 -15 -16 17 -18 -19 -20 21 -22 -23
leaf_value=0 0 6.1591934806711265e-06 0 0 0 0 0 0 -6.8170917578491154e-05 0 -3.8363032690771096e-05 0 0 0 5.969272254967791e-05 3.478768557111924e-05 0 0 0 -1.439363292562937e-05 0 0
leaf_weight=688 174 1576 548 55 341 332 261 200 1144 143 1096 699 743 59 964 2578 1220 33 532 389 39 732
leaf_count=688 174 1576 548 55 341 332 261 200 1144 143 1096 699 743 59 964 2578 1220 33 532 389 39 732
internal_value=0 -6.74299e-06 1.92084e-05 1.14615e-05 2.32205e-05 -1.692e-05 -3.65785e-05 -4.82493e-05 -5.80207e-05 3.93627e-05 -5.09382e-06 -1.47407e-05 -2.55878e-05 4.74452e-05 5.21354e-05 2.96084e-05 0 3.38584e-05 0 -5.97174e-06 3.44039e-05 -8.47633e-06
internal_weight=0 9159 1888 5387 3679 7271 1937 1605 1405 1340 5334 2538 1839 1166 1107 3338 2796 2650 1708 1176 2617 1121
internal_count=14546 9159 1888 5387 3679 7271 1937 1605 1405 1340 5334 2538 1839 1166 1107 3338 2796 2650 1708 1176 2617 1121
is_linear=0
shrinkage=0.05


Tree=2
num_leaves=22
num_cat=0
split_feature=50 40 4 22 50 41 41 50 53 9 36 7 18 9 36 48 26 40 50 48 40
split_gain=0.000376609 0.000607474 0.000473224 0.000626538 0.000342448 0.000224719 0.000206923 0.000182221 0.000151076 0.000134732 0.000121144 0.000117297 8.75481e-05 8.04186e-05 7.12266e-05 7.02462e-05 5.92299e-05 5.7535e-05 1.19703e-06 3.69857e-07 2.28973e-05
threshold=146.56825000000006 0.00082608966225656752 0.076271234639188015 -0.33333341133018585 154.04107500000006 1.2538084220753525 1.2207740173369175 154.04107500000006 -0.00046307895910704721 0.076000000000007631 0.12749999999999775 0.0004977254774397973 -0.0052320106693983784 0.055499999999995005 -0.2005000000000052 63.516436320681564 -0.14657103990514028 0.00043925412323537772 155.21012500000003 51.588405763890371 0.00067950421807142782
decision_type=2 2 2 2 2 2 2 2 2 2 2 2 2 2 2 2 2 2 2 2 2
left_child=2 7 3 -1 5 11 9 10 12 -5 16 -3 -9 -13 -14 -11 -2 -18 -6 20 -4
right_child=1 4 19 6 18 -7 -8 8 -10 15 -12 13 14 -15 -16 -17 17 -19 -20 -21 -22
leaf_value=0 0 0 0 0 0 0 0 0 0 6.3943145957737156e-05 0 0 0 -4.2351823013143986e-05 -3.2092197698854897e-05 0 0 1.9477209152314957e-05 -1.8502997680363944e-06 0 -1.0555170270618016e-05
leaf_weight=427 85 39 44 63 449 288 184 39 2705 1092 1115 50 68 2055 826 35 1000 2568 874 174 522
leaf_count=427 85 39 44 63 449 288 184 39 2705 1092 1115 50 68 2055 826 35 1000 2568 874 174 522
internal_value=0 -4.58259e-06 1.64322e-05 3.22151e-05 -2.17352e-05 -3.28848e-05 5.00021e-05 1.05684e-07 -4.57599e-06 5.7632e-05 8.92102e-06 -3.85835e-05 -2.20547e-05 -4.06887e-05 -2.74303e-05 6.16924e-05 1.36668e-05 1.52555e-05 0 0 -1.27803e-06
internal_weight=0 12161 2541 1801 3755 2432 1374 8406 3638 1190 4768 2144 933 2105 894 1127 3653 3568 1323 740 566
internal_count=14702 12161 2541 1801 3755 2432 1374 8406 3638 1190 4768 2144 933 2105 894 1127 3653 3568 1323 740 566
is_linear=0
shrinkage=0.05


Tree=3
num_leaves=20
num_cat=0
split_feature=2 8 52 3 22 1 20 48 48 30 41 36 9 2 2 44 53 27 10
split_gain=0.000355858 0.000581596 0.000541297 0.000452693 0.000561408 0.000192399 0.000183873 0.000154852 0.000127476 0.000125487 0.000100549 7.88215e-05 7.76523e-05 7.31151e-05 6.31578e-05 6.22818e-05 6.52396e-05 2.52406e-05 2.59635e-05
threshold=146.55685633530865 4698.6750000000002 155.95569000000003 0.087633945908507385 -0.33333341133018585 156.19397243147705 -0.00092724536475602404 40.187699132780573 46.225689012540592 0.004144072433021547 1.2646661638471535 0.3250000000000029 0.076000000000007631 146.85952096313784 158.50817120706958 90.692416302670964 -0.0050227094773129463 -0.0011931407335399877 0.0006050885845965972
decision_type=2 2 2 2 2 2 2 2 2 2 2 2 2 2 2 2 2 2 2
left_child=3 2 6 4 -1 7 -2 17 10 -9 12 13 -6 -8 15 16 -4 -3 -19
right_child=1 5 14 -5 8 -7 11 9 -10 -11 -12 -13 -14 -15 -16 -17 -18 18 -20
leaf_value=0 0 0 0 0 0 0 0 -5.1441998409385898e-05 0 0 0 0 6.3155093908301722e-05 1.9861194331608753e-05 0 0 -2.4769451621181529e-05 0 -9.39716100178869e-06
leaf_weight=445 1717 191 88 714 62 341 50 1047 177 87 87 112 1014 4191 653 248 1666 300 1486
leaf_count=445 1717 191 88 714 62 341 50 1047 177 87 87 112 1014 4191 653 248 1666 300 1486
internal_value=0 -3.44224e-06 8.27919e-07 1.72699e-05 3.24274e-05 -2.14768e-05 1.15782e-05 -2.58151e-05 4.94776e-05 -4.65473e-05 5.56289e-05 1.71035e-05 5.98194e-05 1.86203e-05 -1.43336e-05 -1.87437e-05 -2.21306e-05 -1.27661e-06 -6.09371e-06
internal_weight=0 12177 8725 2499 1785 3452 6070 3111 1340 1134 1163 4353 1076 4241 2655 2002 1754 1977 1786
internal_count=14676 12177 8725 2499 1785 3452 6070 3111 1340 1134 1163 4353 1076 4241 2655 2002 1754 1977 1786
is_linear=0
shrinkage=0.05


Tree=4
num_leaves=22
num_cat=0
split_feature=2 40 4 22 52 50 8 44 41 41 39 9 9 26 8 8 7 10 52 2 1
split_gain=0.000407809 0.00061057 0.000451263 0.000437027 0.000220246 0.000331059 0.000212048 0.0002198 0.000195368 0.00018411 9.72031e-05 7.27934e-05 7.13246e-05 5.64438e-05 1.76661e-05 1.245e-05 1.10673e-05 5.20968e-06 2.04945e-06 2.57669e-06 2.3351e-07
threshold=146.55685633530865 0.00060865069056963551 0.076271234639188015 -0.3263702146319043 155.95569000000003 151.72847500000003 3566.0250000000001 86.349347678261623 1.2994827799451734 1.2030571868123465 -0.36333535324962907 0.08900000000001286 0.063500000000004789 0.18226211057968558 2993.2500000000005 1781.0250000000003 0.00021840407433531794 0.00019621688951974197 150.09859000000003 146.85952096313784 149.97239561503582
decision_type=2 2 2 2 2 2 2 2 2 2 2 2 2 2 2 2 2 2 2 2 2
left_child=2 4 3 -1 5 18 -3 8 11 10 -5 -8 -12 15 16 -7 -6 -18 19 -2 -20
right_child=1 6 -4 9 14 13 7 -9 -10 -11 12 -13 -14 -15 -16 -17 17 -19 20 -21 -22
leaf_value=0 0 0 0 0 0 0 0 0 0 0 0 -3.2932397641688181e-05 5.9520412452731134e-05 0 0 3.7611071007004695e-05 0 -8.7907193027859275e-06 0 3.293673775422435e-06 -7.3449563393807084e-07
leaf_weight=423 31 1725 722 41 54 72 578 844 565 198 30 3185 1082 71 549 1174 37 1098 52 1066 1082
leaf_count=423 31 1725 722 41 54 72 578 844 565 198 30 3185 1082 71 549 1174 37 1098 52 1066 1082
internal_value=0 -4.8646e-06 1.71156e-05 3.23738e-05 4.56953e-06 1.3649e-05 -1.57198e-05 -2.07852e-05 -2.5362e-05 4.67423e-05 5.43982e-05 -2.9489e-05 5.73304e-05 3.3619e-05 0 3.61646e-05 -6.09439e-06 -7.95511e-06 0 2.16106e-06 0
internal_weight=0 12183 2496 1774 5286 3548 6897 5172 4328 1351 1153 3763 1112 1317 1738 1246 1189 1135 2231 1097 1134
internal_count=14679 12183 2496 1774 5286 3548 6897 5172 4328 1351 1153 3763 1112 1317 1738 1246 1189 1135 2231 1097 1134
is_linear=0
shrinkage=0.05


Tree=5
num_leaves=28
num_cat=0
split_feature=8 52 48 1 40 50 7 0 8 7 48 48 52 7 53 40 1 52 19 48 45 7 32 7 50 52 48
split_gain=0.000300272 0.000700605 0.000579716 0.000412205 0.000313582 0.000294061 0.000301732 0.000294022 0.000277309 0.000203004 0.000187168 0.000180921 0.000108905 0.000109116 8.73439e-05 6.49071e-05 0.000243514 0.000274791 5.72855e-05 4.44824e-05 4.0816e-05 2.99196e-05 1.89004e-05 1.82463e-05 3.13161e-05 3.05593e-05 8.24003e-06
threshold=5802.7250000000013 155.95569000000003 40.783435364775642 150.95423142047721 0.00067950421807142782 144.65312500000002 0.00084881467929031869 81.076634852668391 4755.4000000000005 0.0010845593662447519 45.92457101716488 16.916765958107685 143.04707000000005 0.00061975264464620035 -0.004772375103231326 0.001602880664011658 146.1991825144824 143.98283000000001 -0.0091253060756449882 62.312835643385149 91.12266353498832 0.00021840407433531794 -0.026705267907363116 0.00091112903796461571 141.95755000000003 154.95752000000002 16.09358119491819
decision_type=2 2 2 2 2 2 2 2 2 2 2 2 2 2 2 2 2 2 2 2 2 2 2 2 2 2 2
left_child=1 4 15 5 8 -4 -7 -8 14 12 11 -11 26 -14 -1 23 17 -17 -3 -16 21 -20 -23 -2 -25 -26 -6
right_child=2 18 3 -5 9 6 7 -9 -10 10 -12 -13 13 -15 19 16 -18 -19 20 -21 -22 22 -24 24 25 -27 -28
leaf_value=0 0 0 0 0 0 0 -0.00011515051525536339 0 0 0 0 5.0013957909341594e-05 0 -1.3855676073708392e-05 2.8640950231476577e-05 0 0 0.00010764847018095588 0 0 0 0 -1.9787073174569735e-05 0 -1.6199442807242644e-05 0 7.6927650903116671e-06
leaf_weight=57 295 33 208 219 30 45 402 34 443 45 258 563 597 2939 3711 114 115 125 46 266 247 43 2566 44 795 52 348
leaf_count=57 295 33 208 219 30 45 402 34 443 45 258 563 597 2939 3711 114 115 125 46 266 247 43 2566 44 795 52 348
internal_value=0 3.18036e-06 -1.60082e-05 -4.78206e-05 1.15618e-05 -6.71492e-05 -8.93673e-05 -0.000102666 2.12484e-05 0 2.37446e-05 3.96547e-05 -2.21461e-06 -9.07874e-06 2.59409e-05 0 2.0849e-05 5.64792e-05 -1.47365e-05 2.71565e-05 -1.64007e-05 -1.82328e-05 -1.91563e-05 -2.65286e-06 -7.78189e-06 -1.2495e-05 0
internal_weight=0 12192 2448 908 9257 689 481 436 4477 4780 866 608 3914 3536 4034 1540 354 239 2935 3977 2902 2655 2609 1186 891 847 378
internal_count=14640 12192 2448 908 9257 689 481 436 4477 4780 866 608 3914 3536 4034 1540 354 239 2935 3977 2902 2655 2609 1186 891 847 378
is_linear=0
shrinkage=0.05


Tree=6
num_leaves=30
num_cat=0
split_feature=48 8 2 1 2 7 0 40 4 2 8 50 48 4 40 8 20 52 44 52 40 7 50 7 40 40 45 8 40
split_gain=0.000318311 0.00049398 0.000418947 0.00028413 0.000189822 0.000257284 0.000181621 0.000174027 0.00039836 0.000291304 0.000271052 0.000166929 0.000157526 0.000162646 0.000192963 0.000147516 0.000144047 8.721e-05 0.000101058 9.69145e-05 8.5311e-05 3.34155e-05 8.92035e-05 3.25027e-05 3.42698e-05 2.79355e-05 2.73715e-05 2.30046e-05 1.05286e-05
threshold=42.87714304795545 5709.3500000000013 151.11971403001186 143.01007941895912 145.06637466327524 0.00083443314091394152 81.076634852668391 0.00081844838142781375 -0.022404589494483453 155.95202831312534 4717.2000000000007 153.31142500000001 16.285732729409578 0.082209585743395805 0.00065730048498896705 8366.4250000000011 -0.00089779236912768113 152.94822000000002 67.350799642860252 158.63795000000002 0.00030359794020134198 0.0011581253534601735 144.77380000000002 0.0012507318144066805 0.00049389635216645709 0.0010768666827756499 10.841592553026546 2678.4000000000005 0.0007048123327964476
decision_type=2 2 2 2 2 2 2 2 2 2 2 2 2 2 2 2 2 2 2 2 2 2 2 2 2 2 2 2 2
left_child=3 17 4 12 -3 -6 -7 9 21 10 16 15 -1 14 -14 -10 -5 23 19 20 -19 -9 -23 24 -2 -26 -16 28 -11
right_child=1 2 -4 7 5 6 -8 8 11 27 -12 -13 13 -15 26 -17 -18 18 -20 -21 -22 22 -24 -25 25 -27 -28 -29 -30
leaf_value=0 0 0 0 0 0 -0.0001094000571849812 0 0 -4.2156063024328263e-05 -1.0198024919899748e-05 0 0 0 0 0 0 2.646157561932639e-05 0 0 0 -3.4790946273404629e-05 0 2.1045752234873803e-05 0 1.4667791686760025e-05 0 7.357820397041996e-05 0 0
leaf_weight=37 385 202 216 778 42 372 32 994 1080 806 812 524 47 107 33 137 2947 55 647 92 746 99 692 102 1208 168 417 854 68
leaf_count=37 385 202 216 778 42 372 32 994 1080 806 812 524 47 107 33 137 2947 55 647 92 746 99 692 102 1208 168 417 854 68
internal_value=0 -1.1851e-05 -4.6073e-05 4.33988e-06 -6.66802e-05 -8.67373e-05 -9.94837e-05 0 -6.24394e-06 6.89206e-06 1.50367e-05 -2.55137e-05 3.76093e-05 4.64004e-05 5.86037e-05 -3.56944e-05 2.13846e-05 0 -1.12489e-05 -2.2385e-05 -2.93441e-05 0 1.02761e-05 3.52466e-06 7.69951e-06 1.17528e-05 6.97481e-05 -2.53229e-08 -8.1115e-06
internal_weight=0 4267 864 10432 648 446 404 9791 3526 6265 4537 1741 641 604 497 1217 3725 3403 1540 893 801 1785 791 1863 1761 1376 450 1728 874
internal_count=14699 4267 864 10432 648 446 404 9791 3526 6265 4537 1741 641 604 497 1217 3725 3403 1540 893 801 1785 791 1863 1761 1376 450 1728 874
is_linear=0
shrinkage=0.05


Tree=7
num_leaves=21
num_cat=0
split_feature=2 8 7 3 22 1 2 45 41 48 5 2 48 48 29 7 1 41 41 44
split_gain=0.000331692 0.000593171 0.000525364 0.0004333 0.000436131 0.000295355 0.000143157 0.000165183 9.89351e-05 0.000131775 8.90577e-05 7.38418e-05 7.0251e-05 5.52606e-05 3.68776e-05 4.17504e-05 3.61001e-05 0.000127029 5.09582e-05 6.56621e-06
threshold=146.55685633530865 5802.7250000000013 0.00091978438197663011 0.085984886654003403 -0.34474320246957596 153.05530229209472 157.07554770693767 67.103442844073683 1.2646661638471535 16.285732729409578 1.0014999999999932 148.05115373577712 62.312835643385149 63.516436320681564 -0.0028183327064132441 0.00021840407433531794 149.72627315582019 1.2646661638471535 0.76316475417510177 98.164693374105909
decision_type=2 2 2 2 2 2 2 2 2 2 2 2 2 2 2 2 2 2 2 2
left_child=3 6 -3 4 -1 10 7 16 9 -6 -4 -9 -11 -13 -8 -16 18 -18 -2 -17
right_child=1 2 5 -5 8 -7 14 11 -10 12 -12 13 -14 -15 15 19 17 -19 -20 -21
leaf_value=0 0 0 -7.0804060882853373e-05 0 0 0 0 0 0 5.8482158899114651e-05 0 1.6145349864834558e-05 0 0 0 -1.6792224448357531e-05 -1.1283490082691103e-05 0 1.0705089484103954e-05 0
leaf_weight=421 235 360 780 704 159 275 43 372 119 1053 32 3157 39 243 46 1715 3173 543 1145 42
leaf_count=421 235 360 780 704 159 275 43 372 119 1053 32 3157 39 243 46 1715 3173 543 1145 42
internal_value=0 -3.55207e-06 -3.36272e-05 1.64575e-05 3.13385e-05 -5.20907e-05 0 3.13676e-06 4.56035e-05 4.97513e-05 -6.73908e-05 1.15156e-05 5.60108e-05 1.41919e-05 -1.21078e-05 -1.41854e-05 0 -4.82236e-06 1.66625e-06 -1.63063e-05
internal_weight=0 12161 1447 2495 1791 1087 10714 8868 1370 1251 812 3772 1092 3400 1846 1803 5096 3716 1380 1757
internal_count=14656 12161 1447 2495 1791 1087 10714 8868 1370 1251 812 3772 1092 3400 1846 1803 5096 3716 1380 1757
is_linear=0
shrinkage=0.05


Tree=8
num_leaves=21
num_cat=0
split_feature=2 40 4 22 50 41 52 40 50 9 54 53 37 3 2 40 52 40 22 2
split_gain=0.00021303 0.000403762 0.000281095 0.000416504 0.00019206 0.000138715 0.00010124 0.000120418 0.00022882 9.9416e-05 7.86615e-05 7.27859e-05 7.11444e-05 4.82217e-05 4.70264e-05 0.000139818 4.09307e-05 2.62079e-05 6.86942e-06 1.43976e-06
threshold=146.55685633530865 0.0014742657383168308 0.069920665562656664 -0.32187340114619128 156.09482500000001 1.2030571868123465 155.95569000000003 0.00060534775064163598 151.72847500000003 0.063500000000004789 2.5000000000000004 -0.0051829652181391867 0.85107545566047127 0.18226211057968558 154.23573290141414 0.00082986959875599282 158.63795000000002 0.0008945913443287938 0.3446042932676418 149.62931916622284
decision_type=2 2 2 2 2 2 2 2 2 2 2 2 2 2 2 2 2 2 2 2
left_child=2 6 3 -1 18 9 7 8 19 -5 -11 -8 -13 -10 15 -9 -14 -16 -3 -2
right_child=1 4 -4 5 -6 -7 11 14 13 10 -12 12 16 -15 17 -17 -18 -19 -20 -21
leaf_value=0 1.1191301869713863e-06 -7.2803801089209549e-05 0 0 0 0 0 0 2.8576487628835079e-05 5.3838889159852743e-05 0 0 -2.3189479864651227e-05 0 0 -1.4831372294894609e-05 0 1.2578642507051468e-05 0 -1.3586627253114561e-06
leaf_weight=427 850 320 774 36 132 187 146 2100 1217 993 88 1041 1326 59 597 2132 378 414 89 1373
leaf_count=427 850 320 774 36 132 187 146 2100 1217 993 88 1041 1326 59 597 2132 378 414 89 1373
internal_value=0 -3.94981e-06 1.16953e-05 2.45741e-05 -4.70794e-05 4.00008e-05 0 4.94768e-07 9.27942e-06 4.66728e-05 4.98074e-05 -9.31689e-06 -1.25582e-05 2.61608e-05 -5.99705e-07 -5.31273e-06 -1.8932e-05 0 -6.40727e-05 0
internal_weight=0 12174 2505 1731 541 1304 11633 8742 3499 1117 1081 2891 2745 1276 5243 4232 1704 1011 409 2223
internal_count=14679 12174 2505 1731 541 1304 11633 8742 3499 1117 1081 2891 2745 1276 5243 4232 1704 1011 409 2223
is_linear=0
shrinkage=0.05


Tree=9
num_leaves=25
num_cat=0
split_feature=2 40 4 22 2 52 53 41 54 40 10 2 9 40 41 2 52 2 45 34 40 41 2 2
split_gain=0.000245509 0.000382196 0.000342177 0.00039331 0.000226231 0.00019826 0.000251579 0.000192277 0.000176717 0.000275885 0.000166955 0.000156374 0.000113829 7.33836e-05 6.96278e-05 6.65335e-05 5.09412e-05 4.30167e-05 3.1392e-05 2.5198e-05 2.44347e-05 7.85221e-06 3.10457e-06 2.10788e-06
threshold=146.55685633530865 0.00081844838142781375 0.093921844201351357 -0.32187340114619128 154.23573290141414 153.89358000000004 -0.00046307895910704721 1.2538084220753525 2.5000000000000004 0.00113773543868686 0.00095028222565687686 151.73031607364774 0.073499999999995694 0.00080958775742822296 1.8005494143274952 149.62931916622284 151.75764000000001 146.85952096313784 5.752881017212923 0.050890685411576826 0.00080216684633199222 0.72447085725531035 155.08654117932551 159.53978930966818
decision_type=2 2 2 2 2 2 2 2 2 2 2 2 2 2 2 2 2 2 2 2 2 2 2 2
left_child=2 5 3 -1 7 11 14 12 9 13 -11 15 -3 -5 20 17 -13 -2 -14 -18 -7 -17 -6 -24
right_child=1 4 -4 8 22 6 -8 -9 -10 10 -12 16 18 -15 -16 21 19 -19 -20 -21 -22 -23 23 -25
leaf_value=0 0 0 0 2.5966012276663042e-05 4.4501494929030552e-06 -3.3142679055444195e-05 0 0 0 0 9.6642240066653257e-05 0 0 0 0 0 3.3121714596572823e-05 1.2560423423420837e-05 -3.4497626776694753e-05 0 0 -3.6309359076167748e-06 -2.5985746942469159e-06 0
leaf_weight=442 92 138 647 272 351 856 2650 311 122 59 417 79 35 546 51 189 913 1722 2075 64 41 1655 900 30
leaf_count=442 92 138 647 272 351 856 2650 311 122 59 417 79 35 546 51 189 913 1722 2075 64 41 1655 900 30
internal_value=0 -2.95042e-06 1.42402e-05 2.70883e-05 -1.6616e-05 3.55318e-07 -4.60402e-06 -2.52052e-05 4.07082e-05 4.64196e-05 8.5473e-05 9.44383e-06 -3.06106e-05 0 -2.72731e-05 0 2.77176e-05 9.51222e-06 -3.36624e-05 3.09955e-05 -3.13072e-05 -1.08971e-06 0 -9.32223e-07
internal_weight=0 12152 2505 1858 3840 8312 3598 2559 1416 1294 476 4714 2248 818 948 3658 1056 1814 2110 977 897 1844 1281 930
internal_count=14657 12152 2505 1858 3840 8312 3598 2559 1416 1294 476 4714 2248 818 948 3658 1056 1814 2110 977 897 1844 1281 930
is_linear=0
shrinkage=0.05


Tree=10
num_leaves=25
num_cat=0
split_feature=40 50 4 40 52 8 8 41 34 7 2 45 8 9 48 8 8 8 8 7 50 52 2 52
split_gain=0.000231828 0.000361086 0.000279907 0.000265918 0.000259554 0.000230187 0.000175617 0.000211197 0.000168369 0.000128447 0.000112369 7.44983e-05 7.29942e-05 6.87693e-05 1.48419e-05 9.65904e-06 3.38869e-05 2.56095e-06 1.43371e-05 1.56166e-05 9.15405e-07 1.04854e-05 1.43711e-06 2.46379e-07
threshold=0.00060865069056963551 145.34730000000002 0.069920665562656664 0.0015009287534214696 157.11115000000004 4755.4000000000005 3747.4000000000001 1.2994827799451734 -0.067852429679237256 0.00029753369899263862 156.22411354862462 75.77286839074047 1822.8000000000002 0.08900000000001286 79.079867583216085 6234.8000000000011 3764.4750000000004 2663.8000000000006 1531.3500000000001 0.00021840407433531794 155.55112500000004 148.50853000000004 160.47940602812781 155.71546000000004
decision_type=2 2 2 2 2 2 2 2 2 2 2 2 2 2 2 2 2 2 2 2 2 2 2 2
left_child=4 2 3 15 5 9 20 10 -5 -1 13 -10 -11 -8 -14 16 -2 18 -6 -20 21 -3 23 -22
right_child=1 6 -4 8 17 -7 7 -9 11 12 -12 -13 14 -15 -16 -17 -18 -19 19 -21 22 -23 -24 -25
leaf_value=0 0 0 0 0 0 0 0 0 0.00011548464982425867 0 0 0 2.6244145888541446e-05 -2.6820875455433181e-05 0 0 1.2312652121389818e-05 0 0 -1.2465716079885582e-05 0 4.987764521153946e-06 0 -2.9896616292800511e-06
leaf_weight=807 168 273 543 32 49 349 557 722 155 111 472 30 3002 3479 33 235 718 541 34 523 53 1097 43 606
leaf_count=807 168 273 543 32 49 349 557 722 155 111 472 30 3002 3479 33 235 718 541 34 523 53 1097 43 606
internal_value=0 -5.49137e-06 7.17323e-06 2.43986e-05 7.45264e-06 1.48721e-05 -1.21775e-05 -1.70583e-05 8.20442e-05 1.9654e-05 -2.13239e-05 0.000100841 2.4237e-05 -2.4031e-05 2.58658e-05 0 5.2203e-06 0 -3.25011e-06 -8.70806e-06 0 8.87792e-07 -1.31204e-06 -2.69904e-06
internal_weight=0 9183 1881 1338 5449 4302 7302 5230 217 3953 4508 185 3146 4036 3035 1121 886 1147 606 557 2072 1370 702 659
internal_count=14632 9183 1881 1338 5449 4302 7302 5230 217 3953 4508 185 3146 4036 3035 1121 886 1147 606 557 2072 1370 702 659
is_linear=0
shrinkage=0.05


Tree=11
num_leaves=29
num_cat=0
split_feature=48 8 1 4 1 40 22 0 40 1 6 20 26 1 41 52 40 41 52 50 44 1 2 0 40 2 6 41
split_gain=0.000215218 0.000409603 0.000238461 0.000441487 0.000227449 0.000191323 0.000460642 0.000275395 0.00020449 0.000126693 0.000106285 6.92879e-05 5.99579e-05 5.5398e-05 8.35844e-05 0.000110884 5.29766e-05 4.18143e-05 2.94817e-05 2.24365e-05 1.56896e-05 1.53873e-05 1.09765e-05 8.12299e-06 7.69283e-06 5.26831e-06 3.78455e-06 7.46672e-07
threshold=42.87714304795545 4777.4750000000013 149.72627315582019 0.076271234639188015 156.02179872828358 0.0014742657383168308 -0.34474320246957596 66.352782145104484 0.00083353045049479877 141.68924019060958 -2.5750000000000024 0.0035279442621488637 0.41266902910777509 150.95423142047721 1.0485164283021255 158.01722000000004 0.0013187010685587824 0.54567285724032477 154.27050000000006 154.95942500000004 5.5341878059425946 159.51033495784623 158.50817120706958 77.289045124915603 0.00060126679520665284 157.19220253924968 0.013499999999993408 0.49167642247839444
decision_type=2 2 2 2 2 2 2 2 2 2 2 2 2 2 2 2 2 2 2 2 2 2 2 2 2 2 2 2
left_child=2 18 3 5 9 8 -7 -8 11 -3 -11 -1 -12 17 19 16 -16 -4 27 26 -19 -21 25 -22 -5 -20 -15 -2
right_child=1 4 13 24 -6 6 7 -9 -10 10 12 -13 -14 14 15 -17 -18 20 22 21 23 -23 -24 -25 -26 -27 -28 -29
leaf_value=2.5931843119287734e-05 0 0 0 0 0 0 0.000136657516891407 0 0 0 -4.6509835378676869e-05 0 0 0 1.9286341751934672e-05 0 0 0 0 -8.1003795663135794e-06 -1.7920861079244296e-05 0 0 0 -5.0467396628061522e-06 -1.2232372338242292e-05 3.2014959727550642e-06 6.8893303903141905e-06
leaf_weight=1399 37 58 31 151 141 46 211 34 1368 30 1240 72 98 675 1663 223 66 45 735 1441 942 285 161 39 755 311 923 1467
leaf_count=1399 37 58 31 151 141 46 211 34 1368 30 1240 72 98 675 1663 223 66 45 735 1441 942 285 161 39 755 311 923 1467
internal_value=0 -9.14231e-06 4.17192e-06 1.38716e-05 -2.9692e-05 2.45098e-05 8.4981e-05 0.00011522 9.50305e-06 -3.69798e-05 -4.07062e-05 2.28429e-05 -4.35054e-05 0 0 1.03462e-05 1.67681e-05 -1.14461e-05 0 0 -1.53899e-05 -5.70052e-06 -2.21795e-06 -1.69615e-05 0 -5.64875e-06 0 6.71225e-06
internal_weight=0 4278 10369 4036 1567 3130 291 245 2839 1426 1368 1471 1338 6333 5276 1952 1729 1057 2711 3324 1026 1726 1207 981 906 1046 1598 1504
internal_count=14647 4278 10369 4036 1567 3130 291 245 2839 1426 1368 1471 1338 6333 5276 1952 1729 1057 2711 3324 1026 1726 1207 981 906 1046 1598 1504
is_linear=0
shrinkage=0.05


Tree=12
num_leaves=23
num_cat=0
split_feature=48 8 4 1 1 52 3 1 34 6 52 40 3 18 52 29 50 45 6 20 20 20
split_gain=0.000190226 0.000296418 0.000181706 0.000401058 0.000179679 0.000132558 0.000107881 0.000112055 9.61403e-05 9.05901e-05 8.48815e-05 8.02148e-05 7.87116e-05 5.66159e-05 4.69689e-05 3.84795e-05 2.43568e-05 4.94941e-07 2.4182e-05 1.92715e-05 1.42568e-09 1.04835e-06
threshold=42.87714304795545 4965.8500000000013 0.074764287800729384 149.94959767539021 155.95537343826609 151.93646000000004 0.41266902910777509 141.68924019060958 -0.062063609116185268 -2.5750000000000024 141.90247000000002 0.00060865069056963551 0.081500966745636574 0.0045185137589535138 154.19669000000002 0.0023274049669086919 158.65337500000001 56.030026277835248 -0.53699999999999182 -0.00014080886778927712 -0.0024519818976994063 0.0040260596114207745
decision_type=2 2 2 2 2 2 2 2 2 2 2 2 2 2 2 2 2 2 2 2 2 2
left_child=2 14 3 8 6 10 7 -3 -1 -9 -4 -12 15 -13 -2 -10 -16 18 -5 -20 -19 -22
right_child=1 4 5 17 -6 -7 -8 9 12 -11 11 13 -14 -15 16 -17 -18 20 19 -21 21 -23
leaf_value=0 5.254852625899958e-06 0 0 0 0 0 0 0 2.7291560573636454e-05 -4.6484070892014194e-05 0 -3.2739361121841861e-05 0 0 -1.1106043970485647e-05 0 0 0 -9.2106493574516987e-06 0 1.0698121642889087e-06 0
leaf_weight=212 1606 49 67 376 124 1036 97 31 2731 1092 224 862 198 61 1086 64 157 102 1295 727 2293 86
leaf_count=212 1606 49 67 376 124 1036 97 31 2731 1092 224 862 198 61 1086 64 157 102 1295 727 2293 86
internal_value=0 -9.62777e-06 2.82285e-06 7.85054e-06 -2.85342e-05 -4.13002e-06 -3.53229e-05 -3.97626e-05 2.16397e-05 -4.3583e-05 -1.74519e-05 -2.25244e-05 2.41194e-05 -2.91154e-05 0 2.63317e-05 -7.66696e-06 0 -7.18312e-07 -5.5235e-06 0 3.87057e-08
internal_weight=0 4242 10334 8084 1393 2250 1269 1172 3205 1123 1214 1147 2993 923 2849 2795 1243 4879 2398 2022 2481 2379
internal_count=14576 4242 10334 8084 1393 2250 1269 1172 3205 1123 1214 1147 2993 923 2849 2795 1243 4879 2398 2022 2481 2379
is_linear=0
shrinkage=0.05


Tree=13
num_leaves=23
num_cat=0
split_feature=40 52 2 2 40 8 41 53 8 35 18 4 8 9 31 27 36 10 40 2 52 52
split_gain=0.000207557 0.000365207 0.00032752 0.000254861 0.00020853 0.000170054 0.000156945 0.000134658 0.000109588 8.70424e-05 7.46128e-05 7.39119e-05 9.4611e-05 9.58567e-05 0.000113124 7.02619e-05 6.85328e-05 6.63888e-05 2.24578e-05 1.69534e-05 2.81711e-06 5.14111e-06
threshold=0.00081844838142781375 153.89358000000004 145.55603492367138 154.23573290141414 0.00044276021328677051 3369.3250000000003 1.2538084220753525 -0.00046307895910704721 4841.1250000000009 2.3075445169357844 -0.0048899853560710463 0.069920665562656664 3764.4750000000004 0.093500000000005926 -0.057463203761783717 -0.001529538447220327 -0.2005000000000052 0.00036576801102995688 0.00080216684633199222 155.08654117932551 154.95752000000002 159.70825000000005
decision_type=2 2 2 2 2 2 2 2 2 2 2 2 2 2 2 2 2 2 2 2 2 2
left_child=1 4 11 5 -1 -4 9 10 15 -7 -3 12 -2 -14 -15 -6 -12 -17 -18 -5 -21 -22
right_child=2 7 3 19 8 6 -8 -9 -10 -11 16 -13 13 14 -16 17 18 -19 -20 20 21 -23
leaf_value=0 0 0 0 1.0795054589516144e-05 0 -3.5966804802959817e-05 0 0 0 0 0 0 0 0 3.413293666291647e-05 0 -3.0779650412023235e-05 2.7583906888812656e-05 0 0 -5.0449224373593238e-06 0
leaf_weight=1242 105 46 207 355 49 2188 347 2668 888 186 59 488 66 133 810 192 821 2894 36 37 821 44
leaf_count=1242 105 46 207 355 49 2188 347 2668 888 186 59 488 66 133 810 192 821 2894 36 37 821 44
internal_value=0 4.49025e-06 -7.65984e-06 -1.66363e-05 1.42231e-05 -2.47624e-05 -2.85668e-05 -2.73961e-06 1.98578e-05 -3.31754e-05 -1.9448e-05 1.84925e-07 1.28804e-05 2.04343e-05 2.64742e-05 2.43601e-05 -2.45119e-05 2.56857e-05 -2.90188e-05 0 -1.05416e-06 -3.04955e-06
internal_weight=0 8895 5787 4185 5265 2928 2721 3630 4023 2374 962 1602 1114 1009 943 3135 916 3086 857 1257 902 865
internal_count=14682 8895 5787 4185 5265 2928 2721 3630 4023 2374 962 1602 1114 1009 943 3135 916 3086 857 1257 902 865
is_linear=0
shrinkage=0.05


Tree=14
num_leaves=20
num_cat=0
split_feature=40 2 34 7 7 2 7 2 13 22 31 41 4 9 32 4 4 45 3
split_gain=0.000181878 0.000400121 0.000246804 0.000224539 0.000165068 0.000131857 0.000114813 0.000160598 7.90187e-05 6.57363e-05 6.47938e-05 4.75029e-05 3.24988e-05 3.6912e-05 3.23545e-05 2.55997e-05 0.000167912 6.44685e-05 1.30339e-08
threshold=0.00060865069056963551 144.56591051383842 -0.0071719569984118482 0.00030944744793857606 0.0014128759840445024 157.41826892637476 0.00068284258439783722 156.22411354862462 0.0014999999999929516 0.37890169779280375 0.066639932007341696 0.70354486999505816 0.089019391836382009 0.075500000000005243 0.019741335950748774 -0.37982962541685805 0.042721290256335108 17.537723663555436 -0.11581535344664927
decision_type=2 2 2 2 2 2 2 2 2 2 2 2 2 2 2 2 2 2 2
left_child=2 9 18 -4 6 10 -3 8 -8 12 11 -5 13 -2 -15 -6 17 -17 -1
right_child=1 4 3 5 15 -7 7 -9 -10 -11 -12 -13 -14 14 -16 16 -18 -19 -20
leaf_value=0 0 0 0 0 0 0 0 0 -2.3944501918606784e-05 0 0 3.2316232905487485e-05 0 2.5456673898808374e-05 0 0 0 3.7521750815636994e-05 -1.3085103182801729e-07
leaf_weight=217 41 1755 834 60 152 439 238 622 4025 222 54 1940 249 968 86 76 315 458 1903
leaf_count=217 41 1755 834 60 152 439 238 622 4025 222 54 1940 249 968 86 76 315 458 1903
internal_value=0 -4.85829e-06 6.60145e-06 1.60249e-05 -1.14913e-05 2.38299e-05 -1.46323e-05 -1.87024e-05 -2.22484e-05 1.15415e-05 2.91497e-05 3.0881e-05 1.66576e-05 2.03657e-05 2.27692e-05 0 8.68177e-06 3.00963e-05 0
internal_weight=0 9207 5447 3327 7641 2493 6640 4885 4263 1566 2054 2000 1344 1095 1054 1001 849 534 2120
internal_count=14654 9207 5447 3327 7641 2493 6640 4885 4263 1566 2054 2000 1344 1095 1054 1001 849 534 2120
is_linear=0
shrinkage=0.05


end of trees

feature_importances:
ema_slow=33
volatility_ma=32
sma_50=29
volume_ma=27
volatility=22
adx=20
volatility_ratio=19
macd_signal=17
sma_20=17
ema_fast=16
range=12
rsi_normalized=11
stoch_d=8
price_sma_50_dist=8
return_24=7
macd=6
stoch_k=6
momentum_convergence=5
rsi=4
momentum_20=4
range_pct=4
macd_hist=4
macd_strength=4
signal_convergence=4
return_6=3
ema_cross=3
ema_cross_pct=2
price_ema_fast_dist=2
macd_hist_change=2
momentum_10=1
upper_shadow=1
return_12=1
price_ema_slow_dist=1
momentum_ratio=1
volume_ratio=1
volume_change=1

parameters:
[boosting: gbdt]
[objective: regression]
[metric: rmse]
[tree_learner: serial]
[device_type: cpu]
[data: ]
[valid: ]
[num_iterations: 500]
[learning_rate: 0.05]
[num_leaves: 64]
[num_threads: 8]
[deterministic: 0]
[force_col_wise: 0]
[force_row_wise: 0]
[histogram_pool_size: -1]
[max_depth: 6]
[min_data_in_leaf: 30]
[min_sum_hessian_in_leaf: 0.001]
[bagging_fraction: 0.9]
[pos_bagging_fraction: 1]
[neg_bagging_fraction: 1]
[bagging_freq: 1]
[bagging_seed: 400]
[feature_fraction: 0.8]
[feature_fraction_bynode: 1]
[feature_fraction_seed: 30056]
[extra_trees: 0]
[extra_seed: 12879]
[early_stopping_round: 0]
[first_metric_only: 0]
[max_delta_step: 0]
[lambda_l1: 0.5]
[lambda_l2: 0.1]
[linear_lambda: 0]
[min_gain_to_split: 0]
[drop_rate: 0.1]
[max_drop: 50]
[skip_drop: 0.5]
[xgboost_dart_mode: 0]
[uniform_drop: 0]
[drop_seed: 17869]
[top_rate: 0.2]
[other_rate: 0.1]
[min_data_per_group: 100]
[max_cat_threshold: 32]
[cat_l2: 10]
[cat_smooth: 10]
[max_cat_to_onehot: 4]
[top_k: 20]
[monotone_constraints: ]
[monotone_constraints_method: basic]
[monotone_penalty: 0]
[feature_contri: ]
[forcedsplits_filename: ]
[refit_decay_rate: 0.9]
[cegb_tradeoff: 1]
[cegb_penalty_split: 0]
[cegb_penalty_feature_lazy: ]
[cegb_penalty_feature_coupled: ]
[path_smooth: 0]
[interaction_constraints: ]
[verbosity: 1]
[saved_feature_importance_type: 0]
[linear_tree: 0]
[max_bin: 255]
[max_bin_by_feature: ]
[min_data_in_bin: 3]
[bin_construct_sample_cnt: 200000]
[data_random_seed: 175]
[is_enable_sparse: 1]
[enable_bundle: 1]
[use_missing: 1]
[zero_as_missing: 0]
[feature_pre_filter: 1]
[pre_partition: 0]
[two_round: 0]
[header: 0]
[label_column: ]
[weight_column: ]
[group_column: ]
[ignore_column: ]
[categorical_feature: ]
[forcedbins_filename: ]
[precise_float_parser: 0]
[parser_config_file: ]
[objective_seed: 16083]
[num_class: 1]
[is_unbalance: 0]
[scale_pos_weight: 1]
[sigmoid: 1]
[boost_from_average: 1]
[reg_sqrt: 0]
[alpha: 0.9]
[fair_c: 1]
[poisson_max_delta_step: 0.7]
[tweedie_variance_power: 1.5]
[lambdarank_truncation_level: 30]
[lambdarank_norm: 1]
[label_gain: ]
[lambdarank_position_bias_regularization: 0]
[eval_at: ]
[multi_error_top_k: 1]
[auc_mu_weights: ]
[num_machines: 1]
[local_listen_port: 12400]
[time_out: 120]
[machine_list_filename: ]
[machines: ]
[gpu_platform_id: -1]
[gpu_device_id: -1]
[gpu_use_dp: 0]
[num_gpu: 1]

end of parameters

pandas_categorical:[]
