tree
version=v4
num_class=1
num_tree_per_iteration=1
label_index=0
max_feature_idx=63
objective=regression
feature_names=rsi ema_fast ema_slow bb_middle bb_upper bb_lower atr momentum_10 momentum_20 volatility volume_ma range range_pct body body_pct upper_shadow lower_shadow is_bullish return_1 return_3 return_6 return_12 return_24 log_return rsi_normalized rsi_overbought rsi_oversold rsi_divergence ema_cross ema_cross_pct ema_cross_signal price_ema_fast_dist price_ema_slow_dist bb_width bb_position bb_position_normalized price_bb_upper_dist price_bb_lower_dist bb_breakout_upper bb_breakout_lower atr_normalized atr_ma atr_ratio momentum_ratio momentum_convergence volume_ratio volume_spike volume_change volatility_ma volatility_ratio high_volatility low_volatility stoch_k stoch_d stoch_overbought stoch_oversold adx strong_trend sma_20 price_sma_20_dist sma_50 price_sma_50_dist signal_convergence market_regime
feature_infos=[0:99.999985872857692] [140.00419228244851:161.85491834155184] [140.15959095491192:161.77386577410471] [0:161.81829999999999] [0:163.49872234254795] [0:161.6340769086128] [0:1.1125714285714321] [-4.1740000000000066:3.6910000000000025] [-4.0190000000000055:3.1930000000000121] [0:0.004651925091918363] [0:14472.4] [0:3.1289999999999907] [0:0.019790486385785944] [0:2.86099999999999] [0:0.018034088903456733] [0:1.1399999999999864] [0:1.5829999999999984] [0:1] [-0.017714621838333167:0.014877782329646427] [-0.022323288195084667:0.021831831417413072] [-0.021306128588913342:0.022410317306895688] [-0.023662010314559945:0.026812644307773414] [-0.030412096542869249:0.024559774311784466] [-0.017873403720390344:0.014768193745818952] [-0.93857804316327842:0.99999971745715388] [0:1] [0:1] [-46.462567102264515:46.652687094333061] [-1.1327603992711772:0.72525453050678834] [-0.0079356633899468083:0.0049124836963239634] [0:1] [-0.015550408266898312:0.015067731023277454] [-0.020498919836102681:0.017349420162368165] [0:0.040801763298405708] [-0.55579002868326455:1.5382809875739039] [-2.1115800573665293:2.0765619751478077] [-0.0075319905790354963:0.035914588403848639] [-0.009333748992502458:0.033676416175928932] [0:1] [0:1] [0:0.0071373584075662827] [0:0.8504392857142864] [0:3.9214667240956609] [-20500000.000001252:27300000.000002455] [-3.6910000000000025:4.1740000000000066] [0:5.4120637403284393] [0:1] [-0.99739752765126866:135] [0:0.0043580031549319562] [0:8.9920287103106187] [0:1] [0:1] [0:99.99999954128441] [0:99.332322829059265] [0:1] [0:1] [0:92.306826590390614] [0:1] [0:161.81829999999999] [-0.019390125305217113:0.019216354919305893] [0:161.66587999999999] [-0.029932344977646477:0.017446147612938202] [0:2] [0:2]
tree_sizes=2915 2133 2610 2368 2147 2203 2291 2039 1895 2282 1829 2115 2304 2116 2212

Tree=0
num_leaves=29
num_cat=0
split_feature=4 41 41 61 44 41 42 53 45 1 44 41 56 41 10 40 3 10 36 10 56 6 53 56 56 36 56 10
split_gain=0.000211915 0.00052859 0.000236538 0.000526006 0.000180825 0.000148554 0.000140293 0.000197242 0.000119647 0.00011763 0.000156567 6.43607e-05 6.35662e-05 8.85291e-05 3.65554e-05 3.51414e-05 3.4896e-05 3.45261e-05 2.74336e-05 2.10333e-05 1.70353e-05 1.6542e-05 1.56756e-05 9.63603e-06 6.7834e-06 3.52428e-06 2.61125e-06 5.934e-07
threshold=146.82677858586018 0.37254642857143144 0.3854392857142856 0.0018897128503060033 -0.81050000000000455 0.1761874999999988 1.0382302948590001 78.03049152265514 0.36381302561370504 157.22577352751713 0.060499999999990457 0.20023571428571421 15.677788498062736 0.095491071428571897 2761.6000000000008 0.0015793541690491051 156.19725000000003 4717.2000000000007 0.0014554903576669811 1859.9250000000002 44.513089547659575 0.27096428571428949 15.090885505632027 13.5897781364792 64.139998200495583 0.0090408874695073905 19.943158845737106 2897.2250000000008
decision_type=2 2 2 2 2 2 2 2 2 2 2 2 2 2 2 2 2 2 2 2 2 2 2 2 2 2 2 2
left_child=2 5 11 -4 -3 9 7 8 -7 10 17 12 -1 -14 19 24 18 -2 -6 -11 23 25 -15 -8 26 -17 -13 -12
right_child=1 4 3 -5 16 6 20 -9 -10 14 27 15 13 22 -16 21 -18 -19 -20 -21 -22 -23 -24 -25 -26 -27 -28 -29
leaf_value=-2.2009037526877285e-06 7.159193154813833e-06 -2.2009037526877285e-06 7.9448470391797009e-05 -2.2009037526877285e-06 -2.2009037526877285e-06 -2.2009037526877285e-06 -2.2009037526877285e-06 -2.2009037526877285e-06 -2.1045603634361333e-05 -2.2009037526877285e-06 -2.2009037526877285e-06 -2.2009037526877285e-06 -2.2009037526877285e-06 -2.2009037526877285e-06 -2.2009037526877285e-06 6.0497131778014818e-06 -2.2009037526877285e-06 -2.2009037526877285e-06 -6.9025977486580404e-05 -1.2904658786948549e-05 -3.8307230030019881e-06 -2.2009037526877285e-06 1.6972043128667175e-05 2.541009274162828e-06 -2.2009037526877285e-06 -2.2009037526877285e-06 -1.2426945965177541e-05 -2.89165502902187e-06
leaf_weight=64 3354 67 126 50 25 297 45 628 1462 163 605 58 37 84 552 265 20 304 163 538 518 359 569 1006 33 20 383 1119
leaf_count=64 3354 67 126 50 25 297 45 628 1462 163 605 58 37 84 552 265 20 304 163 538 518 359 569 1006 33 20 383 1119
internal_value=-2.2009e-06 -3.9869e-06 6.52785e-06 4.35232e-05 -4.52584e-05 -2.2009e-06 -7.42159e-06 -1.21034e-05 -1.74968e-05 -2.26439e-07 2.55794e-06 -1.76404e-06 6.58922e-06 1.07338e-05 -5.00341e-06 -2.2009e-06 -5.90477e-05 6.27477e-06 -6.33694e-05 -1.00079e-05 -2.2009e-06 -2.2009e-06 1.50832e-05 1.44245e-06 -1.03668e-05 5.02288e-06 -1.14477e-05 -2.2009e-06
internal_weight=0 10866 2048 176 275 10591 3956 2387 1759 6635 5382 1872 754 690 1253 1118 208 3658 188 701 1569 644 653 1051 474 285 441 1724
internal_count=12914 10866 2048 176 275 10591 3956 2387 1759 6635 5382 1872 754 690 1253 1118 208 3658 188 701 1569 644 653 1051 474 285 441 1724
is_linear=0
shrinkage=1


Tree=1
num_leaves=25
num_cat=0
split_feature=4 10 9 41 29 4 53 33 44 60 41 41 44 56 41 9 10 53 7 10 49 29 9 56
split_gain=0.000329488 0.000527945 0.000212989 0.00019434 0.000476064 0.000188076 0.000183435 0.00016899 0.000116662 0.00011492 0.000100843 9.30535e-05 0.000133897 8.09028e-05 8.88326e-05 7.29888e-05 6.33159e-05 5.11023e-05 5.18043e-05 4.33977e-05 4.28515e-05 3.28421e-05 2.97532e-05 3.07373e-06
threshold=146.82677858586018 5680.4500000000007 0.0008757959406891267 0.3854392857142856 0.00065761842368016051 153.52239063142619 75.774953110211897 0.0054832734504404812 -1.1400000000000003 155.94923000000003 0.22159821428571611 0.1761874999999988 0.12749999999999775 15.677788498062736 0.087096428571427673 0.0010192345724363738 3387.6250000000005 78.03049152265514 -0.78650000000000364 4717.2000000000007 0.70354486999505816 -0.0018048024206327483 0.00025278855517129478 28.254399133975536
decision_type=2 2 2 2 2 2 2 2 2 2 2 2 2 2 2 2 2 2 2 2 2 2 2 2
left_child=3 9 -3 10 6 7 -5 -4 -9 11 13 12 19 -1 -15 16 -13 18 -11 -2 -16 -17 -20 -12
right_child=1 2 5 4 -6 -7 -8 8 -10 17 23 15 -14 14 20 21 -18 -19 22 -21 -22 -23 -24 -25
leaf_value=0 9.3426380995492157e-06 0 0 9.472257042147044e-05 0 0 0 0 -3.9739599963416418e-05 0 0 0 0 0 0 0 -9.1203619501845721e-06 0 0 0 1.8514096700867544e-05 8.4685206002756564e-06 -1.0249762590247468e-05 -2.1814931199910835e-06
leaf_weight=76 3367 277 167 112 47 310 20 54 718 75 290 175 935 25 89 89 1339 734 83 302 870 569 1639 581
leaf_count=76 3367 277 167 112 47 310 20 54 718 75 290 175 935 25 89 89 1339 734 83 302 870 569 1639 581
internal_value=0 -1.94945e-06 -1.83925e-05 1.10005e-05 4.80546e-05 -2.3806e-05 7.98006e-05 -3.05609e-05 -3.65084e-05 0 2.89863e-06 2.73265e-06 5.40177e-06 1.0045e-05 1.35154e-05 0 -5.99478e-06 -4.56832e-06 -7.41499e-06 8.33405e-06 1.6455e-05 4.13761e-06 -9.18951e-06 0
internal_weight=0 10833 1526 2110 179 1249 132 939 772 9307 1931 6776 4604 1060 984 2172 1514 2531 1797 3669 959 658 1722 871
internal_count=12943 10833 1526 2110 179 1249 132 939 772 9307 1931 6776 4604 1060 984 2172 1514 2531 1797 3669 959 658 1722 871
is_linear=0
shrinkage=0.03


Tree=2
num_leaves=31
num_cat=0
split_feature=4 41 41 61 42 53 12 10 41 56 53 60 44 56 10 44 10 10 21 37 22 10 48 33 48 10 40 56 9 37
split_gain=0.000329354 0.000379096 0.000233462 0.000449658 0.00017109 0.000290602 0.000139586 0.00012226 0.000111333 0.000116876 0.000116574 9.74283e-05 0.000150398 7.39888e-05 7.31422e-05 6.89784e-05 6.27227e-05 5.3488e-05 5.21824e-05 4.4497e-05 3.69249e-05 3.30886e-05 3.78671e-05 3.22989e-05 2.6803e-05 1.47547e-05 1.45671e-05 1.82199e-05 9.61577e-06 4.2155e-06
threshold=146.82677858586018 0.17862678571428428 0.3854392857142856 0.0016934468890783085 1.0214569559230642 71.335084095323396 0.00052786745522960174 3387.6250000000005 0.20700892857143224 16.297673357642825 25.40496282749714 155.99991000000003 0.12749999999999775 43.59301078852954 4717.2000000000007 0.63450000000000284 2633.4000000000001 5585.2750000000005 0.002031667049450903 0.014511479257437053 -0.0038871879790157156 1969.1250000000002 0.00073138900748217302 0.032028494830240194 0.00060126679520665284 2930.9000000000001 0.0015793541690491051 19.426460972507389 0.0011581253534601735 -0.00038630902130771985
decision_type=2 2 2 2 2 2 2 2 2 2 2 2 2 2 2 2 2 2 2 2 2 2 2 2 2 2 2 2 2 2
left_child=2 11 8 18 5 6 -3 -8 9 -1 -11 12 14 17 20 -12 21 29 -4 23 -2 -13 -23 -15 -14 -26 27 -10 -29 -6
right_child=1 4 3 -5 13 -7 7 -9 26 10 15 16 24 19 -16 -17 -18 -19 -20 -21 -22 22 -24 -25 25 -27 -28 28 -30 -31
leaf_value=0 0 0 9.5384788303061723e-05 0 0 0 0 -2.8710481295209932e-05 0 0 2.5492877782901652e-05 0 0 -1.5245376027792854e-05 0 0 0 0 0 0 9.618505035806295e-06 -1.5718828059463962e-05 0 0 0 -1.0295366219197023e-05 0 -1.0966896190632194e-05 0 9.8118206233912375e-06
leaf_weight=88 82 190 97 52 44 813 127 1275 44 182 588 365 541 565 389 26 1057 458 27 51 3383 540 67 23 89 353 618 317 55 584
leaf_count=88 82 190 97 52 44 813 127 1275 44 182 588 365 541 565 389 26 1057 458 27 51 3383 540 67 23 89 353 618 317 55 584
internal_value=0 -2.39333e-06 1.05575e-05 4.9593e-05 -9.84144e-06 -1.51767e-05 -2.26316e-05 -2.5907e-05 2.27663e-06 1.11604e-05 1.64443e-05 7.76298e-07 4.03189e-06 0 7.45043e-06 2.28325e-05 -2.54923e-06 1.99383e-06 8.21227e-05 -9.86943e-06 8.98534e-06 -8.46298e-06 -1.27947e-05 -1.3188e-05 -2.16334e-07 -7.3921e-06 0 -5.61184e-06 -8.90279e-06 9.13737e-06
internal_weight=0 10996 2094 176 4130 2405 1592 1402 1918 884 796 6866 4837 1725 3854 614 2029 1086 124 639 3465 972 607 588 983 442 1034 416 372 628
internal_count=13090 10996 2094 176 4130 2405 1592 1402 1918 884 796 6866 4837 1725 3854 614 2029 1086 124 639 3465 972 607 588 983 442 1034 416 372 628
is_linear=0
shrinkage=0.03


Tree=3
num_leaves=28
num_cat=0
split_feature=4 48 40 61 44 48 60 41 42 52 0 10 41 60 44 10 10 41 36 41 61 11 9 41 36 9 48
split_gain=0.000264735 0.000516466 0.000322507 0.000245078 0.000182796 0.000156399 0.000140933 0.00013965 0.00013246 0.000155511 0.000127237 0.000114089 0.000115079 0.000113667 0.000129269 8.62985e-05 6.68455e-05 6.53483e-05 2.98581e-05 2.98461e-05 5.85228e-05 2.61992e-05 1.7041e-05 2.01293e-05 2.08225e-05 7.63595e-06 1.80137e-06
threshold=146.82677858586018 0.0017529395550505914 0.0015899731301207908 0.008290671868760353 -0.81050000000000455 0.00086937254857680181 159.55453000000003 0.1761874999999988 1.0466688159648825 84.567898102422149 24.037623594487673 4366.6000000000013 0.61033928571428797 155.94923000000003 0.12749999999999775 3387.6250000000005 4717.2000000000007 0.20428035714285556 0.0018062825212420851 0.135182142857142 -0.00046307895910704721 0.090499999999991601 0.0013930482918769755 0.29159642857142948 0.0064749724598256722 0.00089777725396257666 0.00061599439016268279
decision_type=2 2 2 2 2 2 2 2 2 2 2 2 2 2 2 2 2 2 2 2 2 2 2 2 2 2 2
left_child=2 7 17 5 -3 -4 11 13 9 15 -7 -6 -13 14 16 -9 -2 18 25 20 -15 -12 23 24 -19 -1 -16
right_child=1 4 3 -5 6 10 -8 8 -10 -11 21 12 -14 19 26 -17 -18 22 -20 -21 -22 -23 -24 -25 -26 -27 -28
leaf_value=1.2480839364901529e-05 9.3561553450637845e-06 0 0 0 0 0 0 0 0 0 0 -7.7281171415700625e-05 0 -1.5809920519042773e-05 0 -1.5905727576146132e-05 0 -1.6455091674930143e-05 0 0 0 3.8283188766486965e-05 0 0 0 0 -2.0486129810501953e-06
leaf_weight=327 3410 72 102 62 20 47 25 208 1493 492 24 167 24 331 568 1737 360 346 323 563 1114 676 20 28 48 56 386
leaf_count=327 3410 72 102 62 20 47 25 208 1493 492 24 167 24 331 568 1737 360 346 323 563 1114 676 20 28 48 56 386
internal_value=0 -1.83036e-06 9.89207e-06 2.32299e-05 -4.03348e-05 2.89609e-05 -5.30926e-05 0 -5.11131e-06 -9.54155e-06 3.37871e-05 -6.12586e-05 -6.84229e-05 1.8485e-06 5.08228e-06 -1.36387e-05 7.95127e-06 0 4.94044e-06 -1.2775e-06 -4.56653e-06 3.71713e-05 -9.69512e-06 -1.16088e-05 -1.37942e-05 1.07277e-05 0
internal_weight=0 10970 2059 911 308 849 236 10662 3930 2437 747 211 191 6732 4724 1945 3770 1148 706 2008 1445 700 442 422 394 383 954
internal_count=13029 10970 2059 911 308 849 236 10662 3930 2437 747 211 191 6732 4724 1945 3770 1148 706 2008 1445 700 442 422 394 383 954
is_linear=0
shrinkage=0.03


Tree=4
num_leaves=25
num_cat=0
split_feature=60 61 44 35 45 42 44 41 60 3 42 53 10 10 11 47 48 56 3 48 41 24 13 10
split_gain=0.000163613 0.000231045 0.000222933 0.000208343 0.000143326 7.3872e-05 9.35679e-05 6.83248e-05 0.000133307 0.000126392 0.000110005 0.000204891 9.93994e-05 5.59229e-05 5.18329e-05 4.49732e-05 4.05309e-05 3.81562e-05 2.74649e-05 1.25524e-05 8.62531e-06 6.48211e-06 7.12731e-07 3.84295e-07
threshold=147.32286000000002 0.0039508730257146402 0.27100000000000085 -0.50809598304985493 1.3716282815767382 0.68329551203254624 0.83100000000000318 0.1761874999999988 155.99991000000003 151.72847500000003 1.0382302948590001 77.731605835014463 3482.7500000000005 2726.6250000000005 0.073499999999995694 0.90095698938494517 0.00076310949768428808 19.615325766764911 156.24790000000004 0.00073462363553106083 0.20239285714285848 0.64755280440448704 0.011999999999986246 3715.9250000000006
decision_type=2 2 2 2 2 2 2 2 2 2 2 2 2 2 2 2 2 2 2 2 2 2 2 2
left_child=1 3 7 -1 5 -5 -7 8 9 23 11 12 -9 19 -4 17 -11 -16 -19 -10 -3 22 -22 -2
right_child=2 20 14 4 -6 6 -8 10 13 16 -12 -13 -14 -15 15 -17 -18 18 -20 -21 21 -23 -24 -25
leaf_value=0 4.6841866923745483e-07 0 0 0 0 2.6909413952640791e-05 0 0 -8.7749681413949903e-06 1.3340902767713806e-05 0 0 -2.1153750587506379e-05 0 0 0 0 -1.836856710164237e-05 0 0 0 0 -7.431035162506391e-06 0
leaf_weight=646 1576 162 189 171 262 1052 86 184 975 1506 856 495 945 778 103 92 111 1201 228 74 20 42 292 999
leaf_count=646 1576 162 189 171 262 1052 86 184 975 1506 856 495 945 778 103 92 111 1201 228 74 20 42 292 999
internal_value=0 5.69831e-06 -2.38177e-06 1.15304e-05 1.75198e-05 2.16075e-05 2.44014e-05 0 1.37344e-06 5.30221e-06 -4.49605e-06 -9.58225e-06 -1.71859e-05 -2.7151e-06 -1.19545e-05 -1.37207e-05 1.1967e-05 -1.50325e-05 -1.63183e-05 -7.79766e-06 -1.91973e-06 -5.22309e-06 -7.04485e-06 0
internal_weight=0 2733 10312 2217 1571 1309 1138 8499 6019 4192 2480 1624 1129 1827 1813 1624 1617 1532 1429 1049 516 354 312 2575
internal_count=13045 2733 10312 2217 1571 1309 1138 8499 6019 4192 2480 1624 1129 1827 1813 1624 1617 1532 1429 1049 516 354 312 2575
is_linear=0
shrinkage=0.03


Tree=5
num_leaves=26
num_cat=0
split_feature=5 10 56 3 60 28 6 48 8 9 45 3 60 9 10 10 48 56 41 33 21 53 42 34 60
split_gain=0.000168958 0.000248264 0.000336328 0.000403257 0.000191995 0.00015794 0.000158008 0.000143784 0.000116588 0.000115277 8.39924e-05 8.38564e-05 0.000424734 7.21814e-05 9.91532e-05 6.10934e-05 5.41089e-05 4.88609e-05 5.26891e-05 4.82126e-05 4.09678e-05 3.2025e-05 2.09121e-05 2.99439e-06 9.7552e-06
threshold=142.03500459180387 5680.4500000000007 27.290193777203463 151.13385000000002 155.94923000000003 0.30109317670422803 0.21671428571428417 0.00067249631843103129 1.3474999999999968 0.00084461680734886763 0.65238989469480912 146.32367500000001 144.86461000000006 0.0010845593662447519 3566.0250000000001 4737.2250000000013 0.00029907087669661404 69.094802879606803 0.18757500000000166 0.008917689193601001 -0.0091253060756449882 80.54821039424418 0.83378081693698214 0.089451741105693705 155.49008000000003
decision_type=2 2 2 2 2 2 2 2 2 2 2 2 2 2 2 2 2 2 2 2 2 2 2 2 2
left_child=5 4 11 8 7 6 -1 15 9 -4 -6 12 -3 14 -9 16 -2 18 -8 -14 -12 -22 -15 -13 -25
right_child=1 2 3 -5 10 -7 17 13 -10 -11 20 23 19 22 -16 -17 -18 -19 -20 -21 21 -23 -24 24 -26
leaf_value=0 0 0 0 0 0 0 0 0 0 -3.7935798218314914e-05 0 0 0 0 -6.6874086699438443e-06 0 1.067159009255599e-05 0 4.5714985280909022e-05 8.897541173536803e-05 -1.184455900142423e-05 0 1.1817554490110325e-05 -5.2312671624461749e-06 0
leaf_weight=203 489 153 151 366 596 40 21 918 103 761 26 64 27 150 2325 374 3014 21 251 63 1487 486 494 419 32
leaf_count=203 489 153 151 366 596 40 21 918 103 761 26 64 27 150 2325 374 3014 21 251 63 1487 486 494 419 32
internal_value=0 -4.58603e-07 -1.01708e-05 -1.94769e-05 6.78292e-07 1.66924e-05 2.42385e-05 3.76721e-06 -2.95561e-05 -3.29728e-05 -5.09502e-06 0 1.76124e-05 0 -2.13277e-06 7.86093e-06 9.16985e-06 3.84576e-05 4.18872e-05 7.11969e-05 -8.45621e-06 -9.54645e-06 8.8278e-06 0 -2.44367e-06
internal_weight=0 12498 2139 1381 10359 536 496 7764 1015 912 2595 758 243 3887 3243 3877 3503 293 272 90 1999 1973 644 515 451
internal_count=13034 12498 2139 1381 10359 536 496 7764 1015 912 2595 758 243 3887 3243 3877 3503 293 272 90 1999 1973 644 515 451
is_linear=0
shrinkage=0.03


Tree=6
num_leaves=27
num_cat=0
split_feature=44 1 56 41 3 1 41 22 1 3 6 33 44 3 60 6 44 60 60 33 19 48 6 31 48 49
split_gain=0.000223588 0.000252775 0.000150246 0.000254363 0.000211701 0.000127349 0.000112512 0.000104152 8.56126e-05 0.00013508 0.000114034 0.000147259 4.96489e-05 4.56286e-05 4.01383e-05 4.72414e-05 3.38224e-05 1.80799e-05 3.17647e-05 2.70105e-05 1.7803e-05 7.69567e-06 4.78825e-06 5.69651e-06 1.33692e-06 3.97411e-07
threshold=0.28249999999999892 143.34086589734756 22.515510490193783 0.30721607142857077 156.24790000000004 157.22577352751713 0.20023571428571421 -0.00089779236912768113 144.89289161694091 154.04107500000006 0.22446428571428459 0.01366549687012829 0.15300000000000583 155.95577500000002 152.14423000000002 0.34878571428571609 0.13500000000000514 156.79477000000003 157.84748000000005 0.0013082308961127546 -0.0014308698567073173 0.00098663447046892002 0.16064285714285684 0.0014582576964785596 0.0013176862845218711 0.6804060557849102
decision_type=2 2 2 2 2 2 2 2 2 2 2 2 2 2 2 2 2 2 2 2 2 2 2 2 2 2
left_child=5 22 -3 14 24 6 7 -1 10 12 -8 -12 -10 16 -4 -16 -9 -7 19 -19 -21 -11 -2 25 -5 -24
right_child=1 2 3 4 -6 17 8 13 9 21 11 -13 -14 -15 15 -17 -18 18 -20 20 -22 -23 23 -25 -26 -27
leaf_value=0 0 0 0 0 0 0 0 9.8497933314550877e-06 -1.3072383666700956e-05 0 2.9514047076179295e-05 0 0 0 -1.2702344748266872e-05 0 0 0 0 0 -1.5078360846258649e-05 4.6647276958767288e-06 0 0 -6.2752610370963297e-05 6.6383076145558928e-06
leaf_weight=1522 24 235 863 33 29 41 245 4031 1223 258 309 81 203 626 781 37 336 21 789 48 481 318 23 36 229 222
leaf_count=1522 24 235 863 33 29 41 245 4031 1223 258 309 81 203 626 781 37 336 21 789 48 481 318 23 36 229 222
internal_value=0 -8.15313e-06 -1.33688e-05 -1.63884e-05 -4.94121e-05 1.80272e-06 3.68983e-06 5.88789e-06 0 -4.62285e-06 7.34359e-06 1.87279e-05 -1.07348e-05 8.00042e-06 -5.31081e-06 -1.01043e-05 9.08759e-06 -4.19016e-06 -5.4995e-06 -1.12053e-05 -1.32841e-05 0 8.43467e-08 3.91502e-06 -5.86334e-05 6.203e-06
internal_weight=0 2512 2207 1972 291 10532 9152 6515 2637 2002 635 390 1426 4993 1681 818 4367 1380 1339 550 529 576 305 281 262 245
internal_count=13044 2512 2207 1972 291 10532 9152 6515 2637 2002 635 390 1426 4993 1681 818 4367 1380 1339 550 529 576 305 281 262 245
is_linear=0
shrinkage=0.03


Tree=7
num_leaves=24
num_cat=0
split_feature=4 41 4 61 41 11 43 48 41 53 56 37 2 48 9 10 10 10 10 2 41 10 44
split_gain=0.000214302 0.000386227 0.000394721 0.000155365 0.000171732 0.000134308 0.000105872 0.000103072 8.10835e-05 8.04442e-05 7.7804e-05 9.11411e-05 6.029e-05 0.000123419 5.0133e-05 0.000101674 4.63132e-05 4.56093e-05 4.32797e-05 6.18682e-05 3.93996e-05 3.28007e-05 2.3315e-05
threshold=146.82677858586018 0.26906250000000004 153.62577578867004 0.0026939460452797249 0.39941785714285877 0.12749999999999775 2.9525692481439201 0.0010915929113417184 0.23250714285714119 75.162157631080731 16.297673357642825 0.00073099652311184305 157.07554770693767 0.00060865069056963551 0.0010640421588629882 3747.4000000000001 5977.2500000000009 3056.1750000000006 1859.9250000000002 158.50817120706958 0.07551249999999661 4717.2000000000007 0.96650000000001068
decision_type=2 2 2 2 2 2 2 2 2 2 2 2 2 2 2 2 2 2 2 2 2 2 2
left_child=3 12 5 4 8 -3 7 -7 10 22 -1 -12 13 20 15 -15 -16 18 -14 -20 -2 -22 -6
right_child=1 2 -4 -5 9 6 -8 -9 -10 -11 11 -13 17 14 16 -17 -18 -19 19 -21 21 -23 -24
leaf_value=0 0 0 0 0 7.764266243358116e-05 0 0 -4.8536009659202058e-05 0 0 0 1.9606468997109376e-05 0 0 9.5083075121303916e-06 -7.1492501072209704e-06 0 0 -1.8480847902307251e-05 0 8.4670278775036981e-06 0 0
leaf_weight=86 553 67 451 427 90 21 28 434 555 20 188 650 177 1474 611 2407 226 635 481 321 2812 277 20
leaf_count=86 553 67 451 427 90 21 28 434 555 20 188 650 177 1474 611 2407 226 635 481 321 2812 277 20
internal_value=0 -1.01564e-06 -1.8933e-05 9.44231e-06 1.41316e-05 -3.60249e-05 -4.15669e-05 -4.52034e-05 4.10753e-06 5.8831e-05 1.02934e-05 1.41547e-05 0 1.74846e-06 0 -2.85042e-06 4.02792e-06 -4.21666e-06 -8.43951e-06 -1.164e-05 6.12482e-06 7.46369e-06 6.88844e-05
internal_weight=0 10975 1001 2036 1609 550 483 455 1479 130 924 838 9974 8360 4718 3881 837 1614 979 802 3642 3089 110
internal_count=13011 10975 1001 2036 1609 550 483 455 1479 130 924 838 9974 8360 4718 3881 837 1614 979 802 3642 3089 110
is_linear=0
shrinkage=0.03


Tree=8
num_leaves=22
num_cat=0
split_feature=4 10 4 9 33 29 44 37 45 0 52 60 49 9 22 9 60 33 52 8 40
split_gain=0.000175393 0.000320804 0.000213629 0.000204718 0.000181791 0.000166876 0.000113445 9.90294e-05 8.64724e-05 8.13497e-05 7.53115e-05 5.88486e-05 5.47844e-05 7.24034e-05 5.67321e-05 5.388e-05 4.07035e-05 2.9787e-05 2.89288e-05 3.31916e-05 1.96999e-05
threshold=146.82677858586018 5769.5500000000011 153.52239063142619 0.0008757959406891267 0.0054832734504404812 0.00070739466136817959 -1.1400000000000003 0.00083785007463517782 1.3716282815767382 27.395111657638726 90.007922762442504 155.94923000000003 1.2927919115977196 0.00063914966306281471 -0.00066741117724994348 0.0010693399291212163 147.46801000000002 0.0029618251096583449 90.308562308786819 -1.3434999999999915 0.00040237614054746377
decision_type=2 2 2 2 2 2 2 2 2 2 2 2 2 2 2 2 2 2 2 2 2
left_child=5 11 3 -3 -5 7 -6 -1 9 -9 -11 12 13 14 -2 -15 -14 -18 19 -13 -21
right_child=1 2 -4 4 6 -7 -8 8 -10 10 -12 18 16 15 -16 -17 17 -19 -20 20 -22
leaf_value=0 0 0 0 0 0 0 -3.8017929080479426e-05 0 0 2.557002270957719e-05 0 0 0 -5.7541670219875104e-06 5.7184163122363409e-06 0 0 1.5033623198041071e-05 0 0 -7.4741045366302811e-06
leaf_weight=309 853 200 337 158 55 522 679 105 191 864 91 53 40 2350 2657 377 118 548 357 104 2066
leaf_count=309 853 200 337 158 55 522 679 105 191 864 91 53 40 2350 2657 377 118 548 357 104 2066
internal_value=0 -2.15552e-06 -1.54145e-05 -2.20666e-05 -2.83295e-05 7.16725e-06 -3.4613e-05 1.28379e-05 1.66354e-05 1.99997e-05 2.28165e-05 0 1.26858e-06 0 3.1951e-06 -3.27922e-06 9.2536e-06 1.20727e-05 -4.02439e-06 -5.5233e-06 -6.7094e-06
internal_weight=0 10952 1429 1092 892 2082 734 1560 1251 1060 955 9523 6943 6237 3510 2727 706 666 2580 2223 2170
internal_count=13034 10952 1429 1092 892 2082 734 1560 1251 1060 955 9523 6943 6237 3510 2727 706 666 2580 2223 2170
is_linear=0
shrinkage=0.03


Tree=9
num_leaves=27
num_cat=0
split_feature=4 41 4 41 29 53 53 12 15 41 0 56 1 53 9 48 15 22 60 48 1 4 40 6 40 40
split_gain=0.000281697 0.000315877 0.000287563 0.000258022 0.000462475 0.000204686 0.000128795 0.00010295 8.51154e-05 7.3763e-05 0.000106714 5.54132e-05 3.64277e-05 6.69027e-05 5.70025e-05 3.82057e-05 2.63248e-05 2.24473e-05 3.83113e-05 3.5461e-05 2.12697e-05 5.016e-05 2.55887e-06 1.07472e-05 7.64682e-07 2.74971e-07
threshold=146.82677858586018 0.26625000000000082 153.62577578867004 0.3854392857142856 0.00067090348494871067 76.423646228559463 84.646769028884549 0.00078649555888811072 0.0090000000000003428 0.2015892857142832 52.765628650791349 15.677788498062736 149.72627315582019 69.484614288270095 0.0014128759840445024 0.0010836385767743185 0.12649999999999298 0.0030290187232687731 146.83824000000004 0.0010430195694936342 150.95423142047721 155.91212001902264 0.0015793541690491051 0.27096428571428949 0.0016410721219514335 0.001075205472342922
decision_type=2 2 2 2 2 2 2 2 2 2 2 2 2 2 2 2 2 2 2 2 2 2 2 2 2 2
left_child=3 12 6 9 5 -5 7 -3 -9 10 -1 -12 17 14 15 -14 -13 18 -2 -20 -15 -22 25 24 -24 -11
right_child=1 2 -4 4 -6 -7 -8 8 -10 22 11 16 13 20 -16 -17 -18 -19 19 -21 21 -23 23 -25 -26 -27
leaf_value=0 0 0 0 9.6054667321459171e-05 0 0 0 0 -4.6144031006821619e-05 0 0 2.6829716074861462e-05 -6.0254759557816025e-06 0 0 0 0 0 8.1928283864419301e-06 0 7.0526797550728319e-06 0 0 0 6.8423395506534794e-06 -2.5465187440111363e-06
leaf_weight=407 105 44 470 114 46 20 80 53 400 62 25 338 4151 505 106 201 20 435 1694 256 1309 1109 67 363 221 393
leaf_count=407 105 44 470 114 46 20 80 53 400 62 25 338 4151 505 106 201 20 435 1694 256 1309 1109 67 363 221 393
internal_value=0 -1.48498e-06 -1.71592e-05 1.05124e-05 5.01879e-05 8.05034e-05 -3.13442e-05 -3.7062e-05 -4.13682e-05 1.99226e-06 9.67086e-06 2.10571e-05 0 -8.75442e-07 -3.81923e-06 -5.17003e-06 2.47695e-05 3.30052e-06 4.7988e-06 6.47671e-06 5.35487e-07 2.87444e-06 0 0 5.79225e-06 -2.24904e-06
internal_weight=0 10918 1047 2076 180 134 577 497 453 1896 790 383 9871 7381 4458 4352 358 2490 2055 1950 2923 2418 1106 651 288 455
internal_count=12994 10918 1047 2076 180 134 577 497 453 1896 790 383 9871 7381 4458 4352 358 2490 2055 1950 2923 2418 1106 651 288 455
is_linear=0
shrinkage=0.03


Tree=10
num_leaves=21
num_cat=0
split_feature=44 1 1 48 48 3 40 61 40 45 36 45 33 6 6 22 40 33 47 0
split_gain=0.000138403 0.000134962 0.000133012 0.000102713 9.60337e-05 9.40687e-05 8.97649e-05 4.82483e-05 6.45156e-05 4.53693e-05 4.5011e-05 5.64866e-05 4.39282e-05 7.52518e-05 4.27592e-05 2.74106e-05 3.38922e-05 2.24013e-05 2.52523e-05 1.86939e-05
threshold=0.28249999999999892 157.22577352751713 143.34086589734756 0.00061599439016268279 0.00081823162500739273 156.24790000000004 0.0015504700238213487 0.008290671868760353 0.0022823550629254806 0.64654173272963422 0.00033039085252114863 0.43764246238188353 0.0078342308198517483 0.15664285714286005 0.079071428571425489 -0.0038871879790157156 0.0014967823018449012 0.0012745611022162426 0.81592453873452653 24.037623594487673
decision_type=2 2 2 2 2 2 2 2 2 2 2 2 2 2 2 2 2 2 2 2
left_child=1 4 -2 -4 14 10 12 8 -8 -3 -5 -12 13 -6 -1 -16 -17 -11 19 -19
right_child=2 9 3 5 6 -7 7 -9 -10 17 11 -13 -14 -15 15 16 -18 18 -20 -21
leaf_value=0 0 0 0 0 0 0 0 0 2.2237759751241758e-05 0 0 -1.8483008215491884e-05 0 -1.15629888568796e-05 0 8.061065916625219e-06 0 0 0 -1.2176985888669348e-05
leaf_weight=902 286 322 262 78 464 208 965 163 275 44 224 1440 287 1147 287 4390 211 47 60 927
leaf_count=902 286 322 262 78 464 208 965 163 275 44 224 1440 287 1147 287 4390 211 47 60 927
internal_value=0 1.40422e-06 -6.44814e-06 -1.00531e-05 3.40167e-06 -1.27295e-05 0 4.96932e-06 7.9341e-06 -5.13713e-06 -1.5165e-05 -1.62818e-05 -4.92985e-06 -7.29168e-06 5.75282e-06 6.86106e-06 7.44122e-06 -8.49341e-06 -9.73136e-06 -1.11291e-05
internal_weight=0 10491 2498 2212 9091 1950 3301 1403 1240 1400 1742 1664 1898 1611 5790 4888 4601 1078 1034 974
internal_count=12989 10491 2498 2212 9091 1950 3301 1403 1240 1400 1742 1664 1898 1611 5790 4888 4601 1078 1034 974
is_linear=0
shrinkage=0.03


Tree=11
num_leaves=25
num_cat=0
split_feature=5 10 56 2 40 29 21 2 41 53 9 2 5 5 7 0 41 29 2 45 43 53 9 10
split_gain=0.000106458 0.000192063 0.000293864 0.000178502 0.000136492 0.000196308 0.000107852 0.000171839 0.000149341 0.000102591 8.7911e-05 0.000145849 7.29183e-05 5.7617e-05 4.28758e-05 4.16018e-05 4.12507e-05 3.50104e-05 5.39112e-05 2.88298e-05 3.13823e-05 1.3594e-05 4.57631e-06 2.5427e-05
threshold=141.95950315918662 5528.4500000000016 27.169767581953973 151.11971403001186 0.0015504700238213487 0.0023547326666368252 -0.0014957324181987806 146.55685633530865 0.29461250000000067 67.104895806510982 0.0008205065118746872 143.77399154581533 149.40705824002075 156.87331811850069 -0.62450000000001171 24.587568992744639 0.1761874999999988 0.00040770582919540864 143.59306477060491 1.6278045692207239 1.293158186896197 15.800222285206244 0.00091506786111685424 9302.6750000000011
decision_type=2 2 2 2 2 2 2 2 2 2 2 2 2 2 2 2 2 2 2 2 2 2 2 2
left_child=4 9 6 10 -1 15 7 8 -3 12 -4 -12 17 19 -14 -6 -16 18 -2 20 -11 -17 -8 -24
right_child=1 2 3 -5 5 -7 22 -9 -10 13 11 -13 14 -15 16 21 -18 -19 -20 -21 -22 -23 23 -25
leaf_value=0 0 0 0 0 0 0 0 0 7.3079857269989882e-05 8.6828913890328356e-06 0 -3.1013536179090896e-05 0 0 0 0 -1.0768374426670232e-05 0 8.7512886657800507e-06 0 0 4.4638048161045547e-05 -8.9210100296665299e-06 0
leaf_weight=198 169 37 192 423 20 24 147 185 72 2754 150 830 290 642 2695 20 1130 355 1186 325 508 223 339 47
leaf_count=198 169 37 192 423 20 24 147 185 72 2754 150 830 290 642 2695 20 1130 355 1186 325 508 223 339 47
internal_value=0 -7.51164e-08 -8.20569e-06 -1.63715e-05 1.40457e-05 2.7583e-05 0 1.81611e-05 4.799e-05 9.88578e-07 -2.24003e-05 -2.60914e-05 -3.07357e-07 4.9015e-06 -3.66751e-06 3.87451e-05 -4.9556e-06 2.51562e-06 5.58882e-06 6.54061e-06 7.41585e-06 4.2172e-05 0 -3.26525e-06
internal_weight=0 12476 2422 1595 485 287 827 294 109 10054 1172 980 5825 4229 4115 263 3825 1710 1355 3587 3262 243 533 386
internal_count=12961 12476 2422 1595 485 287 827 294 109 10054 1172 980 5825 4229 4115 263 3825 1710 1355 3587 3262 243 533 386
is_linear=0
shrinkage=0.03


Tree=12
num_leaves=27
num_cat=0
split_feature=4 41 4 41 61 6 44 11 41 32 40 44 41 60 1 41 3 48 60 60 3 33 28 40 40 6
split_gain=0.000195851 0.000322748 0.000340598 0.000160002 0.00042325 0.000147421 0.00011008 8.56308e-05 5.96711e-05 0.000100135 3.42133e-05 3.25762e-05 8.30697e-05 8.54603e-05 6.89819e-05 8.16105e-05 5.29967e-05 4.30175e-05 3.68066e-05 3.72004e-05 3.30347e-05 1.61225e-05 1.0835e-05 9.2838e-06 4.0535e-06 1.90345e-06
threshold=146.82677858586018 0.26906250000000004 153.52239063142619 0.3854392857142856 0.0016934468890783085 0.23296428571428054 -1.021500000000003 0.1254999999999882 0.20239285714285848 -0.00048339899636781265 0.0015034441596162536 0.27100000000000085 0.19735535714285465 147.97068000000004 157.22577352751713 0.1761874999999988 156.14537500000003 0.0009336277005171287 157.84748000000005 156.79477000000003 151.72847500000003 0.0092225003074340641 0.22277613161891455 0.0015793541690491051 0.001075205472342922 0.27096428571428949
decision_type=2 2 2 2 2 2 2 2 2 2 2 2 2 2 2 2 2 2 2 2 2 2 2 2 2 2
left_child=3 11 5 8 21 -3 -7 -8 9 -1 22 14 13 -13 15 20 -15 -17 19 -16 -2 -5 -11 24 -10 -25
right_child=1 2 -4 4 -6 6 7 -9 23 10 -12 12 -14 16 18 17 -18 -19 -20 -21 -22 -23 -24 25 -26 -27
leaf_value=0 0 0 0 0 0 0 0 -4.8685643834141449e-05 0 2.1122137832007088e-05 0 0 0 -1.9841404687516342e-05 0 -6.0282861041284415e-06 0 1.9598167456305361e-07 0 -1.2465705721282402e-05 8.2332086687754221e-06 8.7713294701494116e-05 0 2.4810461567908833e-06 -5.7089257684203308e-06 0
leaf_weight=270 2761 81 454 29 51 36 31 397 66 414 73 43 702 574 25 1064 209 1012 750 537 2227 88 22 278 368 362
leaf_count=270 2761 81 454 29 51 36 31 397 66 414 73 43 702 574 25 1064 209 1012 750 537 2227 88 22 278 368 362
internal_value=0 -1.81422e-06 -1.80718e-05 8.33366e-06 4.10724e-05 -3.40682e-05 -4.06065e-05 -4.4931e-05 5.03068e-07 8.33757e-06 1.68321e-05 0 -4.1811e-06 -1.10821e-05 5.57298e-07 2.60119e-06 -1.50913e-05 0 -3.58721e-06 -9.43096e-06 4.93016e-06 7.5285e-05 2.00324e-05 0 -4.38621e-06 0
internal_weight=0 10903 999 2021 168 545 464 428 1853 779 509 9904 1528 826 8376 7064 783 2076 1312 562 4988 117 436 1074 434 640
internal_count=12924 10903 999 2021 168 545 464 428 1853 779 509 9904 1528 826 8376 7064 783 2076 1312 562 4988 117 436 1074 434 640
is_linear=0
shrinkage=0.03


Tree=13
num_leaves=25
num_cat=0
split_feature=48 1 40 1 49 22 29 3 10 10 9 32 11 19 49 22 1 3 41 6 3 52 3 3
split_gain=9.03172e-05 0.000276412 0.000173008 0.00016138 0.000176884 0.000144777 0.0001146 0.000111677 0.000102273 6.42179e-05 8.85537e-05 5.80457e-05 3.27367e-05 3.04786e-05 2.99978e-05 5.70441e-06 1.38723e-05 5.18595e-05 3.02591e-05 8.70835e-06 5.27969e-06 1.33801e-05 4.96181e-10 1.76265e-08
threshold=0.00081551312442934446 144.89289161694091 0.0015793541690491051 149.69314391778059 1.1319687017605358 -0.0074697036762456639 0.0025673125156581854 153.97090000000003 3369.3250000000003 9302.6750000000011 0.0014128759840445024 0.0028691035623275613 0.067999999999997854 0.001878097255976652 1.2534062371589711 -0.00014080886778927712 150.80699133923699 155.95577500000002 0.18677321428571206 0.2265714285714294 150.42577500000004 49.931279796843434 154.95942500000004 159.70510000000002
decision_type=2 2 2 2 2 2 2 2 2 2 2 2 2 2 2 2 2 2 2 2 2 2 2 2
left_child=3 2 -2 4 11 -4 14 8 -3 10 -10 12 -1 -14 -7 19 -17 18 -18 20 -5 -22 -9 -24
right_child=1 7 5 15 -6 6 -8 22 9 -11 -12 -13 13 -15 -16 16 17 -19 -20 -21 21 -23 23 -25
leaf_value=0 0 0 0 0 0 3.2964769846270931e-05 0 0 -1.7478877740491703e-05 0 0 0 1.9281997846846957e-05 0 0 0 7.4139889045999078e-06 0 0 0 -5.0397542851112905e-06 0 -1.4222773498999436e-07 0
leaf_weight=197 638 190 106 261 612 426 39 400 1859 229 424 52 1233 43 85 548 1586 1328 106 163 1140 591 806 22
leaf_count=197 638 190 106 261 612 426 39 400 1859 229 424 52 1233 43 85 548 1586 1328 106 163 1140 591 806 22
internal_value=0 -2.63679e-06 6.03283e-06 2.3917e-06 9.43361e-06 1.75791e-05 2.46034e-05 -7.78151e-06 -1.11921e-05 -1.3091e-05 -1.46244e-05 1.51351e-05 1.6511e-05 1.83787e-05 2.92099e-05 0 4.74285e-07 2.0975e-06 5.95247e-06 -1.4176e-06 -2.47142e-06 -3.12623e-06 0 -2.32192e-08
internal_weight=0 5224 1294 7860 2137 656 550 3930 2702 2512 2283 1525 1473 1276 511 5723 3568 3020 1692 2155 1992 1731 1228 828
internal_count=13084 5224 1294 7860 2137 656 550 3930 2702 2512 2283 1525 1473 1276 511 5723 3568 3020 1692 2155 1992 1731 1228 828
is_linear=0
shrinkage=0.03


Tree=14
num_leaves=26
num_cat=0
split_feature=4 44 28 48 42 52 24 41 49 41 41 10 49 3 35 53 42 10 41 33 13 60 4 1 60
split_gain=0.000220221 0.000260913 0.000191871 0.000160873 0.000188776 0.000153108 0.000139405 0.000120461 9.26104e-05 6.14872e-05 0.000110125 6.57681e-05 6.39909e-05 5.47395e-05 4.99214e-05 4.9817e-05 0.000130815 0.000119446 3.16395e-05 2.78946e-05 1.51305e-05 1.20381e-05 2.56616e-06 7.93289e-06 1.79366e-06
threshold=146.9668011504709 0.27100000000000085 0.13422683226886536 0.0014308415506213616 0.6945915655293976 85.750680135878525 -0.40000005304115954 0.20784107142857192 1.215658492526295 0.19135357142856899 0.13586785714285762 4984.6750000000002 0.76316475417510177 156.19725000000003 -0.19576043370145677 78.03049152265514 1.0032013811601692 3433.0250000000001 0.11904642857142776 0.0027151185038462905 0.0019999999999953393 144.86461000000006 156.44683786117159 158.57489899563237 148.08597000000003
decision_type=2 2 2 2 2 2 2 2 2 2 2 2 2 2 2 2 2 2 2 2 2 2 2 2 2
left_child=2 9 3 7 -5 6 -6 8 14 10 22 12 -12 18 -1 16 17 -11 -3 -20 -21 -9 24 -24 -2
right_child=1 13 -4 4 5 -7 -8 21 -10 15 11 -13 -14 -15 -16 -17 -18 -19 19 20 -22 -23 23 -25 -26
leaf_value=0 0 0 0 0 0 0 6.4742569866751902e-05 0 0 0 0 0 1.1517710743228203e-05 0 2.4909813096103324e-05 0 0 -1.754602324523301e-05 0 0 -1.5475814794620761e-05 -7.4481724098645118e-06 -3.2614930087720943e-06 0 8.2929189657130073e-07
leaf_weight=279 237 60 402 43 38 21 222 476 86 119 411 361 1964 331 395 613 658 915 43 30 1498 195 888 480 2347
leaf_count=279 237 60 402 43 38 21 222 476 86 119 411 361 1964 331 395 613 658 915 43 30 1498 195 888 480 2347
internal_value=0 -8.87078e-07 9.37863e-06 1.43695e-05 3.92118e-05 4.87501e-05 5.56569e-05 2.44975e-06 1.24053e-05 3.43653e-07 2.58476e-06 7.24923e-06 9.24433e-06 -1.11139e-05 1.72374e-05 -2.25439e-06 -5.78074e-06 -1.2981e-05 -1.33709e-05 -1.42734e-05 -1.50296e-05 0 0 -1.29919e-06 0
internal_weight=0 10955 2157 1755 324 281 260 1431 760 8993 6688 2736 2375 1962 674 2305 1692 1034 1631 1571 1528 671 3952 1368 2584
internal_count=13112 10955 2157 1755 324 281 260 1431 760 8993 6688 2736 2375 1962 674 2305 1692 1034 1631 1571 1528 671 3952 1368 2584
is_linear=0
shrinkage=0.03


end of trees

feature_importances:
atr_ma=41
volume_ma=34
volatility_ma=20
sma_50=20
momentum_convergence=19
bb_middle=17
adx=17
bb_upper=16
volatility=16
atr_normalized=15
stoch_d=15
ema_fast=13
atr=11
bb_width=11
atr_ratio=8
price_sma_50_dist=8
return_24=7
ema_cross_pct=7
volume_ratio=7
volatility_ratio=7
ema_slow=6
rsi=5
range=5
price_bb_upper_dist=5
stoch_k=5
bb_lower=4
price_bb_lower_dist=4
return_12=3
ema_cross=3
momentum_10=2
momentum_20=2
range_pct=2
body=2
upper_shadow=2
return_3=2
rsi_normalized=2
price_ema_slow_dist=2
bb_position_normalized=2
momentum_ratio=2
volume_change=2
price_ema_fast_dist=1
bb_position=1

parameters:
[boosting: gbdt]
[objective: regression]
[metric: rmse]
[tree_learner: serial]
[device_type: cpu]
[data: ]
[valid: ]
[num_iterations: 500]
[learning_rate: 0.03]
[num_leaves: 50]
[num_threads: 8]
[deterministic: 0]
[force_col_wise: 0]
[force_row_wise: 0]
[histogram_pool_size: -1]
[max_depth: 6]
[min_data_in_leaf: 20]
[min_sum_hessian_in_leaf: 0.001]
[bagging_fraction: 0.8]
[pos_bagging_fraction: 1]
[neg_bagging_fraction: 1]
[bagging_freq: 1]
[bagging_seed: 400]
[feature_fraction: 0.8]
[feature_fraction_bynode: 1]
[feature_fraction_seed: 30056]
[extra_trees: 0]
[extra_seed: 12879]
[early_stopping_round: 0]
[first_metric_only: 0]
[max_delta_step: 0]
[lambda_l1: 0.3]
[lambda_l2: 0.3]
[linear_lambda: 0]
[min_gain_to_split: 0]
[drop_rate: 0.1]
[max_drop: 50]
[skip_drop: 0.5]
[xgboost_dart_mode: 0]
[uniform_drop: 0]
[drop_seed: 17869]
[top_rate: 0.2]
[other_rate: 0.1]
[min_data_per_group: 100]
[max_cat_threshold: 32]
[cat_l2: 10]
[cat_smooth: 10]
[max_cat_to_onehot: 4]
[top_k: 20]
[monotone_constraints: ]
[monotone_constraints_method: basic]
[monotone_penalty: 0]
[feature_contri: ]
[forcedsplits_filename: ]
[refit_decay_rate: 0.9]
[cegb_tradeoff: 1]
[cegb_penalty_split: 0]
[cegb_penalty_feature_lazy: ]
[cegb_penalty_feature_coupled: ]
[path_smooth: 0]
[interaction_constraints: ]
[verbosity: 1]
[saved_feature_importance_type: 0]
[linear_tree: 0]
[max_bin: 255]
[max_bin_by_feature: ]
[min_data_in_bin: 3]
[bin_construct_sample_cnt: 200000]
[data_random_seed: 175]
[is_enable_sparse: 1]
[enable_bundle: 1]
[use_missing: 1]
[zero_as_missing: 0]
[feature_pre_filter: 1]
[pre_partition: 0]
[two_round: 0]
[header: 0]
[label_column: ]
[weight_column: ]
[group_column: ]
[ignore_column: ]
[categorical_feature: ]
[forcedbins_filename: ]
[precise_float_parser: 0]
[parser_config_file: ]
[objective_seed: 16083]
[num_class: 1]
[is_unbalance: 0]
[scale_pos_weight: 1]
[sigmoid: 1]
[boost_from_average: 1]
[reg_sqrt: 0]
[alpha: 0.9]
[fair_c: 1]
[poisson_max_delta_step: 0.7]
[tweedie_variance_power: 1.5]
[lambdarank_truncation_level: 30]
[lambdarank_norm: 1]
[label_gain: ]
[lambdarank_position_bias_regularization: 0]
[eval_at: ]
[multi_error_top_k: 1]
[auc_mu_weights: ]
[num_machines: 1]
[local_listen_port: 12400]
[time_out: 120]
[machine_list_filename: ]
[machines: ]
[gpu_platform_id: -1]
[gpu_device_id: -1]
[gpu_use_dp: 0]
[num_gpu: 1]

end of parameters

pandas_categorical:[]
