tree
version=v4
num_class=1
num_tree_per_iteration=1
label_index=0
max_feature_idx=56
objective=regression
feature_names=rsi bb_middle bb_upper bb_lower atr momentum_10 momentum_20 volatility volume_ma range range_pct body body_pct upper_shadow lower_shadow is_bullish return_1 return_3 return_6 return_12 return_24 log_return rsi_normalized rsi_overbought rsi_oversold rsi_divergence bb_width bb_position bb_position_normalized price_bb_upper_dist price_bb_lower_dist bb_breakout_upper bb_breakout_lower atr_normalized atr_ma atr_ratio momentum_ratio momentum_convergence volume_ratio volume_spike volume_change volatility_ma volatility_ratio high_volatility low_volatility stoch_k stoch_d stoch_overbought stoch_oversold adx strong_trend sma_20 price_sma_20_dist sma_50 price_sma_50_dist signal_convergence market_regime
feature_infos=[0:99.145297958945207] [0:433.77300000000002] [0:445.7902884830076] [0:429.47706752940064] [0:5.6750000000000158] [-25.279999999999973:28.700000000000045] [-31.779999999999973:25.949999999999989] [0:0.013760960557476004] [0:2115.0500000000002] [0:13.050000000000011] [0:0.03421614934772834] [0:10.25] [0:0.026920687512942638] [0:4.8700000000000045] [0:4.5] [0:1] [-0.050838840874428026:0.045717965228589952] [-0.057869419839267966:0.061171925305859576] [-0.062313273580879347:0.055282817502668058] [-0.068215417106652576:0.083728761671513885] [-0.090496047799838109:0.085476025017373169] [-0.052176674847336416:0.04470369757293631] [-0.94594594696859302:0.98290595917890411] [0:1] [0:1] [-30.685579898938528:30.655894189272409] [0:0.1185808689057089] [-0.39000481601162978:1.4312802625283376] [-1.7800096320232597:1.8625605250566752] [-0.014907105856414044:0.10111453388061334] [-0.013692039624379688:0.095935693106670827] [0:1] [0:1] [0:0.01518304181026075] [0:5.0375357142857249] [0:1.7958743291669197] [-387999999.99999952:259999999.99999943] [-28.700000000000045:25.279999999999973] [0:3.4909160086846587] [0:1] [-0.99886813808715336:944] [0:0.013272101953949508] [0:2.8686155747316899] [0:1] [0:1] [0:99.999999925373132] [0:99.128093654670806] [0:1] [0:1] [0:86.579415337112295] [0:1] [0:433.77300000000002] [-0.051861963793781926:0.050205850487540539] [0:429.52199999999999] [-0.084765493890769872:0.066042024013722056] [0:1] [0:2]
tree_sizes=3030 2586

Tree=0
num_leaves=31
num_cat=0
split_feature=33 41 8 53 29 41 1 53 2 26 41 49 8 1 1 33 41 49 41 8 20 8 8 49 19 8 53 42 7 17
split_gain=0.00872222 0.00284438 0.00368479 0.00238196 0.00265521 0.00228475 0.00299855 0.00313178 0.00277354 0.0017259 0.00165843 0.00148129 0.00137535 0.00177435 0.00421023 0.00219823 0.00132437 0.00130573 0.00180865 0.0012806 0.0011917 0.00118987 0.002331 0.00114398 0.000999941 0.0017331 0.00106437 0.000886842 0.000849475 0.000843036
threshold=0.007770023821093072 0.008183239808291368 852.80000000000007 256.81200000000007 0.058053575254900673 0.0067883106652077618 323.99475000000007 350.38650000000001 326.7922559630245 0.031575595255241722 0.0036477653014961166 16.779197883311568 424.55000000000007 226.08500000000006 204.94500000000002 0.0063141213673956181 0.0065375358690699251 19.926322376850596 0.0051503065556614651 1522.6500000000003 -0.006969518474988611 1684.7500000000002 1330.575 12.364407750224222 -0.0030443929215353545 1072.3000000000002 393.14270000000005 0.92159696120291212 0.0040046153148585771 -0.0042267545308433121
decision_type=2 2 2 2 2 2 2 2 2 2 2 2 2 2 2 2 2 2 2 2 2 2 2 2 2 2 2 2 2 2
left_child=10 3 -3 4 9 8 -7 -8 20 -2 -1 -10 -12 14 -14 29 23 -11 -19 -4 -5 22 -13 -16 26 27 -17 -26 -27 -15
right_child=1 2 19 5 -6 6 7 -9 11 17 12 21 13 15 16 24 -18 18 -20 -21 -22 -23 -24 -25 25 28 -28 -29 -30 -31
leaf_value=0.00072496174736068136 0.00072816705738946606 0.00072816705738946606 0.00015034356836080768 0.00072816705738946606 0.00079060663792922118 0.00072816705738946606 0.0014411682109113505 0.00072816705738946606 0.00072816705738946606 0.00072816705738946606 0.00072816705738946606 0.00067171771682229245 0.00072816705738946606 0.00072816705738946606 0.00072816705738946606 0.00083849636601463656 0.00072816705738946606 0.00071581890430804664 0.00040266957423999359 0.00072816705738946606 0.00092773742230421057 0.00072816705738946606 0.000298384637444783 0.0011202574508668676 0.00054242382596676221 0.00072816705738946606 0.00072816705738946606 0.00072816705738946606 0.00087875777373898963 0.00088072397327066093
leaf_weight=710 156 45 86 59 49 49 39 28 67 26 273 344 170 106 11.999999999999998 372 10.999999999999998 186 287 21 115 49 96 204 185 39 36 357 128 492
leaf_count=710 156 45 86 59 49 49 39 28 67 26 273 344 170 106 12 372 11 186 287 21 115 49 96 204 185 39 36 357 128 492
internal_value=0.000728167 0.000633501 0.000400014 0.000666132 0.000598067 0.000728167 0.000928192 0.00115305 0.000690092 0.000560751 0.000774179 0.000621079 0.000795117 0.000809956 0.000920596 0.00077557 0.00106138 0.000515032 0.000494032 0.000239599 0.000824364 0.000584617 0.000555958 0.00109146 0.000728167 0.000698389 0.000795859 0.000640416 0.000796703 0.000853178
internal_weight=0 1702 152 1550 704 846 116 67 730 655 3095 556 2385 2112 397 1715 227 499 473 107 174 489 440 216 1117 709 408 542 167 598
internal_count=4797 1702 152 1550 704 846 116 67 730 655 3095 556 2385 2112 397 1715 227 499 473 107 174 489 440 216 1117 709 408 542 167 598
is_linear=0
shrinkage=1


Tree=1
num_leaves=31
num_cat=0
split_feature=33 49 49 41 33 1 1 26 49 1 54 2 49 2 40 18 41 33 35 49 7 54 1 4 33 41 19 42 26 20
split_gain=0.00825181 0.00293269 0.00226397 0.00221881 0.00292429 0.00206735 0.00392915 0.00259008 0.00212879 0.00141928 0.00135877 0.00130687 0.00125109 0.00151855 0.00106431 0.0011424 0.00105563 0.00137669 0.00105373 0.00096911 0.00100963 0.0011013 0.000864422 0.000906615 0.000789958 0.00125356 0.000700054 0.000801755 0.00105784 0.000669061
threshold=0.007770023821093072 23.660574771258982 17.780465069240645 0.0051331419990917259 0.012616160577046081 225.44000000000003 204.94500000000002 0.029343735578911758 58.305679988643476 188.715 -0.052916275200762412 207.91725021664621 11.159223567548276 389.05072429878027 -0.49931526829888034 0.03106665442503909 0.0037586307634162215 0.0060998469317368248 0.95156695504534416 48.790878520623941 0.003075031122773885 -0.013159847004000911 231.56375 1.2107142857142843 0.0062221731441787203 0.0044489461818057576 -0.0030443929215353545 1.0195944624111772 0.02333623360250088 -0.01553101657072403
decision_type=2 2 2 2 2 2 2 2 2 2 2 2 2 2 2 2 2 2 2 2 2 2 2 2 2 2 2 2 2 2
left_child=2 -2 9 -3 10 6 24 -8 -9 -1 -5 -12 -11 29 -13 -16 18 22 -7 20 -20 -22 -18 -24 25 -4 -19 28 -28 -14
right_child=1 3 5 4 -6 16 7 8 -10 12 11 14 13 -15 15 -17 17 26 19 -21 21 -23 23 -25 -26 -27 27 -29 -30 -31
leaf_value=0 4.080377973185659e-06 0 0.00013449310530277205 0 0 0 5.6417850221333425e-06 0.00069460884081341118 0 0 0 0 0 0 -0.00025179168611871096 0 0 4.355449672300337e-05 0 0 0 -0.0002592571664113163 0 0.00016122064290345208 -2.8503709237716901e-05 0 0 0 -0.00013357073170484459 0.00032026176106759812
leaf_weight=60 347 442 272 21 54 121 117 59 10.999999999999998 44 33 39 17 43 718 19 31 370 46 127 32 184 26 325 246 82 122 229 319 228
leaf_count=60 347 442 272 21 54 121 117 59 11 44 33 39 17 43 718 19 31 370 46 127 32 184 26 325 246 82 122 229 319 228
internal_value=0 -8.87336e-05 4.89485e-05 -0.000124327 -0.000171628 2.60352e-05 9.4371e-05 0.00029965 0.000575572 0.000169503 -0.000200441 -0.000213112 0.000211179 0.000249503 -0.000227059 -0.000240607 0 2.02966e-05 -6.34306e-05 -0.000109731 -0.000164643 -0.000211049 0.000102641 0.000132727 5.28704e-06 7.111e-05 0 -3.95348e-05 -8.3163e-05 0.000297726
internal_weight=0 1673 3111 1326 884 2719 787 187 70 392 830 809 332 288 776 737 1932 1422 510 389 262 216 382 351 600 354 1040 670 441 245
internal_count=4784 1673 3111 1326 884 2719 787 187 70 392 830 809 332 288 776 737 1932 1422 510 389 262 216 382 351 600 354 1040 670 441 245
is_linear=0
shrinkage=0.05


end of trees

feature_importances:
volatility_ma=8
adx=8
bb_middle=7
volume_ma=6
atr_normalized=6
bb_upper=3
bb_width=3
sma_50=3
volatility=2
return_12=2
return_24=2
volatility_ratio=2
price_sma_50_dist=2
atr=1
return_3=1
return_6=1
price_bb_upper_dist=1
atr_ratio=1
volume_change=1

parameters:
[boosting: gbdt]
[objective: regression]
[metric: rmse]
[tree_learner: serial]
[device_type: cpu]
[data: ]
[valid: ]
[num_iterations: 500]
[learning_rate: 0.05]
[num_leaves: 31]
[num_threads: 8]
[deterministic: 0]
[force_col_wise: 0]
[force_row_wise: 0]
[histogram_pool_size: -1]
[max_depth: 8]
[min_data_in_leaf: 10]
[min_sum_hessian_in_leaf: 0.001]
[bagging_fraction: 0.8]
[pos_bagging_fraction: 1]
[neg_bagging_fraction: 1]
[bagging_freq: 1]
[bagging_seed: 400]
[feature_fraction: 0.9]
[feature_fraction_bynode: 1]
[feature_fraction_seed: 30056]
[extra_trees: 0]
[extra_seed: 12879]
[early_stopping_round: 0]
[first_metric_only: 0]
[max_delta_step: 0]
[lambda_l1: 0.3]
[lambda_l2: 0.3]
[linear_lambda: 0]
[min_gain_to_split: 0]
[drop_rate: 0.1]
[max_drop: 50]
[skip_drop: 0.5]
[xgboost_dart_mode: 0]
[uniform_drop: 0]
[drop_seed: 17869]
[top_rate: 0.2]
[other_rate: 0.1]
[min_data_per_group: 100]
[max_cat_threshold: 32]
[cat_l2: 10]
[cat_smooth: 10]
[max_cat_to_onehot: 4]
[top_k: 20]
[monotone_constraints: ]
[monotone_constraints_method: basic]
[monotone_penalty: 0]
[feature_contri: ]
[forcedsplits_filename: ]
[refit_decay_rate: 0.9]
[cegb_tradeoff: 1]
[cegb_penalty_split: 0]
[cegb_penalty_feature_lazy: ]
[cegb_penalty_feature_coupled: ]
[path_smooth: 0]
[interaction_constraints: ]
[verbosity: 1]
[saved_feature_importance_type: 0]
[linear_tree: 0]
[max_bin: 255]
[max_bin_by_feature: ]
[min_data_in_bin: 3]
[bin_construct_sample_cnt: 200000]
[data_random_seed: 175]
[is_enable_sparse: 1]
[enable_bundle: 1]
[use_missing: 1]
[zero_as_missing: 0]
[feature_pre_filter: 1]
[pre_partition: 0]
[two_round: 0]
[header: 0]
[label_column: ]
[weight_column: ]
[group_column: ]
[ignore_column: ]
[categorical_feature: ]
[forcedbins_filename: ]
[precise_float_parser: 0]
[parser_config_file: ]
[objective_seed: 16083]
[num_class: 1]
[is_unbalance: 0]
[scale_pos_weight: 1]
[sigmoid: 1]
[boost_from_average: 1]
[reg_sqrt: 0]
[alpha: 0.9]
[fair_c: 1]
[poisson_max_delta_step: 0.7]
[tweedie_variance_power: 1.5]
[lambdarank_truncation_level: 30]
[lambdarank_norm: 1]
[label_gain: ]
[lambdarank_position_bias_regularization: 0]
[eval_at: ]
[multi_error_top_k: 1]
[auc_mu_weights: ]
[num_machines: 1]
[local_listen_port: 12400]
[time_out: 120]
[machine_list_filename: ]
[machines: ]
[gpu_platform_id: -1]
[gpu_device_id: -1]
[gpu_use_dp: 0]
[num_gpu: 1]

end of parameters

pandas_categorical:[]
