tree
version=v4
num_class=1
num_tree_per_iteration=1
label_index=0
max_feature_idx=56
objective=regression
feature_names=rsi bb_middle bb_upper bb_lower atr momentum_10 momentum_20 volatility volume_ma range range_pct body body_pct upper_shadow lower_shadow is_bullish return_1 return_3 return_6 return_12 return_24 log_return rsi_normalized rsi_overbought rsi_oversold rsi_divergence bb_width bb_position bb_position_normalized price_bb_upper_dist price_bb_lower_dist bb_breakout_upper bb_breakout_lower atr_normalized atr_ma atr_ratio momentum_ratio momentum_convergence volume_ratio volume_spike volume_change volatility_ma volatility_ratio high_volatility low_volatility stoch_k stoch_d stoch_overbought stoch_oversold adx strong_trend sma_20 price_sma_20_dist sma_50 price_sma_50_dist signal_convergence market_regime
feature_infos=[0:99.999999949210959] [0:22190.644999999997] [0:22473.811888960026] [0:22156.697503341999] [0:416.8899999999997] [-1136.3299999999981:2041.25] [-1492.3600000000006:2391.5300000000025] [0:0.014853398867608843] [0:18712.200000000001] [0:1362.5300000000025] [0:0.074722026471580341] [0:864.88000000000102] [0:0.047430578596244014] [0:990.12000000000262] [0:265.25] [0:1] [-0.045174245084269593:0.049905285037338931] [-0.048101045054701363:0.086898819085784673] [-0.061847842605140535:0.099918239971441558] [-0.069266784019653138:0.12466460594935413] [-0.10307623393468524:0.13529494076771242] [-0.046226410734074706:0.048699955374397121] [-1:0.99999999898421921] [0:1] [0:1] [-46.49836329065117:57.635486761074901] [0:0.21006472259235695] [-0.55117649402783531:1.5235299468246777] [-2.1023529880556708:2.0470598936493554] [-0.029934778744457612:0.11574006853853853] [-0.023113417573155708:0.16790089316156842] [0:1] [0:1] [0:0.024148175694501142] [0:339.85485714285699] [0:3.2790940618972764] [-5670000000.0000725:10050000000] [-2041.25:1136.3299999999981] [0:6.0856248751311206] [0:1] [-0.99980506822612081:2776] [0:0.014083508988507099] [0:4.7739267325055099] [0:1] [0:1] [0:99.999999998465086] [0:99.679439429295329] [0:1] [0:1] [0:97.291675599848531] [0:1] [0:22190.644999999997] [-0.065043780517382327:0.081969259130748082] [0:22163.835999999999] [-0.093182420536107813:0.10000952626628214] [0:1] [0:2]
tree_sizes=5186 3220 2404 4100 4119 3297

Tree=0
num_leaves=54
num_cat=0
split_feature=34 2 2 1 1 41 30 54 7 53 2 35 49 41 2 38 49 26 38 53 35 37 10 41 3 41 41 8 7 8 49 6 3 10 1 49 3 37 37 13 54 46 30 40 34 2 7 54 1 3 38 53 46
split_gain=0.0297328 0.0523734 0.00281929 0.00173342 0.00240157 0.00198989 0.00400481 0.00324102 0.00179217 0.00122371 0.000964221 0.00246267 0.000876234 0.000803954 0.00173001 0.0015095 0.00120035 0.00119966 0.00117967 0.000752428 0.0010492 0.00112265 0.00073885 0.000910317 0.000640881 0.000609918 0.000462451 0.000437406 0.00163991 0.000314952 0.000305717 0.000305782 0.000368428 0.000290713 0.000288601 0.000286617 0.000239339 0.000217137 0.000144116 0.000143352 0.000129956 0.000402004 0.000265845 0.000119615 0.000116542 6.88139e-05 4.50303e-05 2.95491e-05 2.87641e-05 2.62615e-05 1.06512e-05 5.46706e-06 1.85627e-06
threshold=166.99826785714311 17433.950760570511 18092.476589404407 21601.390000000007 18541.616750000005 0.002247665881000672 0.012561833319154761 -0.0049204683998503853 0.001235795660267866 17966.879500000006 17564.060749935827 0.9881778046830284 40.786078167042319 0.0018289499499270121 19470.409895231478 1.101496617500562 42.742669213046774 0.0090993610861794388 1.1389118112334844 22058.998200000005 0.84845055838528649 28.260000000000222 0.00076454112096914126 0.00065068978144661356 17895.798498913748 0.0010313986313767449 0.0013307871632319208 7191.9250000000011 0.00087601349980487287 8936.8500000000022 28.956594098597439 30.100000000000367 17794.042348784835 0.0010462212040895302 17562.008750000005 49.037364539563683 19335.891667676795 51.519999999998625 -7.2349999999987622 1.1399999999994181 0.00099775156829512413 31.840064201313684 0.013837417784075969 -0.061388488587169103 18.978625000000378 18302.72366154287 0.0024986087993384238 9.9260580294146565e-05 17995.070500000005 17319.611860007899 0.6642184573829053 18087.858500000006 47.097872871377724
decision_type=2 2 2 2 2 2 2 2 2 2 2 2 2 2 2 2 2 2 2 2 2 2 2 2 2 2 2 2 2 2 2 2 2 2 2 2 2 2 2 2 2 2 2 2 2 2 2 2 2 2 2 2 2
left_child=2 -2 9 4 5 8 7 43 22 10 11 47 19 14 18 40 17 -17 -6 20 -5 44 -4 -24 50 -20 30 28 -16 34 -12 32 -32 -13 -28 45 -29 -36 -10 -35 41 -15 -42 -7 -22 -3 -40 49 -26 -1 -11 -8 -18
right_child=1 35 3 12 13 6 51 -9 38 24 26 33 -14 15 27 16 52 -19 25 -21 21 -23 23 -25 48 -27 29 36 -30 -31 31 -33 -34 39 37 -37 -38 -39 46 -41 42 -43 -44 -45 -46 -47 -48 -49 -50 -51 -52 -53 -54
leaf_value=0.00019729304827470061 0.0016185133503213199 0.00031483325877160585 0.00021562289633077103 0.00021562289633077103 0.00021562289633077103 0.00021562289633077103 0.00021562289633077103 0.00021562289633077103 0.00021562289633077103 0.00021562289633077103 0.00021562289633077103 0.00021562289633077103 0.00021562289633077103 0.00021562289633077103 0.00021922263294574007 0.00021562289633077103 0.00021182487776723224 8.7746195020113106e-05 0.00021714986329008913 0.00021562289633077103 0.00021562289633077103 0.00021562289633077103 0.00021562289633077103 0.00011613080414512821 0.00021562289633077103 0.00033413858576576092 0.00021562289633077103 0.00021562289633077103 0.000165601859664007 0.00021562289633077103 0.00012871356185770619 0.00021562289633077103 0.00021562289633077103 0.00021562289633077103 0.00027815570905310164 0.00021562289633077103 0.00023012742103889057 0.00021562289633077103 0.00025505180183564536 0.00032067253884425191 0.00019253607756404922 0.00024482976504908936 0.00021562289633077103 -0.00015357816559068266 1.1031473673518455e-05 0.00021562289633077103 0.00021562289633077103 0.00021562289633077103 0.00023401857566810309 0.00021562289633077103 0.00044312475239952434 0.00022353994705275119 0.00021622606213716965
leaf_weight=149 37 32 213 131 359 43 32 65 199 30 205 51 301 302 1184 137 112 240 265 86 32 45 75 314 62 247 72 88 673 91 155 183 99 37 220 30 1827 36 215 344 512 521 180 78 141 30 31 196 76 43 55 78 131
leaf_count=149 37 32 213 131 359 43 32 65 199 30 205 51 301 302 1184 137 112 240 265 86 32 45 75 314 62 247 72 88 673 91 155 183 99 37 220 30 1827 36 215 344 512 521 180 78 141 30 31 196 76 43 55 78 131
internal_value=0.000215623 0.000669416 0.000212433 0.000204292 0.000209547 0.000172822 9.84415e-05 1.27519e-05 0.000202488 0.000242424 0.000228803 0.00025378 0.000158568 0.000215623 0.000223785 0.000201696 0.000162172 0.000128687 0.0002619 0.000130089 0.000110486 6.72899e-05 0.000163627 0.000138882 0.00031676 0.000291209 0.000215623 0.000215623 0.000204627 0.000232789 0.000194283 0.000179599 0.000158072 0.000304431 0.000250825 0.000215623 0.000225018 0.00026661 0.000234856 0.00031374 0.000215623 0.000225666 0.000208626 -7.96434e-05 3.25028e-05 0.000279867 0.000250188 0.000215623 0.000215623 0.000203869 0.000398611 0.000215623 0.000215623
internal_weight=0 129 10961 8857 8121 1343 296 186 1047 2104 1881 820 736 6778 4643 2135 620 377 871 435 349 218 602 389 223 512 1061 3772 1857 419 642 437 254 432 328 92 1915 256 445 381 1515 823 692 121 173 62 246 388 138 192 85 110 243
internal_count=11090 129 10961 8857 8121 1343 296 186 1047 2104 1881 820 736 6778 4643 2135 620 377 871 435 349 218 602 389 223 512 1061 3772 1857 419 642 437 254 432 328 92 1915 256 445 381 1515 823 692 121 173 62 246 388 138 192 85 110 243
is_linear=0
shrinkage=1


Tree=1
num_leaves=37
num_cat=0
split_feature=34 2 7 1 3 53 41 41 38 53 7 6 49 4 18 53 38 42 41 49 53 38 4 37 4 41 30 34 33 1 37 7 1 2 38 35
split_gain=0.017528 0.0531011 0.00412137 0.0028204 0.00171341 0.00274781 0.00210577 0.00191664 0.00251156 0.00252666 0.00363674 0.00114228 0.00103128 0.000966565 0.00118184 0.000804666 0.000780854 0.000920468 0.000741612 0.000627852 0.000946806 0.000851841 0.000696169 0.000995227 0.000563695 0.000541349 0.000441451 0.000931429 0.000339147 0.000335378 0.000303182 0.000224085 0.000221822 4.93493e-05 1.67681e-05 1.8497e-05
threshold=166.99826785714311 17461.94760651769 0.0062555482142653959 21601.390000000007 17908.696850404172 17946.398500000007 0.0035949527204049776 0.0018557338433846957 0.9099457616837151 18688.502900000003 0.0032758246655384608 3.5300000000006553 45.514754236029432 48.608214285714247 0.00036869292446217733 17502.309000000005 0.7525746191103112 1.6343529593610164 0.00068180121462963091 38.496159009433974 22058.998200000005 0.65421465164951587 17.499285714285573 31.379999999999203 17.089285714285719 0.0010486341341022921 0.008351587612367423 85.042125000000183 0.0017234382915024833 18065.297999999999 -36.485000000000575 0.0027701251638374415 17595.991250000003 20622.522931867075 1.3459787045092191 1.3444105628161518
decision_type=2 2 2 2 2 2 2 2 2 2 2 2 2 2 2 2 2 2 2 2 2 2 2 2 2 2 2 2 2 2 2 2 2 2 2 2
left_child=2 -2 3 4 5 6 11 13 26 10 -10 15 -11 18 25 -1 -7 29 30 20 21 -5 -23 -24 -13 -15 27 -9 -20 -18 -6 -28 -3 -16 35 -21
right_child=1 32 -4 19 7 16 -8 8 9 12 -12 24 -14 14 33 -17 17 -19 28 34 -22 22 23 -25 -26 -27 31 -29 -30 -31 -32 -33 -34 -35 -36 -37
leaf_value=1.3233401436065294e-05 0.0013940479301632596 5.2240040131351531e-05 -0.00030091043926197395 0 0 0 -0.00022826300808762918 0 -0.00025013527282280847 -5.6579552934997561e-05 0 0 0 0 -9.4669934884552847e-06 -3.9320664909216759e-05 0.00022651875337166054 0 -1.75470289878917e-05 -1.2427613226517129e-05 0 0 -0.00020615712812479503 0 5.0556525239667625e-05 6.3816264210039874e-05 0 -8.3942451174797735e-05 0 0 2.8701101020253948e-05 3.435045854200359e-05 -3.7496603983481313e-05 4.8501433264344756e-06 0 0
leaf_weight=413 32 42 43 95 95 113 30 746 147 485 30 234 264 126 449 425 106 34 2401 205 80 44 151 33 736 584 280 156 1154 34 680 283 59 175 82 38
leaf_count=413 32 42 43 95 95 113 30 746 147 485 30 234 264 126 449 425 106 34 2401 205 80 44 151 33 736 584 280 156 1154 34 680 283 59 175 82 38
internal_value=0 0.000339294 -6.22197e-06 -4.22151e-06 0 2.3817e-05 5.06438e-06 -6.46201e-06 -2.92588e-05 -6.81869e-05 -0.000183175 1.39745e-05 -2.89014e-05 1.57432e-06 2.49317e-05 -2.69401e-06 0.00011239 0.000157603 -3.54546e-06 -6.12472e-05 -9.04049e-05 -0.000113262 -0.000146686 -0.000173333 3.76423e-05 5.16194e-05 0 -1.71183e-05 -1.10506e-05 0.000191691 1.9261e-05 1.53539e-05 0 0 0 -7.87252e-06
internal_weight=0 133 10951 10908 10180 2125 1838 8055 2391 926 177 1808 749 5664 1334 838 287 174 4330 728 403 323 228 184 970 710 1465 902 3555 140 775 563 101 624 325 243
internal_count=11084 133 10951 10908 10180 2125 1838 8055 2391 926 177 1808 749 5664 1334 838 287 174 4330 728 403 323 228 184 970 710 1465 902 3555 140 775 563 101 624 325 243
is_linear=0
shrinkage=0.03


Tree=2
num_leaves=28
num_cat=0
split_feature=34 2 7 53 2 35 26 34 2 53 53 2 42 4 8 6 38 3 2 37 38 41 26 2 1 54 53
split_gain=0.01404 0.0440125 0.00264509 0.0025388 0.0014855 0.00206732 0.000827235 0.00153705 0.00245606 0.00259707 0.000917232 0.00182692 0.00280672 0.000667874 0.000617526 0.00176101 0.000479031 0.000449894 0.00042894 0.000625226 0.00060651 0.000827949 0.00032196 0.000236235 0.000185362 0.00011483 1.49622e-10
threshold=166.99826785714311 17490.24067190204 0.0062555482142653959 21477.243000000002 17564.060749935827 0.9881778046830284 0.024163106032393054 65.542267857142988 19035.672299794318 18123.626100000005 17887.088500000002 19661.308984629683 1.1820193733292517 65.213571428571427 6379.4250000000011 -44.430000000000284 1.0954408526018804 16469.916532954881 22166.888157131918 -57.124999999999993 0.55924148332055335 0.00067526760432046553 0.0043470290842654675 19554.111967927303 17645.027500000004 0.0012956119017041798 20156.357100000005
decision_type=2 2 2 2 2 2 2 2 2 2 2 2 2 2 2 2 2 2 2 2 2 2 2 2 2 2 2
left_child=2 -2 3 4 5 -1 7 14 9 -9 -8 12 -12 18 15 -6 -7 -18 19 -5 -21 -22 -19 -16 -3 -10 -13
right_child=1 24 -4 13 6 16 10 8 25 -11 11 26 -14 -15 23 -17 17 22 -20 20 21 -23 -24 -25 -26 -27 -28
leaf_value=0 0.0013061407740975989 4.5871365447921397e-05 -0.00026598164559879772 0 -5.18892543466248e-05 0 -1.7645622391109043e-05 0 0 -0.00016792968700512565 0 -3.4909058065679223e-08 0.00016894547078349443 0 1.7344725323761744e-05 0 0 0 0 0 0 -0.00012398454742766795 0.0001393231381821834 0 -3.7847984531843989e-05 -1.8302935764891273e-05 0
leaf_weight=413 30 41 35 182 710 100 51 50 380 218 148 110 193 88 1463 3086 57 41 116 123 84 338 221 2455 55 308 173
leaf_count=413 30 41 35 182 710 100 51 50 380 218 148 110 193 88 1463 3086 57 41 116 123 84 338 221 2455 55 308 173
internal_value=0 0.000313363 -4.38387e-06 -2.73748e-06 7.37245e-07 3.97158e-05 -1.77198e-06 -5.15729e-06 -4.10775e-05 -0.000119347 2.83585e-05 4.65411e-05 9.36793e-05 -5.03624e-05 0 -9.29642e-06 8.69799e-05 0.000106221 -5.92756e-05 -6.78563e-05 -8.46892e-05 -0.000102724 0.000123593 7.62237e-06 0 0 0
internal_weight=0 126 11143 11108 10177 832 9345 8670 956 268 675 624 341 931 7714 3796 419 319 843 727 545 422 262 3918 96 688 283
internal_count=11269 126 11143 11108 10177 832 9345 8670 956 268 675 624 341 931 7714 3796 419 319 843 727 545 422 262 3918 96 688 283
is_linear=0
shrinkage=0.03


Tree=3
num_leaves=49
num_cat=0
split_feature=33 8 46 1 1 53 38 41 53 41 26 53 1 35 41 38 49 4 36 8 26 53 38 35 53 49 14 38 37 18 41 38 38 41 54 46 34 1 1 54 54 52 30 46 22 52 41 53
split_gain=0.0289773 0.0619075 0.00305331 0.00253726 0.00218288 0.00181689 0.00149571 0.00181093 0.00206822 0.00217506 0.00175384 0.00123618 0.00111459 0.00194428 0.00103391 0.00170113 0.00152954 0.00088531 0.000862413 0.000823371 0.0011555 0.00101408 0.000817158 0.000733192 0.00208042 0.000675232 0.000635037 0.000654564 0.00062381 0.000530598 0.00051073 0.00060954 0.000510322 0.000408399 0.000361667 0.000341278 0.000208086 0.000172287 0.000156771 6.4422e-05 0.000288955 0.000180797 1.96458e-05 4.05149e-05 1.03461e-05 1.9143e-05 7.40297e-06 3.01307e-07
threshold=0.0089732769659317171 15140.950000000003 33.072000690540129 18072.868750000005 18504.393500000002 21465.570000000003 0.72100836085867404 0.00065068978144661356 18123.626100000005 0.0021580877963688449 0.0094514003866809689 17987.594500000003 17487.365000000002 0.9881778046830284 0.0018172477825841745 1.0954408526018804 45.514754236029432 65.213571428571427 0.089391631365751137 6491.6500000000005 0.0045862646598732763 19067.683000000001 0.73845863027022607 1.1001221941018693 17572.697000000004 24.199057316243962 2.7749999999996366 0.45606721027796066 -69.625000000001805 0.0089382918346642155 0.00067526760432046553 0.50675443508230023 1.0954408526018804 0.0013164666582998715 0.00042559318850902132 47.097872871377724 16.75894642857153 17972.022500000003 17543.082500000008 0.0017111458779039059 -0.0066512499533604571 0.0051660992758831006 0.0066072471260566739 52.005127239130374 0.27758489892092847 -0.0060661219014240359 0.0012998441521592538 17111.000500000006
decision_type=2 2 2 2 2 2 2 2 2 2 2 2 2 2 2 2 2 2 2 2 2 2 2 2 2 2 2 2 2 2 2 2 2 2 2 2 2 2 2 2 2 2 2 2 2 2 2 2
left_child=3 -2 -3 11 6 14 42 -8 -9 10 -10 12 13 47 19 39 18 28 -17 20 34 -22 -21 33 -25 -11 -13 -28 -7 -24 -30 -32 -15 -14 -6 -18 -34 38 -35 40 -16 -41 43 46 45 -26 -5 -1
right_child=1 2 -4 4 5 17 7 8 9 25 -12 26 23 32 15 16 35 -19 -20 22 21 -23 29 24 44 -27 27 -29 30 -31 31 -33 36 37 -36 -37 -38 -39 -40 41 -42 -43 -44 -45 -46 -47 -48 -49
leaf_value=-1.1217651088946792e-06 0.0011522767398301965 -0.00028360740386921423 0 0 3.7864581959239434e-05 0 0 0 -0.00010744198292886879 0 0 0 0 0 0 0 -3.0848277003013727e-05 0 -0.00011453111093333105 0 0 -4.7930066113506282e-05 3.800638197078708e-05 -0.00015928131795835769 0 -0.00034905684246298142 0 0.00013775017916194549 0 0 0 -0.00010059991763000597 0 0 0 4.4809868268986051e-05 0.000113217107889495 0 4.9854471746878853e-05 -1.9432125719162155e-05 2.387446763034016e-05 0 0 0 0 -1.001703343601397e-05 -3.5408444709826226e-05 0
leaf_weight=215 61 34 45 74 384 158 96 144 228 30 96 89 308 124 310 103 87 98 324 836 194 753 1597 98 33 76 45 175 139 74 128 411 38 61 737 111 278 37 284 490 518 154 159 136 120 264 48 207
leaf_count=215 61 34 45 74 384 158 96 144 228 30 96 89 308 124 310 103 87 98 324 836 194 753 1597 98 33 76 45 175 139 74 128 411 38 61 737 111 278 37 284 490 518 154 159 136 120 264 48 207
internal_value=0 0.0004299 -1.84163e-05 -3.42141e-06 -1.16295e-05 -4.62727e-06 -5.2325e-05 -8.03015e-05 -0.000101798 -0.000134733 -5.7135e-05 2.28182e-05 9.34215e-06 3.68848e-05 0 -1.65254e-05 -5.79951e-05 -4.38645e-05 -9.02293e-05 8.84192e-06 -1.41813e-06 -2.93885e-05 2.08932e-05 -2.90194e-06 -3.48649e-05 -0.00028603 8.37237e-05 0.000111494 -5.56959e-05 3.30884e-05 -6.82045e-05 -8.18681e-05 8.14633e-05 7.92839e-06 1.41883e-05 0 0.00010338 3.27783e-05 4.04755e-05 0 6.5441e-06 -5.90841e-06 0 -8.27038e-06 0 -5.59455e-06 -2.10237e-05 0
internal_weight=0 140 79 11069 8693 7606 1087 670 574 430 324 2376 2067 862 6672 2097 625 934 427 4575 2068 947 2507 1205 515 106 309 220 836 1671 678 539 440 690 1121 198 316 382 345 1472 828 644 417 258 417 297 122 422
internal_count=11209 140 79 11069 8693 7606 1087 670 574 430 324 2376 2067 862 6672 2097 625 934 427 4575 2068 947 2507 1205 515 106 309 220 836 1671 678 539 440 690 1121 198 316 382 345 1472 828 644 417 258 417 297 122 422
is_linear=0
shrinkage=0.03


Tree=4
num_leaves=50
num_cat=0
split_feature=34 2 2 53 1 1 54 41 53 2 26 2 35 38 41 35 49 53 34 2 2 53 4 37 4 34 3 53 38 41 49 53 14 52 3 3 49 37 29 1 45 35 36 35 35 54 8 54 26
split_gain=0.00952917 0.0301639 0.00214703 0.00194182 0.00143015 0.00193543 0.00202074 0.00370218 0.00252562 0.00135932 0.00107997 0.000840647 0.00161615 0.000795759 0.00076842 0.000733567 0.00067969 0.000741859 0.000864319 0.000642684 0.00113929 0.000746496 0.00058593 0.000580461 0.000689342 0.000572927 0.000562989 0.000500456 0.000806432 0.000446586 0.000538112 0.000430369 0.000367809 0.000363839 0.000354932 0.000319064 0.000300875 0.000184339 0.000128153 0.000121583 8.12052e-05 6.31933e-05 9.08448e-06 2.31211e-05 8.59841e-06 2.51324e-05 5.15743e-05 1.59901e-06 6.70206e-07
threshold=166.99826785714311 17490.24067190204 18092.476589404407 17975.522000000001 21601.390000000007 18541.616750000005 -0.0045234351296907869 0.0023296740173184252 18261.532900000006 18830.945302808752 0.020901538910636161 17564.060749935827 1.2505913056931945 0.72100836085867404 0.00079161016269309033 0.48849816968858079 38.274593559233239 22058.998200000005 38.393053571428744 19035.672299794318 19470.409895231478 19393.596200000004 100.4714285714286 31.379999999999203 17.499285714285573 40.883196428571388 18504.63760001487 18046.822500000006 0.68401626040897245 0.0012998441521592538 29.100689622362076 18523.148300000004 1.8899999999994181 0.0012003628587589998 17859.40175490444 17485.844426135689 50.632787109494224 45.110000000000589 0.0059834056003336246 17595.991250000003 92.549665235544083 1.1326553050418415 0.90574472625454239 1.3627058388472002 0.46296080781703858 -0.001576058308458752 2100.9000000000005 9.9260580294146565e-05 0.015244277581617761
decision_type=2 2 2 2 2 2 2 2 2 2 2 2 2 2 2 2 2 2 2 2 2 2 2 2 2 2 2 2 2 2 2 2 2 2 2 2 2 2 2 2 2 2 2 2 2 2 2 2 2
left_child=2 -2 3 11 5 6 7 48 -9 13 27 12 44 -7 -15 -5 17 18 23 25 22 -22 -21 24 -6 -11 -27 -8 -29 30 -13 -16 -17 34 -32 -31 40 -14 41 -3 -12 -37 43 -18 47 -46 -47 -1 -4
right_child=1 39 4 15 16 9 10 8 -10 19 36 29 37 14 31 32 42 -19 -20 20 21 -23 -24 -25 -26 26 -28 28 -30 35 33 -33 -34 -35 -36 38 -38 -39 -40 -41 -42 -43 -44 -45 45 46 -48 -49 -50
leaf_value=-5.1518819609738231e-06 0.0010640710783412768 3.8122071588740631e-05 -2.7204867701640429e-06 0 0 0 0 0 -0.0003202130735970169 0 0.00010245940102919227 0 0.00010572217684367477 0 0 0 -1.1413583375730689e-05 0 0 5.1478414132080311e-05 -6.2397139507749759e-05 0 0 0 -0.00017979527220443221 0 -9.3546250622106214e-05 0 -6.0162068227984939e-05 0 -8.0517683413608407e-05 0.00014229731893211658 0.00017560847859199438 0 0 4.9631063628732714e-05 0 0 0 -2.8542824552203414e-05 0 0 0 0 0 0 1.8030574815203823e-05 0 0
leaf_weight=74 31 42 81 43 41 122 116 50 90 167 69 221 227 105 33 37 222 77 80 562 188 5178 39 34 158 38 184 293 504 157 225 148 121 166 92 215 34 63 52 58 31 30 66 67 151 36 234 50 92
leaf_count=74 31 42 81 43 41 122 116 50 90 167 69 221 227 105 33 37 222 77 80 562 188 5178 39 34 158 38 184 293 504 157 225 148 121 166 92 215 34 63 52 58 31 30 66 67 151 36 234 50 92
internal_value=0 0.000254515 -2.28943e-06 2.313e-05 -9.5933e-06 -4.70415e-06 -3.75611e-05 -0.000108263 -0.000223312 5.74042e-07 -7.79127e-06 9.12706e-06 3.32261e-05 5.44655e-05 8.20334e-05 0.000116942 -5.07968e-05 -8.05764e-05 -0.000101079 -1.47346e-06 0 -3.40065e-06 4.00188e-05 -0.000130571 -0.000150243 -3.8993e-05 -7.05628e-05 -2.66713e-05 -3.7143e-05 -4.88248e-07 -2.16673e-05 0.000120137 0.000146803 -4.10575e-05 -5.99869e-05 1.25391e-05 5.35529e-05 9.0455e-05 3.47194e-05 0 8.08242e-05 4.39382e-05 0 -5.31431e-06 0 4.13311e-06 1.04994e-05 -2.07927e-06 0
internal_weight=0 131 11063 2194 8869 8124 1360 313 140 6764 1047 1993 835 408 286 201 745 390 313 6356 5967 5366 601 233 199 389 222 913 797 1158 704 181 158 483 317 454 134 290 297 100 100 245 355 289 545 421 270 124 173
internal_count=11194 131 11063 2194 8869 8124 1360 313 140 6764 1047 1993 835 408 286 201 745 390 313 6356 5967 5366 601 233 199 389 222 913 797 1158 704 181 158 483 317 454 134 290 297 100 100 245 355 289 545 421 270 124 173
is_linear=0
shrinkage=0.03


Tree=5
num_leaves=39
num_cat=0
split_feature=34 2 7 3 2 53 53 41 3 41 53 42 6 53 54 33 10 42 41 49 38 3 42 38 49 34 53 1 1 2 49 35 1 46 35 53 35 6
split_gain=0.0166549 0.0289085 0.00208577 0.0021497 0.00193113 0.00186422 0.00118143 0.00342405 0.00190303 0.0010766 0.000942296 0.000785578 0.00146905 0.00170084 0.00097619 0.000767055 0.000733917 0.00104108 0.000670291 0.000711799 0.000624359 0.000613276 0.000591312 0.000630904 0.000576904 0.000590623 0.000760434 0.000266019 0.000260546 0.000179575 8.18512e-05 2.76702e-05 6.95909e-05 3.01162e-05 2.543e-05 1.73904e-05 1.57481e-05 1.33329e-05
threshold=166.99826785714311 17461.94760651769 0.0062555482142653959 18026.717388142872 18584.829075702975 21499.394900000003 17946.398500000007 0.0037427445208270387 17895.798498913748 0.00065068978144661356 18123.626100000005 1.3992994422757439 -30.115000000001597 20985.488200000003 0.0014552028931587324 0.0024651044840457484 0.00076454112096914126 1.7014484009684456 0.00084444848807727448 49.307143579331175 0.29895868937540343 18705.575464216599 1.6456048054364423 0.7525746191103112 40.786078167042319 35.579071428571218 22058.998200000005 17503.710000000003 17770.220000000001 18250.509579102418 46.455263442633971 0.82288148248277249 17995.070500000005 21.288675138807541 1.350121637849045 16406.604500000005 0.47432758257771007 97.21000000000096
decision_type=2 2 2 2 2 2 2 2 2 2 2 2 2 2 2 2 2 2 2 2 2 2 2 2 2 2 2 2 2 2 2 2 2 2 2 2 2 2
left_child=2 -2 3 6 9 11 7 18 22 -5 -11 12 13 -6 15 -13 -12 -18 27 20 -20 -14 23 -8 25 26 -7 35 -29 -3 -16 -10 -33 -34 36 -1 -26 -21
right_child=1 29 -4 4 5 24 8 -9 31 10 16 14 21 -15 30 -17 17 -19 19 37 -22 -23 -24 -25 34 -27 -28 28 -30 -31 -32 32 33 -35 -36 -37 -38 -39
leaf_value=0 0.0010857635099116873 6.5648988066241149e-05 -0.00022769337750476186 0 -4.6312987787110658e-05 -0.00011987496407946558 0 -0.00029499523868927591 0 0 0 0 4.0875462408847111e-05 1.8814125673597617e-05 0 6.1348925749461501e-05 -0.0001268946849021712 0 0 -8.1990612319515573e-06 4.9565315943701754e-05 0 0 0.00020695439825093396 0 0 0 -6.2397867986951444e-05 0 0 -2.1695847498173397e-05 0 0 2.4595893227272869e-05 0 1.1349789153843441e-05 -1.2491740577373238e-05 0
leaf_weight=43 34 37 39 97 1356 255 103 32 138 155 164 226 344 264 448 558 378 40 296 178 828 3374 30 111 32 169 74 129 139 58 156 39 36 189 103 121 237 145
leaf_count=43 34 37 39 97 1356 255 103 32 138 155 164 226 344 264 448 558 378 40 296 178 828 3374 30 111 32 169 74 129 139 58 156 39 36 189 103 121 237 145
internal_value=0 0.000336388 -5.57481e-06 -3.95693e-06 -1.19344e-05 -5.83428e-06 1.88217e-05 1.83821e-06 5.51008e-05 -5.66723e-05 -7.0342e-05 0 -5.70774e-06 -3.01433e-05 1.95944e-05 4.242e-05 -8.78666e-05 -0.000111015 1.1759e-05 2.39869e-05 3.61985e-05 2.52157e-06 0.000122609 0.000140059 -4.71639e-05 -7.01851e-05 -9.52139e-05 -8.36986e-06 -3.16943e-05 0 0 0 9.70318e-06 1.97023e-05 0 0 -9.21542e-06 0
internal_weight=0 129 11026 10987 8430 7596 2557 1911 646 834 737 6726 5338 1620 1388 784 582 418 1879 1447 1124 3718 244 214 870 498 329 432 268 95 604 402 264 225 372 164 269 323
internal_count=11155 129 11026 10987 8430 7596 2557 1911 646 834 737 6726 5338 1620 1388 784 582 418 1879 1447 1124 3718 244 214 870 498 329 432 268 95 604 402 264 225 372 164 269 323
is_linear=0
shrinkage=0.03


end of trees

feature_importances:
sma_50=29
bb_upper=22
volatility_ma=22
bb_middle=19
volume_ratio=19
atr_ratio=14
adx=14
bb_lower=12
atr_ma=12
price_sma_50_dist=11
momentum_convergence=9
volatility=8
atr=7
bb_width=7
volume_ma=6
stoch_d=6
momentum_20=5
volatility_ratio=5
price_bb_lower_dist=4
range_pct=3
atr_normalized=3
price_sma_20_dist=3
lower_shadow=2
return_6=2
momentum_ratio=2
upper_shadow=1
rsi_normalized=1
price_bb_upper_dist=1
volume_change=1
stoch_k=1

parameters:
[boosting: gbdt]
[objective: regression]
[metric: rmse]
[tree_learner: serial]
[device_type: cpu]
[data: ]
[valid: ]
[num_iterations: 300]
[learning_rate: 0.03]
[num_leaves: 70]
[num_threads: 8]
[deterministic: 0]
[force_col_wise: 0]
[force_row_wise: 0]
[histogram_pool_size: -1]
[max_depth: 8]
[min_data_in_leaf: 30]
[min_sum_hessian_in_leaf: 0.001]
[bagging_fraction: 0.7]
[pos_bagging_fraction: 1]
[neg_bagging_fraction: 1]
[bagging_freq: 1]
[bagging_seed: 400]
[feature_fraction: 0.9]
[feature_fraction_bynode: 1]
[feature_fraction_seed: 30056]
[extra_trees: 0]
[extra_seed: 12879]
[early_stopping_round: 0]
[first_metric_only: 0]
[max_delta_step: 0]
[lambda_l1: 0.3]
[lambda_l2: 0.5]
[linear_lambda: 0]
[min_gain_to_split: 0]
[drop_rate: 0.1]
[max_drop: 50]
[skip_drop: 0.5]
[xgboost_dart_mode: 0]
[uniform_drop: 0]
[drop_seed: 17869]
[top_rate: 0.2]
[other_rate: 0.1]
[min_data_per_group: 100]
[max_cat_threshold: 32]
[cat_l2: 10]
[cat_smooth: 10]
[max_cat_to_onehot: 4]
[top_k: 20]
[monotone_constraints: ]
[monotone_constraints_method: basic]
[monotone_penalty: 0]
[feature_contri: ]
[forcedsplits_filename: ]
[refit_decay_rate: 0.9]
[cegb_tradeoff: 1]
[cegb_penalty_split: 0]
[cegb_penalty_feature_lazy: ]
[cegb_penalty_feature_coupled: ]
[path_smooth: 0]
[interaction_constraints: ]
[verbosity: 1]
[saved_feature_importance_type: 0]
[linear_tree: 0]
[max_bin: 255]
[max_bin_by_feature: ]
[min_data_in_bin: 3]
[bin_construct_sample_cnt: 200000]
[data_random_seed: 175]
[is_enable_sparse: 1]
[enable_bundle: 1]
[use_missing: 1]
[zero_as_missing: 0]
[feature_pre_filter: 1]
[pre_partition: 0]
[two_round: 0]
[header: 0]
[label_column: ]
[weight_column: ]
[group_column: ]
[ignore_column: ]
[categorical_feature: ]
[forcedbins_filename: ]
[precise_float_parser: 0]
[parser_config_file: ]
[objective_seed: 16083]
[num_class: 1]
[is_unbalance: 0]
[scale_pos_weight: 1]
[sigmoid: 1]
[boost_from_average: 1]
[reg_sqrt: 0]
[alpha: 0.9]
[fair_c: 1]
[poisson_max_delta_step: 0.7]
[tweedie_variance_power: 1.5]
[lambdarank_truncation_level: 30]
[lambdarank_norm: 1]
[label_gain: ]
[lambdarank_position_bias_regularization: 0]
[eval_at: ]
[multi_error_top_k: 1]
[auc_mu_weights: ]
[num_machines: 1]
[local_listen_port: 12400]
[time_out: 120]
[machine_list_filename: ]
[machines: ]
[gpu_platform_id: -1]
[gpu_device_id: -1]
[gpu_use_dp: 0]
[num_gpu: 1]

end of parameters

pandas_categorical:[]
