tree
version=v4
num_class=1
num_tree_per_iteration=1
label_index=0
max_feature_idx=58
objective=regression
feature_names=ema_fast ema_slow bb_middle bb_upper bb_lower atr momentum_10 momentum_20 volatility volume_ma range range_pct body body_pct upper_shadow lower_shadow is_bullish return_1 return_3 return_6 return_12 return_24 log_return ema_cross ema_cross_pct ema_cross_signal price_ema_fast_dist price_ema_slow_dist bb_width bb_position bb_position_normalized price_bb_upper_dist price_bb_lower_dist bb_breakout_upper bb_breakout_lower atr_normalized atr_ma atr_ratio momentum_ratio momentum_convergence volume_ratio volume_spike volume_change volatility_ma volatility_ratio high_volatility low_volatility stoch_k stoch_d stoch_overbought stoch_oversold adx strong_trend sma_20 price_sma_20_dist sma_50 price_sma_50_dist signal_convergence market_regime
feature_infos=[75832.423909757039:123367.23903210342] [76537.34694345211:122807.35504868203] [0:123257.575] [0:124637.57237658591] [0:122379.33024788192] [0:1670.740714285713] [-8251.6999999999971:10665.179999999993] [-9712.0599999999977:14155.739999999991] [0:0.027665265364936173] [0:15071.1] [63.19999999999709:4815.3300000000017] [0.00064197892033770012:0.055369648427402787] [0:4068.9700000000012] [0:0.045672378356408604] [0:2853.8099999999977] [0:2272.3600000000006] [0:1] [-0.059731636957506273:0.11991470268267301] [-0.061063349034794157:0.12121289228058596] [-0.077079080863542759:0.12324016964288909] [-0.088610240523155914:0.1281729140500143] [-0.1102238427157336:0.18012682534038826] [-0.061589951864946965:0.11325252408776919] [-2122.2629887336516:3122.6028892565373] [-0.026356410616438199:0.033488267366733444] [0:1] [-0.057309293495842448:0.093992858566676371] [-0.073850085625297601:0.11036991523222302] [0:0.22210350050243069] [-0.45224969548013144:1.4535117220095111] [-1.9044993909602628:1.9070234440190221] [-0.051695806611708452:0.15010157192374865] [-0.029451949088784634:0.18048430889620487] [0:1] [0:1] [0:0.018949818980434543] [0:1399.917964285715] [0:2.1177328974925511] [-3462.9563712372033:635.53845175241895] [-10665.179999999993:8251.6999999999971] [0:2.9553958669892095] [0:1] [-0.75516062884483937:4.8017184401850628] [0:0.027364409329763518] [0:3.1887619181256266] [0:1] [0:1] [0:99.999999999838437] [0:99.226268904023001] [0:1] [0:1] [0:89.005963336415533] [0:1] [0:123257.575] [-0.078757309120529861:0.11006071071452704] [0:122153.015] [-0.091298242748031472:0.12751438682104085] [0:1] [0:2]
tree_sizes=2916 2430 2358

Tree=0
num_leaves=29
num_cat=0
split_feature=4 35 44 8 28 23 43 8 48 51 19 4 40 44 35 56 35 19 35 9 0 10 19 0 23 23 4 4
split_gain=0.00371793 0.00280097 0.0114454 0.00399516 0.0013423 0.00105477 0.00113324 0.000914911 0.000867168 0.000873718 0.00083045 0.000234876 0.000314227 0.000233354 0.000260406 0.000373887 0.000348477 7.88755e-05 4.69816e-05 2.58614e-05 2.27883e-05 1.97857e-05 2.04373e-05 1.03283e-05 4.54328e-05 6.88949e-05 0.000151932 1.26523e-06
threshold=81000.500018646198 0.0092116812869748668 1.0698668027025238 0.0079241213857472945 0.025695471015940774 -599.24891272620141 0.0025552167674306203 0.0036240286256087645 12.598423147372477 17.253025627102797 0.023267002378972061 117667.23242797602 1.0898474779024958 1.3471914863384109 0.0038424807949034002 0.0041101222011153526 0.0073648926079766426 0.0055040783462529949 0.0051872777884896049 7179.5250000000005 107999.96137569072 942.06999999999982 -0.010496930219681842 108921.42637159278 337.54303415027249 -82.297508227107741 84388.76674858747 107205.05023514494
decision_type=2 2 2 2 2 2 2 2 2 2 2 2 2 2 2 2 2 2 2 2 2 2 2 2 2 2 2 2
left_child=1 -1 3 -3 11 -6 -7 -8 -9 -10 -11 12 13 14 20 16 -16 18 19 -13 27 22 -21 24 25 -14 -27 -2
right_child=4 2 -4 -5 5 6 7 8 9 10 -12 17 23 -15 15 -17 -18 -19 -20 21 -22 -23 -24 -25 -26 26 -28 -29
leaf_value=0.00014919351814250798 0.0001512468618415511 0.00035732311407768674 0.00014919351814250798 0.00014919351814250798 0.00014919351814250798 0.00014919351814250798 0.00014919351814250798 0.00014919351814250798 0.00014919351814250798 0.00011203934661018308 0.00014919351814250798 0.00014919351814250798 0.00014919351814250798 0.00014919351814250798 0.00016572346930465126 0.00014919351814250798 0.00014919351814250798 0.00014919351814250798 0.00014919351814250798 0.00014919351814250798 0.00014919351814250798 0.00014919351814250798 0.00013819147561598509 0.00014919351814250798 0.00014919351814250798 0.00014919351814250798 0.00014079898373707883 0.00014919351814250798
leaf_weight=127 570 50 103 17 227 179 245 56 32 513 22 12.999999999999998 282 80 634 337 20 29 15.999999999999998 11.999999999999998 449 12.999999999999998 194 333 73 85 392 19
leaf_count=127 570 50 103 17 227 179 245 56 32 513 22 13 282 80 634 337 20 29 16 12 449 13 194 333 73 85 392 19
internal_value=0.000149194 0.000184144 0.000210628 0.000311949 0.000147875 0.000138659 0.000133841 0.000128828 0.000122277 0.000118391 0.000115008 0.000149774 0.000151686 0.000154147 0.000155276 0.000159293 0.000163742 0.000145235 0.000142176 0.000140659 0.000149194 0.000139763 0.00013899 0.000149194 0.00014808 0.000146484 0.000144084 0.00015116
internal_weight=0 297 170 67 4825 1274 1047 868 623 567 535 3551 3274 2109 2029 991 654 277 248 232 1038 219 206 1165 832 759 477 589
internal_count=5122 297 170 67 4825 1274 1047 868 623 567 535 3551 3274 2109 2029 991 654 277 248 232 1038 219 206 1165 832 759 477 589
is_linear=0
shrinkage=1


Tree=1
num_leaves=30
num_cat=0
split_feature=55 35 8 44 35 48 51 37 3 36 36 48 55 35 19 19 44 40 37 44 19 8 8 44 8 44 3 8 35
split_gain=0.00483185 0.00483498 0.00850436 0.00586944 0.00103308 0.00169135 0.00112894 0.0011971 0.00119364 0.00180187 0.00138683 0.000649501 0.000182747 0.000199202 0.000177543 0.000182308 0.00017448 0.000157911 7.6917e-05 6.17331e-05 4.78011e-05 5.04878e-05 4.04595e-05 9.65906e-05 0.000174878 0.000146138 4.4615e-05 0.000101602 0.000207127
threshold=82856.072800000009 0.0092116812869748668 0.0079241213857472945 1.1320453750120867 0.0058378828171606126 14.956668020063125 17.253025627102797 0.84226634325755345 100969.95901544757 454.82205357142851 992.81814285714188 89.624520974411681 117971.6125 0.0044256721207348469 -0.0020648262867730689 -0.0093339250242629439 0.67746019964426485 1.4734392393441718 0.64092657158601318 0.70353995742305753 0.0057847518337820212 0.0015011986115859492 0.0025610712252068812 1.0673549444405077 0.0017510206316733595 0.75562450536130132 87429.032142166616 0.0036021393670082271 0.0036228322298353867
decision_type=2 2 2 2 2 2 2 2 2 2 2 2 2 2 2 2 2 2 2 2 2 2 2 2 2 2 2 2 2
left_child=1 -1 3 11 12 -6 -7 -8 9 -9 -11 -3 14 19 15 -2 -17 18 -18 -14 21 -21 23 24 -16 -26 -24 28 -28
right_child=4 2 -4 -5 5 6 7 8 -10 10 -12 -13 13 -15 22 16 17 -19 -20 20 -22 -23 26 -25 25 -27 27 -29 -30
leaf_value=0 0 0.00023159213420413026 0 0 0 0 0 0 0 -6.3177450317835072e-05 0 0 0 0 0 0 0 0 1.0584811238565667e-05 0 0 -1.435477009090923e-05 0 0 0 -1.032719289502064e-05 0 0 8.1999800672171903e-06
leaf_weight=291 178 45 68 40 126 57 118 88 201 243 48 9.9999999999999982 31 145 369 131 21 50 698 23 23 256 96 267 188 429 90 243 525
leaf_count=291 178 45 68 40 126 57 118 88 201 243 48 10 31 145 369 131 21 50 698 23 23 256 96 267 188 429 90 243 525
internal_value=0 3.16249e-05 7.57454e-05 0.000136849 -2.48254e-06 -1.22339e-05 -1.99625e-05 -2.43442e-05 -3.03204e-05 -4.14822e-05 -5.34639e-05 0.000206883 0 -5.94856e-06 6.39296e-07 4.20798e-06 6.43835e-06 8.43704e-06 9.90343e-06 -1.05119e-05 -1.19261e-05 -1.30782e-05 0 -1.79659e-06 -3.72727e-06 -7.10736e-06 0 2.27966e-06 4.874e-06
internal_weight=0 454 163 95 4644 881 755 698 580 379 291 55 3763 478 3285 1078 900 769 719 333 302 279 2207 1253 986 617 954 858 615
internal_count=5098 454 163 95 4644 881 755 698 580 379 291 55 3763 478 3285 1078 900 769 719 333 302 279 2207 1253 986 617 954 858 615
is_linear=0
shrinkage=0.01


Tree=2
num_leaves=28
num_cat=0
split_feature=55 5 28 5 55 24 37 39 5 48 14 37 48 4 5 31 19 38 9 48 9 55 56 19 9 9 9
split_gain=0.00555118 0.00548069 0.00566999 0.00137713 0.00249443 0.00221609 0.00237602 0.00191189 0.00172278 0.00175932 0.000899831 0.00153766 0.00132843 0.000389868 0.000246438 0.000312624 0.000263201 0.000277918 0.000211724 7.95219e-05 6.90702e-05 5.88129e-05 5.71428e-05 6.776e-05 1.51496e-06 3.73661e-05 4.04768e-07
threshold=82712.155200000008 709.35928571428474 0.087397727328479766 598.31285714285752 97032.510800000018 -0.0079525089922829646 0.76752654591499281 -1511.6449999999966 614.84928571428475 15.399333812209953 45.654999999991567 1.2563665497516554 86.892349976148267 117598.46325937308 456.02750000000179 0.00099278654426107702 -0.0080675305306578942 -0.27541592187416025 7020.7500000000009 87.37070211962488 7179.5250000000005 117971.6125 -0.010417249574322723 -0.010157439259031563 8032.0750000000016 10573.325000000003 8943.4750000000004
decision_type=2 2 2 2 2 2 2 2 2 2 2 2 2 2 2 2 2 2 2 2 2 2 2 2 2 2 2
left_child=1 -1 10 13 5 -5 -7 -8 -9 -10 -3 12 -12 14 24 -16 -17 -18 -19 20 -15 -22 -23 -24 -2 26 -26
right_child=3 2 -4 4 -6 6 7 8 9 -11 11 -13 -14 19 15 16 17 18 -20 -21 21 22 23 -25 25 -27 -28
leaf_value=0 2.0111129356946646e-07 0 0 0 0 0 0 0 0 -8.6411112697096538e-05 0.00017891838393122779 0 0 0 0 0 0 0 1.4538039577967032e-05 0 0 0 0 -1.7555290632251735e-05 0 0 -2.5396397994166185e-06
leaf_weight=225 1212 9.9999999999999982 29 112 497 38 38 15.999999999999998 21 187 63 36 21 17 102 138 195 39 671 15.999999999999998 15.999999999999998 12.999999999999998 12.999999999999998 199 530 148 601
leaf_count=225 1212 10 29 112 497 38 38 16 21 187 63 36 21 17 102 138 195 39 671 16 16 13 13 199 530 148 601
internal_value=0 3.75134e-05 8.26352e-05 -1.721e-06 -1.29271e-05 -3.11956e-05 -4.5534e-05 -5.72594e-05 -6.84486e-05 -7.66226e-05 0.000112654 0.000120378 0.000149947 0 1.71806e-06 5.55735e-06 7.99138e-06 1.01322e-05 1.30366e-05 -1.01452e-05 -1.18346e-05 -1.3361e-05 -1.47399e-05 -1.60452e-05 0 -2.82974e-07 -1.84198e-06
internal_weight=0 384 159 4819 909 412 300 262 224 208 130 120 84 3910 3636 1145 1043 905 710 274 258 241 225 212 2491 1279 1131
internal_count=5203 384 159 4819 909 412 300 262 224 208 130 120 84 3910 3636 1145 1043 905 710 274 258 241 225 212 2491 1279 1131
is_linear=0
shrinkage=0.01


end of trees

feature_importances:
return_6=8
atr_normalized=8
volatility=7
volatility_ratio=7
volume_ma=6
stoch_d=6
bb_lower=5
sma_50=5
atr=4
atr_ratio=4
ema_cross=3
ema_fast=2
bb_upper=2
bb_width=2
atr_ma=2
volume_ratio=2
adx=2
price_sma_50_dist=2
range=1
upper_shadow=1
ema_cross_pct=1
price_bb_upper_dist=1
momentum_ratio=1
momentum_convergence=1
volatility_ma=1

parameters:
[boosting: gbdt]
[objective: regression]
[metric: rmse]
[tree_learner: serial]
[device_type: cpu]
[data: ]
[valid: ]
[num_iterations: 500]
[learning_rate: 0.01]
[num_leaves: 31]
[num_threads: 8]
[deterministic: 0]
[force_col_wise: 0]
[force_row_wise: 0]
[histogram_pool_size: -1]
[max_depth: 8]
[min_data_in_leaf: 10]
[min_sum_hessian_in_leaf: 0.001]
[bagging_fraction: 0.7]
[pos_bagging_fraction: 1]
[neg_bagging_fraction: 1]
[bagging_freq: 1]
[bagging_seed: 400]
[feature_fraction: 0.7]
[feature_fraction_bynode: 1]
[feature_fraction_seed: 30056]
[extra_trees: 0]
[extra_seed: 12879]
[early_stopping_round: 0]
[first_metric_only: 0]
[max_delta_step: 0]
[lambda_l1: 0.5]
[lambda_l2: 0.5]
[linear_lambda: 0]
[min_gain_to_split: 0]
[drop_rate: 0.1]
[max_drop: 50]
[skip_drop: 0.5]
[xgboost_dart_mode: 0]
[uniform_drop: 0]
[drop_seed: 17869]
[top_rate: 0.2]
[other_rate: 0.1]
[min_data_per_group: 100]
[max_cat_threshold: 32]
[cat_l2: 10]
[cat_smooth: 10]
[max_cat_to_onehot: 4]
[top_k: 20]
[monotone_constraints: ]
[monotone_constraints_method: basic]
[monotone_penalty: 0]
[feature_contri: ]
[forcedsplits_filename: ]
[refit_decay_rate: 0.9]
[cegb_tradeoff: 1]
[cegb_penalty_split: 0]
[cegb_penalty_feature_lazy: ]
[cegb_penalty_feature_coupled: ]
[path_smooth: 0]
[interaction_constraints: ]
[verbosity: 1]
[saved_feature_importance_type: 0]
[linear_tree: 0]
[max_bin: 255]
[max_bin_by_feature: ]
[min_data_in_bin: 3]
[bin_construct_sample_cnt: 200000]
[data_random_seed: 175]
[is_enable_sparse: 1]
[enable_bundle: 1]
[use_missing: 1]
[zero_as_missing: 0]
[feature_pre_filter: 1]
[pre_partition: 0]
[two_round: 0]
[header: 0]
[label_column: ]
[weight_column: ]
[group_column: ]
[ignore_column: ]
[categorical_feature: ]
[forcedbins_filename: ]
[precise_float_parser: 0]
[parser_config_file: ]
[objective_seed: 16083]
[num_class: 1]
[is_unbalance: 0]
[scale_pos_weight: 1]
[sigmoid: 1]
[boost_from_average: 1]
[reg_sqrt: 0]
[alpha: 0.9]
[fair_c: 1]
[poisson_max_delta_step: 0.7]
[tweedie_variance_power: 1.5]
[lambdarank_truncation_level: 30]
[lambdarank_norm: 1]
[label_gain: ]
[lambdarank_position_bias_regularization: 0]
[eval_at: ]
[multi_error_top_k: 1]
[auc_mu_weights: ]
[num_machines: 1]
[local_listen_port: 12400]
[time_out: 120]
[machine_list_filename: ]
[machines: ]
[gpu_platform_id: -1]
[gpu_device_id: -1]
[gpu_use_dp: 0]
[num_gpu: 1]

end of parameters

pandas_categorical:[]
