tree
version=v4
num_class=1
num_tree_per_iteration=1
label_index=0
max_feature_idx=54
objective=regression
feature_names=ema_fast ema_slow macd macd_signal atr momentum_10 momentum_20 volatility volume_ma range range_pct body body_pct upper_shadow lower_shadow is_bullish return_1 return_3 return_6 return_12 return_24 log_return ema_cross ema_cross_pct ema_cross_signal price_ema_fast_dist price_ema_slow_dist macd_hist macd_hist_change macd_cross_signal macd_strength atr_normalized atr_ma atr_ratio momentum_ratio momentum_convergence volume_ratio volume_spike volume_change volatility_ma volatility_ratio high_volatility low_volatility stoch_k stoch_d stoch_overbought stoch_oversold adx strong_trend sma_20 price_sma_20_dist sma_50 price_sma_50_dist signal_convergence market_regime
feature_infos=[393.78039597925124:516.19050637889245] [394.23095608416145:515.56941879713395] [-3.7843608113351479:4.9124877890472476] [-3.4421243135740478:4.2997943675253758] [0:4.3464285714285733] [-17.25:18.550000000000011] [-18.950000000000045:18.300000000000011] [0:0.010936378070948268] [0:1295.8499999999999] [0:28.199999999999989] [0:0.067407673001075627] [0:20.449999999999989] [0:0.04888251464085093] [0:7.4000000000000341] [0:6.1500000000000341] [0:1] [-0.046712999886065809:0.037101048507892642] [-0.043627227044312544:0.037151702786377694] [-0.038395807223424949:0.042290850426365489] [-0.040701673927998172:0.04109116022099446] [-0.04466218525692156:0.042651296829971264] [-0.047839266296518912:0.036429367612840491] [-3.7843608113351479:4.9124877890472476] [-0.0088258630886247341:0.010264287064453087] [0:1] [-0.035676378944641852:0.029123986701014376] [-0.038063384774058365:0.03410996193567073] [-1.7856090633421566:1.9741201889542976] [-1.2287011414126909:0.97834973995522934] [0:1] [-1.5995113318141976:1.8043205953337147] [0:0.010204081632653071] [0:3.6758928571428604] [0:2.8358371218692864] [-414999999.99999774:269999999.99999887] [-18.550000000000011:17.25] [0:10.328947367741517] [0:1] [-0.99641577060931896:611] [0:0.01086280726866261] [0:7.028555025285689] [0:1] [0:1] [0:99.999999918699174] [0:99.999999828387146] [0:1] [0:1] [0:96.569188193361313] [0:1] [0:515.995] [-0.038998446277040882:0.036075179657269328] [0:515.072] [-0.039361778415202678:0.038076285240464407] [0:2] [0:2]
tree_sizes=1547 1443 1563 1364 1350 1494 1454 1598 1518 1533 1562 1538 1324 1493 1497 1525 1188 1537 1589 1614 1589 1567 1171 1552 1424 1159 1166 1160 1552 1244 1564 1495

Tree=0
num_leaves=15
num_cat=0
split_feature=51 32 39 40 1 49 39 0 40 7 51 20 2 8
split_gain=0.000921794 0.0011667 0.00109073 0.00101825 0.000855081 0.00136584 0.000722052 0.00108282 0.000720816 0.000698676 0.00139625 0.000675649 0.000461657 8.06949e-05
threshold=469.40340000000003 1.253571428571435 0.0010439500446637786 0.53864826082606609 483.94904671027297 489.67375000000004 0.00080496136284983707 456.8377312624059 0.93388286802066967 0.0011080463831243817 401.54700000000003 0.0030040553977578326 0.093073285906939432 77.075000000000003
decision_type=2 2 2 2 2 2 2 2 2 2 2 2 2 2
left_child=6 2 12 -4 8 -6 7 13 -3 10 -8 -11 -2 -1
right_child=1 4 3 -5 5 -7 9 -9 -10 11 -12 -13 -14 -15
leaf_value=8.8332728001004702e-06 0.00013892287822197649 -6.993258102388556e-05 8.8332728001004702e-06 -9.1725074628746264e-05 0.00011714401947181732 8.8332728001004702e-06 0.00019537420131533425 0.00028751043933479314 8.8332728001004702e-06 2.4127953832908549e-05 -1.5106078432647788e-05 1.7910745973441729e-06 8.8332728001004702e-06 3.9165104320639294e-05
leaf_weight=22 26 201 47 371 120 498 26 21 301 2994 1373 1843 36 79
leaf_count=22 26 201 47 371 120 498 26 21 301 2994 1373 1843 36 79
internal_value=8.83327e-06 -1.41949e-05 -5.38317e-05 -7.35377e-05 5.48236e-06 2.59905e-05 1.10297e-05 8.33979e-05 -2.57324e-05 9.1293e-06 -9.01128e-06 1.4997e-05 3.06275e-05 1.0644e-05
internal_weight=0 1600 480 418 1120 618 6358 122 502 6236 1399 4837 62 101
internal_count=7958 1600 480 418 1120 618 6358 122 502 6236 1399 4837 62 101
is_linear=0
shrinkage=1


Tree=1
num_leaves=15
num_cat=0
split_feature=0 32 49 39 3 36 16 20 36 50 3 51 8 47
split_gain=0.00118526 0.00192546 0.00105405 0.000912989 0.00113035 0.000793163 0.0013071 0.000729308 0.000789613 0.000423998 0.000642376 0.000364402 0.000349664 0.000166205
threshold=461.62117626697113 1.3666071428571438 460.3125 0.0017691920719826641 -0.0095656268276955256 0.87827178038839704 -0.00043874157395829 0.0016334155599541102 1.2207597582674414 -0.0025473186014365718 -1.0548142938438023 473.24350000000004 101.075 23.82643435494462
decision_type=2 2 2 2 2 2 2 2 2 2 2 2 2 2
left_child=2 3 7 4 -2 -4 -7 8 -1 11 -11 -3 -9 -5
right_child=1 9 5 13 -6 6 -8 12 -10 10 -12 -13 -14 -15
leaf_value=2.7136858388551327e-06 -0.00010687611942344666 0 0 -4.5448677789026445e-05 -2.3082295074550104e-05 0 0.0002426910157982985 -3.4009663701269107e-05 3.5703232595093502e-05 8.8969522301148818e-05 5.0966308414362516e-06 -4.7621220348336457e-05 0 1.928933560823685e-05
leaf_weight=1974 341 149 58 40 464 32 52 334 1180 106 915 203 1912 178
leaf_count=1974 341 149 58 40 464 32 52 334 1180 106 915 203 1912 178
internal_value=0 -1.59875e-05 9.16533e-06 -4.74799e-05 -6.23295e-05 9.14542e-05 0.000150287 6.44095e-06 1.60093e-05 5.29765e-06 1.67653e-05 -1.94355e-05 -5.66045e-06 0
internal_weight=0 2396 5542 1023 805 142 84 5400 3154 1373 1021 352 2246 218
internal_count=7938 2396 5542 1023 805 142 84 5400 3154 1373 1021 352 2246 218
is_linear=0
shrinkage=0.03


Tree=2
num_leaves=16
num_cat=0
split_feature=49 32 44 39 37 30 51 8 1 3 19 8 27 51 47
split_gain=0.00134376 0.00165026 0.000819366 0.000921528 0.000715481 0.000973583 0.00125286 0.000399119 0.000660477 0.0005497 0.000312264 0.000554338 0.000398611 0.000290904 0.000171333
threshold=465.90375000000006 1.3666071428571438 25.475613789315481 0.002034982444574228 1.0000000180025095e-35 0.043518800501675899 448.73650000000009 101.075 416.96767931836786 0.53853583197444654 -0.0046170973445805999 205.87500000000003 -0.1833059751933582 434.55050000000006 40.924736668351635
decision_type=2 2 2 2 2 2 2 2 2 2 2 2 2 2 2
left_child=4 2 14 -4 7 6 -6 8 -1 -9 11 -3 -12 -7 -2
right_child=1 10 3 -5 5 13 -8 9 -10 -11 12 -13 -14 -15 -16
leaf_value=4.7344291461522194e-05 3.2230635176326129e-05 -0.00017248890339696674 -8.0571264269337369e-05 1.1643508276616203e-05 2.0187404363015157e-05 2.1048910292098992e-05 0.00013479562290804212 1.1470034051616741e-05 -3.3507753534022502e-05 -1.1954138374128585e-05 4.9983744027744064e-05 0 0 -2.6623106066872837e-05 -2.6152816919682348e-05
leaf_weight=80 90 23 621 51 424 211 148 3260 605 1143 178 225 693 237 88
leaf_count=80 90 23 621 51 424 211 148 3260 605 1143 178 225 693 237 88
internal_value=0 -2.24013e-05 -5.39345e-05 -6.91085e-05 6.04649e-06 2.9095e-05 5.51384e-05 8.34874e-07 -1.96709e-05 4.70751e-06 0 -2.79756e-05 9.97589e-06 0 0
internal_weight=0 1969 850 672 6108 1020 572 5088 685 4403 1119 248 871 448 178
internal_count=8077 1969 850 672 6108 1020 572 5088 685 4403 1119 248 871 448 178
is_linear=0
shrinkage=0.03


Tree=3
num_leaves=14
num_cat=0
split_feature=39 51 36 30 49 18 36 0 40 20 6 3 35
split_gain=0.00104183 0.00170486 0.00147421 0.00165507 0.00124843 0.00106932 0.00146688 0.000932213 0.000644455 0.00048223 0.000694011 0.000353069 0.00014925
threshold=0.0016305925405002634 460.37550000000005 1.3535220190748904 -0.21889172977194712 460.92750000000007 -0.0064256447474363978 1.6198911916987611 464.47706526311276 0.79364554339279436 0.010357756736706693 -2.9000000000000052 1.5010795304223847 -0.82499999999998852
decision_type=2 2 2 2 2 2 2 2 2 2 2 2 2
left_child=1 4 12 -4 8 6 -2 -8 -1 10 -7 -11 -3
right_child=5 2 3 -5 -6 9 7 -9 -10 11 -12 -13 -14
leaf_value=-2.7307516050087484e-05 0 3.540156752033835e-06 0 -0.00011854480621203399 0.00021830579533257675 -1.2106352964263234e-05 0.00020965102162532313 0 5.054718883636348e-06 -3.6414447481296559e-05 1.8373855112969527e-05 0 -2.0977785476227286e-05
leaf_weight=723 138 192 98 348 23 796 77 24 2106 382 2503 283 363
leaf_count=723 138 192 98 348 23 796 77 24 2106 382 2503 283 363
internal_value=0 -1.21822e-05 -4.58639e-05 -8.73471e-05 0 9.36201e-06 7.19388e-05 0.000158927 -2.1577e-06 4.82718e-06 1.01097e-05 -1.68624e-05 -7.09609e-06
internal_weight=0 3853 1001 446 2852 4203 239 101 2829 3964 3299 665 555
internal_count=8056 3853 1001 446 2852 4203 239 101 2829 3964 3299 665 555
is_linear=0
shrinkage=0.03


Tree=4
num_leaves=14
num_cat=0
split_feature=51 39 32 51 7 36 39 32 30 51 47 8 7
split_gain=0.0009147 0.00136001 0.00156746 0.00149316 0.00104113 0.00089044 0.000618209 0.00117544 0.00133986 0.000564968 0.000519766 0.000352148 0.000152547
threshold=442.69600000000008 0.00085750420084812322 1.412071428571436 459.50650000000013 0.0019636269229583061 1.6929346764619191 0.0013858306019196593 1.2633928571428683 0.10902484837692661 441.10600000000005 52.42972617583218 188.82500000000002 0.0014895536050199278
decision_type=2 2 2 2 2 2 2 2 2 2 2 2 2
left_child=6 3 4 -2 -3 -4 9 8 -8 11 -9 -1 -11
right_child=1 2 5 -5 -6 -7 7 10 -10 12 -12 -13 -14
leaf_value=-3.0281040664931549e-05 0 -4.1984270132582979e-05 0 0.00031193013783632236 1.1591097307314506e-06 0.00010041871371652804 7.7189992647481705e-05 1.1905785091618171e-05 0 9.0949269886075673e-05 -3.0475068777735696e-05 0 0
leaf_weight=577 64 1727 1742 23 525 85 528 1354 316 56 306 642 72
leaf_count=577 64 1727 1742 23 525 85 528 1354 316 56 306 642 72
internal_value=0 -1.04578e-05 -1.36171e-05 0.000102838 -3.05956e-05 5.6708e-06 9.7833e-06 1.88798e-05 4.79584e-05 -4.90042e-06 2.28241e-06 -1.31989e-05 5.05934e-05
internal_weight=0 4166 4079 87 2252 1827 3851 2504 844 1347 1660 1219 128
internal_count=8017 4166 4079 87 2252 1827 3851 2504 844 1347 1660 1219 128
is_linear=0
shrinkage=0.03


Tree=5
num_leaves=15
num_cat=0
split_feature=51 1 39 36 18 39 6 39 32 8 32 39 6 39
split_gain=0.000938566 0.00159525 0.0015389 0.00103802 0.00101884 0.000881401 0.000646913 0.000714761 0.00131735 0.000351203 0.000292121 0.000267228 0.000188265 0.000142312
threshold=442.69600000000008 448.39342337345045 0.00080496136284983707 1.4000992378583867 -0.0068304748403729123 0.0015924902683027156 0.92500000000001148 0.0014019288346102574 1.2932678571428637 70.225000000000009 0.93410714285715357 0.0012674470988396742 1.7749999999999775 0.0017980281076686823
decision_type=2 2 2 2 2 2 2 2 2 2 2 2 2 2
left_child=6 3 -3 13 -5 -4 7 9 -9 -1 12 -12 -8 -2
right_child=1 2 5 4 -6 -7 10 8 -10 -11 11 -13 -14 -15
leaf_value=6.0999933318858474e-05 0 0.00020686836935916001 -2.3601567443340664e-05 0 -0.00013445647021520288 7.2418702107326735e-06 6.2042009854090837e-05 6.9010756410099736e-05 5.4926467717789858e-06 -5.7809729308914285e-06 -5.0301341127909806e-05 -2.6892823309022102e-06 0 -3.7775211717458909e-05
leaf_weight=77 280 31 1315 34 197 2089 81 580 835 851 146 1178 107 205
leaf_count=77 280 31 1315 34 197 2089 81 580 835 851 146 1178 107 205
internal_value=0 -1.0392e-05 -1.00071e-06 -5.1239e-05 -0.000107036 -3.79306e-06 1.01417e-05 2.02402e-05 3.36571e-05 0 -3.5242e-06 -1.02151e-05 2.76061e-05 -1.8432e-05
internal_weight=0 4151 3435 716 231 3404 3855 2343 1415 928 1512 1324 188 485
internal_count=8006 4151 3435 716 231 3404 3855 2343 1415 928 1512 1324 188 485
is_linear=0
shrinkage=0.03


Tree=6
num_leaves=15
num_cat=0
split_feature=49 32 6 52 1 49 51 50 36 39 39 51 39 1
split_gain=0.00112212 0.00124165 0.00116486 0.000777662 0.000645855 0.000922004 0.000628496 0.000565131 0.00105572 0.00148796 0.000564513 0.000496179 0.000424563 0.000385076
threshold=465.61250000000001 1.2298214285714364 -1.3000000000000396 -0.0012373867435781739 483.94904671027297 489.67375000000004 473.24350000000004 -0.0070677988570661014 1.2939373151960376 0.0014145998203037209 0.00083339151660806346 482.31950000000006 0.0010507957010670096 456.06911618626208
decision_type=2 2 2 2 2 2 2 2 2 2 2 2 2 2
left_child=7 2 11 -4 6 -6 -3 8 -1 -10 13 -2 -12 -9
right_child=1 4 3 -5 5 -7 -8 10 9 -11 12 -13 -14 -15
leaf_value=0 7.365522299555541e-05 0 -0.0002118778617308172 -5.5907756492985312e-05 9.242788517946956e-05 0 -5.7886647803507154e-05 1.1786073877339971e-05 0 0.00017096895909385969 -2.5842857610290561e-05 -3.477489808336549e-05 4.1758901228854667e-06 0.00020929557602124841
leaf_weight=181 63 512 59 311 116 549 299 111 68 101 451 85 5066 20
leaf_count=181 63 512 59 311 116 549 299 111 68 101 451 85 5066 20
internal_value=0 -1.98918e-05 -6.03364e-05 -8.90317e-05 -3.65629e-06 1.56879e-05 -2.32158e-05 6.06731e-06 4.379e-05 9.78769e-05 3.19635e-06 0 1.17692e-06 6.51979e-05
internal_weight=0 1994 518 370 1476 665 811 5998 350 169 5648 148 5517 131
internal_count=7992 1994 518 370 1476 665 811 5998 350 169 5648 148 5517 131
is_linear=0
shrinkage=0.03


Tree=7
num_leaves=16
num_cat=0
split_feature=51 1 0 32 20 3 20 35 39 26 51 8 8 0 3
split_gain=0.000949016 0.00111603 0.000967664 0.00133606 0.000726481 0.000709518 0.000530233 0.000781421 0.000665656 0.00046514 0.000376615 0.000213641 0.000388686 0.000156672 6.2864e-06
threshold=442.69600000000008 448.39342337345045 465.952718153592 1.3666071428571438 -0.0058640842615820246 0.68709988961001922 0.00097539967390136717 0.6500000000000058 0.0016859147681966944 -0.00031087912752425956 443.37400000000008 308.15000000000003 98.875000000000014 437.89547332794893 -0.94144880357891969
decision_type=2 2 2 2 2 2 2 2 2 2 2 2 2 2 2
left_child=6 4 5 -4 14 -3 7 8 -1 -9 -6 12 -8 -13 -2
right_child=1 2 3 -5 10 -7 11 9 -10 -11 -12 13 -14 -15 -16
leaf_value=1.4885911034627226e-05 6.3818694159576228e-06 2.5934099768045055e-05 -4.6321955705724905e-05 2.0017336952468341e-06 0 -2.0855844072143851e-05 -2.4698755445427408e-05 -8.1214261682428146e-06 7.3956040376274801e-05 3.995118355183846e-05 -8.0228898442445879e-05 -2.5963306803557845e-05 1.556612928694541e-05 0 -4.1130646386070756e-06
leaf_weight=651 82 1205 830 1072 98 315 237 822 372 228 377 442 991 156 136
leaf_count=651 82 1205 830 1072 98 315 237 822 372 228 377 442 991 156 136
internal_value=0 -1.04931e-05 -2.52232e-06 -1.75128e-05 -4.55074e-05 1.4262e-05 1.01415e-05 2.05815e-05 3.9313e-05 0 -6.63053e-05 -6.94033e-08 5.3486e-06 -1.62067e-05 0
internal_weight=0 4115 3422 1902 693 1520 3899 2073 1023 1050 475 1826 1228 598 218
internal_count=8014 4115 3422 1902 693 1520 3899 2073 1023 1050 475 1826 1228 598 218
is_linear=0
shrinkage=0.03


Tree=8
num_leaves=16
num_cat=0
split_feature=8 7 27 49 32 36 39 4 30 2 32 23 39 53 39
split_gain=0.000890883 0.000840395 0.0011725 0.000690903 0.0011365 0.00107139 0.00179877 0.000588471 0.000569437 0.000409652 0.000379233 0.000333338 0.000397416 0.000390473 2.88206e-05
threshold=101.075 0.0007908512886070087 1.0000000180025095e-35 465.61250000000001 1.3666071428571438 1.0868398218674169 0.0015345430950411082 0.75000000000001033 -0.2123535686253904 -2.0116022556890978 1.8709285714285808 -0.0010234456872245726 0.0012226912674796885 1.0000000180025095e-35 0.0014764842893923798
decision_type=2 2 2 2 2 2 2 2 2 2 2 2 2 2 2
left_child=1 11 14 5 8 10 -7 -4 -5 -6 -2 12 -1 -13 -3
right_child=3 2 7 4 9 6 -8 -9 -10 -11 -12 13 -14 -15 -16
leaf_value=0 3.5995503640720052e-06 -1.1937277300555988e-05 0 0 -5.0585926084492428e-05 0 5.9533694503929471e-05 -0.0001116296254255598 -5.6699141665561308e-05 1.4029500271146985e-05 -3.2916066145607913e-05 -8.4464415090569782e-05 0.00010594600476373318 0 7.60936716336356e-06
leaf_weight=40 3070 130 70 190 83 961 897 239 522 1027 278 51 57 260 127
leaf_count=40 3070 130 70 190 83 961 897 239 522 1027 278 51 57 260 127
internal_value=0 -2.56453e-05 -4.96694e-05 4.85594e-06 -1.02221e-05 1.07095e-05 2.89865e-05 -8.9043e-05 -4.04695e-05 6.48356e-06 0 3.46553e-07 5.41678e-05 -6.83915e-06 0
internal_weight=0 974 566 7028 1822 5206 1858 309 712 1110 3348 408 97 311 257
internal_count=8002 974 566 7028 1822 5206 1858 309 712 1110 3348 408 97 311 257
is_linear=0
shrinkage=0.03


Tree=9
num_leaves=16
num_cat=0
split_feature=51 51 39 36 7 1 3 20 23 35 36 31 7 51 5
split_gain=0.000812429 0.00105502 0.00132455 0.000900548 0.000856496 0.000781413 0.000712543 0.00063774 0.00084829 0.000540589 0.000462693 0.000315001 0.000282302 0.00026694 2.60567e-05
threshold=442.69600000000008 446.28450000000004 0.00094084177602253799 1.002881243070527 0.00097224046753494357 443.40933022269576 0.569674981925546 0.0020304568527919069 -0.00016593984093104462 0.87500000000000011 0.33428532258078342 0.003109289734692728 0.0012023643340780224 422.78750000000008 -0.15000000000000566
decision_type=2 2 2 2 2 2 2 2 2 2 2 2 2 2 2
left_child=7 3 6 14 -4 -5 -3 8 9 -1 -10 12 -9 -13 -2
right_child=1 2 4 5 -6 -7 -8 11 10 -11 -12 13 -14 -15 -16
leaf_value=2.592053187989881e-05 0 0.00014548535516259375 -4.6005549536286191e-05 0 0 -0.00012245917060912541 0 -5.0186083287860816e-06 0 -6.6603293979557566e-06 6.5376135815371813e-05 -3.4671364409769437e-05 2.5264927450865168e-05 0 -1.2161086969939969e-05
leaf_weight=825 144 82 410 66 3058 182 22 377 109 807 491 390 477 365 173
leaf_count=825 144 82 410 66 3058 182 22 377 109 807 491 390 477 365 173
internal_value=0 -8.20959e-06 -1.3101e-06 -4.64983e-05 -5.30362e-06 -9.04311e-05 0.000102728 1.0887e-05 2.14149e-05 7.97361e-06 5.29555e-05 -1.85439e-06 8.38749e-06 -1.74099e-05 -2.62033e-06
internal_weight=0 4137 3572 565 3468 248 104 3841 2232 1632 600 1609 854 755 317
internal_count=7978 4137 3572 565 3468 248 104 3841 2232 1632 600 1609 854 755 317
is_linear=0
shrinkage=0.03


Tree=10
num_leaves=16
num_cat=0
split_feature=0 32 30 1 36 39 20 51 50 2 40 7 19 32 52
split_gain=0.000898174 0.00129895 0.000948432 0.00193584 0.000597611 0.00164612 0.00189036 0.000611973 0.000572328 0.000442164 0.000428198 0.000236201 0.000313149 0.00028532 9.34944e-05
threshold=465.952718153592 1.355535714285715 -0.20465610351097577 478.54846917425567 1.2829813383697848 0.0019695800456834486 0.0033624394501921011 404.91700000000009 -0.0032782234399911887 -0.96021280106080542 1.0275859663596929 0.00092695810412478667 -0.0025475969599128008 1.8894464285714327 -0.0042616431906238187
decision_type=2 2 2 2 2 2 2 2 2 2 2 2 2 2 2
left_child=4 2 14 -4 11 7 -7 -6 10 -10 -3 12 -1 -13 -2
right_child=1 8 3 -5 5 6 -8 -9 9 -11 -12 13 -14 -15 -16
leaf_value=1.1015531049963832e-05 0 -0.00011795855327774226 -0.00014432618657155046 -1.9368418654419581e-05 7.3504458536126935e-05 0.00013054113075724455 0 0 8.3689062229046248e-05 3.2565437692845335e-06 0 4.6810103544568953e-06 -3.7788487416197753e-05 -2.65648074175591e-05 3.1225483783001141e-05
leaf_weight=61 79 52 202 413 108 228 124 1509 80 797 179 3452 334 270 86
leaf_count=61 79 52 202 413 108 228 124 1509 80 797 179 3452 334 270 86
internal_value=0 -1.78881e-05 -4.76692e-05 -6.53375e-05 5.79133e-06 1.94107e-05 7.88278e-05 4.60918e-06 3.77366e-07 1.40393e-05 -3.84714e-05 0 -2.26599e-05 1.60648e-06 3.54281e-08
internal_weight=0 1888 780 615 6086 1969 352 1617 1108 877 231 4117 395 3722 165
internal_count=7974 1888 780 615 6086 1969 352 1617 1108 877 231 4117 395 3722 165
is_linear=0
shrinkage=0.03


Tree=11
num_leaves=16
num_cat=0
split_feature=49 32 44 39 51 1 36 38 1 39 23 27 39 40 39
split_gain=0.000940596 0.0016196 0.0011009 0.00109352 0.000774737 0.00120925 0.00104034 0.000816231 0.00053885 0.000532788 0.000367739 0.000356916 0.000327154 0.000285886 7.30471e-05
threshold=465.61250000000001 1.3094642857142913 31.203181529500654 0.0010916597484378768 452.30000000000007 443.27387017953401 1.2482717582852971 0.24281585466556568 448.39342337345045 0.0014019288346102574 -0.0040786894852122115 0.0066042411581620506 0.002494255299589116 0.92810132983444327 0.0014705983955153664
decision_type=2 2 2 2 2 2 2 2 2 2 2 2 2 2 2
left_child=4 2 14 -4 5 9 11 -8 -7 -1 13 -6 -12 -3 -2
right_child=1 10 3 -5 6 8 7 -9 -10 -11 12 -13 -14 -15 -16
leaf_value=-4.8030912702593188e-06 -3.4072907695343489e-07 -0.00014223719157670575 0 -9.209696518618886e-05 -1.2985274874112006e-05 -4.5892842756998024e-05 9.9379985425625362e-05 0 0 1.7124491906550463e-05 0 2.5700136710705722e-05 3.7910056121580203e-05 0 2.9743166361427157e-05
leaf_weight=1364 107 25 73 473 364 610 265 150 332 2516 897 408 259 73 74
leaf_count=1364 107 25 73 473 364 610 265 150 332 2516 897 408 259 73 74
internal_value=0 -1.71634e-05 -5.29545e-05 -7.44777e-05 6.62651e-06 6.37486e-07 2.84229e-05 6.73819e-05 -2.9145e-05 8.64302e-06 1.20227e-06 3.57741e-06 8.22478e-06 -5.08881e-05 0
internal_weight=0 1981 727 546 6009 4822 1187 415 942 3880 1254 772 1156 98 181
internal_count=7990 1981 727 546 6009 4822 1187 415 942 3880 1254 772 1156 98 181
is_linear=0
shrinkage=0.03


Tree=12
num_leaves=14
num_cat=0
split_feature=33 1 32 1 40 8 32 1 39 40 51 39 18
split_gain=0.000758344 0.000660155 0.00103822 0.000922922 0.00195473 0.000656276 0.000587993 0.000541641 0.000495424 0.00024643 0.000231287 9.61743e-05 4.25517e-05
threshold=1.6326275716560701 490.08424196847443 1.1607142857142942 483.94904671027297 1.0085602976957482 273.42500000000001 0.98187500000000527 495.64832139393008 0.0010836184937202317 1.7137928427450755 482.31950000000006 0.00085750420084812322 0.014050252326130443
decision_type=2 2 2 2 2 2 2 2 2 2 2 2 2
left_child=1 3 5 6 -5 -3 -1 -4 11 10 -10 -2 -11
right_child=8 2 7 4 -6 -7 -8 -9 9 12 -12 -13 -14
leaf_value=2.3396115199717642e-05 0 -0.00014029574843337151 -4.4514870002049882e-05 0.00018784813373764816 0 0 -2.9533374893637711e-06 1.2894187799155742e-05 0.00010216280855657857 1.8622457520859925e-05 0 -4.1482680694019692e-05 0
leaf_weight=874 24 105 226 74 78 20 5805 325 150 132 22 50 24
leaf_count=874 24 105 226 74 78 20 5805 325 150 132 22 50 24
internal_value=0 -2.31009e-07 -2.88423e-05 2.16237e-06 7.52565e-05 -0.000108753 4.6444e-08 -5.22263e-06 4.17274e-05 5.90914e-05 8.8862e-05 0 6.96604e-06
internal_weight=0 7507 676 6831 152 125 6679 551 402 328 172 74 156
internal_count=7909 7507 676 6831 152 125 6679 551 402 328 172 74 156
is_linear=0
shrinkage=0.03


Tree=13
num_leaves=15
num_cat=0
split_feature=8 49 0 52 1 47 36 39 6 30 32 7 3 22
split_gain=0.000808535 0.00157768 0.00196411 0.00116273 0.000859697 0.00084709 0.000684115 0.00231721 0.00118726 0.0006187 0.000549647 0.000296066 0.000173203 0.000110299
threshold=162.20000000000002 461.50000000000006 461.15396210780921 -0.00029252296565825402 401.38437979381189 83.18990263359315 1.0126155979206826 0.001945349268105357 2.3750000000000004 0.37484563842036028 1.1669821428571419 0.0025606508719609794 -2.4214087119094905 1.0529641997729871
decision_type=2 2 2 2 2 2 2 2 2 2 2 2 2 2
left_child=1 2 4 5 -1 -3 11 9 -9 -8 -5 13 -13 -2
right_child=6 3 -4 10 -6 -7 7 8 -10 -11 -12 12 -14 -15
leaf_value=0.00011301690657257786 8.8757566747782826e-06 -0.00012100475449343413 0.00028757034329546639 -6.1438589919855766e-05 -6.8754308864366936e-06 0 1.2384113449706037e-05 0.00013134864568835897 0 -5.327250189295033e-05 9.1060471557765122e-06 -7.1292630704887779e-05 -6.4696586283230909e-06 -4.8143103101774544e-06
leaf_weight=54 2323 244 21 133 1828 22 1314 238 120 134 226 57 922 377
leaf_count=54 2323 244 21 133 1828 22 1314 238 120 134 226 57 922 377
internal_value=0 -1.21882e-05 0 -5.35855e-05 -1.82412e-06 -0.000102809 8.18421e-06 2.33296e-05 9.21528e-05 4.22699e-06 -8.70878e-06 0 -1.33279e-05 5.85291e-06
internal_weight=0 2528 1903 625 1882 266 5485 1806 358 1448 359 3679 979 2700
internal_count=8013 2528 1903 625 1882 266 5485 1806 358 1448 359 3679 979 2700
is_linear=0
shrinkage=0.03


Tree=14
num_leaves=16
num_cat=0
split_feature=8 51 51 39 49 2 7 39 30 44 5 36 33 32 4
split_gain=0.000725183 0.00135893 0.0032638 0.00119529 0.00106268 0.000871666 0.000577906 0.000500396 0.000376099 0.000376433 0.000319146 0.000519572 0.000243939 0.000158477 1.9714e-07
threshold=163.67500000000004 420.36650000000003 422.78750000000008 0.0014019288346102574 442.3537500000001 0.13167810673172656 0.0011654617906783279 0.0024262219998085022 -0.20830015752920977 72.759004606846332 2.2000000000000175 1.2007737211614435 1.5931969146116789 0.99035714285715293 1.3607142857142929
decision_type=2 2 2 2 2 2 2 2 2 2 2 2 2 2 2
left_child=1 3 5 13 -4 -3 8 -5 14 -10 11 -8 -12 -1 -2
right_child=6 2 4 7 -6 -7 10 -9 9 -11 12 -13 -14 -15 -16
leaf_value=0 0 -0.00029378371314327261 9.885001612118309e-06 8.7936606014431758e-05 -3.2559652818643772e-05 0 0 0 8.2641628381960029e-05 0 -1.9834561041253813e-05 2.5644089447579745e-05 1.2445053381280197e-05 -5.346059348949158e-05 -2.1523339980872736e-06
leaf_weight=73 29 52 765 243 1273 33 3065 47 197 123 845 982 160 78 38
leaf_count=73 29 52 765 243 1273 33 3065 47 197 123 845 982 160 78 38
internal_value=0 -1.35909e-05 -2.43626e-05 3.14481e-05 -1.51564e-05 -0.000209097 5.73753e-06 7.02107e-05 4.15988e-05 5.6118e-05 2.39434e-06 6.63853e-06 -1.17092e-05 -2.316e-05 0
internal_weight=0 2564 2123 441 2038 85 5439 290 387 320 5052 4047 1005 151 67
internal_count=8003 2564 2123 441 2038 85 5439 290 387 320 5052 4047 1005 151 67
is_linear=0
shrinkage=0.03


Tree=15
num_leaves=16
num_cat=0
split_feature=51 8 51 51 49 20 51 7 36 32 44 51 4 0 7
split_gain=0.000694633 0.00118844 0.00119074 0.0031908 0.00132456 0.0010792 0.00107146 0.000470296 0.000468176 0.000395958 0.000389745 0.000267434 0.000167599 0.000138581 3.08419e-05
threshold=418.15199999999999 163.67500000000004 422.78750000000008 421.23400000000004 442.3537500000001 0.0024146088006012927 414.04850000000005 0.0011724740568792213 0.73509433528925683 1.3973214285714375 71.607553628768031 473.24350000000004 1.4392857142857189 406.25906949237435 0.0013806017906605353
decision_type=2 2 2 2 2 2 2 2 2 2 2 2 2 2 2
left_child=5 2 3 -2 -4 6 8 10 -1 -8 -3 -9 14 -14 -7
right_child=1 7 4 -5 -6 12 9 11 -10 -11 -12 -13 13 -15 -16
leaf_value=-6.9400950321418293e-06 0 6.1954623466570875e-05 1.4317209229452452e-05 -0.00028101060327545243 -3.3685087247173089e-05 0 0.00014002373148984989 5.3913919726063772e-06 4.0317906750428642e-05 0 0 -1.2904665859191995e-05 0 -4.0546216404538896e-05 1.2842496873544437e-05
leaf_weight=220 97 223 760 58 1287 118 133 3311 355 54 127 884 54 189 168
leaf_count=220 97 223 760 58 1287 118 133 3311 355 54 127 884 54 189 168
internal_value=0 -3.87108e-06 -2.21942e-05 -0.000105608 -1.43982e-05 2.01455e-05 4.37591e-05 4.34712e-06 1.70277e-05 0.000109778 3.8019e-05 8.20185e-07 -8.20651e-06 -2.76854e-05 0
internal_weight=0 6747 2202 155 2047 1291 762 4545 575 187 350 4195 529 243 286
internal_count=8038 6747 2202 155 2047 1291 762 4545 575 187 350 4195 529 243 286
is_linear=0
shrinkage=0.03


Tree=16
num_leaves=12
num_cat=0
split_feature=39 1 39 8 31 0 36 0 27 8 7
split_gain=0.000686583 0.00155655 0.000820667 0.000932433 0.00145029 0.000665459 0.000883484 0.000743131 0.000204127 4.52886e-05 4.92743e-05
threshold=0.00083339151660806346 459.11780663245094 0.0014256726758125982 187.17500000000004 0.0022137867642776266 441.44443722841032 1.138642910093578 454.49447109277503 -0.085337230402025885 77.075000000000003 0.0012101583262846137
decision_type=2 2 2 2 2 2 2 2 2 2 2
left_child=1 9 3 4 -2 6 -4 -7 -5 -1 -11
right_child=2 -3 5 8 -6 7 -8 -9 -10 10 -12
leaf_value=0 0 0.00030104771174747295 3.492716704327712e-06 -1.1885134894022963e-05 -7.5962501894091637e-05 -2.7267611114686987e-05 4.6395358201515215e-05 5.4974023475239198e-06 1.0352756489123726e-05 3.4309340105674323e-05 0
leaf_weight=27 572 22 1528 668 466 822 722 2345 833 72 27
leaf_count=27 572 22 1528 668 466 822 722 2345 833 72 27
internal_value=0 6.46661e-05 -2.41714e-07 -1.46668e-05 -3.65284e-05 5.96611e-06 1.85972e-05 -2.06141e-06 0 0 2.02601e-05
internal_weight=0 148 7956 2539 1038 5417 2250 3167 1501 126 99
internal_count=8104 148 7956 2539 1038 5417 2250 3167 1501 126 99
is_linear=0
shrinkage=0.03


Tree=17
num_leaves=16
num_cat=0
split_feature=1 36 2 8 31 47 2 32 36 7 3 7 40 35 51
split_gain=0.000811493 0.00126584 0.000934278 0.00071009 0.00145233 0.00126656 0.000588134 0.000448505 0.00029357 0.000474664 0.00026877 0.000214034 0.000162564 0.000161353 0.00014215
threshold=416.96767931836786 1.0213858684095347 -0.43351437883953275 156.12500000000003 0.0021731285950829077 38.744800164165248 -0.13483102760008589 1.2682678571428687 2.7239964401639942 0.0020737757763401809 0.029879729772329253 0.0016151211615213731 0.97048528122944 1.0249999999999775 415.14450000000011
decision_type=2 2 2 2 2 2 2 2 2 2 2 2 2 2 2
left_child=1 12 7 4 10 -6 -4 -3 11 -10 -2 -5 13 -1 -14
right_child=3 2 6 8 5 -7 -8 -9 9 -11 -12 -13 14 -15 -16
leaf_value=3.6504752855678781e-05 -1.1972888458348841e-05 0.00016069444949877375 -3.6126972727477064e-05 1.4193523796316963e-05 -1.5716815497874671e-06 -8.4122240654772848e-05 4.7541885990752651e-05 0 -4.497095476533513e-05 1.2593580787906105e-05 1.5719528421237366e-05 0 -2.4227866552319369e-05 0 0
leaf_weight=154 642 111 72 1349 389 453 240 47 298 115 606 3053 364 61 81
leaf_count=154 642 111 72 1349 389 453 240 47 298 115 606 3053 364 61 81
internal_value=0 2.30107e-05 6.07862e-05 -4.37272e-06 -1.909e-05 -4.95601e-05 1.86114e-05 0.000124924 1.39327e-06 -2.16859e-05 0 4.24137e-06 0 1.67496e-05 -1.38894e-05
internal_weight=0 1130 470 6905 2090 842 312 158 4815 413 1248 4402 660 215 445
internal_count=8035 1130 470 6905 2090 842 312 158 4815 413 1248 4402 660 215 445
is_linear=0
shrinkage=0.03


Tree=18
num_leaves=16
num_cat=0
split_feature=51 36 30 2 2 51 51 39 0 51 13 3 39 51 39
split_gain=0.000859765 0.000969113 0.00129262 0.00102991 0.000524674 0.000650942 0.000999942 0.000901777 0.000315064 0.000582385 0.000241951 0.000217449 0.000233347 0.000116559 3.80519e-05
threshold=469.0834000000001 1.5251922409911611 -0.15228890612897683 -0.030922878458682131 1.0209333125428091 452.30000000000007 443.37400000000008 0.0020627923320502115 473.62524987360575 473.24350000000004 0.1050000000000182 1.5010795304223847 0.0013030256172861332 500.54000000000002 0.0029892483112832547
decision_type=2 2 2 2 2 2 2 2 2 2 2 2 2 2 2
left_child=4 8 13 -4 5 6 -1 -7 9 -2 -10 12 -6 -3 -13
right_child=1 2 3 -5 11 7 -8 -9 10 -11 -12 14 -14 -15 -16
leaf_value=9.7809610308670021e-06 0 2.5928364950004641e-05 -0.00018097160309129973 -3.14390920693214e-05 0 6.6682806909260131e-06 -2.7663069937076468e-05 6.7426239707335241e-05 -9.5806282820429006e-06 -0.00011173140331047373 1.8790109527201404e-05 1.080584971918495e-05 -3.8224804498514077e-05 -2.9942491719628393e-05 -1.1966933737536921e-05
leaf_weight=3542 189 118 103 182 81 837 766 385 476 65 503 208 426 28 69
leaf_count=3542 189 118 103 182 81 837 766 385 476 65 503 208 426 28 69
internal_value=0 -1.91763e-05 -5.84414e-05 -9.61294e-05 5.06165e-06 8.68155e-06 2.42529e-06 2.82768e-05 -3.00767e-06 -3.38308e-05 1.93384e-06 -1.66401e-05 -2.85282e-05 0 0
internal_weight=0 1664 431 285 6314 5530 4308 1222 1233 254 979 784 507 146 277
internal_count=7978 1664 431 285 6314 5530 4308 1222 1233 254 979 784 507 146 277
is_linear=0
shrinkage=0.03


Tree=19
num_leaves=16
num_cat=0
split_feature=39 36 18 47 51 30 36 47 40 1 22 39 39 31 6
split_gain=0.000588506 0.000997912 0.00141456 0.000910336 0.000857161 0.00141785 0.00117818 0.000548548 0.000522335 0.00105498 0.000338874 0.000276866 0.000247125 0.000206565 0.000198598
threshold=0.0016412436065532977 1.1772601769944975 -0.0034959313632968998 68.893683686656559 460.12650000000002 -0.2123535686253904 1.5251922409911611 61.651126094721754 0.80215576079347095 404.6399195220643 -1.9340688629539213 0.0013858306019196593 0.0022871007795296134 0.0021925241717906884 0.074999999999988645
decision_type=2 2 2 2 2 2 2 2 2 2 2 2 2 2 2
left_child=4 10 3 -3 8 11 -7 -4 9 -1 12 -6 -2 -10 -12
right_child=1 2 7 -5 5 6 -8 -9 13 -11 14 -13 -14 -15 -16
leaf_value=0.00013055634557008415 0 0.00011908801858894338 2.0538120380562563e-05 0 -1.4305090391241502e-07 -1.482071265796861e-05 -0.00010420311722555196 -4.5321844226955388e-05 3.0303373552945935e-05 -3.3035956461068541e-05 9.4391608421780152e-06 4.2921829266446003e-05 -7.8776025632389582e-05 9.0594910899933765e-07 -6.5658309779481254e-06
leaf_weight=31 72 218 770 42 150 405 306 114 294 733 1276 162 86 1861 1508
leaf_count=31 72 218 770 42 150 405 306 114 294 733 1276 162 86 1861 1508
internal_value=0 6.62876e-06 3.05721e-05 9.35208e-05 -9.51573e-06 -3.32058e-05 -5.75344e-05 8.63986e-06 -1.83033e-07 -2.24242e-05 -1.66421e-06 1.26312e-05 -4.4476e-05 6.31213e-06 0
internal_weight=0 4086 1144 260 3942 1023 711 884 2919 764 2942 312 158 2155 2784
internal_count=8028 4086 1144 260 3942 1023 711 884 2919 764 2942 312 158 2155 2784
is_linear=0
shrinkage=0.03


Tree=20
num_leaves=16
num_cat=0
split_feature=51 51 36 51 32 3 20 36 39 43 8 49 50 3 39
split_gain=0.000831829 0.00133356 0.00145818 0.000768647 0.00145159 0.000768443 0.000631127 0.000573439 0.00118621 0.000333183 0.000180854 0.000213604 0.000175496 0.000113924 2.1041e-06
threshold=443.1855000000001 446.11250000000007 1.0469902604662675 464.79050000000001 1.3666071428571438 0.68709988961001922 0.0023178558892844596 1.0680932860942745 0.0016353200403816026 90.243902108863708 312.92500000000001 438.22250000000003 -0.00099258610171910032 -1.0366869927328695 0.0025294265359408204
decision_type=2 2 2 2 2 2 2 2 2 2 2 2 2 2 2
left_child=6 2 14 5 -5 -3 7 13 -9 -4 12 -12 -8 -1 -2
right_child=1 3 9 4 -6 -7 10 8 -10 -11 11 -13 -14 -15 -16
leaf_value=-8.8005832499519572e-06 -3.0445321609475758e-06 2.3928239255107834e-05 -0.00013488347114241144 -4.5924519228510884e-05 3.2814928316872942e-06 -2.3882216362323903e-05 4.4358786579556668e-05 8.0978884749714497e-06 8.125185243747915e-05 0 -3.1250527029913167e-05 0 -2.3155170312825097e-07 9.5036821283601717e-06 0
leaf_weight=278 204 1216 175 864 1174 347 80 696 362 22 392 129 959 1094 26
leaf_count=278 204 1216 175 864 1174 347 80 696 362 22 392 129 959 1094 26
internal_value=0 -1.01752e-05 -6.07523e-05 -3.34032e-06 -1.6111e-05 1.13923e-05 9.12e-06 1.89387e-05 3.59786e-05 -0.000121017 -4.25253e-06 -1.91351e-05 3.27031e-07 3.60758e-06 0
internal_weight=0 4028 427 3601 2038 1563 3990 2430 1058 197 1560 521 1039 1372 230
internal_count=8018 4028 427 3601 2038 1563 3990 2430 1058 197 1560 521 1039 1372 230
is_linear=0
shrinkage=0.03


Tree=21
num_leaves=16
num_cat=0
split_feature=39 36 5 47 32 36 47 20 7 8 8 2 3 44 39
split_gain=0.000692845 0.00136367 0.00201815 0.00115837 0.000917126 0.0018312 0.00102657 0.000661514 0.000530215 0.000502627 0.000369378 0.000351904 0.000321735 0.000185188 0.000177255
threshold=0.0015448769936104712 1.2720372671728739 -3.3499999999999939 70.60338181541259 0.96580357142857587 1.4457128323969781 79.600398160667723 0.0030040553977578326 0.0012478723677903944 99.975000000000009 154.42500000000004 -2.0116022556890978 -1.4656256963337644 58.381837054977261 0.0023877359698353082
decision_type=2 2 2 2 2 2 2 2 2 2 2 2 2 2 2
left_child=4 11 3 -3 8 10 -7 -4 9 -1 -6 14 -13 -10 -2
right_child=1 2 7 -5 5 6 -8 -9 13 -11 -12 12 -14 -15 -16
leaf_value=0 0 0.00018530217375868947 3.9334839975442798e-05 0 -2.7995383021004201e-05 -6.9431332838265134e-05 5.7747153119590088e-05 -3.818410039315631e-06 -3.4258653019309833e-05 6.442220933932482e-05 4.3258993499617716e-06 4.1116479669997025e-05 -4.3382340245666559e-07 0 -7.7352118697842476e-05
leaf_weight=324 81 118 605 27 393 700 36 445 169 264 1404 172 3092 136 79
leaf_count=324 81 118 605 27 393 700 36 445 169 264 1404 172 3092 136 79
internal_value=0 8.37628e-06 3.60203e-05 0.000144157 -9.3736e-06 -1.91301e-05 -5.91152e-05 1.81939e-05 1.49395e-05 3.30998e-05 -1.07702e-06 -3.97901e-07 8.40259e-07 -1.02427e-05 -4.43256e-05
internal_weight=0 4619 1195 145 3426 2533 736 1050 893 588 1797 3424 3264 305 160
internal_count=8045 4619 1195 145 3426 2533 736 1050 893 588 1797 3424 3264 305 160
is_linear=0
shrinkage=0.03


Tree=22
num_leaves=12
num_cat=0
split_feature=39 51 39 36 30 8 31 1 0 13 39
split_gain=0.000626725 0.00084489 0.000795769 0.000841539 0.00137891 0.000507754 0.00148738 0.000423373 0.000326821 1.85362e-05 1.03775e-05
threshold=0.00083339151660806346 458.98250000000002 0.0014604841022728737 2.2201799975591032 -0.0045878261477512996 142.77500000000003 0.0021731285950829077 441.93413346613585 468.93627610891321 0.025000000000005688 0.00080496136284983707
decision_type=2 2 2 2 2 2 2 2 2 2 2
left_child=1 9 5 7 -5 6 -2 -4 -7 -1 -11
right_child=2 -3 3 4 -6 8 -8 -9 -10 10 -12
leaf_value=0 0 0.00024746534539202985 1.1864389326633842e-05 9.4499646137274088e-05 0 0 -8.4702142811368908e-05 -6.3158747715586953e-06 -3.078026687848318e-05 1.924540429934939e-05 0
leaf_weight=24 500 21 1952 239 247 1584 327 2712 349 87 21
leaf_count=24 500 21 1952 239 247 1584 327 2712 349 87 21
internal_value=0 5.99143e-05 -1.31832e-06 5.22417e-06 4.29236e-05 -1.46123e-05 -3.49329e-05 6.50108e-07 -4.36269e-06 6.9074e-06 1.45714e-05
internal_weight=0 153 7910 5150 486 2760 827 4664 1933 132 108
internal_count=8063 153 7910 5150 486 2760 827 4664 1933 132 108
is_linear=0
shrinkage=0.03


Tree=23
num_leaves=16
num_cat=0
split_feature=32 7 8 31 7 8 23 1 25 36 7 3 7 26 3
split_gain=0.000610451 0.00105896 0.000962061 0.00108821 0.000628793 0.00114723 0.000917224 0.00048056 0.000474451 0.000507818 0.000412469 0.000145087 6.23335e-05 0.00020591 8.63546e-05
threshold=0.96580357142857587 0.0012411963047021448 134.67500000000004 0.0022670046371078803 0.0011286813419632206 89.225000000000009 0.00089683358726624451 436.64894423685445 0.0051411567767217338 0.84480570994983428 0.0019247747875806109 -0.63210623032088853 0.0014403041450763605 0.0016507874234397955 -0.047599859296159334
decision_type=2 2 2 2 2 2 2 2 2 2 2 2 2 2 2
left_child=4 2 3 -2 5 7 -7 -1 9 -3 -10 -4 13 -6 -14
right_child=1 8 11 -5 12 6 -8 -9 10 -11 -12 -13 14 -15 -16
leaf_value=5.0757290176697526e-05 -1.3341837252229199e-05 0 2.9736900685640529e-05 -8.3908748547162267e-05 0 0.00013092951016483671 0 -2.5241310546256741e-05 -0.00011030226738150496 1.9112885413255429e-05 -1.014114825917435e-06 -1.3295727142121481e-06 0 -5.783558916378871e-05 2.9532237705293438e-05
leaf_weight=122 704 3110 147 373 148 171 77 184 54 1851 240 541 98 70 96
leaf_count=122 704 3110 147 373 148 171 77 184 54 1851 240 541 98 70 96
internal_value=0 -2.32343e-06 -2.26926e-05 -4.05827e-05 2.3032e-05 4.41102e-05 9.22056e-05 0 3.94803e-06 6.64769e-06 -3.13731e-05 9.5968e-07 0 -1.51085e-05 5.68028e-06
internal_weight=0 7020 1765 1077 966 554 248 306 5255 4961 294 688 412 218 194
internal_count=7986 7020 1765 1077 966 554 248 306 5255 4961 294 688 412 218 194
is_linear=0
shrinkage=0.03


Tree=24
num_leaves=15
num_cat=0
split_feature=1 1 40 4 7 30 0 8 0 36 50 3 39 20
split_gain=0.000805405 0.000948933 0.00141982 0.000994877 0.000933934 0.000843811 0.00073644 0.000955787 0.000556013 0.000355773 0.00025422 0.00014575 3.67334e-05 2.33874e-05
threshold=490.08424196847443 480.75340288060386 0.98445697370405971 0.81428571428572705 0.0014255754688222745 0.13511620468327049 465.952718153592 225.37500000000003 454.93052502605275 0.59881493292004606 0.0058316932434931282 -0.50838334919374573 0.001611902202867291 0.0042982509885600715
decision_type=2 2 2 2 2 2 2 2 2 2 2 2 2 2
left_child=1 6 3 -3 5 9 8 -8 -1 -2 11 -6 -7 -4
right_child=4 2 13 -5 10 12 7 -9 -10 -11 -12 -13 -14 -15
leaf_value=1.2422433858046445e-06 0 0 -1.1527983756526303e-05 0.00016766396770611421 -8.3804697954062932e-06 3.7668126674537348e-05 -6.4579520798830554e-05 0 2.5639165119062876e-05 -0.00012415223880395528 -6.2742263629904748e-05 2.1451852912399675e-05 0 1.1216598219442089e-05
leaf_weight=5053 36 25 101 112 146 23 317 592 1094 162 56 278 27 60
leaf_count=5053 36 25 101 112 146 23 317 592 1094 162 56 278 27 60
internal_value=0 4.61546e-06 5.74244e-05 0.00012834 -2.82563e-05 -7.56774e-05 1.95766e-06 -2.25674e-05 6.0733e-06 -0.000104885 0 4.11027e-06 0 0
internal_weight=0 7354 298 137 728 248 7056 909 6147 198 480 424 50 161
internal_count=8082 7354 298 137 728 248 7056 909 6147 198 480 424 50 161
is_linear=0
shrinkage=0.03


Tree=25
num_leaves=12
num_cat=0
split_feature=39 7 51 8 36 39 3 8 27 36 50
split_gain=0.000560047 0.000602967 0.00157054 0.0005588 0.000476819 0.00153059 0.000396082 0.000345404 0.000414891 0.000648715 0.000179291
threshold=0.00080496136284983707 0.0013614113018686669 403.84950000000003 68.425000000000026 1.138642910093578 0.002034982444574228 -0.56063294772194094 61.525000000000013 0.065833348349985901 1.7905177938028298 -0.0024965540222175058
decision_type=2 2 2 2 2 2 2 2 2 2 2
left_child=7 2 6 -4 10 -6 -2 -1 9 -9 -3
right_child=1 4 3 -5 5 -7 -8 8 -10 -11 -12
leaf_value=0 0 -1.2587297482658702e-05 1.7441389822073633e-05 -2.3670433685831695e-05 0 7.3846061881719988e-05 0.00013614851994081536 0 0 0.00028619469143450257 1.6544327134076996e-06
leaf_weight=20 22 1028 253 2427 1203 342 72 36 49 21 2609
leaf_count=20 22 1028 253 2427 1203 342 72 36 49 21 2609
internal_value=0 -1.9532e-06 -1.3483e-05 -1.86686e-05 3.6404e-06 1.77909e-05 0.000102136 6.14241e-05 8.6065e-05 0.000142331 -1.54692e-06
internal_weight=0 7956 2774 2680 5182 1545 94 126 106 57 3637
internal_count=8082 7956 2774 2680 5182 1545 94 126 106 57 3637
is_linear=0
shrinkage=0.03


Tree=26
num_leaves=12
num_cat=0
split_feature=39 51 1 51 8 44 40 32 44 8 7
split_gain=0.00057691 0.000981002 0.0005528 0.00109965 0.000602039 0.000586203 0.00055015 0.000453481 0.000300797 3.48616e-05 1.694e-05
threshold=0.00080496136284983707 458.98250000000002 416.96767931836786 412.67350000000005 156.12500000000003 89.559781119166914 0.76843085683464707 1.3897321428571443 70.291005629048456 77.075000000000003 0.0012023643340780224
decision_type=2 2 2 2 2 2 2 2 2 2 2
left_child=1 9 3 6 5 -4 -2 -5 -6 -1 -11
right_child=2 -3 4 7 8 -7 -8 -9 -10 10 -12
leaf_value=0 3.8920308964522938e-05 0.00026059354281539251 -2.6608209429055044e-05 9.0973966909601876e-05 5.8903980189157915e-06 1.3425301429930867e-05 -1.5452445320340943e-05 0 -9.8624535676786274e-06 2.6719976461391172e-05 0
leaf_weight=22 228 20 1711 208 3128 299 625 104 1667 65 21
leaf_count=22 228 20 1711 208 3128 299 625 104 1667 65 21
internal_value=0 6.21548e-05 -1.76138e-06 1.67291e-05 -5.36834e-06 -1.91595e-05 0 6.49099e-05 0 0 1.90673e-05
internal_weight=0 128 7970 1165 6805 2010 853 312 4795 108 86
internal_count=8098 128 7970 1165 6805 2010 853 312 4795 108 86
is_linear=0
shrinkage=0.03


Tree=27
num_leaves=12
num_cat=0
split_feature=39 39 36 20 51 51 7 8 25 35 2
split_gain=0.000455442 0.00052968 0.0008634 0.00177266 0.000680921 0.000613195 0.000502913 0.00035389 0.000373442 0.000453601 0.000277729
threshold=0.00080496136284983707 0.0016412436065532977 1.0126155979206826 0.0030040553977578326 490.71750000000003 478.90400000000005 0.0018614753029134068 61.525000000000013 0.0014089439086090506 -1.0000000180025095e-35 -2.0904186708068546
decision_type=2 2 2 2 2 2 2 2 2 2 2
left_child=7 4 10 -4 5 -2 -6 -1 9 -9 -3
right_child=1 2 3 -5 6 -7 -8 8 -10 -11 -12
leaf_value=0 -7.9854202441673093e-06 -4.7647938749259018e-05 5.3929127117076608e-05 -1.2283380149652172e-05 -8.4171319695556843e-05 4.0218509757334983e-05 0 0.00026961285720712372 0 0 0
leaf_weight=21 3291 113 859 525 180 243 100 20 35 44 2575
leaf_count=21 3291 113 859 525 180 243 100 20 35 44 2575
internal_value=0 0 7.23604e-06 2.6648e-05 -8.31134e-06 -3.81893e-06 -5.42444e-05 5.85776e-05 8.58164e-05 0.000128841 -1.64473e-06
internal_weight=0 7886 4072 1384 3814 3534 280 120 99 64 2688
internal_count=8006 7886 4072 1384 3814 3534 280 120 99 64 2688
is_linear=0
shrinkage=0.03


Tree=28
num_leaves=16
num_cat=0
split_feature=8 0 44 51 31 40 44 39 17 33 33 40 4 33 3
split_gain=0.000533811 0.0013505 0.00108361 0.000944511 0.000809716 0.000552469 0.000720104 0.000528061 0.000487674 0.000387903 0.000222926 0.00031302 0.000300994 0.000172139 0.000115054
threshold=160.47500000000002 442.51644677178513 87.867819654909169 403.84950000000003 0.0022024389112996761 0.71605533515344455 68.614808776321794 0.0020451847521046991 0.00034702169682410139 0.51620303697850833 1.5849064490817686 1.1549304757459113 1.5321428571428666 1.0820470936076834 0.82462333895226914
decision_type=2 2 2 2 2 2 2 2 2 2 2 2 2 2 2
left_child=1 3 4 7 -3 6 9 -1 -5 -2 11 -7 -12 -4 -8
right_child=5 2 13 8 -6 10 14 -9 -10 -11 12 -13 -14 -15 -16
leaf_value=0.0001388663720712011 0 -1.8902016712512152e-05 3.9087333709325019e-05 -1.5045549335337443e-05 -8.3065620633184105e-05 9.0013997431406925e-06 5.4726587801246791e-06 0 2.3584927495941018e-05 8.4257045354864887e-05 -3.9141446921252044e-06 -6.9124393159980027e-06 3.4758553674105805e-05 0 -3.7224825567766806e-05
leaf_weight=74 80 618 161 665 402 2034 112 20 518 235 107 2446 414 29 72
leaf_count=74 80 618 161 665 402 2034 112 20 518 235 107 2446 414 29 72
internal_value=0 -1.05394e-05 -3.38191e-05 9.173e-06 -4.71473e-05 6.12996e-06 3.67203e-05 0.000100768 0 6.47359e-05 2.47578e-06 0 2.10637e-05 2.19291e-05 0
internal_weight=0 2487 1210 1277 1020 5500 499 94 1183 315 5001 4480 521 190 184
internal_count=7987 2487 1210 1277 1020 5500 499 94 1183 315 5001 4480 521 190 184
is_linear=0
shrinkage=0.03


Tree=29
num_leaves=13
num_cat=0
split_feature=8 1 31 39 7 39 10 39 44 2 27 38
split_gain=0.000548221 0.000647013 0.00104156 0.000498708 0.000486365 0.000401797 0.000388277 0.000679755 0.000301909 0.000263607 0.000168983 6.05206e-05
threshold=110.62500000000001 416.96767931836786 0.0018684946361189113 0.0013390448552426314 0.0012478723677903944 0.00076306794385264641 0.0071909353968568918 0.001945349268105357 80.107862703634666 -2.0116022556890978 0.065833348349985901 -0.19894333444952936
decision_type=2 2 2 2 2 2 2 2 2 2 2 2
left_child=1 3 8 -1 -4 10 9 -8 -3 -7 -2 -5
right_child=5 2 4 11 -6 6 7 -9 -10 -11 -12 -13
leaf_value=0 0.00014464793526043409 -1.0277929492514268e-05 -6.298659027411436e-05 0 0 -2.9888042967590944e-05 0 0.0001101203296734786 3.6950029021434944e-05 2.5735030672689133e-06 0 9.8703228037006087e-05
leaf_weight=52 27 345 546 21 80 226 165 83 172 6199 42 69
leaf_count=52 27 345 546 21 80 226 165 83 172 6199 42 69
internal_value=0 -1.72336e-05 -2.63232e-05 3.47501e-05 -5.25513e-05 4.08244e-06 2.8675e-06 4.00542e-05 0 9.63419e-07 7.77678e-05 8.29064e-05
internal_weight=0 1285 1143 142 626 6742 6673 248 517 6425 69 90
internal_count=8027 1285 1143 142 626 6742 6673 248 517 6425 69 90
is_linear=0
shrinkage=0.03


Tree=30
num_leaves=16
num_cat=0
split_feature=39 36 51 30 36 47 20 49 36 44 51 51 5 2 32
split_gain=0.000613451 0.00117813 0.00101186 0.00171719 0.00147621 0.000983341 0.00145981 0.000861593 0.00164664 0.000671402 0.000622611 0.000219874 0.000143227 0.000196151 9.06257e-05
threshold=0.0017629233125275123 0.99545377820225844 460.37550000000005 -0.21542746202530411 0.89666320889214524 60.366915723678709 0.0030040553977578326 456.36875000000003 2.2537999885149529 34.713474433408315 403.84950000000003 487.43950000000007 -2.2999999999999825 1.0052218362716874 1.4848214285714378
decision_type=2 2 2 2 2 2 2 2 2 2 2 2 2 2 2
left_child=2 12 7 11 -5 6 -3 10 -9 -7 -1 -4 14 -14 -2
right_child=1 5 3 4 -6 9 -8 8 -10 -11 -12 -13 13 -15 -16
leaf_value=4.6647961340403478e-05 0 8.448300775894397e-05 3.8511235902327387e-05 0 -8.1502872198177241e-05 -8.316520088145056e-05 0 1.0657548872410416e-06 0.0002529312398803637 1.8219984270376672e-05 -5.7710777349145733e-06 0 7.3516843717961657e-06 -1.4392179620322524e-05 -3.1182463967746886e-05
leaf_weight=214 42 502 233 309 573 90 401 153 35 86 2995 119 1542 457 215
leaf_count=214 42 502 233 309 573 90 401 153 35 86 2995 119 1542 457 215
internal_value=0 1.06079e-05 -6.20731e-06 -2.96122e-05 -5.30139e-05 3.64659e-05 5.0144e-05 1.41359e-06 6.42159e-05 -1.66616e-05 -1.33657e-06 2.05048e-05 -4.3302e-07 8.78787e-07 -2.22852e-05
internal_weight=0 3335 4631 1234 882 1079 903 3397 188 176 3209 352 2256 1999 257
internal_count=7966 3335 4631 1234 882 1079 903 3397 188 176 3209 352 2256 1999 257
is_linear=0
shrinkage=0.03


Tree=31
num_leaves=15
num_cat=0
split_feature=0 32 49 51 27 0 39 39 0 39 51 50 0 51
split_gain=0.00057889 0.00100947 0.00085298 0.00131363 0.00110439 0.000510327 0.000980653 0.000789692 0.000622598 0.000571464 0.000520029 0.000450883 0.000341689 4.86952e-05
threshold=465.952718153592 1.480803571428583 478.61000000000007 481.84150000000005 -0.19757901631845795 454.93052502605275 0.00083339151660806346 0.0015448769936104712 443.26783107164744 0.0013291339570006872 438.02850000000007 -0.0045580579213390328 489.35851524020569 472.70800000000003
decision_type=2 2 2 2 2 2 2 2 2 2 2 2 2 2
left_child=5 2 4 -4 -2 8 -7 -8 10 -10 -1 13 -13 -3
right_child=1 11 3 -5 -6 6 7 -9 9 -11 -12 12 -14 -15
leaf_value=1.6939055266281916e-07 0 0 6.7373280411718646e-05 -3.2239038900348275e-05 -0.00010119569956362003 0.00021638143032026995 -1.9185383171159312e-05 3.4213250823199537e-05 5.3156009104480649e-06 -3.3740577245868752e-05 2.6955384634670314e-05 3.8448837679042961e-05 0 -4.6620606410150919e-05
leaf_weight=2975 104 23 141 564 281 26 289 776 404 754 933 423 278 93
leaf_count=2975 104 23 141 564 281 26 289 776 404 754 933 423 278 93
internal_value=0 -1.31049e-05 -3.26834e-05 -8.04288e-06 -6.99769e-05 5.6941e-06 2.44665e-05 1.69055e-05 1.05798e-06 -1.75269e-05 7.33348e-06 9.34765e-06 2.13026e-05 -3.69704e-05
internal_weight=0 1907 1090 705 385 6157 1091 1065 5066 1158 3908 817 701 116
internal_count=8064 1907 1090 705 385 6157 1091 1065 5066 1158 3908 817 701 116
is_linear=0
shrinkage=0.03


end of trees

feature_importances:
volatility_ma=59
sma_50=50
volume_ratio=34
volume_ma=30
atr_ma=26
volatility=24
ema_slow=23
ema_fast=19
macd_signal=18
sma_20=14
return_24=13
volatility_ratio=13
macd=12
macd_strength=12
stoch_d=11
adx=10
atr_normalized=8
macd_hist=7
price_sma_20_dist=7
momentum_20=6
atr=5
atr_ratio=5
momentum_convergence=5
momentum_10=4
return_6=4
ema_cross_pct=4
price_sma_50_dist=3
upper_shadow=2
return_12=2
ema_cross=2
price_ema_fast_dist=2
price_ema_slow_dist=2
volume_change=2
range_pct=1
return_1=1
return_3=1
volume_spike=1
stoch_k=1
signal_convergence=1

parameters:
[boosting: gbdt]
[objective: regression]
[metric: rmse]
[tree_learner: serial]
[device_type: cpu]
[data: ]
[valid: ]
[num_iterations: 500]
[learning_rate: 0.03]
[num_leaves: 16]
[num_threads: 8]
[deterministic: 0]
[force_col_wise: 0]
[force_row_wise: 0]
[histogram_pool_size: -1]
[max_depth: 4]
[min_data_in_leaf: 20]
[min_sum_hessian_in_leaf: 0.001]
[bagging_fraction: 0.7]
[pos_bagging_fraction: 1]
[neg_bagging_fraction: 1]
[bagging_freq: 1]
[bagging_seed: 400]
[feature_fraction: 0.9]
[feature_fraction_bynode: 1]
[feature_fraction_seed: 30056]
[extra_trees: 0]
[extra_seed: 12879]
[early_stopping_round: 0]
[first_metric_only: 0]
[max_delta_step: 0]
[lambda_l1: 0.1]
[lambda_l2: 0.3]
[linear_lambda: 0]
[min_gain_to_split: 0]
[drop_rate: 0.1]
[max_drop: 50]
[skip_drop: 0.5]
[xgboost_dart_mode: 0]
[uniform_drop: 0]
[drop_seed: 17869]
[top_rate: 0.2]
[other_rate: 0.1]
[min_data_per_group: 100]
[max_cat_threshold: 32]
[cat_l2: 10]
[cat_smooth: 10]
[max_cat_to_onehot: 4]
[top_k: 20]
[monotone_constraints: ]
[monotone_constraints_method: basic]
[monotone_penalty: 0]
[feature_contri: ]
[forcedsplits_filename: ]
[refit_decay_rate: 0.9]
[cegb_tradeoff: 1]
[cegb_penalty_split: 0]
[cegb_penalty_feature_lazy: ]
[cegb_penalty_feature_coupled: ]
[path_smooth: 0]
[interaction_constraints: ]
[verbosity: 1]
[saved_feature_importance_type: 0]
[linear_tree: 0]
[max_bin: 255]
[max_bin_by_feature: ]
[min_data_in_bin: 3]
[bin_construct_sample_cnt: 200000]
[data_random_seed: 175]
[is_enable_sparse: 1]
[enable_bundle: 1]
[use_missing: 1]
[zero_as_missing: 0]
[feature_pre_filter: 1]
[pre_partition: 0]
[two_round: 0]
[header: 0]
[label_column: ]
[weight_column: ]
[group_column: ]
[ignore_column: ]
[categorical_feature: ]
[forcedbins_filename: ]
[precise_float_parser: 0]
[parser_config_file: ]
[objective_seed: 16083]
[num_class: 1]
[is_unbalance: 0]
[scale_pos_weight: 1]
[sigmoid: 1]
[boost_from_average: 1]
[reg_sqrt: 0]
[alpha: 0.9]
[fair_c: 1]
[poisson_max_delta_step: 0.7]
[tweedie_variance_power: 1.5]
[lambdarank_truncation_level: 30]
[lambdarank_norm: 1]
[label_gain: ]
[lambdarank_position_bias_regularization: 0]
[eval_at: ]
[multi_error_top_k: 1]
[auc_mu_weights: ]
[num_machines: 1]
[local_listen_port: 12400]
[time_out: 120]
[machine_list_filename: ]
[machines: ]
[gpu_platform_id: -1]
[gpu_device_id: -1]
[gpu_use_dp: 0]
[num_gpu: 1]

end of parameters

pandas_categorical:[]
