tree
version=v4
num_class=1
num_tree_per_iteration=1
label_index=0
max_feature_idx=63
objective=regression
feature_names=rsi ema_fast ema_slow bb_middle bb_upper bb_lower atr momentum_10 momentum_20 volatility volume_ma range range_pct body body_pct upper_shadow lower_shadow is_bullish return_1 return_3 return_6 return_12 return_24 log_return rsi_normalized rsi_overbought rsi_oversold rsi_divergence ema_cross ema_cross_pct ema_cross_signal price_ema_fast_dist price_ema_slow_dist bb_width bb_position bb_position_normalized price_bb_upper_dist price_bb_lower_dist bb_breakout_upper bb_breakout_lower atr_normalized atr_ma atr_ratio momentum_ratio momentum_convergence volume_ratio volume_spike volume_change volatility_ma volatility_ratio high_volatility low_volatility stoch_k stoch_d stoch_overbought stoch_oversold adx strong_trend sma_20 price_sma_20_dist sma_50 price_sma_50_dist signal_convergence market_regime
feature_infos=[0:99.99999802816906] [393.78039597925124:516.19050637889245] [394.23095608416145:515.56941879713395] [0:515.995] [0:519.35259465880495] [0:515.16754446967616] [0:4.3464285714285733] [-17.25:18.550000000000011] [-18.950000000000045:18.300000000000011] [0:0.010936378070948268] [0:1295.8499999999999] [0:28.199999999999989] [0:0.067407673001075627] [0:20.449999999999989] [0:0.04888251464085093] [0:7.4000000000000341] [0:6.1500000000000341] [0:1] [-0.046712999886065809:0.037101048507892642] [-0.043627227044312544:0.037151702786377694] [-0.038395807223424949:0.042290850426365489] [-0.040701673927998172:0.04109116022099446] [-0.04466218525692156:0.042651296829971264] [-0.047839266296518912:0.036429367612840491] [-1:0.99999996056338114] [0:1] [0:1] [-50.422589203230672:57.142847619048588] [-3.7843608113351479:4.9124877890472476] [-0.0088258630886247341:0.010264287064453087] [0:1] [-0.035676378944641852:0.029123986701014376] [-0.038063384774058365:0.03410996193567073] [0:0.073304577880474078] [-0.50106521650598013:1.5560963962314149] [-2.0021304330119603:2.1121927924628299] [-0.017339809312814661:0.062077626462115836] [-0.019519971936887471:0.059344195675750409] [0:1] [0:1] [0:0.010204081632653071] [0:3.6758928571428604] [0:2.8358371218692864] [-414999999.99999774:269999999.99999887] [-18.550000000000011:17.25] [0:10.328947367741517] [0:1] [-0.99641577060931896:611] [0:0.01086280726866261] [0:7.028555025285689] [0:1] [0:1] [0:99.999999918699174] [0:99.999999828387146] [0:1] [0:1] [0:96.569188193361313] [0:1] [0:515.995] [-0.038998446277040882:0.036075179657269328] [0:515.072] [-0.039361778415202678:0.038076285240464407] [0:2] [0:2]
tree_sizes=3699 4060 4137 3880

Tree=0
num_leaves=38
num_cat=0
split_feature=60 41 48 49 42 1 4 45 10 48 5 9 60 10 6 60 10 22 45 48 28 56 15 9 5 41 9 41 8 16 43 42 6 10 61 28 3
split_gain=0.000921911 0.00116746 0.00109147 0.00101899 0.00135358 0.000852609 0.00180474 0.00136999 0.000726638 0.000723288 0.00111136 0.000698755 0.0014041 0.000718104 0.000952462 0.000696974 0.000730109 0.000675703 0.00101125 0.00150692 0.000465341 0.000198768 0.000168202 0.000166996 0.000281852 0.000147904 0.00019816 0.000146442 0.000146161 0.000141744 0.00013909 0.000126591 8.93424e-05 8.77217e-05 6.14674e-05 2.02303e-05 1.30474e-05
threshold=469.40340000000003 1.253571428571435 0.0010439500446637786 0.53864826082606609 1.5579523736732004 482.59497800005681 491.40526441012076 0.66825775650856412 86.175000000000026 0.00080496136284983707 454.86555587637304 0.0011080463831243817 401.54700000000003 142.77500000000003 0.81428571428572705 473.24350000000004 205.87500000000003 0.0030040553977578326 0.84480570994983428 0.0015448769936104712 0.093073285906939432 36.333349014687521 0.45000000000001711 0.0014051888120876581 489.1630544084627 1.4883035714285775 0.0016540799077941792 1.854375000000003 -3.5999999999999939 0.9000000000000058 1.5889894471969215 0.70513809115918968 1.1071428571428716 77.075000000000003 0.0042994859737252051 0.075647511317242802 481.83999999999997
decision_type=2 2 2 2 2 2 2 2 2 2 2 2 2 2 2 2 2 2 2 2 2 2 2 2 2 2 2 2 2 2 2 2 2 2 2 2 2
left_child=9 2 20 35 8 15 7 -7 -5 10 33 12 -11 14 -14 25 21 18 27 -20 -2 -17 34 31 -25 26 -3 -13 -27 -15 -24 -8 -18 -1 -19 -4 -6
right_child=1 5 3 4 36 6 23 -9 -10 11 -12 17 13 29 -16 16 32 22 19 -21 -22 -23 30 24 -26 28 -28 -29 -30 -31 -32 -33 -34 -35 -36 -37 -38
leaf_value=8.8332728001004702e-06 0.00022731070719316174 -0.00010618322344962451 5.6671495799352603e-05 8.8332728001004702e-06 8.8332728001004702e-06 8.8332728001004702e-06 -0.00010639968480315697 0.00043153774341166942 -0.0002265930942665719 0.00032211720766284945 0.00049073190662468776 1.2095177075435317e-05 8.8332728001004702e-06 5.5785124872243495e-05 -9.2214540363376544e-05 8.8332728001004702e-06 8.8332728001004702e-06 1.8105404059614181e-05 8.8332728001004702e-06 0.00011932064623664399 8.8332728001004702e-06 -0.00032422952754119464 -5.2020207190677355e-05 -2.882479162679069e-05 5.0986561421626022e-05 8.8332728001004702e-06 8.8332728001004702e-06 -4.3650422901462327e-05 9.050835569069079e-05 8.8332728001004702e-06 8.8332728001004702e-06 8.8332728001004702e-06 -4.3754108526618378e-05 6.1464158418976064e-05 -1.5968879446169121e-06 8.8332728001004702e-06 3.6029758559390808e-05
leaf_weight=22 26 49 22 20 25 45 54 47 282 26 20 1504 460 198 615 21 42 443 688 675 36 50 275 133 299 41 46 127 87 100 31 55 151 80 1094 25 44
leaf_count=22 26 49 22 20 25 45 54 47 282 26 20 1504 460 198 615 21 42 443 688 675 36 50 275 133 299 41 46 127 87 100 31 55 151 80 1094 25 44
internal_value=8.83327e-06 -2.95518e-05 -9.56518e-05 -0.000128517 -0.000158854 3.24743e-06 3.63385e-05 0.000241619 -0.000205043 1.2494e-05 0.000133311 9.32666e-06 -2.09119e-05 -3.10715e-05 -5.13916e-05 -5.00259e-05 -0.000105128 1.91066e-05 3.43261e-05 6.61237e-05 4.5274e-05 -0.000257958 -2.905e-06 8.83327e-06 1.48406e-05 8.83327e-06 -3.14255e-05 8.83327e-06 4.98608e-05 2.54537e-05 -3.79869e-05 -5.18606e-05 -2.2904e-05 1.38538e-05 7.33489e-06 8.83327e-06 8.83327e-06
internal_weight=0 1600 480 418 371 1120 633 92 302 6358 122 6236 1399 1373 1075 487 264 4837 2994 1363 62 71 1843 541 432 223 95 1631 128 298 306 109 193 102 1537 47 69
internal_count=7958 1600 480 418 371 1120 633 92 302 6358 122 6236 1399 1373 1075 487 264 4837 2994 1363 62 71 1843 541 432 223 95 1631 128 298 306 109 193 102 1537 47 69
is_linear=0
shrinkage=1


Tree=1
num_leaves=47
num_cat=0
split_feature=5 41 33 5 4 60 22 45 33 56 44 60 36 2 20 1 1 41 42 42 49 60 56 0 10 49 53 12 49 5 45 41 36 43 10 33 49 4 5 49 2 8 41 42 22 2
split_gain=0.00122767 0.00169179 0.0010379 0.000983849 0.00248887 0.000950567 0.000827887 0.0009447 0.00158563 0.00104737 0.00098277 0.000770935 0.000622244 0.000575336 0.000451269 0.000440345 0.000695144 0.000432964 0.00040813 0.000498061 0.000356625 0.0012025 0.000544866 0.000347141 0.000386486 0.000282669 0.000291798 0.000277161 0.000273406 0.000250149 0.000251656 0.000238092 0.000232356 0.000221963 0.000197556 0.000194294 0.000178287 0.000162403 6.90676e-05 7.79261e-05 7.25454e-05 6.58805e-05 2.51539e-05 3.23361e-05 1.82836e-07 1.01819e-08
threshold=460.40711813326294 1.3666071428571438 0.0063274755152843689 458.4545292906738 462.58358661159605 479.483 0.0016334155599541102 1.2207597582674414 0.014420007263776466 64.680459525756888 2.1250000000000004 491.26400000000007 0.010737492688834118 481.98741282492182 0.0019106505503119211 480.11665895041364 466.66764560800669 1.8894464285714327 1.5713507042668826 1.1237451278882185 0.79364554339279436 442.5215 17.237334658238751 35.531752566864085 165.17500000000004 1.1505666582680474 72.435897226947375 0.0031234682994879443 0.87897527128783759 465.98358674877721 0.62028981002308081 1.3251428571428632 0.011992894668214115 0.17948718017752024 138.62500000000003 0.0042286827374864088 0.45691413858562552 469.54531893410041 459.75141771263662 1.3910225671454144 461.81021758662024 -1.9250000000000111 1.5032142857142943 0.66124201984061159 -0.0072845174269133275 466.04812755204864
decision_type=2 2 2 2 2 2 2 2 2 2 2 2 2 2 2 2 2 2 2 2 2 2 2 2 2 2 2 2 2 2 2 2 2 2 2 2 2 2 2 2 2 2 2 2 2 2
left_child=3 2 5 6 -5 23 7 17 10 -10 -9 15 27 -7 -15 16 -4 35 19 -13 21 34 -23 -2 -25 31 -27 33 -14 45 -31 -22 -17 37 -8 -1 -35 -3 39 40 -6 -19 -30 -44 -40 -29
right_child=1 12 11 4 38 13 20 8 9 -11 -12 18 28 14 -16 32 -18 41 -20 -21 25 22 -24 24 -26 26 -28 29 42 30 -32 -33 -34 36 -36 -37 -38 -39 44 -41 -42 -43 43 -45 -46 -47
leaf_value=-3.1672104236090914e-05 0 0 4.2749984138483841e-05 0.0005242792417946828 0 8.3884812002592483e-05 -2.3008338123235473e-05 4.6414322822803902e-05 0.00026710938116500344 0 -0.0001707887851730515 0 -0.000262583478164122 -0.00015458038248256309 0 9.7900665120964972e-05 -0.00010075167196327965 -0.00014163211988852024 0 -0.00019562745655087412 5.511460754813266e-05 0 -0.00017261755055813721 -0.00034069087932405231 0 -5.685824724321374e-05 0 6.9236846447995437e-07 0 0 0.00014271281378446017 0 0 3.7076521459103093e-05 4.2892536905671908e-05 1.7157020096374748e-05 -3.6771530705596064e-05 5.5917156231480146e-05 0 0 0.00010252305149506202 0 0 -3.6289113445020045e-05 -3.9632798686000992e-06 0
leaf_weight=170 22 77 98 34 25 32 300 965 144 49 47 55 21 107 23 143 184 53 37 129 345 20 186 102 22 304 619 53 49 31 132 370 20 53 182 1767 323 293 22 20 53 20 20 163 29 25
leaf_count=170 22 77 98 34 25 32 300 965 144 49 47 55 21 107 23 143 184 53 37 129 345 20 186 102 22 304 619 53 49 31 132 370 20 53 182 1767 323 293 22 20 53 20 20 163 29 25
internal_value=0 -2.87649e-05 -7.85606e-05 1.49074e-05 0.000131374 -0.00015971 1.01563e-05 2.70705e-05 6.24155e-05 0.000199205 3.13707e-05 -3.35072e-05 6.32002e-06 -3.67168e-05 -0.000104877 0 -3.31606e-05 3.39164e-06 -0.000109998 -0.000141681 -1.10732e-05 -4.13544e-05 -0.000142464 -0.000261841 -0.000296155 0 -1.65755e-05 2.77978e-05 -5.76915e-05 7.71744e-05 0.000112421 2.51705e-05 6.96253e-05 5.13662e-06 0 1.0289e-05 -1.30607e-05 3.71374e-05 7.89132e-06 4.30672e-05 6.94564e-05 -0.000110988 -1.74976e-05 -2.70471e-05 0 0
internal_weight=0 2214 974 5724 183 308 5541 3215 1205 193 1012 666 1240 162 130 445 282 2010 221 184 2326 688 206 146 124 1638 923 987 253 241 163 715 163 746 482 1937 376 370 149 98 78 73 232 183 51 78
internal_count=7938 2214 974 5724 183 308 5541 3215 1205 193 1012 666 1240 162 130 445 282 2010 221 184 2326 688 206 146 124 1638 923 987 253 241 163 715 163 746 482 1937 376 370 149 98 78 73 232 183 51 78
is_linear=0
shrinkage=0.05


Tree=2
num_leaves=47
num_cat=0
split_feature=1 41 53 48 4 48 48 60 4 45 61 45 33 22 44 45 41 42 56 9 4 2 4 10 61 45 61 48 61 41 48 60 48 42 22 28 48 3 56 60 60 6 0 4 56 53
split_gain=0.00132847 0.00163884 0.000829179 0.000776136 0.000617754 0.00115549 0.00149542 0.00108077 0.0011643 0.00107013 0.00123709 0.00104787 0.000749429 0.000744538 0.000990384 0.000893628 0.00055889 0.000554758 0.000543955 0.000515484 0.000503487 0.000466342 0.00167411 0.000708674 0.000651237 0.000545644 0.000413116 0.000412026 0.000365975 0.000259597 0.000329327 0.000220971 0.000232838 0.000189657 0.000185838 0.000174673 0.000164448 0.000112144 0.000233634 0.000175936 0.000100823 9.61972e-05 1.38393e-05 1.31404e-05 1.0756e-05 5.29466e-08
threshold=466.66764560800669 1.250714285714291 23.994291329273345 0.0010272557866120417 455.44381487526044 0.00085750420084812322 0.0016412436065532977 443.37400000000008 448.1336325297828 1.2829813383697848 0.0044033819767283272 1.1146897562692495 0.0060741208014223301 0.0024146088006012927 0.424999999999983 0.84480570994983428 0.99878571428571583 1.6023760314584359 74.988436324735304 0.00064218400937462127 463.03483636393702 483.94904671027297 491.40526441012076 173.07500000000002 -0.00020885182094581569 0.44223369383787259 -0.0061593257326406489 0.0010992324341314468 -1.0000000180025095e-35 0.81769642857142955 0.0012059021424248768 473.24350000000004 0.001945349268105357 0.6676162468576301 0.0025052982637255865 1.034651760908645 0.0019537539024925854 494.92750000000001 23.095492235538753 493.36400000000003 483.35600000000005 1.1678571428571467 49.577990570578514 482.8426146403794 36.155636123012144 83.412098639752628
decision_type=2 2 2 2 2 2 2 2 2 2 2 2 2 2 2 2 2 2 2 2 2 2 2 2 2 2 2 2 2 2 2 2 2 2 2 2 2 2 2 2 2 2 2 2 2 2
left_child=4 2 40 43 7 -6 12 13 11 35 -11 42 20 14 15 -1 27 19 -13 -5 -7 23 25 24 33 -23 -18 -10 -16 41 -31 32 -25 -3 -14 -8 -33 39 -39 -24 -2 -15 -9 -4 -42 -26
right_child=1 21 3 17 5 6 9 8 16 10 -12 18 34 29 28 -17 26 -19 -20 -21 -22 22 37 31 45 -27 -28 -29 -30 30 -32 36 -34 -35 -36 -37 -38 38 -40 -41 44 -43 -44 -45 -46 -47
leaf_value=0 0.000102268508925292 0 3.9457882780987774e-05 0 0.00032179852971281472 0 3.8958572426846492e-05 0 0 0.00023036286415009335 0 -0.00024559978325569879 -3.5654680100608935e-05 0.00011209074214063968 -1.1446806199201117e-05 9.7724108517556352e-05 3.1897456675444351e-05 0 0 -0.00019892652167540753 -0.00037413918966516796 0 0 -8.0166596252923816e-06 -1.6419062861682348e-06 0.0003532032200185713 -6.143856843609388e-05 0.00015934047656101233 5.7828178396229066e-05 -8.8027903508050551e-05 -6.292776258079512e-06 0 5.7518894778654613e-05 -0.00034374712125637439 3.4516532287008788e-05 -7.2077271046393783e-06 -9.7042498363805949e-05 -5.5893398911828105e-05 4.4699836346695824e-05 -0.00010281682165450102 0 0 -2.2328860573342409e-05 0 -2.8502452037764251e-05 0
leaf_weight=388 24 25 21 23 39 46 454 102 33 180 68 148 235 46 1059 734 105 41 21 341 27 22 184 166 49 47 336 82 232 167 1346 141 191 40 139 101 96 42 253 63 26 21 83 34 33 23
leaf_count=388 24 25 21 23 39 46 454 102 33 180 68 148 235 46 1059 734 105 41 21 341 27 22 184 166 49 47 336 82 232 167 1346 141 191 40 139 101 96 42 253 63 26 21 83 34 33 23
internal_value=0 -3.81191e-05 -0.00011197 -0.00013894 9.73899e-06 4.06484e-05 2.78518e-05 5.92467e-07 -4.74581e-05 7.09885e-05 0.000161421 -0.000118359 -3.84551e-05 1.27962e-05 3.0877e-05 6.52444e-05 0 -0.000163448 -0.000211628 -0.000183119 -0.000186212 -4.50583e-06 2.31129e-05 -3.44297e-05 -0.000138663 0.000255525 -2.78782e-05 9.57119e-05 0 -1.16529e-05 -1.86241e-05 -1.95407e-06 1.30504e-05 -0.000255933 0 2.155e-05 -4.56398e-05 0 1.34206e-05 -3.03233e-05 0 7.10495e-05 -6.07603e-06 0 0 0
internal_weight=0 1885 543 460 6192 1289 1250 4903 910 803 248 354 447 3993 2413 1122 556 405 169 364 73 1342 611 731 137 69 441 115 1291 1580 1513 594 357 65 374 555 237 542 295 247 83 67 185 55 59 72
internal_count=8077 1885 543 460 6192 1289 1250 4903 910 803 248 354 447 3993 2413 1122 556 405 169 364 73 1342 611 731 137 69 441 115 1291 1580 1513 594 357 65 374 555 237 542 295 247 83 67 185 55 59 72
is_linear=0
shrinkage=0.05


Tree=3
num_leaves=44
num_cat=0
split_feature=48 60 5 45 37 62 21 49 2 57 0 44 42 15 53 37 22 45 48 45 48 42 10 44 43 45 33 48 36 4 49 41 53 21 43 48 52 53 48 42 45 3 10
split_gain=0.00098172 0.001569 0.00170174 0.00135864 0.00122355 0.00098588 0.00153013 0.000636177 0.00138404 0.000733821 0.000538488 0.000467911 0.000440935 0.00038236 0.000513215 0.000341875 0.000320661 0.000655778 0.000756534 0.000382473 0.000483978 0.000272991 0.000264645 0.000218189 0.000284409 0.0002082 0.000198318 0.000240333 0.000149561 0.000124263 0.000311375 0.000190908 0.000114973 0.000109749 9.01976e-05 8.49663e-05 7.94775e-05 7.34341e-05 6.96948e-05 6.85368e-05 5.06442e-05 3.57579e-05 7.87467e-06
threshold=0.0016305925405002634 460.37550000000005 459.46859474620408 1.3535220190748904 0.0019342109695542765 1.0000000180025095e-35 -0.0018215913442191087 0.79364554339279436 404.6399195220643 1.0000000180025095e-35 24.331473967112426 1.0249999999999775 1.5414703952263078 0.19999999999996024 49.249615334324879 0.01903287810231084 0.0022193868931085219 0.89666320889214524 0.0020527967529954355 0.89666320889214524 0.0020721896732933801 0.95522536898866517 119.02500000000002 2.2000000000000175 1.5624999916294502 0.57425710245489492 0.003439247714816831 0.0014256726758125982 0.0088502097235912871 472.26304284393717 0.53219633022583468 1.4772321428571384 22.234114214433031 -0.00044084432510765875 0.8086670823999732 0.0021833876534166998 35.798961776089591 33.284976690989645 0.0031945835016963043 1.2459303869833473 0.94073875681151942 436.82125000000013 250.87500000000003
decision_type=2 2 2 2 2 2 2 2 2 2 2 2 2 2 2 2 2 2 2 2 2 2 2 2 2 2 2 2 2 2 2 2 2 2 2 2 2 2 2 2 2 2 2
left_child=1 2 7 22 10 6 36 8 -1 -10 29 21 16 23 25 32 17 28 -19 38 -21 -7 33 24 -12 -15 -9 -28 -6 30 41 -32 -14 -3 39 -31 -5 -36 -18 -24 -34 -2 -13
right_child=4 3 -4 5 12 11 -8 26 9 -11 13 42 15 14 -16 -17 19 18 -20 20 -22 -23 34 -25 -26 -27 27 -29 -30 35 31 -33 40 -35 37 -37 -38 -39 -40 -41 -42 -43 -44
leaf_value=0.00029221942708189928 -7.2325132781435813e-05 -0.00019637205123043192 0.00045738896814468013 -6.9641189433585903e-05 4.98313367194271e-06 0 -0.00046288001153373831 0.00016753841148081379 2.9215994948035483e-05 -8.820439326610509e-05 8.5318200650910111e-05 3.0263491492187462e-05 0 0 0 0 2.5785668643248526e-06 0 0.00012917131316107498 -9.755960008368857e-05 0 -0.0001211231677750369 3.6324709489827891e-05 -5.0794135484680023e-06 0 0.00020314841814755456 -3.0394404430966019e-06 3.5053232534289673e-05 -2.7156902123131597e-05 0 0.00015641444941089737 0 0 0 0 -0.00015213816156070149 0 -5.7785106168467345e-05 -3.3583813629786836e-05 0 0.00016859333305036884 0 0
leaf_weight=24 20 26 20 49 689 42 63 21 97 600 220 22 21 23 70 59 913 267 223 290 209 228 189 39 53 188 1590 500 520 20 52 26 24 29 70 21 20 99 149 142 83 24 22
leaf_count=24 20 26 20 49 689 42 63 21 97 600 220 22 21 23 70 59 913 267 223 290 209 228 189 39 53 188 1590 500 520 20 52 26 24 29 70 21 20 99 149 142 83 24 22
internal_value=0 -1.98301e-05 0 -7.37001e-05 1.50156e-05 -0.000140162 -0.00027145 -4.17356e-06 -4.58357e-05 -6.46888e-05 7.27686e-05 -6.89834e-05 8.96929e-07 9.49756e-05 0.000145601 7.64414e-05 -1.90497e-06 1.13395e-05 6.11249e-05 -1.9523e-05 -5.57492e-05 -9.93115e-05 -1.12681e-05 3.33278e-05 5.71227e-05 0.000185222 7.68896e-06 3.68265e-06 -4.70633e-06 0 1.68563e-05 0.000101043 0.000123315 -0.000115268 0 -8.1942e-05 -2.38895e-05 -2.95163e-05 0 1.53655e-05 0.000144472 -1.88964e-05 3.54514e-06
internal_weight=0 3853 2852 1001 4203 446 132 2832 721 697 756 314 3447 593 281 187 3260 1699 490 1561 499 270 555 312 273 211 2111 2090 1209 163 122 78 128 55 500 41 69 169 1062 331 107 44 44
internal_count=8056 3853 2852 1001 4203 446 132 2832 721 697 756 314 3447 593 281 187 3260 1699 490 1561 499 270 555 312 273 211 2111 2090 1209 163 122 78 128 55 500 41 69 169 1062 331 107 44 44
is_linear=0
shrinkage=0.05


end of trees

feature_importances:
volatility_ma=16
volume_ratio=13
atr_ma=11
sma_50=11
atr_ratio=10
bb_upper=9
volume_ma=9
volatility_ratio=8
bb_lower=7
return_24=6
stoch_d=6
adx=6
ema_slow=5
bb_width=5
price_sma_50_dist=5
ema_fast=4
volatility=4
momentum_ratio=4
momentum_convergence=4
rsi=3
bb_middle=3
atr=3
ema_cross=3
price_bb_upper_dist=3
momentum_20=2
upper_shadow=2
return_12=2
price_bb_lower_dist=2
range_pct=1
lower_shadow=1
return_6=1
stoch_k=1
strong_trend=1
signal_convergence=1

parameters:
[boosting: gbdt]
[objective: regression]
[metric: rmse]
[tree_learner: serial]
[device_type: cpu]
[data: ]
[valid: ]
[num_iterations: 300]
[learning_rate: 0.05]
[num_leaves: 64]
[num_threads: 8]
[deterministic: 0]
[force_col_wise: 0]
[force_row_wise: 0]
[histogram_pool_size: -1]
[max_depth: 6]
[min_data_in_leaf: 20]
[min_sum_hessian_in_leaf: 0.001]
[bagging_fraction: 0.7]
[pos_bagging_fraction: 1]
[neg_bagging_fraction: 1]
[bagging_freq: 1]
[bagging_seed: 400]
[feature_fraction: 0.9]
[feature_fraction_bynode: 1]
[feature_fraction_seed: 30056]
[extra_trees: 0]
[extra_seed: 12879]
[early_stopping_round: 0]
[first_metric_only: 0]
[max_delta_step: 0]
[lambda_l1: 0.1]
[lambda_l2: 0.1]
[linear_lambda: 0]
[min_gain_to_split: 0]
[drop_rate: 0.1]
[max_drop: 50]
[skip_drop: 0.5]
[xgboost_dart_mode: 0]
[uniform_drop: 0]
[drop_seed: 17869]
[top_rate: 0.2]
[other_rate: 0.1]
[min_data_per_group: 100]
[max_cat_threshold: 32]
[cat_l2: 10]
[cat_smooth: 10]
[max_cat_to_onehot: 4]
[top_k: 20]
[monotone_constraints: ]
[monotone_constraints_method: basic]
[monotone_penalty: 0]
[feature_contri: ]
[forcedsplits_filename: ]
[refit_decay_rate: 0.9]
[cegb_tradeoff: 1]
[cegb_penalty_split: 0]
[cegb_penalty_feature_lazy: ]
[cegb_penalty_feature_coupled: ]
[path_smooth: 0]
[interaction_constraints: ]
[verbosity: 1]
[saved_feature_importance_type: 0]
[linear_tree: 0]
[max_bin: 255]
[max_bin_by_feature: ]
[min_data_in_bin: 3]
[bin_construct_sample_cnt: 200000]
[data_random_seed: 175]
[is_enable_sparse: 1]
[enable_bundle: 1]
[use_missing: 1]
[zero_as_missing: 0]
[feature_pre_filter: 1]
[pre_partition: 0]
[two_round: 0]
[header: 0]
[label_column: ]
[weight_column: ]
[group_column: ]
[ignore_column: ]
[categorical_feature: ]
[forcedbins_filename: ]
[precise_float_parser: 0]
[parser_config_file: ]
[objective_seed: 16083]
[num_class: 1]
[is_unbalance: 0]
[scale_pos_weight: 1]
[sigmoid: 1]
[boost_from_average: 1]
[reg_sqrt: 0]
[alpha: 0.9]
[fair_c: 1]
[poisson_max_delta_step: 0.7]
[tweedie_variance_power: 1.5]
[lambdarank_truncation_level: 30]
[lambdarank_norm: 1]
[label_gain: ]
[lambdarank_position_bias_regularization: 0]
[eval_at: ]
[multi_error_top_k: 1]
[auc_mu_weights: ]
[num_machines: 1]
[local_listen_port: 12400]
[time_out: 120]
[machine_list_filename: ]
[machines: ]
[gpu_platform_id: -1]
[gpu_device_id: -1]
[gpu_use_dp: 0]
[num_gpu: 1]

end of parameters

pandas_categorical:[]
