tree
version=v4
num_class=1
num_tree_per_iteration=1
label_index=0
max_feature_idx=56
objective=regression
feature_names=rsi bb_middle bb_upper bb_lower atr momentum_10 momentum_20 volatility volume_ma range range_pct body body_pct upper_shadow lower_shadow is_bullish return_1 return_3 return_6 return_12 return_24 log_return rsi_normalized rsi_overbought rsi_oversold rsi_divergence bb_width bb_position bb_position_normalized price_bb_upper_dist price_bb_lower_dist bb_breakout_upper bb_breakout_lower atr_normalized atr_ma atr_ratio momentum_ratio momentum_convergence volume_ratio volume_spike volume_change volatility_ma volatility_ratio high_volatility low_volatility stoch_k stoch_d stoch_overbought stoch_oversold adx strong_trend sma_20 price_sma_20_dist sma_50 price_sma_50_dist signal_convergence market_regime
feature_infos=[0:99.9999995885983] [0:6130.8990000000003] [0:6172.9842164452375] [0:6126.7063831403893] [0:107.53285714285721] [-282.82000000000062:504.55000000000018] [-389.5:594.93000000000029] [0:0.013506916236638718] [0:14469.549999999999] [0:361.25] [0:0.068798122977716078] [0:227.75] [0:0.043373764728511656] [0:251.5] [0:76.25] [0:1] [-0.036794656970291828:0.045367400691620041] [-0.039465380498970415:0.074632838209910846] [-0.050887083532070387:0.085443364556331947] [-0.059609361675736938:0.10768595693533012] [-0.092193393402382862:0.11671360041912937] [-0.037488657277571232:0.044368403236351529] [-1:0.99999999177196597] [0:1] [0:1] [-46.766687675517019:61.254286185667681] [0:0.18104719057597948] [-0.54978289003414549:1.5328915751626033] [-2.099565780068291:2.0657831503252067] [-0.025867515740437542:0.10024975302853115] [-0.017357849346643788:0.14553262540947273] [0:1] [0:1] [0:0.021429496825887233] [0:88.558321428571531] [0:3.4724178934401597] [-944999999.99998176:3013000000.000011] [-504.55000000000018:282.82000000000062] [0:10.052532044335942] [0:1] [-0.99923076923076926:1024] [0:0.012734309176496128] [0:4.7838489151870567] [0:1] [0:1] [0:99.999999993520376] [0:99.666799906770549] [0:1] [0:1] [0:97.512213418720037] [0:1] [0:6130.8990000000003] [-0.055485004580165372:0.070554033350191919] [0:6127.2310000000007] [-0.083342408273377494:0.084958946272409366] [0:1] [0:2]
tree_sizes=2031 1835 1831 1874

Tree=0
num_leaves=20
num_cat=0
split_feature=34 2 8 1 38 49 34 33 53 3 0 10 8 41 3 41 3 33 53
split_gain=0.00304434 0.0102276 0.000534646 0.00149097 0.00076882 0.00119803 0.000817501 0.000589923 0.000494054 0.000445861 0.000184727 0.000165838 0.000127525 0.000114282 0.000115081 0.000105135 6.79169e-05 3.79039e-05 9.35937e-05
threshold=39.35641071428573 5140.9496430386798 5523.5500000000002 5509.1012500000006 0.52254565886074811 21.393699908060963 13.977660714285706 0.0021357533557476039 5253.9066000000012 5621.3526939776757 71.087959139039967 0.00098038758177795382 472.57500000000005 0.0011525295142422599 5941.5751543642709 0.00078929696606816707 5740.2171039297446 0.00080833363657775205 5466.2671000000018
decision_type=2 2 2 2 2 2 2 2 2 2 2 2 2 2 2 2 2 2 2
left_child=2 -2 7 4 -4 -6 -7 9 11 17 12 -9 -11 14 -10 -13 -15 -1 -19
right_child=1 -3 3 -5 5 6 -8 8 13 10 -12 15 -14 16 -16 -17 -18 18 -20
leaf_value=0.00012048178937003552 0.00027148960829752658 0.00012048178937003552 0.00012048178937003552 0.00012048178937003552 0.00012048178937003552 0.00012048178937003552 6.7793327811457361e-05 0.00012048178937003552 0.00012743725700025622 0.00012048178937003552 0.00012048178937003552 0.00012048178937003552 0.0001156388371316648 0.00011745042963549804 0.00012048178937003552 0.00013798070807383289 0.00012048178937003552 0.00012258911140530568 0.00012048178937003552
leaf_weight=2326 58 108 146 333 38 29 174 76 474 183 719 60 3614 739 74 413 423 2971 1318
leaf_count=2326 58 108 146 333 38 29 174 76 474 183 719 60 3614 739 74 413 423 2971 1318
internal_value=0.000120482 0.00016313 0.000120076 0.00011168 9.7476e-05 8.62963e-05 7.60163e-05 0.000120482 0.000125186 0.000119583 0.000117039 0.000133936 0.000116127 0.000120482 0.000125048 0.000136139 0.000120482 0.000120564 0.000121427
internal_weight=0 166 14110 720 387 241 203 13390 2259 11131 4516 549 3797 1710 548 473 1162 6615 4289
internal_count=14276 166 14110 720 387 241 203 13390 2259 11131 4516 549 3797 1710 548 473 1162 6615 4289
is_linear=0
shrinkage=1


Tree=1
num_leaves=21
num_cat=0
split_feature=34 2 34 36 2 49 40 7 53 2 2 29 42 42 1 33 41 42 4 7
split_gain=0.00299181 0.0126788 0.000679961 0.000770555 0.000805941 0.000992785 0.00112483 0.000760271 0.000450433 0.000344376 0.000333289 0.000186668 0.000146949 0.000124003 0.000126326 0.000122544 7.61814e-05 2.32661e-05 0.000147926 4.24732e-05
threshold=39.35641071428573 5146.4094243378913 18.262482142857117 0.17164533219681213 5571.6000232018569 28.041805445198111 -0.22182819137044488 0.0014226054307200514 5245.5151000000005 5453.0948582085593 5633.5895519721553 0.00037388595576230021 1.2077447707886335 2.2748287666739775 4778.4077500000012 0.002024684713108061 0.0017903619710655586 0.95935721526603712 7.6703571428571591 0.0012112691275556751
decision_type=2 2 2 2 2 2 2 2 2 2 2 2 2 2 2 2 2 2 2 2
left_child=2 -2 7 -4 5 -5 -7 10 13 16 17 -12 -11 14 -9 -13 -10 18 -1 -19
right_child=1 -3 3 4 -6 6 -8 8 9 12 11 15 -14 -15 -16 -17 -18 19 -20 -21
leaf_value=0 0.00016539312068098951 0 0 0 0 0 -4.9430801622547191e-05 0 0 0 0 -4.6596057642222e-06 5.6462951020313502e-06 0 1.4899079772931961e-05 0 -1.3908487390501659e-05 1.6650097433399811e-06 -7.0140851168832945e-06 0
leaf_weight=2997 57 112 338 76 207 45 181 35 132 566 660 3696 1118 37 586 242 109 2346 302 402
leaf_count=2997 57 112 338 76 207 45 181 35 132 566 660 3696 1118 37 586 242 109 2346 302 402
internal_value=0 4.1703e-05 -6.01543e-07 -9.28879e-06 -1.71733e-05 -2.76366e-05 -3.82048e-05 0 4.82065e-06 0 -1.22596e-06 -3.27536e-06 3.52709e-06 1.26356e-05 1.37526e-05 -4.15523e-06 -7.47922e-06 0 -1.45597e-07 9.06187e-07
internal_weight=0 169 14075 847 509 302 226 13228 2583 1925 10645 4598 1684 658 621 3938 241 6047 3299 2748
internal_count=14244 169 14075 847 509 302 226 13228 2583 1925 10645 4598 1684 658 621 3938 241 6047 3299 2748
is_linear=0
shrinkage=0.01


Tree=2
num_leaves=21
num_cat=0
split_feature=34 2 8 1 38 50 34 7 53 2 9 42 29 42 8 37 33 35 7 3
split_gain=0.00310178 0.0114295 0.000671481 0.00157038 0.000871252 0.00120431 0.000811265 0.000581542 0.000629703 0.00042978 0.000342252 0.000234285 0.000208627 0.000161442 0.000153493 0.000122571 8.55211e-05 5.89117e-05 7.95011e-05 5.78509e-06
threshold=39.35641071428573 5140.9496430386798 5649.6000000000013 5509.1012500000006 0.52254565886074811 1.0000000180025095e-35 13.977660714285706 0.0014226054307200514 5253.9066000000012 5633.5895519721553 4.9000000000000918 2.4214713569634987 0.00037388595576230021 0.91489706304400553 4638.6500000000005 -45.119999999999884 0.002024684713108061 1.2415439265580237 0.0012025516196343489 5543.1431103277855
decision_type=2 2 2 2 2 2 2 2 2 2 2 2 2 2 2 2 2 2 2 2
left_child=2 -2 7 4 -4 -6 -7 9 10 17 -9 -12 -11 15 -15 -10 -14 19 -19 -1
right_child=1 -3 3 -5 5 6 -8 8 13 12 11 -13 16 14 -16 -17 -18 18 -20 -21
leaf_value=-3.9925976435520949e-07 0.000156729782937613 0 0 0 0 0 -5.8926195948941864e-05 0 0 0 1.9735886457021994e-05 0 -4.6359877812431253e-06 4.5982550900015298e-06 0 -6.6058632852321661e-06 0 2.7849274386088909e-06 0 0
leaf_weight=3629 59 104 136 297 65 30 148 191 66 663 438 26 3739 1297 368 374 243 1806 272 443
leaf_count=3629 59 104 136 297 65 30 148 191 66 663 438 26 3739 1297 368 374 243 1806 272 443
internal_value=0 4.35123e-05 -3.11194e-07 -1.00675e-05 -2.43926e-05 -3.58644e-05 -4.93143e-05 0 4.25698e-06 -8.68141e-07 1.3133e-05 1.78102e-05 -3.3118e-06 0 2.69309e-06 -3.04016e-06 -4.24655e-06 1.64542e-07 1.70734e-06 0
internal_weight=0 163 14231 676 379 243 178 13555 2760 10795 655 464 4645 2105 1665 440 3982 6150 2078 4072
internal_count=14394 163 14231 676 379 243 178 13555 2760 10795 655 464 4645 2105 1665 440 3982 6150 2078 4072
is_linear=0
shrinkage=0.01


Tree=3
num_leaves=22
num_cat=0
split_feature=34 49 8 1 38 49 34 33 42 3 49 22 3 8 22 22 33 4 3 1 53
split_gain=0.00419891 0.012463 0.00092971 0.00169607 0.00109732 0.00159012 0.000797222 0.000565569 0.000370574 0.000337137 0.000305812 0.000210341 0.000204965 0.000128507 4.76639e-05 9.48969e-05 3.21493e-05 8.40636e-05 1.37492e-05 0.000118001 4.76538e-07
threshold=39.35641071428573 17.499214813485739 5649.6000000000013 5509.1012500000006 0.52254565886074811 21.393699908060963 14.127339285714333 0.0021357533557476039 0.97705686929246094 5618.0298120719553 61.233286355392877 0.4217591827807991 5934.5474031370068 472.57500000000005 -0.33152451953424839 0.30165309819560837 0.00077967655603809088 7.6703571428571591 5216.8551523371161 5797.2485000000006 5529.6944000000012
decision_type=2 2 2 2 2 2 2 2 2 2 2 2 2 2 2 2 2 2 2 2 2
left_child=2 -2 7 4 -4 -6 -7 9 18 16 12 13 -10 -11 -3 -16 20 -18 -9 -20 -1
right_child=1 14 3 -5 5 6 -8 8 10 11 -12 -13 -14 -15 15 -17 17 -19 19 -21 -22
leaf_value=-1.573747256351966e-07 0.00028767796228662947 0 0 0 0 0 -5.9894029197570108e-05 0 9.1007171363748293e-06 0 0 0 0 -4.493029666435728e-06 1.3177361965080753e-05 0 2.0885837286801984e-06 0 -8.3469868371085111e-06 0 0
leaf_weight=1924 20 32 136 297 37 28 171 76 1660 180 210 745 153 3705 82 40 2664 1738 189 50 264
leaf_count=1924 20 32 136 297 37 28 171 76 1660 180 210 745 153 3705 82 40 2664 1738 189 50 264
internal_value=0 4.89492e-05 -4.39045e-07 -1.19603e-05 -2.67027e-05 -3.98564e-05 -5.17918e-05 0 4.59466e-06 -8.00928e-07 6.53567e-06 -2.97253e-06 8.03301e-06 -3.99304e-06 0 6.24794e-06 0 8.54586e-07 0 -2.39799e-06 0
internal_weight=0 174 14227 669 372 236 199 13558 2338 11220 2023 4630 1813 3885 154 122 6590 4402 315 239 2188
internal_count=14401 174 14227 669 372 236 199 13558 2338 11220 2023 4630 1813 3885 154 122 6590 4402 315 239 2188
is_linear=0
shrinkage=0.01


end of trees

feature_importances:
atr_ma=8
bb_upper=7
bb_lower=7
volume_ma=6
atr_normalized=6
volatility_ratio=6
bb_middle=5
adx=5
sma_50=5
volatility=4
rsi_normalized=3
volume_ratio=3
volatility_ma=3
atr=2
price_bb_upper_dist=2
rsi=1
range=1
range_pct=1
atr_ratio=1
momentum_ratio=1
momentum_convergence=1
volume_change=1
strong_trend=1

parameters:
[boosting: gbdt]
[objective: regression]
[metric: rmse]
[tree_learner: serial]
[device_type: cpu]
[data: ]
[valid: ]
[num_iterations: 500]
[learning_rate: 0.01]
[num_leaves: 31]
[num_threads: 8]
[deterministic: 0]
[force_col_wise: 0]
[force_row_wise: 0]
[histogram_pool_size: -1]
[max_depth: 6]
[min_data_in_leaf: 20]
[min_sum_hessian_in_leaf: 0.001]
[bagging_fraction: 0.9]
[pos_bagging_fraction: 1]
[neg_bagging_fraction: 1]
[bagging_freq: 1]
[bagging_seed: 400]
[feature_fraction: 0.8]
[feature_fraction_bynode: 1]
[feature_fraction_seed: 30056]
[extra_trees: 0]
[extra_seed: 12879]
[early_stopping_round: 0]
[first_metric_only: 0]
[max_delta_step: 0]
[lambda_l1: 0.5]
[lambda_l2: 0.1]
[linear_lambda: 0]
[min_gain_to_split: 0]
[drop_rate: 0.1]
[max_drop: 50]
[skip_drop: 0.5]
[xgboost_dart_mode: 0]
[uniform_drop: 0]
[drop_seed: 17869]
[top_rate: 0.2]
[other_rate: 0.1]
[min_data_per_group: 100]
[max_cat_threshold: 32]
[cat_l2: 10]
[cat_smooth: 10]
[max_cat_to_onehot: 4]
[top_k: 20]
[monotone_constraints: ]
[monotone_constraints_method: basic]
[monotone_penalty: 0]
[feature_contri: ]
[forcedsplits_filename: ]
[refit_decay_rate: 0.9]
[cegb_tradeoff: 1]
[cegb_penalty_split: 0]
[cegb_penalty_feature_lazy: ]
[cegb_penalty_feature_coupled: ]
[path_smooth: 0]
[interaction_constraints: ]
[verbosity: 1]
[saved_feature_importance_type: 0]
[linear_tree: 0]
[max_bin: 255]
[max_bin_by_feature: ]
[min_data_in_bin: 3]
[bin_construct_sample_cnt: 200000]
[data_random_seed: 175]
[is_enable_sparse: 1]
[enable_bundle: 1]
[use_missing: 1]
[zero_as_missing: 0]
[feature_pre_filter: 1]
[pre_partition: 0]
[two_round: 0]
[header: 0]
[label_column: ]
[weight_column: ]
[group_column: ]
[ignore_column: ]
[categorical_feature: ]
[forcedbins_filename: ]
[precise_float_parser: 0]
[parser_config_file: ]
[objective_seed: 16083]
[num_class: 1]
[is_unbalance: 0]
[scale_pos_weight: 1]
[sigmoid: 1]
[boost_from_average: 1]
[reg_sqrt: 0]
[alpha: 0.9]
[fair_c: 1]
[poisson_max_delta_step: 0.7]
[tweedie_variance_power: 1.5]
[lambdarank_truncation_level: 30]
[lambdarank_norm: 1]
[label_gain: ]
[lambdarank_position_bias_regularization: 0]
[eval_at: ]
[multi_error_top_k: 1]
[auc_mu_weights: ]
[num_machines: 1]
[local_listen_port: 12400]
[time_out: 120]
[machine_list_filename: ]
[machines: ]
[gpu_platform_id: -1]
[gpu_device_id: -1]
[gpu_use_dp: 0]
[num_gpu: 1]

end of parameters

pandas_categorical:[]
