tree
version=v4
num_class=1
num_tree_per_iteration=1
label_index=0
max_feature_idx=54
objective=regression
feature_names=ema_fast ema_slow macd macd_signal atr momentum_10 momentum_20 volatility volume_ma range range_pct body body_pct upper_shadow lower_shadow is_bullish return_1 return_3 return_6 return_12 return_24 log_return ema_cross ema_cross_pct ema_cross_signal price_ema_fast_dist price_ema_slow_dist macd_hist macd_hist_change macd_cross_signal macd_strength atr_normalized atr_ma atr_ratio momentum_ratio momentum_convergence volume_ratio volume_spike volume_change volatility_ma volatility_ratio high_volatility low_volatility stoch_k stoch_d stoch_overbought stoch_oversold adx strong_trend sma_20 price_sma_20_dist sma_50 price_sma_50_dist signal_convergence market_regime
feature_infos=[75832.423909757039:123367.23903210342] [76537.34694345211:122807.35504868203] [-2122.2629887336516:3122.6028892565373] [-1765.2391843102141:2692.2138919211602] [0:1670.740714285713] [-8251.6999999999971:10665.179999999993] [-9712.0599999999977:14155.739999999991] [0:0.027665265364936173] [0:15071.1] [63.19999999999709:4815.3300000000017] [0.00064197892033770012:0.055369648427402787] [0:4068.9700000000012] [0:0.045672378356408604] [0:2853.8099999999977] [0:2272.3600000000006] [0:1] [-0.059731636957506273:0.11991470268267301] [-0.061063349034794157:0.12121289228058596] [-0.077079080863542759:0.12324016964288909] [-0.088610240523155914:0.1281729140500143] [-0.1102238427157336:0.18012682534038826] [-0.061589951864946965:0.11325252408776919] [-2122.2629887336516:3122.6028892565373] [-0.026356410616438199:0.033488267366733444] [0:1] [-0.057309293495842448:0.093992858566676371] [-0.073850085625297601:0.11036991523222302] [-818.78982093274772:1169.6714460130504] [-327.88141727023503:612.98987585223176] [0:1] [-746.44218222589245:1062.1407196823261] [0:0.018949818980434543] [0:1399.917964285715] [0:2.1177328974925511] [-3462.9563712372033:635.53845175241895] [-10665.179999999993:8251.6999999999971] [0:2.9553958669892095] [0:1] [-0.75516062884483937:4.8017184401850628] [0:0.027364409329763518] [0:3.1887619181256266] [0:1] [0:1] [0:99.999999999838437] [0:99.226268904023001] [0:1] [0:1] [0:89.005963336415533] [0:1] [0:123257.575] [-0.078757309120529861:0.11006071071452704] [0:122153.015] [-0.091298242748031472:0.12751438682104085] [0:2] [0:2]
tree_sizes=2973 2813

Tree=0
num_leaves=31
num_cat=0
split_feature=51 4 40 8 4 44 49 32 39 35 1 49 8 32 40 44 39 39 0 1 39 8 32 3 39 47 32 40 0 40
split_gain=0.00905446 0.0130345 0.0186881 0.0198036 0.00388806 0.0043283 0.00482906 0.00387163 0.00778658 0.00347118 0.00294178 0.00290988 0.00188821 0.0017884 0.00165984 0.00148772 0.00148157 0.00142034 0.00135947 0.00191546 0.000978295 0.000950342 0.000868302 0.000866824 0.00112154 0.00112145 0.00119969 0.0008426 0.000670708 0.000545349
threshold=82712.155200000008 722.7874999999998 1.064750451615631 10719.025000000003 601.91035714285738 12.139830548339409 101401.08875000001 949.34978571428667 0.0077219793144853452 1360.9799999999962 83455.732563809332 118719.93125000001 11222.925000000001 541.29776785714296 0.88009296741934728 26.633814247205191 0.0024235799921267648 0.0070388637244565054 103097.36481332472 105023.1262129394 0.0053080033762227053 11705.225 627.1548928571425 365.49143496441542 0.0029434738044390222 38.19073335680158 232.72041071428544 1.0575757173729465 87715.12146439463 0.98108132760751754
decision_type=2 2 2 2 2 2 2 2 2 2 2 2 2 2 2 2 2 2 2 2 2 2 2 2 2 2 2 2 2 2
left_child=1 10 3 -3 11 22 7 8 -7 14 12 23 20 21 -5 -9 -13 -4 -8 -20 -1 -14 -6 25 27 26 -2 -25 -26 -27
right_child=4 2 17 9 5 6 18 15 -10 -11 -12 16 13 -15 -16 -17 -18 -19 19 -21 -22 -23 -24 24 28 29 -28 -29 -30 -31
leaf_value=0.00041379322612680421 0.00041558967898034239 0.0026423966251691864 0.00033185677637865901 0.0013605865033201787 0.00014919351814250798 -8.3633019317651703e-05 0.00038436594242322617 -0.00025173355242327853 -0.0009680230818428742 0.00014919351814250798 -0.00043610089079086742 0.00014919351814250798 0.00014919351814250798 0.00018130515081014829 0.00042907041995706731 0.00019976736996893277 -7.90769235976092e-05 -4.5584958896015287e-05 -0.00019532653064381446 0.00014919351814250798 0.00014919351814250798 -0.00029242590248367516 0.0004730333359184559 0.00014919351814250798 0.00030273024299508453 0.00014919351814250798 0.00016502654054706544 0.00039433593234650599 0.00012455310870476349 8.4013592720438591e-05
leaf_weight=102 52 20 63 24 55 388 49 21 31 24 20 86 20 95 30 128 198 38 46 341 33 37 54 64 65 701 2824 128 234 661
leaf_count=102 52 20 63 24 55 388 49 21 31 24 20 86 20 95 30 128 198 38 46 341 33 37 54 64 65 701 2824 128 234 661
internal_value=0.000149194 0.000353008 0.000668097 0.0011605 0.00013297 4.83468e-05 1.29507e-05 -8.33121e-05 -0.000161247 0.000713795 0.000149194 0.000150762 0.000189603 9.26246e-05 0.000936973 0.000149194 -3.43851e-06 0.000149194 0.000149194 0.000107184 0.000335763 -0.000142539 0.000328377 0.000161083 0.000224537 0.00015255 0.000171304 0.000319804 0.000149194 0.00011662
internal_weight=0 506 199 98 6126 1113 1004 568 419 78 307 5013 287 152 54 149 284 101 436 387 135 57 109 4729 491 4238 2876 192 299 1362
internal_count=6632 506 199 98 6126 1113 1004 568 419 78 307 5013 287 152 54 149 284 101 436 387 135 57 109 4729 491 4238 2876 192 299 1362
is_linear=0
shrinkage=1


Tree=1
num_leaves=31
num_cat=0
split_feature=51 7 7 8 7 47 52 33 0 52 7 43 49 3 40 30 20 1 3 30 27 44 47 1 47 1 1 40 8 8
split_gain=0.00918685 0.00884026 0.00997102 0.0107858 0.00265139 0.00246294 0.00291248 0.00368229 0.00472116 0.00211245 0.00307304 0.0026193 0.00152909 0.0015782 0.0016658 0.00150205 0.00208614 0.00144567 0.00135616 0.00133046 0.0013056 0.0012429 0.00101227 0.000910328 0.000799014 0.000784719 0.000670087 0.000557911 0.000544239 0.000737185
threshold=82856.072800000009 0.0054409304117624133 0.0079241213857472945 11186.000000000002 0.0036462607128974942 17.253025627102797 -0.017184432534042376 0.88299374036294076 92488.026820126863 0.0084896855721812072 0.002868445963236876 41.554994064656739 118719.93125000001 365.49143496441542 1.1641205233533094 -154.19607479668466 0.0017549824354358148 79375.25715185958 382.65126604135156 -141.74259436158769 35.978864445150471 15.804472582266493 39.394406592391093 93517.470590826182 23.750592265895296 95905.560098761474 91129.287154243953 1.0809450047809877 9171.1750000000011 10885.475000000002
decision_type=2 2 2 2 2 2 2 2 2 2 2 2 2 2 2 2 2 2 2 2 2 2 2 2 2 2 2 2 2 2
left_child=1 9 3 -3 12 27 21 26 -9 11 -11 15 13 24 -15 -1 -17 -4 19 -5 28 -7 -19 -23 25 -2 -8 -6 -14 -30
right_child=4 2 17 18 5 6 7 8 -10 10 -12 -13 20 14 -16 16 -18 22 -20 -21 -22 23 -24 -25 -26 -27 -28 -29 29 -31
leaf_value=0.00017338971138691254 -3.0074378961764605e-05 0.0014926938927420092 0.00018181916277246665 0 0 0.00016934332412402294 9.010272653358843e-05 -0.00041345021764697547 -0.00010543109486605383 0.00011085418638829444 -0.00034783646022466943 0.00030579623675680849 0 3.3517786088293123e-05 0.0003314310892931532 -0.00059591456424131894 0 0 0 0.00057285568118744417 2.1071101695487171e-05 -0.00011488481527127546 -0.00040551697088776696 8.0934605132833634e-05 -1.3994671080860248e-05 5.8596404971735704e-05 -5.7491681350905169e-05 0.00018424922171021065 -0.00028830229956400407 0
leaf_weight=21 258 33 46 20 36 106 126 207 490 43 83 93 56 271 75 24 23 20 39 86 82 151 28 72 2683 932 197 93 118 63
leaf_count=21 258 33 46 20 36 106 126 207 490 43 83 93 56 271 75 24 23 20 39 86 82 151 28 72 2683 932 197 93 118 63
internal_value=0 0.00019517 0.000399363 0.000619381 -1.66732e-05 -7.49104e-05 -9.69708e-05 -0.000139464 -0.000204128 0 -0.000151684 0.000121541 1.1937e-06 1.0259e-05 0.000112618 -5.71135e-05 -0.000266411 0 0.000385277 0.000484722 -0.000102997 1.95795e-05 -0.00020846 -2.92412e-05 0 3.51697e-05 0 0.000116951 -0.000167003 -0.000209826
internal_weight=0 559 272 178 6016 1478 1349 1020 697 287 126 161 4538 4219 346 68 47 94 145 106 319 329 48 223 3873 1190 323 129 237 181
internal_count=6575 559 272 178 6016 1478 1349 1020 697 287 126 161 4538 4219 346 68 47 94 145 106 319 329 48 223 3873 1190 323 129 237 181
is_linear=0
shrinkage=0.05


end of trees

feature_importances:
ema_slow=6
volume_ma=6
volatility_ratio=6
volatility_ma=5
volatility=4
atr_ma=4
adx=4
ema_fast=3
macd_signal=3
stoch_d=3
sma_20=3
atr=2
macd_strength=2
sma_50=2
price_sma_50_dist=2
return_24=1
macd_hist=1
atr_ratio=1
momentum_convergence=1
stoch_k=1

parameters:
[boosting: gbdt]
[objective: regression]
[metric: rmse]
[tree_learner: serial]
[device_type: cpu]
[data: ]
[valid: ]
[num_iterations: 500]
[learning_rate: 0.05]
[num_leaves: 31]
[num_threads: 8]
[deterministic: 0]
[force_col_wise: 0]
[force_row_wise: 0]
[histogram_pool_size: -1]
[max_depth: 6]
[min_data_in_leaf: 20]
[min_sum_hessian_in_leaf: 0.001]
[bagging_fraction: 0.9]
[pos_bagging_fraction: 1]
[neg_bagging_fraction: 1]
[bagging_freq: 1]
[bagging_seed: 400]
[feature_fraction: 0.7]
[feature_fraction_bynode: 1]
[feature_fraction_seed: 30056]
[extra_trees: 0]
[extra_seed: 12879]
[early_stopping_round: 0]
[first_metric_only: 0]
[max_delta_step: 0]
[lambda_l1: 0.1]
[lambda_l2: 0.1]
[linear_lambda: 0]
[min_gain_to_split: 0]
[drop_rate: 0.1]
[max_drop: 50]
[skip_drop: 0.5]
[xgboost_dart_mode: 0]
[uniform_drop: 0]
[drop_seed: 17869]
[top_rate: 0.2]
[other_rate: 0.1]
[min_data_per_group: 100]
[max_cat_threshold: 32]
[cat_l2: 10]
[cat_smooth: 10]
[max_cat_to_onehot: 4]
[top_k: 20]
[monotone_constraints: ]
[monotone_constraints_method: basic]
[monotone_penalty: 0]
[feature_contri: ]
[forcedsplits_filename: ]
[refit_decay_rate: 0.9]
[cegb_tradeoff: 1]
[cegb_penalty_split: 0]
[cegb_penalty_feature_lazy: ]
[cegb_penalty_feature_coupled: ]
[path_smooth: 0]
[interaction_constraints: ]
[verbosity: 1]
[saved_feature_importance_type: 0]
[linear_tree: 0]
[max_bin: 255]
[max_bin_by_feature: ]
[min_data_in_bin: 3]
[bin_construct_sample_cnt: 200000]
[data_random_seed: 175]
[is_enable_sparse: 1]
[enable_bundle: 1]
[use_missing: 1]
[zero_as_missing: 0]
[feature_pre_filter: 1]
[pre_partition: 0]
[two_round: 0]
[header: 0]
[label_column: ]
[weight_column: ]
[group_column: ]
[ignore_column: ]
[categorical_feature: ]
[forcedbins_filename: ]
[precise_float_parser: 0]
[parser_config_file: ]
[objective_seed: 16083]
[num_class: 1]
[is_unbalance: 0]
[scale_pos_weight: 1]
[sigmoid: 1]
[boost_from_average: 1]
[reg_sqrt: 0]
[alpha: 0.9]
[fair_c: 1]
[poisson_max_delta_step: 0.7]
[tweedie_variance_power: 1.5]
[lambdarank_truncation_level: 30]
[lambdarank_norm: 1]
[label_gain: ]
[lambdarank_position_bias_regularization: 0]
[eval_at: ]
[multi_error_top_k: 1]
[auc_mu_weights: ]
[num_machines: 1]
[local_listen_port: 12400]
[time_out: 120]
[machine_list_filename: ]
[machines: ]
[gpu_platform_id: -1]
[gpu_device_id: -1]
[gpu_use_dp: 0]
[num_gpu: 1]

end of parameters

pandas_categorical:[]
