tree
version=v4
num_class=1
num_tree_per_iteration=1
label_index=0
max_feature_idx=54
objective=regression
feature_names=ema_fast ema_slow macd macd_signal atr momentum_10 momentum_20 volatility volume_ma range range_pct body body_pct upper_shadow lower_shadow is_bullish return_1 return_3 return_6 return_12 return_24 log_return ema_cross ema_cross_pct ema_cross_signal price_ema_fast_dist price_ema_slow_dist macd_hist macd_hist_change macd_cross_signal macd_strength atr_normalized atr_ma atr_ratio momentum_ratio momentum_convergence volume_ratio volume_spike volume_change volatility_ma volatility_ratio high_volatility low_volatility stoch_k stoch_d stoch_overbought stoch_oversold adx strong_trend sma_20 price_sma_20_dist sma_50 price_sma_50_dist signal_convergence market_regime
feature_infos=[140.00419228244851:161.85491834155184] [140.15959095491192:161.77386577410471] [-1.1327603992711772:0.72525453050678834] [-1.0349543330226298:0.5849833072352123] [0:1.1125714285714321] [-4.1740000000000066:3.6910000000000025] [-4.0190000000000055:3.1930000000000121] [0:0.004651925091918363] [0:14472.4] [0:3.1289999999999907] [0:0.019790486385785944] [0:2.86099999999999] [0:0.018034088903456733] [0:1.1399999999999864] [0:1.5829999999999984] [0:1] [-0.017714621838333167:0.014877782329646427] [-0.022323288195084667:0.021831831417413072] [-0.021306128588913342:0.022410317306895688] [-0.023662010314559945:0.026812644307773414] [-0.030412096542869249:0.024559774311784466] [-0.017873403720390344:0.014768193745818952] [-1.1327603992711772:0.72525453050678834] [-0.0079356633899468083:0.0049124836963239634] [0:1] [-0.015550408266898312:0.015067731023277454] [-0.020498919836102681:0.017349420162368165] [-0.36447759139961056:0.38418737904878653] [-0.18206359703680802:0.13384016716385658] [0:1] [-0.33458035143265025:0.37014659703597824] [0:0.0071373584075662827] [0:0.8504392857142864] [0:3.9214667240956609] [-20500000.000001252:27300000.000002455] [-3.6910000000000025:4.1740000000000066] [0:5.4120637403284393] [0:1] [-0.99739752765126866:135] [0:0.0043580031549319562] [0:8.9920287103106187] [0:1] [0:1] [0:99.99999954128441] [0:99.332322829059265] [0:1] [0:1] [0:92.306826590390614] [0:1] [0:161.81829999999999] [-0.019390125305217113:0.019216354919305893] [0:161.66587999999999] [-0.029932344977646477:0.017446147612938202] [0:2] [0:2]
tree_sizes=3521 3359 3386 4047 4270 2622 3975 3279 3916 3134 3548 3471 3386 3252 4136

Tree=0
num_leaves=35
num_cat=0
split_feature=0 32 3 3 49 0 1 32 47 4 3 0 35 8 35 0 39 8 49 51 8 8 32 47 2 3 38 32 8 2 3 47 40 44
split_gain=0.000297282 0.000577143 0.000381327 0.000443382 0.000427331 0.000356865 0.00036399 0.000331191 0.00117575 0.000312372 0.000277988 0.000227915 0.000219359 0.000208156 0.000203331 0.000209588 0.000119813 0.000105583 0.000100193 7.84935e-05 6.90412e-05 6.74582e-05 6.50119e-05 6.10184e-05 6.04658e-05 0.000137562 5.33162e-05 4.53215e-05 2.62471e-05 4.09361e-05 5.46193e-05 2.37321e-05 1.72985e-05 1.71457e-05
threshold=143.01007941895912 0.1769678571428582 -0.44637266051248947 0.047412164226675331 151.13385000000002 147.37280216966985 144.78059668688539 0.39941785714285877 22.702537769828684 0.21867857142857111 0.10710668553160956 145.07860886602955 -0.81050000000000455 3418.8750000000005 0.29399999999999699 157.19055173700158 0.0013378727902981723 2761.6000000000008 151.72847500000003 156.66841000000002 7526.0750000000007 6889.9250000000011 0.12566964285714421 21.905456334220627 -0.00099375268862900135 0.077334899242852292 -0.24388247974132768 0.1761874999999988 3669.7500000000005 -0.27102129694289084 -0.032626644923674002 72.444791419493882 1.0227170320171113 83.477947692682918
decision_type=2 2 2 2 2 2 2 2 2 2 2 2 2 2 2 2 2 2 2 2 2 2 2 2 2 2 2 2 2 2 2 2 2 2
left_child=9 5 4 7 20 6 -2 23 -9 24 16 32 -13 -8 15 18 21 -17 -7 22 -3 31 -16 -4 28 27 -15 -26 -1 -30 -31 -11 -5 -18
right_child=1 2 3 11 -6 14 13 8 -10 10 -12 12 -14 26 19 17 33 -19 -20 -21 -22 -23 -24 -25 25 -27 -28 -29 29 30 -32 -33 -34 -35
leaf_value=-2.2009037526877285e-06 -2.2009037526877285e-06 -2.2009037526877285e-06 1.076600809037681e-06 -2.2009037526877285e-06 -2.2009037526877285e-06 -5.7891430314474923e-07 -2.2009037526877285e-06 0.00019244765146466197 -2.2009037526877285e-06 2.8834785073162616e-05 -2.2009037526877285e-06 -2.2009037526877285e-06 -3.3473279474588724e-05 -2.2009037526877285e-06 -2.2009037526877285e-06 -1.7234236515975809e-05 0.00010543207908580887 -2.2009037526877285e-06 1.0743292852450008e-05 -2.2009037526877285e-06 -0.00011951052467202935 -2.2009037526877285e-06 -3.4744956860760363e-05 -7.6764267001141688e-06 -2.2009037526877285e-06 -2.2009037526877285e-06 8.2016451346664005e-05 5.5048113647874699e-05 -2.2009037526877285e-06 -3.9995994476892646e-05 -2.2009037526877285e-06 -2.2009037526877285e-06 9.4192161836762113e-06 -2.2009037526877285e-06
leaf_weight=38 122 10.999999999999998 601 126 42 2292 101 35 75 166 62 191 1065 11.999999999999998 52 611 71 462 1889 123 70 41 234 2243 17 51 138 58 24 96 56 9.9999999999999982 115 10.999999999999998
leaf_count=38 122 11 601 126 42 2292 101 35 75 166 62 191 1065 12 52 611 71 462 1889 123 70 41 234 2243 17 51 138 58 24 96 56 10 115 11
internal_value=-2.2009e-06 -3.50446e-06 -1.17572e-05 -9.54725e-06 -6.71859e-05 2.25253e-06 3.12611e-05 -2.2009e-06 4.81174e-05 1.66618e-05 3.61234e-05 -2.28637e-05 -2.81264e-05 5.22682e-05 -1.89545e-07 1.86621e-06 4.88766e-05 -8.53998e-06 5.25457e-06 -1.92517e-05 -0.000107725 1.67586e-05 -2.79377e-05 -4.77183e-06 -2.2009e-06 1.22787e-05 7.65838e-05 4.24738e-05 -1.36191e-05 -1.93025e-05 -2.62937e-05 2.58602e-05 -2.2009e-06 9.7041e-05
internal_weight=0 10610 4574 4451 123 6036 373 2954 110 701 361 1497 1256 251 5663 5254 299 1073 4181 409 81 217 286 2844 340 126 150 75 214 176 152 176 241 82
internal_count=11311 10610 4574 4451 123 6036 373 2954 110 701 361 1497 1256 251 5663 5254 299 1073 4181 409 81 217 286 2844 340 126 150 75 214 176 152 176 241 82
is_linear=0
shrinkage=1


Tree=1
num_leaves=39
num_cat=0
split_feature=35 0 32 47 0 0 7 3 8 33 43 51 0 39 7 39 7 8 8 20 1 51 51 8 0 3 51 0 40 14 7 40 32 0 44 39 1 30
split_gain=0.00039666 0.000400404 0.000498012 0.000609557 0.000347333 0.000294253 0.00025317 0.000566553 0.000410934 0.000245334 0.00017226 0.000155594 0.000147392 0.000224641 0.000126719 0.000121805 0.000131053 0.000119519 0.000113487 0.000111273 0.000105924 9.69187e-05 0.00021575 0.000163101 9.42459e-05 7.50205e-05 7.48251e-05 6.91909e-05 5.93134e-05 5.58893e-05 3.61715e-05 3.51156e-05 1.96354e-05 1.36127e-05 1.32452e-05 8.92623e-06 8.33679e-06 2.18051e-08
threshold=0.28249999999999892 143.34086589734756 0.31124821428571231 27.430501726080859 149.564122242015 157.26149204585892 0.0014128759840445024 0.072214444612808154 5647.0250000000005 0.71052750570787782 17.868782210445186 152.39127000000005 147.37280216966985 0.00081551312442934446 0.0015353129888104201 0.00096687630170851394 0.00096022025293272903 3482.7500000000005 3027.8750000000005 0.010528489666517206 141.27928526801875 157.84748000000005 161.58409000000003 2409.1000000000004 142.92683193986343 -0.063710809073833571 154.86970000000002 156.14787140026246 0.99602198289448263 0.066499999999990692 0.0012270692211709391 1.0292273722149752 0.36474107142857165 153.52245968594281 15.800222285206244 0.00039575777537397114 141.85328297513118 0.067678271512799662
decision_type=2 2 2 2 2 2 2 2 2 2 2 2 2 2 2 2 2 2 2 2 2 2 2 2 2 2 2 2 2 2 2 2 2 2 2 2 2 2
left_child=5 15 11 37 19 6 8 9 12 -8 -11 25 13 -1 27 -2 -17 -14 21 -5 -10 23 35 -7 34 28 -22 -13 -3 -25 -27 -24 36 -34 -18 -23 -9 -4
right_child=1 2 3 4 -6 18 7 32 20 10 -12 14 17 -15 -16 16 24 -19 -20 -21 26 22 31 29 -26 30 -28 -29 -30 -31 -32 -33 33 -35 -36 -37 -38 -39
leaf_value=3.4154434278844641e-05 0 0 7.158159602046768e-07 -0.00011435436226987138 0 0 0 0 0 0 8.443822415686544e-05 -2.9767440801291371e-05 7.8329316497990374e-06 0 0 0 0 -2.7518788144312889e-08 0 0 -2.0896403084287239e-05 6.497342909171183e-06 0 -7.2586416463832888e-05 0 -1.8360018651135382e-05 0 0 1.3619796645872906e-05 0 0 -0.00011428158452520362 -1.5730132332432942e-05 0 7.3557371567116323e-05 0 7.7175994598721063e-06 0
leaf_weight=441 108 209 38 141 77 159 27 9.9999999999999982 33 57 175 488 2865 578 43 31 9.9999999999999982 2634 466 10.999999999999998 826 190 13.000000000000002 97 35 233 46 217 403 24 43 17 109 18 76 202 174 14.999999999999998
leaf_count=441 108 209 38 141 77 159 27 10 33 57 175 488 2865 578 43 31 10 2634 466 11 826 190 13 97 35 233 46 217 403 24 43 17 109 18 76 202 174 15
internal_value=0 -1.13921e-05 -1.70023e-05 -5.60357e-05 -7.91093e-05 2.84774e-06 5.15922e-06 2.52681e-05 3.20999e-06 5.80577e-05 6.86511e-05 -8.43165e-06 6.1706e-06 1.75126e-05 -1.85093e-05 1.84411e-05 3.60697e-05 3.52249e-06 -1.03999e-05 -0.000107121 -1.47941e-05 -1.80377e-05 -6.22705e-07 -3.35529e-05 5.10478e-05 0 -1.83421e-05 -2.29169e-05 5.91596e-06 -6.17385e-05 -1.29154e-05 -8.00863e-05 0 -1.078e-05 6.81586e-05 0 3.95198e-06 0
internal_weight=0 2178 1918 282 229 9161 7993 570 7423 259 232 1636 6518 1019 748 260 152 5499 1168 152 905 702 422 280 121 888 872 705 612 121 276 30 311 127 86 392 184 53
internal_count=11339 2178 1918 282 229 9161 7993 570 7423 259 232 1636 6518 1019 748 260 152 5499 1168 152 905 702 422 280 121 888 872 705 612 121 276 30 311 127 86 392 184 53
is_linear=0
shrinkage=0.03


Tree=2
num_leaves=39
num_cat=0
split_feature=1 47 32 32 52 32 49 51 3 33 31 32 30 2 7 32 51 35 3 47 33 44 47 8 3 8 32 2 35 40 52 7 52 25 3 31 32 51
split_gain=0.000333239 0.000641708 0.00194243 0.000432076 0.00037368 0.000248772 0.000899212 0.000485984 0.000314925 0.000270109 0.00023668 0.000221982 0.000194518 0.000266087 0.000188521 0.000280302 0.000216717 0.000177614 0.000172506 0.000171048 0.00016405 0.00032355 0.000233624 0.000133384 0.000180167 0.000129856 0.000112691 9.51204e-05 9.00529e-05 6.47701e-05 5.25774e-05 2.96076e-05 6.40777e-05 1.85481e-05 4.38624e-06 1.82651e-05 1.4049e-05 2.73893e-06
threshold=146.55685633530865 24.234856346977754 0.3854392857142856 0.3854392857142856 0.0034972892156623354 0.20239285714285848 143.63775000000001 144.72167000000005 0.17240163563258473 0.80816294292589685 0.0015191390222825713 0.18839821428571651 -0.16974027004499329 0.25465831521523802 0.0014128759840445024 0.17369821428571108 155.99991000000003 0.12749999999999775 0.20704449147234052 14.964170633973565 1.0214569559230642 67.104895806510982 47.04265679133659 7075.1750000000011 0.25710501202158303 2633.4000000000001 0.34855357142857168 -0.0066057939309303029 -0.81050000000000455 1.0163663359881445 0.004222575006911501 0.00076617102064374719 -0.0018322729896670714 -0.0012947434168842302 0.027096387436639061 0.0012940817999705213 0.16635714285714065 143.58966000000001
decision_type=2 2 2 2 2 2 2 2 2 2 2 2 2 2 2 2 2 2 2 2 2 2 2 2 2 2 2 2 2 2 2 2 2 2 2 2 2 2
left_child=1 2 19 14 -4 7 10 34 9 -8 37 30 -5 28 15 16 17 -2 -12 31 21 -17 -22 24 29 -18 27 -21 -14 -16 -9 -1 -33 -25 35 -3 -36 -7
right_child=3 5 4 12 -6 6 8 11 -10 -11 18 -13 13 -15 23 20 25 -19 -20 26 22 -23 -24 33 -26 -27 -28 -29 -30 -31 -32 32 -34 -35 36 -37 -38 -39
leaf_value=0 8.5511051687528567e-06 -1.1855465558711583e-05 0.00026818282448576466 0 0 -4.471263549125391e-06 0 0.00010639306796836181 0 -6.1881692983426013e-05 4.1976521427825863e-05 0 0 0 0 -2.5638314771239145e-05 -1.5929361560559669e-05 -5.6233166738262525e-06 0 0 6.2873670873256391e-06 0 -2.4233480975193213e-05 -1.8786249492055561e-05 0 0 0 4.7981291887451926e-05 -0.00010495411007996219 4.1720895476024488e-05 0 0 -3.6215757710615122e-05 0 0 0 1.2302834953617656e-05 0
leaf_weight=25 3225 117 39 12.999999999999998 11.999999999999998 123 72 75 116 323 296 28 12.999999999999998 41 35 1147 843 790 45 134 902 778 297 47 68 885 17 179 84 266 19 15.999999999999998 64 68 32 128 109 18
leaf_count=25 3225 117 39 13 12 123 72 75 116 323 296 28 13 41 35 1147 843 790 45 134 902 778 297 47 68 885 17 179 84 266 19 16 64 68 32 128 109 18
internal_value=0 1.0905e-05 4.09095e-05 -2.58681e-06 0.000220323 0 -7.5103e-06 1.81729e-05 -3.73034e-05 -5.01687e-05 1.78587e-05 7.03486e-05 -5.34966e-05 -6.63079e-05 -1.44222e-06 -2.72981e-06 7.27893e-07 5.01476e-06 3.27843e-05 1.28457e-05 -1.00459e-05 -1.55067e-05 0 1.59393e-05 2.56562e-05 -7.49596e-06 2.61435e-05 3.23155e-05 -9.33309e-05 3.66737e-05 9.23958e-05 -4.12969e-07 -1.82226e-05 0 0 -4.4295e-07 5.2533e-06 0
internal_weight=0 1987 486 9502 51 1501 993 508 511 395 482 122 151 138 9351 8867 5743 4015 341 435 3124 1925 1199 484 369 1728 330 313 97 301 94 105 80 115 386 245 141 141
internal_count=11489 1987 486 9502 51 1501 993 508 511 395 482 122 151 138 9351 8867 5743 4015 341 435 3124 1925 1199 484 369 1728 330 313 97 301 94 105 80 115 386 245 141 141
is_linear=0
shrinkage=0.03


Tree=3
num_leaves=46
num_cat=0
split_feature=32 0 32 39 51 30 0 19 3 44 54 51 0 33 47 32 0 1 49 40 44 51 35 51 49 33 6 51 36 47 40 7 7 36 32 51 20 51 51 40 39 1 35 32 40
split_gain=0.000297945 0.000745616 0.000681365 0.000452815 0.00036618 0.000521192 0.000249378 0.000220845 0.000195129 0.000212246 0.000186719 0.000146196 0.000139775 0.000246119 0.000180358 0.000139395 0.000137706 0.00044934 0.000124795 0.000110771 0.000102324 0.000102267 9.74682e-05 8.21488e-05 6.62402e-05 6.12164e-05 0.000119307 5.96944e-05 5.92706e-05 5.66219e-05 5.31413e-05 4.49067e-05 4.19673e-05 3.88097e-05 3.34235e-05 3.23591e-05 3.11881e-05 4.74916e-05 3.35017e-05 3.11104e-05 1.5613e-05 1.57343e-05 4.69747e-06 2.21101e-06 2.84002e-07
threshold=0.17289821428571459 144.89289161694091 0.41522857142857222 0.0018975574861617031 143.58966000000001 -0.053792070326663999 157.22577352751713 -0.010313384986895323 0.042721290256335108 66.72611268089959 1.0000000180025095e-35 159.55453000000003 142.37419691718512 0.80816294292589685 61.733813135178131 0.18150714285714578 147.53955704876137 144.78059668688539 154.11472500000005 1.1829513373702538 70.315304402516688 157.84748000000005 0.27100000000000085 161.58409000000003 151.68742500000002 1.0406198845105643 0.22550000000001094 155.94923000000003 1.6843048572509562 43.812154156295414 0.96955644795447715 0.00081619195590015208 0.0003580873827033904 0.65238989469480912 0.071585714285716015 156.66841000000002 0.0020950948568572163 142.54849000000004 142.82845000000003 1.2326899432538454 0.00041228351762360912 161.15335612052044 0.42949999999999028 0.15079642857143147 0.86654937409690458
decision_type=2 2 2 2 2 2 2 2 2 2 2 2 2 2 2 2 2 2 2 2 2 2 2 2 2 2 2 2 2 2 2 2 2 2 2 2 2 2 2 2 2 2 2 2 2
left_child=6 2 12 8 -4 -6 16 -5 25 15 -9 -12 13 42 -15 -10 17 43 -11 28 -7 31 24 40 30 26 -3 -26 -19 -27 -18 33 -25 -8 -35 39 38 -38 -14 -24 41 -23 -2 44 -1
right_child=1 3 4 7 5 20 21 10 9 18 11 -13 36 14 -16 -17 22 19 -20 -21 -22 23 35 32 27 29 -28 -29 -30 -31 -32 -33 -34 34 -36 -37 37 -39 -40 -41 -42 -43 -44 -45 -46
leaf_value=0 -9.7690290255636544e-06 -1.190490368537087e-05 0 0 0 0.00019513831814170496 0 0 0 -1.4881311994219829e-05 -7.7178003204016451e-05 0 0 4.8907722216729676e-05 0 -3.838813837045012e-05 7.247703019741752e-06 6.5802190770906509e-05 7.7343250463839442e-06 0 0 1.3165197038131388e-05 -1.622855528084637e-05 -6.9862265122068752e-05 1.4944618453770205e-05 7.9709372514775308e-06 3.4055940096692503e-06 0 0 -4.1065958929865051e-06 -7.4059552150749196e-07 0 0 0 -3.0537320696606636e-05 0 0 1.7761239306113078e-05 -9.6765118976144613e-06 0 0 0 0 0 -7.9757212352133072e-06
leaf_weight=18 44 1198 23 15.999999999999998 13.999999999999998 45 60 13.999999999999998 76 454 202 14.999999999999998 105 225 41 504 998 196 264 52 9.9999999999999982 179 260 22 1368 728 340 569 20 368 1166 29 19 11.999999999999998 272 63 53 176 484 70 378 102 9.9999999999999982 133 35
leaf_count=18 44 1198 23 16 14 45 60 14 76 454 202 15 105 225 41 504 998 196 264 52 10 179 260 22 1368 728 340 569 20 368 1166 29 19 12 272 63 53 176 484 70 378 102 10 133 35
internal_value=0 -5.201e-06 1.42636e-05 -1.16484e-05 9.50708e-05 0.000129591 4.49807e-06 -5.34535e-05 -8.25554e-06 -1.82156e-05 -6.25639e-05 -7.02835e-05 5.07202e-06 2.20039e-05 3.76052e-05 -3.26261e-05 7.6529e-06 2.53751e-05 -2.38953e-06 5.09663e-05 0.000171836 -7.25295e-06 5.19345e-06 0 6.93958e-06 -2.20702e-06 -6.57006e-06 1.14023e-05 6.06873e-05 1.17922e-06 1.55784e-06 -1.99451e-05 -4.14828e-05 -2.34244e-05 -2.80599e-05 -5.39128e-06 0 7.49282e-06 -5.07802e-06 -1.10807e-05 2.08427e-06 7.75464e-06 0 0 -6.11016e-06
internal_weight=0 5409 1230 4179 92 69 6021 247 3932 1298 231 217 1138 320 266 580 4948 454 718 268 55 1073 4494 700 4101 2634 1538 1937 216 1096 2164 373 41 344 284 393 818 229 589 330 659 281 54 186 53
internal_count=11430 5409 1230 4179 92 69 6021 247 3932 1298 231 217 1138 320 266 580 4948 454 718 268 55 1073 4494 700 4101 2634 1538 1937 216 1096 2164 373 41 344 284 393 818 229 589 330 659 281 54 186 53
is_linear=0
shrinkage=0.03


Tree=4
num_leaves=48
num_cat=0
split_feature=1 32 52 30 32 8 39 49 33 51 51 47 43 51 3 51 39 51 39 0 47 1 52 32 8 44 7 47 13 43 34 3 8 33 8 35 51 39 33 0 47 36 50 4 32 43 7
split_gain=0.000262848 0.000578044 0.00137877 0.000510342 0.000335396 0.000286233 0.000522376 0.00026186 0.000223409 0.000194405 0.000186049 0.00018451 0.000185609 0.000155749 0.000155655 0.000152222 0.000169935 0.000311849 0.000182706 0.000285764 9.76428e-05 8.91003e-05 7.76319e-05 0.000198016 0.000152308 7.44411e-05 6.73348e-05 6.6641e-05 6.02877e-05 0.000105977 5.81081e-05 5.79317e-05 7.3171e-05 5.52842e-05 4.2129e-05 2.05615e-05 1.43418e-05 4.5297e-05 4.78194e-05 1.51368e-05 1.35307e-05 8.01345e-06 7.59897e-06 9.11324e-06 7.4461e-06 6.93214e-06 2.59446e-06
threshold=146.55685633530865 0.39941785714285877 0.00011328824395561297 -0.067852429679237256 0.26138392857142717 6335.9500000000007 0.00058947067064823923 153.87680000000003 0.70021507521268489 144.52234000000001 142.91463000000002 31.21591370163625 45.84158791161331 146.07714000000001 0.09890189592606298 155.94923000000003 0.00067249631843103129 151.68914000000004 0.0009336277005171287 149.77035168520925 57.24096698156302 154.29983396055937 -0.00046307895910704721 0.13586785714285762 3913.5250000000001 82.380024979827866 0.00044484016194355758 17.529584330406131 0.071000000000012178 12.312509750572028 -0.036438590598352652 0.066718077645067778 3056.1750000000006 1.0616364333434338 3287.1250000000005 0.38000000000000972 155.53895000000003 0.0010836385767743185 1.1043600004276068 153.78975876687863 21.905456334220627 1.2028816645061082 -0.00017359103544724221 0.23560714285714318 0.1657678571428591 93.484524299344045 0.0015891659520855231
decision_type=2 2 2 2 2 2 2 2 2 2 2 2 2 2 2 2 2 2 2 2 2 2 2 2 2 2 2 2 2 2 2 2 2 2 2 2 2 2 2 2 2 2 2 2 2 2 2
left_child=1 5 3 -3 15 6 9 25 -5 -1 14 42 30 -10 -8 16 17 33 19 -18 -12 -20 23 24 -17 28 -19 -4 35 -30 -13 40 -33 -2 -11 -6 39 -38 -39 -9 -24 -29 43 -7 -25 -41 -44
right_child=4 2 27 8 7 11 10 36 13 34 20 12 -14 -15 -16 22 18 26 21 -21 -22 -23 31 44 -26 -27 -28 41 29 -31 -32 32 -34 -35 -36 -37 37 38 -40 45 -42 -43 46 -45 -46 -47 -48
leaf_value=0 3.691572373276159e-06 0 0 0 -2.0309199173336073e-05 0 3.0579075405942117e-05 0 0.00020893868332252992 0 -1.0150572925133651e-05 0 0 0 0 -4.423836416730458e-05 1.9015300738612987e-06 2.0761434288670144e-06 0 -1.87089182300448e-05 1.3232483111910995e-05 2.5624803803197766e-05 0 8.6199319598953528e-07 0 0 2.5311158259759954e-05 -3.5176234797687772e-05 0 -7.8416004995081188e-05 -6.8231959677158519e-05 -1.9493504036076488e-05 0 -5.9104354692352177e-06 0.00014055023792923651 0 0 -2.6036301041421869e-05 0 1.5904730324157462e-05 4.3276067260780938e-06 0 -6.2368161889888e-06 1.3461508444814839e-05 -5.0549508204535461e-06 0 0
leaf_weight=39 1143 15.999999999999998 9.9999999999999982 12.999999999999998 189 12.999999999999998 332 15.999999999999998 62 10.999999999999998 686 9.9999999999999982 90 12.999999999999998 102 261 751 510 955 1210 132 162 277 136 26 70 736 54 32 124 109 319 254 978 41 104 36 132 35 106 657 17 63 82 258 14.999999999999998 41
leaf_count=39 1143 16 10 13 189 13 332 16 62 11 686 10 90 13 102 261 751 510 955 1210 132 162 277 136 26 70 736 54 32 124 109 319 254 978 41 104 36 132 35 106 657 17 63 82 258 15 41
internal_value=0 9.25678e-06 6.05018e-05 0.000135649 -2.77768e-06 2.12009e-06 1.02826e-05 -2.07952e-05 0.000164123 8.1267e-05 2.70935e-06 -1.73884e-05 -3.71919e-05 0.000185087 1.98218e-05 -6.36755e-07 1.29533e-06 6.27638e-06 -3.17892e-06 -9.2871e-06 -2.70766e-06 4.85915e-06 -7.69825e-06 -1.69648e-05 -3.60944e-05 -3.41965e-05 1.82108e-05 0 -3.87389e-05 -6.5421e-05 -6.18627e-05 -1.51793e-06 -9.83725e-06 0 0.000121961 -1.42519e-05 0 -5.37797e-06 -1.6698e-05 7.15434e-06 3.76458e-07 -2.90033e-05 0 8.39218e-06 0 1.30478e-05 -1.10445e-06
internal_weight=0 1936 185 104 9492 1751 1343 859 88 91 1252 408 209 75 434 8633 6445 3367 3078 1961 818 1117 2188 681 287 519 1246 81 449 156 119 1507 573 2121 52 293 340 203 167 137 934 71 199 95 394 121 104
internal_count=11428 1936 185 104 9492 1751 1343 859 88 91 1252 408 209 75 434 8633 6445 3367 3078 1961 818 1117 2188 681 287 519 1246 81 449 156 119 1507 573 2121 52 293 340 203 167 137 934 71 199 95 394 121 104
is_linear=0
shrinkage=0.03


Tree=5
num_leaves=29
num_cat=0
split_feature=0 3 1 31 39 1 51 52 3 31 47 32 35 9 51 43 51 32 47 35 35 2 3 39 43 50 2 8
split_gain=0.00045329 0.000373576 0.000325051 0.000306222 0.00021021 0.000402577 0.000207402 0.000183464 0.00017035 0.000398808 0.000384641 0.00034553 0.000233361 0.000134972 0.000113925 9.83968e-05 7.40516e-05 7.23908e-05 7.33648e-05 4.97998e-05 4.97172e-05 7.13894e-06 8.96611e-05 3.84348e-05 2.02108e-05 3.90942e-06 6.90607e-06 7.56224e-06
threshold=143.01007941895912 -0.44637266051248947 151.11971403001186 0.0015504700238213487 0.00061278222304502166 146.65125264373984 157.10495 0.0071483371678544025 0.012516570908459751 0.0022422986057314908 27.584892397245611 0.20023571428571421 -0.76800000000000057 0.1295000000000073 153.16489000000004 47.179485364888968 151.68914000000004 0.19338571428571474 71.322780420925952 0.15300000000000583 -0.36499999999999483 1.0000000180025095e-35 0.077334899242852292 0.00066095823197871446 48.570064207780227 -0.0036201825451842849 -0.25262604616743539 3206.9500000000003
decision_type=2 2 2 2 2 2 2 2 2 2 2 2 2 2 2 2 2 2 2 2 2 2 2 2 2 2 2 2
left_child=3 2 -2 21 5 20 16 13 9 14 -11 19 -13 -5 -6 -8 -7 -15 -19 -10 -3 25 23 -23 -25 -1 -27 -28
right_child=1 4 -4 7 8 6 15 -9 11 10 -12 12 -14 17 -16 -17 -18 18 -20 -21 -22 22 -24 24 -26 26 27 -29
leaf_value=0 -9.3681650245142913e-05 0 0 0 3.4037480475351144e-07 5.6138968444303708e-07 -2.2790874409186944e-05 0 1.2648646977542008e-06 7.4372971757838963e-05 0 0 -2.7335325577850963e-05 0 -1.0427573328826243e-05 0 1.1931314693275211e-05 6.3378582733167617e-05 0 -1.6730582573408606e-05 7.5617404096415568e-05 0 0 0 4.8571692335593687e-05 0 0 -1.0455572566067943e-05
leaf_weight=28 73 10.999999999999998 49 32 1890 1801 311 20 1543 123 203 254 1040 30 1153 596 1428 270 9.9999999999999982 151 82 9.9999999999999982 52 9.9999999999999982 59 14.999999999999998 11.999999999999998 151
leaf_count=28 73 11 49 32 1890 1801 311 20 1543 123 203 254 1040 30 1153 596 1428 270 10 151 82 10 52 10 59 15 12 151
internal_value=0 -1.20755e-06 -5.35535e-05 2.36877e-05 -3.194e-07 4.54209e-06 2.39504e-06 4.29386e-05 -4.02547e-06 0 3.20816e-05 -9.26167e-06 -2.09359e-05 4.93338e-05 -2.75448e-06 -8.97844e-06 6.51929e-06 5.54643e-05 6.03156e-05 0 6.75593e-05 0 6.99529e-06 3.31453e-05 4.19082e-05 0 -4.44224e-06 -7.72061e-06
internal_weight=0 10708 122 699 10586 4229 4136 362 6357 3369 326 2988 1294 342 3043 907 3229 310 280 1694 93 337 131 79 69 206 178 163
internal_count=11407 10708 122 699 10586 4229 4136 362 6357 3369 326 2988 1294 342 3043 907 3229 310 280 1694 93 337 131 79 69 206 178 163
is_linear=0
shrinkage=0.03


Tree=6
num_leaves=45
num_cat=0
split_feature=35 49 32 47 49 1 3 32 47 8 32 32 47 49 44 33 8 51 7 44 7 4 51 51 47 3 32 7 30 49 51 8 39 10 4 20 4 47 13 49 51 2 30 6
split_gain=0.000254868 0.000349806 0.000291873 0.000475335 0.000391475 0.000171859 0.00032414 0.000624034 0.000301904 0.000241702 0.000187975 0.000168971 0.000153615 0.000128904 0.000128285 0.000184515 0.000205071 0.00010371 9.19233e-05 0.000161811 8.47518e-05 0.000156227 0.000105636 7.6923e-05 7.46449e-05 7.31477e-05 5.94911e-05 9.55262e-05 0.000105044 5.82758e-05 7.28933e-05 5.27497e-05 5.21585e-05 4.71331e-05 4.67787e-05 4.1084e-05 2.35402e-05 1.19878e-05 7.34132e-06 7.13271e-06 3.36939e-05 6.46703e-06 6.11277e-06 1.42671e-07
threshold=0.28249999999999892 143.56305 0.30721607142857077 27.290193777203463 153.87680000000003 146.55685633530865 0.076271234639188015 0.3854392857142856 26.715118751351884 5497.5750000000016 0.19257857142857124 0.55106071428571524 15.677788498062736 155.95577500000002 78.03049152265514 0.99743557856911613 3433.0250000000001 151.86187000000004 0.00094971518870355664 48.720964094089922 0.0011428877444423448 0.16357142857142906 147.97068000000004 150.12203000000002 23.171448276258698 0.30869844025984977 0.2032589285714301 0.0011165855604549008 0.067678271512799662 154.18042500000004 156.79477000000003 2678.4000000000005 0.00091533716789070406 0.00059064625284437121 0.33632142857143071 -0.0017818351671768926 0.21671428571428417 17.292621539433647 0.14100000000000537 154.18042500000004 147.66303000000002 0.073816827466032478 0.072838053170692044 1.2059999999999891
decision_type=2 2 2 2 2 2 2 2 2 2 2 2 2 2 2 2 2 2 2 2 2 2 2 2 2 2 2 2 2 2 2 2 2 2 2 2 2 2 2 2 2 2 2 2
left_child=5 18 20 42 11 6 7 9 -9 12 13 -5 -1 17 15 16 -12 23 -2 32 21 22 -3 -7 31 -17 37 28 -28 36 -31 -15 -20 -23 -11 -19 -16 -8 -39 40 -22 -26 -4 -29
right_child=1 2 3 4 -6 10 26 8 -10 34 14 -13 -14 24 29 25 -18 35 19 -21 39 33 -24 -25 41 -27 27 43 -30 30 -32 -33 -34 -35 -36 -37 -38 38 -40 -41 -42 -43 -44 -45
leaf_value=0 0 3.9778583268650681e-05 1.1271878857301075e-05 -9.7212634708644885e-05 0 6.5347838968492256e-06 0 0.00020248215372765352 0 -1.2856939714535165e-05 0 0 3.3620065456624252e-05 -2.3836784573119593e-05 0 2.4158101601715676e-06 -2.7634074645588271e-05 0 0 0 0 0 -1.9172471152768175e-06 -2.5165007513539889e-06 2.273432598787946e-06 -7.4487724341452101e-05 -4.07453442233717e-05 1.1794751094655949e-06 0 2.6088400253192337e-05 0 0 7.0629447655235178e-05 -2.134082667773539e-05 4.880474829065613e-06 1.5385871836924593e-05 -1.1332980190978686e-05 1.0592178421512707e-05 0 0 1.3751703327328431e-05 -1.738701833865801e-06 0 0
leaf_weight=50 101 59 43 160 61 1621 20 29 30 247 88 14.999999999999998 425 222 135 537 754 179 12.999999999999998 81 79 63 337 1189 887 10.999999999999998 140 92 15.999999999999998 173 50 202 73 759 51 1210 166 171 9.9999999999999982 119 194 408 9.9999999999999982 91
leaf_count=50 101 59 43 160 61 1621 20 29 30 247 88 15 425 222 135 537 754 179 13 81 79 63 337 1189 887 11 140 92 16 173 50 202 73 759 51 1210 166 171 10 119 194 408 10 91
internal_value=0 -9.16463e-06 -1.46297e-05 -4.48788e-05 -6.53932e-05 2.26809e-06 1.21273e-05 2.43345e-05 0.000125202 1.27107e-05 1.57524e-07 -8.81712e-05 2.68426e-05 3.16729e-06 -7.58041e-06 -1.27324e-05 -2.15579e-05 6.24418e-06 1.83513e-05 3.2165e-05 -7.32952e-06 -1.15593e-05 0 1.63754e-06 -2.60353e-06 0 -1.13133e-06 -1.24285e-05 -2.97553e-05 3.63723e-07 1.53106e-05 -1.36308e-05 6.0771e-05 -1.92081e-05 0 1.34019e-05 -7.57251e-07 3.0091e-06 8.34042e-06 0 4.84651e-06 0 0 0
internal_weight=0 2167 1899 289 236 9204 1372 832 59 773 7832 175 475 5918 1914 1390 842 4199 268 167 1610 1218 396 2810 1719 548 540 339 156 524 223 424 86 822 298 1389 301 201 181 392 273 1295 53 183
internal_count=11371 2167 1899 289 236 9204 1372 832 59 773 7832 175 475 5918 1914 1390 842 4199 268 167 1610 1218 396 2810 1719 548 540 339 156 524 223 424 86 822 298 1389 301 201 181 392 273 1295 53 183
is_linear=0
shrinkage=0.03


Tree=7
num_leaves=38
num_cat=0
split_feature=35 0 0 32 47 49 4 52 44 39 39 39 1 39 8 3 49 8 32 19 52 51 31 4 39 8 1 3 40 47 2 47 0 44 47 33 18
split_gain=0.000247608 0.000317362 0.000254083 0.000513699 0.000430482 0.000305082 0.000230343 0.000266863 0.000349165 0.00022189 0.000154279 0.000123461 0.000152531 0.00012082 0.000129285 0.000124251 0.000204746 0.000109759 0.000221999 0.000103887 0.000100964 7.89547e-05 8.04554e-05 7.76855e-05 9.35317e-05 7.61713e-05 0.000168453 7.24933e-05 7.32198e-05 6.70421e-05 6.42586e-05 3.51525e-05 2.14521e-05 1.33822e-05 8.79753e-06 8.68579e-06 9.7857e-06
threshold=0.28249999999999892 157.22577352751713 143.01007941895912 0.30721607142857077 22.870194565414916 156.24790000000004 0.34178571428571408 0.0019267139175735205 21.756750054427538 0.00081823162500739273 0.0013176862845218711 0.0009336277005171287 154.23573290141414 0.00096198128467745011 2726.6250000000005 -0.10687237880178276 157.41410000000005 2235.4500000000003 0.090099999999997724 -0.0037707877108402728 -0.0064655004243049747 152.39127000000005 0.0022823550629254806 0.21457142857143299 0.00091159159196749575 5620.4000000000005 146.55685633530865 -0.063710809073833571 0.99028464050430087 31.378456654344344 -0.065291208011188914 63.516436320681564 151.61960818896031 19.805448458509684 45.699232736825358 1.2451436085553689 0.0015285809626293114
decision_type=2 2 2 2 2 2 2 2 2 2 2 2 2 2 2 2 2 2 2 2 2 2 2 2 2 2 2 2 2 2 2 2 2 2 2 2 2
left_child=1 6 23 21 -5 10 9 8 -8 25 -6 19 -13 14 17 -15 -17 -3 -19 -11 -10 27 30 -2 -25 26 -1 28 -4 -18 -23 33 -29 -26 -27 36 -16
right_child=2 13 3 4 5 -7 7 -9 20 11 -12 12 -14 15 35 16 29 18 -20 -21 -22 22 -24 24 31 34 -28 32 -30 -31 -32 -33 -34 -35 -36 -37 -38
leaf_value=3.4680938609980463e-05 0 0 0 0 0 0 0 0 0 0 -8.6010324905630623e-05 -1.3876220646632406e-06 2.1245322944402476e-05 0 7.0181757750869978e-06 0 0 -7.2447142850661089e-05 0 -1.7611677095267384e-05 9.9720942312350017e-05 -2.1472963319174461e-05 0 0 0 0 6.7906240804986974e-06 -1.3635713919689768e-05 1.5723768547930204e-05 -0.00012363341211243944 0 0 0 5.2330569092803828e-05 -1.3369023949685703e-05 0 0
leaf_weight=278 71 316 206 42 29 26 57 139 27 91 207 1452 300 27 384 23 14.999999999999998 82 179 693 98 485 34 34 9.9999999999999982 204 4526 242 426 37 248 14.999999999999998 32 97 44 110 50
leaf_count=278 71 316 206 42 29 26 57 139 27 91 207 1452 300 27 384 23 15 82 179 693 98 485 34 34 10 204 4526 242 426 37 248 15 32 97 44 110 50
internal_value=0 3.28691e-06 -7.76294e-06 -1.21696e-05 -4.90695e-05 -6.53485e-05 5.73346e-06 3.21561e-05 5.60349e-05 4.21911e-06 -7.68263e-05 -2.12862e-06 7.7882e-07 -1.00798e-05 -4.15138e-06 -4.57055e-05 -6.57503e-05 -1.51998e-05 -2.98074e-05 -1.24487e-05 8.41204e-05 -3.66402e-06 -1.10402e-05 1.73824e-05 2.97779e-05 7.99927e-06 9.0311e-06 0 7.90375e-06 -9.87301e-05 -1.50427e-05 4.26794e-05 -9.68792e-06 4.86932e-05 0 2.05754e-06 4.82755e-06
internal_weight=0 9132 2204 1977 304 262 7909 321 182 7588 236 2536 1752 1223 1121 102 75 577 261 784 125 1673 767 227 156 5052 4804 906 632 52 733 122 274 107 248 544 434
internal_count=11336 9132 2204 1977 304 262 7909 321 182 7588 236 2536 1752 1223 1121 102 75 577 261 784 125 1673 767 227 156 5052 4804 906 632 52 733 122 274 107 248 544 434
is_linear=0
shrinkage=0.03


Tree=8
num_leaves=46
num_cat=0
split_feature=8 0 32 30 52 0 39 7 0 47 40 8 32 40 8 3 7 47 33 39 8 32 49 8 8 38 1 4 39 3 40 27 47 0 3 39 8 26 47 32 0 0 23 39 3
split_gain=0.000224327 0.000326306 0.000346592 0.000331961 0.000518695 0.000215284 0.000326283 0.000212328 0.000169587 0.000271805 0.000384085 0.000135565 0.000124165 0.000121854 0.000119263 0.000110422 0.000106356 0.000176545 0.000161011 0.000141698 0.00018167 0.000114911 9.93199e-05 8.49146e-05 7.98283e-05 7.71811e-05 7.71378e-05 7.10704e-05 6.74053e-05 7.86684e-05 6.39375e-05 5.74678e-05 5.42738e-05 4.11985e-05 3.7492e-05 3.2002e-05 5.28009e-05 2.94884e-05 1.53077e-05 1.38221e-05 2.67359e-05 1.28775e-05 3.30948e-06 2.08475e-06 1.00607e-06
threshold=5647.0250000000005 144.89289161694091 0.3854392857142856 -0.067852429679237256 -0.00082235907085125698 147.53955704876137 0.00054427153846103729 0.0008757959406891267 152.85658024477982 27.290193777203463 0.9157824918075278 4182.0000000000009 0.23250714285714119 0.81263130198450828 9302.6750000000011 0.11707506476304237 0.0010640421588629882 45.92457101716488 0.88885574073833273 0.00067249631843103129 3403.9000000000001 0.13787499999999883 141.95755000000003 6335.9500000000007 4427.9500000000016 0.54604306500292821 156.27823210706018 0.10607142857143058 0.0010700762060677114 -0.0019223604689529964 0.94885163908869841 0.075410322309154662 48.728848436685418 152.38043684352462 -0.026304070608018513 0.00097684533521734482 5120.3500000000013 0.0021137953803384113 36.418867640382395 0.25141607142856809 156.25468379227718 154.86701163588978 0.00033918159563842409 0.0010572323019015343 -0.13740037034749089
decision_type=2 2 2 2 2 2 2 2 2 2 2 2 2 2 2 2 2 2 2 2 2 2 2 2 2 2 2 2 2 2 2 2 2 2 2 2 2 2 2 2 2 2 2 2 2
left_child=5 2 22 -4 13 6 15 42 9 14 -11 28 25 -5 -9 37 19 18 -18 21 33 27 32 -24 -23 -13 -22 -7 38 -30 -25 -20 34 -21 -2 -19 -37 -1 -8 40 -10 -41 44 -14 -3
right_child=1 7 3 4 -6 16 11 8 39 10 -12 12 43 -15 -16 -17 17 35 31 20 26 24 23 30 -26 -27 -28 -29 29 -31 -32 -33 -34 -35 -36 36 -38 -39 -40 41 -42 -43 -44 -45 -46
leaf_value=9.4153342825114276e-05 0 0 0 0 0 2.2972925827807492e-06 0 -1.5477737743277398e-05 -2.4475774722276205e-05 -0.00010835012073005913 -2.3046829600453881e-05 2.6350704350536836e-05 -6.0476968771225218e-06 0.00016736214353507234 2.1115317171661168e-05 0 0 0 3.9454144444323099e-05 1.2540751295486899e-05 -1.5178861422389116e-05 1.4804689852356355e-05 0 0 0 0 0 -6.0035869926375471e-06 0 -4.9781160221680185e-05 -2.9587702905864373e-05 0 0 0 6.6985405418138198e-05 -2.8912861642646037e-05 0 0 9.1018584888582284e-06 1.0832994470305506e-05 0 0 0 0 5.0334769580536009e-06
leaf_weight=67 33 37 21 9.9999999999999982 31 1978 287 289 57 93 524 503 51 43 85 22 120 62 283 255 1553 841 151 54 266 58 256 1502 29 53 199 41 17 545 29 91 67 12.999999999999998 166 117 28 65 86 161 153
leaf_count=67 33 37 21 10 31 1978 287 289 57 93 524 503 51 43 85 22 120 62 283 255 1553 841 151 54 266 58 256 1502 29 53 199 41 17 545 29 91 67 13 166 117 28 65 86 161 153
internal_value=0 -8.99585e-06 6.60226e-06 5.66203e-05 8.68823e-05 1.80331e-06 1.26001e-05 -1.69302e-05 -2.23913e-05 -2.81137e-05 -4.08108e-05 5.98547e-06 1.47508e-05 0.000143866 0 6.78309e-05 0 1.1343e-05 2.34519e-05 -1.19337e-06 -7.00455e-06 1.45819e-06 0 -1.00095e-05 1.00818e-05 2.23351e-05 -1.26265e-05 -4.23657e-07 -1.07604e-06 -2.72883e-05 -2.14855e-05 3.4646e-05 2.48276e-05 1.95939e-06 3.96063e-05 0 -1.34887e-05 8.42567e-05 0 0 -1.09694e-05 3.4548e-06 0 0 3.95623e-06
internal_weight=0 2122 588 105 84 9270 1410 1534 1258 991 617 1308 773 53 374 102 7860 664 444 7196 2609 4587 483 404 1107 561 1809 3480 535 82 253 324 79 800 62 220 158 80 453 267 85 182 276 212 190
internal_count=11392 2122 588 105 84 9270 1410 1534 1258 991 617 1308 773 53 374 102 7860 664 444 7196 2609 4587 483 404 1107 561 1809 3480 535 82 253 324 79 800 62 220 158 80 453 267 85 182 276 212 190
is_linear=0
shrinkage=0.03


Tree=9
num_leaves=36
num_cat=0
split_feature=1 32 47 31 39 0 7 51 4 52 51 32 3 30 7 7 51 52 31 49 3 51 27 4 30 0 47 40 33 44 20 30 0 0 7
split_gain=0.000263807 0.000444232 0.00122435 0.00070024 0.000393339 0.000287533 0.000278691 0.000255944 0.000171347 0.000118398 0.000116409 0.000174713 0.000109155 0.000109235 0.000104708 0.000189579 0.000187436 0.000359545 0.000145825 0.000138 0.000130434 9.8583e-05 9.82601e-05 8.68347e-05 9.4779e-05 8.40271e-05 8.29975e-05 0.000199789 0.000170384 6.41769e-05 6.06923e-05 5.82396e-05 4.17248e-05 8.46004e-05 3.92367e-05
threshold=146.55685633530865 0.3854392857142856 22.870194565414916 0.0035570207482794503 0.0020120109874890006 156.09115646220582 0.00070459437166223409 144.29323000000002 0.18200000000000319 0.0015256678208084044 142.67777000000004 0.19422321428571607 0.35880655655162058 -0.13369613198583677 0.0014128759840445024 0.00068318526475452137 155.99991000000003 -0.00046307895910704721 0.0027818978698457525 147.71730000000005 0.015084263550660641 146.07714000000001 -0.02588788819253721 0.19360714285714262 0.060644097123273601 142.4444551577221 43.400375296402679 0.96955644795447715 1.0214569559230642 57.692306305472805 -0.00066741117724994348 -0.0377277418621959 153.05530229209472 146.4343572548903 0.002786147346504043
decision_type=2 2 2 2 2 2 2 2 2 2 2 2 2 2 2 2 2 2 2 2 2 2 2 2 2 2 2 2 2 2 2 2 2 2 2
left_child=1 6 3 -3 14 12 10 8 29 21 -1 22 13 -6 15 16 30 -18 19 -16 -21 31 -12 -9 -25 -10 28 -28 -17 -8 -2 -4 33 -20 -11
right_child=4 2 9 -5 5 -7 7 23 25 34 11 -13 -14 -15 18 26 17 -19 32 20 -22 -23 -24 24 -26 -27 27 -29 -30 -31 -32 -33 -34 -35 -36
leaf_value=0 0 0.00023739368249095649 0 0 0 0 -2.7883867257548478e-05 0 3.0735233395172875e-05 -3.5118287244302018e-05 0 0 0 -0.00011531726961894137 0 -1.073772381479881e-05 -3.2505734046115539e-05 0 0 4.259636144165518e-05 0 0 7.2323736226917313e-05 -3.2336342405266301e-05 0 9.903886181708443e-07 0 -2.3238808159678765e-05 3.4595217599625851e-06 0 8.4141986618308681e-06 6.3092961305741212e-05 0 -5.4525658443060096e-05 0
leaf_weight=99 902 41 18 10.999999999999998 9.9999999999999982 46 105 96 266 41 27 56 31 62 69 1338 357 1172 9.9999999999999982 248 85 20 119 332 55 508 285 754 1338 70 2652 58 21 38 27
leaf_count=99 902 41 18 11 10 46 105 96 266 41 27 56 31 62 69 1338 357 1172 10 248 85 20 119 332 55 508 285 754 1338 70 2652 58 21 38 27
internal_value=0 1.05827e-05 5.24639e-05 0.000180146 -1.47074e-06 -4.99926e-05 3.62366e-06 0 6.98647e-06 0 3.01331e-05 4.32463e-05 -7.82133e-05 -0.000100494 -3.65507e-07 -1.4146e-06 1.9028e-06 -5.93896e-06 1.28539e-05 2.27894e-05 3.16151e-05 3.07294e-05 6.05055e-05 -1.95127e-05 -2.60174e-05 1.50952e-05 -6.76084e-06 -1.47966e-05 -2.51856e-06 -1.17282e-05 6.12074e-06 4.85248e-05 -1.58914e-06 -2.79482e-05 -1.51237e-05
internal_weight=0 1949 216 52 9418 149 1733 1432 949 164 301 202 103 72 9269 8798 5083 1529 471 402 333 96 146 483 387 774 3715 1039 2676 175 3554 76 69 48 68
internal_count=11367 1949 216 52 9418 149 1733 1432 949 164 301 202 103 72 9269 8798 5083 1529 471 402 333 96 146 483 387 774 3715 1039 2676 175 3554 76 69 48 68
is_linear=0
shrinkage=0.03


Tree=10
num_leaves=41
num_cat=0
split_feature=47 8 49 4 4 52 52 39 4 44 8 1 51 20 13 40 44 52 8 0 8 36 44 32 39 44 32 4 44 31 40 7 39 51 36 35 33 0 30 35
split_gain=0.000212409 0.000341756 0.000286491 0.000247092 0.000201035 0.000452502 0.00032691 0.000224958 0.000268893 0.000246982 0.000212206 0.000173835 0.000169673 0.000152475 0.000143178 0.000138419 0.000130407 0.00017436 0.000129405 0.000114594 9.72224e-05 7.82842e-05 7.66234e-05 7.46746e-05 0.000134252 6.55958e-05 6.37751e-05 7.61609e-05 6.25173e-05 6.15745e-05 5.31007e-05 5.54065e-05 9.46738e-05 4.28426e-05 3.52982e-05 3.3086e-05 1.46969e-05 3.64763e-06 1.23575e-06 7.61129e-07
threshold=45.92457101716488 7164.5500000000002 151.13385000000002 0.69357142857142928 0.34178571428571408 0.00083598746486241674 -0.0062654614204156215 0.00081248684035769225 0.21764285714286 67.104895806510982 5938.7250000000013 149.62931916622284 153.10192000000001 0.0028652409424967389 0.18800000000000242 1.0973460470249174 79.144639345470353 -0.0071824803061900722 3158.1250000000005 155.43599216361747 2324.2750000000005 0.70205812518953226 7.390730454876274 0.13586785714285762 0.0006651503398872171 82.963305475523811 0.26376607142857122 0.13699999999999948 34.339454876443938 0.0015793541690491051 1.3896079291006396 0.0019606683831924869 0.0029471873666284689 148.04763000000003 1.6278045692207239 0.37300000000000472 0.80010391491772459 143.94911828867649 -0.036194535970010225 -0.011500000000012276
decision_type=2 2 2 2 2 2 2 2 2 2 2 2 2 2 2 2 2 2 2 2 2 2 2 2 2 2 2 2 2 2 2 2 2 2 2 2 2 2 2 2
left_child=4 12 3 22 7 6 -6 11 9 18 29 13 15 35 19 26 17 38 -9 -8 -19 -12 -3 28 -25 -24 27 -2 -13 -10 31 -7 -33 37 -35 -1 -11 -17 -14 -15
right_child=1 2 -4 -5 5 30 14 8 10 36 21 23 16 39 -16 33 -18 20 -20 -21 -22 -23 25 24 -26 -27 -28 -29 -30 -31 -32 32 -34 34 -36 -37 -38 -39 -40 -41
leaf_value=2.0578499323541778e-05 0 0 0 0 0 0 8.9409575255581123e-05 0 0 6.6691286279012693e-06 0 -1.1010816149419109e-05 4.0957166055811853e-06 -1.9073279192373021e-06 0 0 0 0 -2.7248482883173325e-05 0 -3.0639724144434055e-05 -1.4656557737145625e-05 -9.1781332505703548e-05 1.7176183769051838e-05 0 0 0 2.1801140644779308e-05 0 2.1935931931431221e-05 0 -6.2181242190886683e-05 0 -1.7578583250468989e-05 0 0 -2.1416580294329815e-06 4.7697246806749777e-06 0 0
leaf_weight=1091 356 12.999999999999998 35 14.999999999999998 77 74 145 158 305 262 166 492 66 188 24 92 276 85 859 17 560 466 122 640 798 13.999999999999998 54 492 1884 478 31 47 11.999999999999998 303 41 50 340 144 38 56
leaf_count=1091 356 13 35 15 77 74 145 158 305 262 166 492 66 188 24 92 276 85 859 17 560 466 122 640 798 14 54 492 1884 478 31 47 12 303 41 50 340 144 38 56
internal_value=0 -7.00504e-06 -4.60159e-05 -6.43263e-05 2.59666e-06 2.31042e-05 4.91216e-05 1.16786e-06 -4.82778e-06 -1.35945e-05 3.08394e-06 5.24384e-06 -2.70681e-06 1.45961e-05 7.06364e-05 2.15137e-06 -1.26556e-05 -1.93854e-05 -2.26424e-05 8.07544e-05 -2.60679e-05 -6.85498e-06 -7.77374e-05 1.06031e-06 6.87972e-06 -8.44123e-05 1.09426e-05 1.39652e-05 -1.19966e-06 1.49357e-05 -3.72941e-07 -1.89391e-05 -4.05858e-05 -6.34944e-06 -1.34142e-05 1.94636e-05 0 0 0 0
internal_weight=0 2706 199 164 8660 427 263 8233 3034 1619 1415 5199 2507 1385 186 1482 1025 749 1017 162 645 632 149 3814 1438 136 902 848 2376 783 164 133 59 580 344 1141 602 236 104 244
internal_count=11366 2706 199 164 8660 427 263 8233 3034 1619 1415 5199 2507 1385 186 1482 1025 749 1017 162 645 632 149 3814 1438 136 902 848 2376 783 164 133 59 580 344 1141 602 236 104 244
is_linear=0
shrinkage=0.03


Tree=11
num_leaves=39
num_cat=0
split_feature=1 32 47 4 32 32 51 51 47 52 30 1 33 4 31 35 23 6 51 33 7 30 32 39 51 36 51 51 51 17 32 1 32 51 33 20 35 36
split_gain=0.000163855 0.000528997 0.000952323 0.000485192 0.000338399 0.000244778 0.00035142 0.000273443 0.000225651 0.00016376 0.000159445 0.000133827 0.000132169 0.000118837 0.000134934 0.000117849 0.000106098 9.97825e-05 8.70994e-05 0.000104804 8.18178e-05 8.15739e-05 7.88678e-05 7.2166e-05 8.74508e-05 6.82498e-05 6.09375e-05 5.31294e-05 0.000108363 7.17334e-05 5.07026e-05 4.30794e-05 4.18122e-05 3.97899e-05 2.43786e-05 2.40025e-05 1.14144e-05 7.69762e-06
threshold=146.55685633530865 0.3854392857142856 22.870194565414916 0.48996428571428657 0.3854392857142856 0.20428035714285556 144.72167000000005 145.58537000000004 27.430501726080859 0.0019267139175735205 -0.16974027004499329 157.19220253924968 0.85092825451955489 0.2265714285714294 0.0018785921951142454 0.27100000000000085 0.0018961648571241671 -1.0000000180025095e-35 151.75005000000002 1.0168251143864666 0.0012507318144066805 0.0018452579897924933 0.18991785714285417 0.0033304571156235903 146.07714000000001 0.64654173272963422 156.66841000000002 157.84748000000005 161.58409000000003 -0.002092847710158829 0.26138392857142717 148.69772506662508 0.61033928571428797 143.68193000000005 1.3164949740994241 -0.0044450611523805241 -0.81050000000000455 1.0676598527878696
decision_type=2 2 2 2 2 2 2 2 2 2 2 2 2 2 2 2 2 2 2 2 2 2 2 2 2 2 2 2 2 2 2 2 2 2 2 2 2 2
left_child=1 5 3 -3 11 7 13 17 -8 23 -6 15 -10 33 -15 18 32 35 30 -20 26 -19 34 24 -4 -13 -17 29 -29 -27 -2 -22 36 -7 -9 -1 -12 -11
right_child=4 2 9 -5 10 6 8 22 12 37 16 25 -14 14 -16 20 -18 21 19 -21 31 -23 -24 -25 -26 27 -28 28 -30 -31 -32 -33 -34 -35 -36 -37 -38 -39
leaf_value=0 9.0811782031887062e-07 0.00024302715779283597 6.2645551800743289e-05 0 0 -1.4961979104259723e-05 0 9.6312641413717328e-05 0 -1.9559590554413514e-05 0 0 -5.8490310538929455e-05 3.7424192308786909e-05 0 -1.2842045344630286e-05 0 0 1.6466345958427549e-07 1.3688648742786239e-05 0 2.6864748647937303e-05 0 0 0 0 0 0 -5.3463726493985792e-05 -2.7046503133142203e-05 -1.5870999682478347e-05 1.2842119851641004e-05 0 0 0 -9.8108165613524186e-06 -9.0432402551949054e-05 0
leaf_weight=89 3317 32 72 10.999999999999998 10.999999999999998 209 69 55 57 37 15.999999999999998 303 197 157 229 1065 30 113 1675 1298 51 240 23 11.999999999999998 14.999999999999998 39 100 561 34 384 170 240 13.999999999999998 75 12.999999999999998 227 73 20
leaf_count=89 3317 32 72 11 11 209 69 55 57 37 16 303 197 157 229 1065 30 113 1675 1298 51 240 23 12 15 39 100 561 34 384 170 240 14 75 13 227 73 20
internal_value=0 8.51797e-06 5.55043e-05 0.000184318 -9.23266e-07 1.46446e-06 -6.31629e-06 1.55749e-05 -3.30409e-05 5.18414e-07 -4.65405e-05 0 -4.67603e-05 2.1008e-06 1.59981e-05 1.26207e-06 -5.84917e-05 3.95764e-06 3.30596e-06 7.07895e-06 -5.74507e-06 1.68249e-05 6.78288e-05 3.75594e-05 4.84624e-05 -9.03398e-06 -1.01834e-05 -1.28926e-05 -9.30689e-07 -2.26186e-05 0 1.71703e-06 -7.30702e-05 -6.23244e-06 8.47897e-05 -9.33926e-07 -8.12263e-05 -1.13198e-05
internal_weight=0 1952 199 43 9381 1753 993 760 323 156 144 9237 254 670 386 7916 133 669 6460 2973 1456 353 91 99 87 1321 1165 1018 595 423 3487 291 103 284 68 316 89 57
internal_count=11333 1952 199 43 9381 1753 993 760 323 156 144 9237 254 670 386 7916 133 669 6460 2973 1456 353 91 99 87 1321 1165 1018 595 423 3487 291 103 284 68 316 89 57
is_linear=0
shrinkage=0.03


Tree=12
num_leaves=39
num_cat=0
split_feature=35 1 32 47 32 10 1 7 51 31 3 7 44 31 8 32 51 32 44 39 3 1 35 8 8 1 39 7 8 8 1 5 1 38 25 1 27 47
split_gain=0.00026175 0.000183625 0.000254949 0.000385188 0.000262497 0.000240799 0.000167688 0.00011989 0.000122068 0.000183636 0.00011921 0.000234773 0.000251603 0.000360893 0.000223132 0.000169771 0.000119011 0.000109184 0.00010327 9.42211e-05 0.000163051 8.71641e-05 7.38736e-05 7.02973e-05 7.02714e-05 0.000116303 5.87653e-05 7.06613e-05 5.38445e-05 3.30753e-05 5.152e-05 2.21951e-05 2.39331e-05 1.38355e-05 8.87304e-06 7.6482e-06 4.65315e-06 6.50411e-06
threshold=0.27649999999999869 143.77399154581533 0.30721607142857077 27.430501726080859 0.61033928571428797 0.0014359028254606345 157.19220253924968 0.0012507318144066805 147.97068000000004 0.001249380402371726 0.072214444612808154 0.0014128759840445024 24.503150402190666 0.0020455258471152693 6335.9500000000007 0.1769678571428582 142.82845000000003 0.19800357142857369 66.72611268089959 0.00096198128467745011 0.090373333627723471 154.17687826426254 -0.81050000000000455 2726.6250000000005 2235.4500000000003 158.50817120706958 0.00097684533521734482 0.00099832021320153891 9302.6750000000011 4465.3750000000009 155.2552877289819 -0.66299999999999659 155.08654117932551 -0.21406039549392328 0.0037338393875989465 150.28134399377751 0.045067818095831415 22.702537769828684
decision_type=2 2 2 2 2 2 2 2 2 2 2 2 2 2 2 2 2 2 2 2 2 2 2 2 2 2 2 2 2 2 2 2 2 2 2 2 2 2
left_child=6 26 7 35 5 -5 10 8 9 -3 11 14 -13 -14 16 29 -1 -10 22 23 -21 -20 -17 24 -8 -26 -2 -28 -16 30 -12 -9 -33 -29 -35 -4 37 -25
right_child=1 2 3 4 -6 -7 19 31 17 -11 15 12 13 -15 28 18 -18 -19 21 20 -22 -23 -24 36 25 -27 27 33 -30 -31 -32 32 -34 34 -36 -37 -38 -39
leaf_value=3.2443766191483158e-05 0 4.5714594200218776e-05 1.3406070831654878e-05 0 0 -8.8799785799442512e-05 0 0 -2.3939912374401858e-05 -5.5885635008555553e-06 1.152225254716294e-05 0 0 8.4437387110922099e-05 -2.1669701034350191e-05 0 4.9711497361375613e-06 0 -7.5494000806826081e-06 0 -9.7854888720188914e-05 1.6848144860282151e-05 -2.4062407560621629e-05 0 -4.170523549698508e-05 0 0 0 0 0 0 1.7552716183943338e-05 0 4.0110759399797745e-05 0 0 0 5.6994168831370647e-06
leaf_weight=202 103 76 38 49 22 164 314 30 647 186 948 91 53 126 302 86 4452 461 513 54 30 173 453 144 134 123 38 11.999999999999998 17 219 270 168 59 96 10.999999999999998 10.999999999999998 22 364
leaf_count=202 103 76 38 49 22 164 314 30 647 186 948 91 53 126 302 86 4452 461 513 54 30 173 453 144 134 123 38 12 17 219 270 168 59 96 11 11 22 364
internal_value=0 -9.21859e-06 -1.31751e-05 -4.17662e-05 -5.98413e-05 -7.1119e-05 2.36984e-06 -6.33414e-06 -1.09016e-05 0 4.1959e-06 6.85609e-06 3.59446e-05 5.66628e-05 4.67149e-06 0 6.81014e-06 -1.56865e-05 -9.16986e-06 -7.27856e-06 -4.12431e-05 0 -1.90627e-05 -1.95267e-06 -1.07218e-05 -2.2384e-05 8.31867e-06 2.12307e-05 -1.71116e-05 5.88408e-06 8.0796e-06 6.33851e-06 1.15482e-05 3.35765e-05 3.70069e-05 0 1.83834e-06 3.42997e-06
internal_weight=0 2171 1911 284 235 213 9090 1627 1370 262 7905 5243 270 179 4973 2662 4654 1108 1225 1185 84 686 539 1101 571 257 260 157 319 1437 1218 257 227 119 107 49 530 508
internal_count=11261 2171 1911 284 235 213 9090 1627 1370 262 7905 5243 270 179 4973 2662 4654 1108 1225 1185 84 686 539 1101 571 257 260 157 319 1437 1218 257 227 119 107 49 530 508
is_linear=0
shrinkage=0.03


Tree=13
num_leaves=36
num_cat=0
split_feature=39 0 0 7 39 51 47 51 40 0 0 49 3 3 7 52 35 8 18 32 31 8 51 7 8 0 0 1 51 7 51 23 31 51 3
split_gain=0.000201875 0.000411724 0.000399911 0.000194559 0.000203857 0.000209177 0.000174177 0.000209774 0.000163376 0.000194047 0.000154729 0.000159717 0.000147998 0.000135732 0.000159893 0.000116443 0.000113285 0.000112038 0.000174254 0.000110118 0.00010717 0.000261858 9.52486e-05 7.41472e-05 7.0706e-05 0.000101679 9.03911e-05 6.51826e-05 5.65485e-05 5.36178e-05 4.91038e-05 3.2467e-05 5.52605e-06 2.44115e-07 2.42489e-07
threshold=0.0020120109874890006 146.09132756531733 156.09115646220582 0.0014128759840445024 0.00081551312442934446 153.88639000000003 42.87714304795545 153.39665000000005 1.1076135451941018 147.53955704876137 144.78326372457786 154.04107500000006 0.00094767565405431845 0.11930273054235167 0.001563922340877269 -0.00046307895910704721 -0.92800000000001137 8986.9750000000022 0.0032929428827926936 0.55106071428571524 0.0015504700238213487 6335.9500000000007 151.92849000000004 0.00083506494549434455 7164.5500000000002 152.47676673518123 157.6139681501725 154.97875756622258 143.68193000000005 0.00086642098061355099 142.22370000000004 0.00036295948795675182 0.002154418807429588 142.35533000000001 -0.173474021188081
decision_type=2 2 2 2 2 2 2 2 2 2 2 2 2 2 2 2 2 2 2 2 2 2 2 2 2 2 2 2 2 2 2 2 2 2 2
left_child=3 17 16 4 5 8 7 13 9 -1 20 12 -12 14 -5 23 -3 33 -19 29 28 -22 -10 -7 26 32 30 -13 -6 -18 -8 -17 -26 -2 -9
right_child=1 2 -4 6 10 15 24 34 22 -11 11 27 -14 -15 -16 31 19 18 -20 -21 21 -23 -24 -25 25 -27 -28 -29 -30 -31 -32 -33 -34 -35 -36
leaf_value=3.2260774588522541e-05 0 0 0 0 -1.1818500391479486e-05 -1.8510739019821441e-05 0 -4.2122580883342908e-06 -5.1440436517909927e-06 6.3928522049238183e-06 -4.2400780713817298e-06 1.2327075578781107e-05 -2.6320318967758448e-05 0 6.2603460539264883e-05 4.0665778941095449e-06 0 8.7963719831292973e-05 0 0 3.9646939228620638e-05 0 1.7351803187211934e-05 0 0 0 0 -5.0639294334579825e-06 3.9133237879204456e-06 -0.00013617895068103721 2.9356757991902888e-05 -3.3329359402177339e-06 -4.2750656446659274e-05 -1.8484743633727526e-06 0
leaf_weight=423 14.999999999999998 33 50 104 356 568 10.999999999999998 11.999999999999998 1074 2348 1090 288 757 59 202 1131 9.9999999999999982 33 14.999999999999998 21 214 124 190 133 9.9999999999999982 20 21 579 135 62 163 946 79 64 62
leaf_count=423 15 33 50 104 356 568 11 12 1074 2348 1090 288 757 59 202 1131 10 33 15 21 214 124 190 133 10 20 21 579 135 62 163 946 79 64 62
internal_value=0 -2.40579e-05 -5.56556e-05 7.43931e-07 -3.37389e-08 2.70301e-06 1.56149e-05 2.77379e-05 7.29664e-06 1.14272e-05 -6.14281e-06 -9.92336e-06 -1.49165e-05 3.79747e-05 4.6029e-05 -2.88944e-06 -8.46967e-05 0 4.56909e-05 -0.00010394 2.61566e-06 1.72942e-05 0 -1.35096e-05 0 -2.10532e-05 8.81909e-06 0 -1.38705e-06 -0.000123743 2.35347e-05 0 -3.95887e-05 0 0
internal_weight=0 303 176 11099 10356 6813 743 439 4035 2771 3543 2714 1847 365 306 2778 126 127 48 93 829 338 1264 701 304 109 195 867 491 72 174 2077 89 79 74
internal_count=11402 303 176 11099 10356 6813 743 439 4035 2771 3543 2714 1847 365 306 2778 126 127 48 93 829 338 1264 701 304 109 195 867 491 72 174 2077 89 79 74
is_linear=0
shrinkage=0.03


Tree=14
num_leaves=48
num_cat=0
split_feature=1 47 8 32 0 51 4 51 32 0 5 33 4 23 47 47 4 39 20 32 31 39 32 6 44 33 17 28 0 40 30 2 44 32 14 39 47 26 0 27 40 49 36 26 0 51 43
split_gain=0.000251603 0.000338611 0.000805008 0.000236312 0.000553525 0.000417525 0.000232955 0.000231373 0.000229166 0.000257808 0.000247862 0.000225676 0.000153255 0.000147243 0.000122256 0.000106936 0.000137398 0.000172319 0.000135416 0.000106191 9.94789e-05 0.000107925 0.000188898 9.87008e-05 0.0001006 7.51791e-05 7.13505e-05 5.42615e-05 5.33635e-05 3.07119e-05 9.56102e-05 5.85326e-05 5.74457e-05 4.37553e-05 3.81819e-05 2.22078e-05 2.73524e-05 2.00943e-05 2.8532e-05 9.31859e-06 8.07995e-06 8.01314e-06 4.80043e-06 2.14224e-05 2.15009e-07 1.74094e-07 4.21762e-09
threshold=146.55685633530865 23.916283439928176 9302.6750000000011 0.2015892857142832 143.10920204469861 145.58537000000004 0.21671428571428417 144.72167000000005 0.26906250000000004 149.32713386371606 0.21549999999999161 0.85092825451955489 0.22542857142857289 0.0023547326666368252 16.297673357642825 47.04265679133659 0.17949999999999941 0.0011564241533446348 -0.0087019722381699288 0.18839821428571651 0.0020702860351649211 0.00076019887759564027 0.13787499999999883 0.82249999999999102 26.203801946501361 1.0095425793584896 0.0011267019853666851 -0.020397470291845878 147.15050784043089 0.96187614906151464 0.047761163743924633 -0.16198656579376799 63.023694872826788 0.27485714285714286 0.0069999999999907922 0.00082126668953400809 34.029301260540514 0.00078679869295258996 155.43599216361747 -0.0042025268291499334 0.91809713101810064 157.52072500000003 0.56840533985140829 -0.00083692642878469968 142.83134985447745 144.40470000000002 92.937978090381264
decision_type=2 2 2 2 2 2 2 2 2 2 2 2 2 2 2 2 2 2 2 2 2 2 2 2 2 2 2 2 2 2 2 2 2 2 2 2 2 2 2 2 2 2 2 2 2 2 2
left_child=1 2 14 5 6 35 44 40 15 10 12 -9 -10 -8 42 20 37 18 -18 26 21 22 -2 24 -16 -23 -7 -14 -22 32 33 -32 34 -31 -11 45 -37 39 -39 -17 -6 -30 -1 -44 -5 -3 -19
right_child=8 3 -4 4 7 19 13 11 9 29 -12 -13 27 -15 23 16 17 46 -20 -21 28 25 -24 -25 -26 -27 -28 -29 41 30 31 -33 -34 -35 -36 36 -38 38 -40 -41 -42 -43 43 -45 -46 -47 -48
leaf_value=0 0 -9.3221351576153159e-07 0.00016131969163385497 -1.5427805458103559e-06 -9.4575859452477487e-06 0.00012156541695635064 4.3185821829323284e-05 0 0 0 0 -5.4362608299967688e-05 0 0 0 -6.3362773713014361e-06 0 2.0502692481434636e-07 -3.1620762807845297e-05 0 0 -8.5550748688156762e-06 1.220703279671975e-05 0 4.0742088375170399e-05 4.9228518091503006e-07 0 -7.6325069298214206e-05 4.0667888466833438e-05 0 -3.9796825972997981e-05 0 0 2.8753290681196084e-05 -3.2334407858651806e-05 0 1.8121582865978411e-05 1.0556107725533325e-05 0 0 0 0 0 -1.758728071116216e-05 0 0 0
leaf_weight=38 2952 180 45 81 81 49 261 77 28 12.999999999999998 66 266 14.999999999999998 17 61 393 83 90 467 17 9.9999999999999982 1336 1646 15.999999999999998 216 795 10.999999999999998 147 100 18 34 72 121 150 108 50 136 326 190 263 187 11.999999999999998 23 76 20 63 17
leaf_count=38 2952 180 45 81 81 49 261 77 28 13 66 266 15 17 61 393 83 90 467 17 10 1336 1646 16 216 795 11 147 100 18 34 72 121 150 108 50 136 326 190 263 187 12 23 76 20 63 17
internal_value=0 1.0621e-05 3.3204e-05 1.4405e-06 -4.78013e-06 1.95322e-05 1.95622e-05 -2.47893e-05 -1.0278e-06 -1.67326e-05 -4.18205e-05 -4.12408e-05 -5.9395e-05 3.5706e-05 1.27215e-05 2.39079e-08 -6.03481e-06 -1.70143e-05 -2.50519e-05 8.57789e-05 2.07946e-06 1.1247e-06 4.04695e-06 2.47503e-05 3.1117e-05 -3.77264e-06 0.000104964 -7.06132e-05 3.00782e-05 0 1.3179e-06 -3.93334e-06 -1.05882e-05 2.24576e-05 -2.54984e-05 6.02066e-07 1.0398e-05 0 4.54841e-06 -3.3587e-06 0 3.7589e-05 0 -6.59609e-06 0 0 0
internal_weight=0 1971 475 1496 990 506 379 611 9452 772 256 343 190 278 430 8680 1829 657 550 77 6851 6729 4598 293 277 2131 60 162 122 516 274 106 242 168 121 429 186 1172 516 656 268 112 137 99 101 243 107
internal_count=11423 1971 475 1496 990 506 379 611 9452 772 256 343 190 278 430 8680 1829 657 550 77 6851 6729 4598 293 277 2131 60 162 122 516 274 106 242 168 121 429 186 1172 516 656 268 112 137 99 101 243 107
is_linear=0
shrinkage=0.03


end of trees

feature_importances:
sma_50=56
atr_ma=55
ema_fast=44
volume_ma=42
adx=40
volatility_ma=35
macd_signal=32
ema_slow=28
volatility=28
momentum_convergence=20
stoch_d=20
atr=19
atr_ratio=18
volatility_ratio=18
sma_20=18
price_sma_50_dist=16
macd_strength=14
atr_normalized=14
macd=9
volume_ratio=8
return_24=7
stoch_k=7
momentum_20=4
ema_cross_pct=4
macd_hist=4
upper_shadow=3
price_ema_slow_dist=3
volume_change=3
momentum_10=2
range_pct=2
lower_shadow=2
return_3=2
return_6=2
return_12=2
price_ema_fast_dist=2
price_sma_20_dist=2
range=1
macd_hist_change=1
momentum_ratio=1
market_regime=1

parameters:
[boosting: gbdt]
[objective: regression]
[metric: rmse]
[tree_learner: serial]
[device_type: cpu]
[data: ]
[valid: ]
[num_iterations: 800]
[learning_rate: 0.03]
[num_leaves: 50]
[num_threads: 8]
[deterministic: 0]
[force_col_wise: 0]
[force_row_wise: 0]
[histogram_pool_size: -1]
[max_depth: 6]
[min_data_in_leaf: 10]
[min_sum_hessian_in_leaf: 0.001]
[bagging_fraction: 0.7]
[pos_bagging_fraction: 1]
[neg_bagging_fraction: 1]
[bagging_freq: 1]
[bagging_seed: 400]
[feature_fraction: 0.9]
[feature_fraction_bynode: 1]
[feature_fraction_seed: 30056]
[extra_trees: 0]
[extra_seed: 12879]
[early_stopping_round: 0]
[first_metric_only: 0]
[max_delta_step: 0]
[lambda_l1: 0.1]
[lambda_l2: 0.3]
[linear_lambda: 0]
[min_gain_to_split: 0]
[drop_rate: 0.1]
[max_drop: 50]
[skip_drop: 0.5]
[xgboost_dart_mode: 0]
[uniform_drop: 0]
[drop_seed: 17869]
[top_rate: 0.2]
[other_rate: 0.1]
[min_data_per_group: 100]
[max_cat_threshold: 32]
[cat_l2: 10]
[cat_smooth: 10]
[max_cat_to_onehot: 4]
[top_k: 20]
[monotone_constraints: ]
[monotone_constraints_method: basic]
[monotone_penalty: 0]
[feature_contri: ]
[forcedsplits_filename: ]
[refit_decay_rate: 0.9]
[cegb_tradeoff: 1]
[cegb_penalty_split: 0]
[cegb_penalty_feature_lazy: ]
[cegb_penalty_feature_coupled: ]
[path_smooth: 0]
[interaction_constraints: ]
[verbosity: 1]
[saved_feature_importance_type: 0]
[linear_tree: 0]
[max_bin: 255]
[max_bin_by_feature: ]
[min_data_in_bin: 3]
[bin_construct_sample_cnt: 200000]
[data_random_seed: 175]
[is_enable_sparse: 1]
[enable_bundle: 1]
[use_missing: 1]
[zero_as_missing: 0]
[feature_pre_filter: 1]
[pre_partition: 0]
[two_round: 0]
[header: 0]
[label_column: ]
[weight_column: ]
[group_column: ]
[ignore_column: ]
[categorical_feature: ]
[forcedbins_filename: ]
[precise_float_parser: 0]
[parser_config_file: ]
[objective_seed: 16083]
[num_class: 1]
[is_unbalance: 0]
[scale_pos_weight: 1]
[sigmoid: 1]
[boost_from_average: 1]
[reg_sqrt: 0]
[alpha: 0.9]
[fair_c: 1]
[poisson_max_delta_step: 0.7]
[tweedie_variance_power: 1.5]
[lambdarank_truncation_level: 30]
[lambdarank_norm: 1]
[label_gain: ]
[lambdarank_position_bias_regularization: 0]
[eval_at: ]
[multi_error_top_k: 1]
[auc_mu_weights: ]
[num_machines: 1]
[local_listen_port: 12400]
[time_out: 120]
[machine_list_filename: ]
[machines: ]
[gpu_platform_id: -1]
[gpu_device_id: -1]
[gpu_use_dp: 0]
[num_gpu: 1]

end of parameters

pandas_categorical:[]
