tree
version=v4
num_class=1
num_tree_per_iteration=1
label_index=0
max_feature_idx=56
objective=regression
feature_names=rsi bb_middle bb_upper bb_lower atr momentum_10 momentum_20 volatility volume_ma range range_pct body body_pct upper_shadow lower_shadow is_bullish return_1 return_3 return_6 return_12 return_24 log_return rsi_normalized rsi_overbought rsi_oversold rsi_divergence bb_width bb_position bb_position_normalized price_bb_upper_dist price_bb_lower_dist bb_breakout_upper bb_breakout_lower atr_normalized atr_ma atr_ratio momentum_ratio momentum_convergence volume_ratio volume_spike volume_change volatility_ma volatility_ratio high_volatility low_volatility stoch_k stoch_d stoch_overbought stoch_oversold adx strong_trend sma_20 price_sma_20_dist sma_50 price_sma_50_dist signal_convergence market_regime
feature_infos=[0:99.145297958945207] [0:433.77300000000002] [0:445.7902884830076] [0:429.47706752940064] [0:5.6750000000000158] [-25.279999999999973:28.700000000000045] [-31.779999999999973:25.949999999999989] [0:0.013760960557476004] [0:2115.0500000000002] [0:13.050000000000011] [0:0.03421614934772834] [0:10.25] [0:0.026920687512942638] [0:4.8700000000000045] [0:4.5] [0:1] [-0.050838840874428026:0.045717965228589952] [-0.057869419839267966:0.061171925305859576] [-0.062313273580879347:0.055282817502668058] [-0.068215417106652576:0.083728761671513885] [-0.090496047799838109:0.085476025017373169] [-0.052176674847336416:0.04470369757293631] [-0.94594594696859302:0.98290595917890411] [0:1] [0:1] [-30.685579898938528:30.655894189272409] [0:0.1185808689057089] [-0.39000481601162978:1.4312802625283376] [-1.7800096320232597:1.8625605250566752] [-0.014907105856414044:0.10111453388061334] [-0.013692039624379688:0.095935693106670827] [0:1] [0:1] [0:0.01518304181026075] [0:5.0375357142857249] [0:1.7958743291669197] [-387999999.99999952:259999999.99999943] [-28.700000000000045:25.279999999999973] [0:3.4909160086846587] [0:1] [-0.99886813808715336:944] [0:0.013272101953949508] [0:2.8686155747316899] [0:1] none [0:99.999999925373132] [0:99.128093654670806] [0:1] [0:1] [0:86.579415337112295] [0:1] [0:433.77300000000002] [-0.051861963793781926:0.050205850487540539] [0:429.52199999999999] [-0.084765493890769872:0.066042024013722056] [0:1] [0:2]
tree_sizes=4617 4015 4051 4901 3615 3770 4207 3314 3536 4692

Tree=0
num_leaves=50
num_cat=0
split_feature=33 30 54 8 8 1 8 53 33 29 4 8 41 20 46 53 3 52 1 41 52 20 18 52 49 17 49 3 30 34 3 7 2 53 54 46 35 34 8 8 7 1 38 30 49 3 1 7 35
split_gain=0.0430467 0.0168735 0.0137135 0.0138595 0.0144472 0.0124431 0.02183 0.00930504 0.0100466 0.00923291 0.0110092 0.0137518 0.0104098 0.00956489 0.0102992 0.00787176 0.0106089 0.00776216 0.00753563 0.00696012 0.00562156 0.00456244 0.00417431 0.00687637 0.00622211 0.00534332 0.0037311 0.00866877 0.00329204 0.00312884 0.00294294 0.00254118 0.00225845 0.00224326 0.00203549 0.00457898 0.0019291 0.00165194 0.00150835 0.00145185 0.00107012 0.00095356 0.000756249 0.00132759 0.00071252 0.000529121 0.000510978 0.000493533 0.000314729
threshold=0.0079196894481144749 0.050654521497620231 0.0053938121319804157 1362.0750000000003 1607.9500000000003 385.02050000000003 1054.1250000000002 235.45100000000005 0.0092716437721140511 0.024970343796455203 1.6357142857142895 684.37500000000011 0.0036746775116062269 0.0056925500713705954 62.023708127534725 381.87250000000006 291.91828238245523 -0.023436567936819693 216.92750000000004 0.0049402707421799226 0.0050748627134469251 -0.0084710262994557844 -0.01100890217316469 0.011023483376719066 40.158032154641639 -0.0044746286195089238 29.6910798971786 382.04653370096111 0.015410704001721237 1.4796428571428566 221.46425188914228 0.0050342290671414021 394.31411145372078 319.92200000000008 0.00021872958319880121 73.195337565426186 1.0164134382544399 0.97553571428571584 509.5750000000001 902.15000000000009 0.0037918640455172022 254.42125000000004 1.1515715191372216 0.012104049447764925 30.304608851165156 212.56446438290459 372.30650000000003 0.0068178098183777182 1.1647266923254178
decision_type=2 2 2 2 2 2 2 2 2 2 2 2 2 2 2 2 2 2 2 2 2 2 2 2 2 2 2 2 2 2 2 2 2 2 2 2 2 2 2 2 2 2 2 2 2 2 2 2 2
left_child=5 2 3 15 -5 6 9 45 -9 10 12 29 36 38 -15 16 17 47 -11 -19 31 40 48 25 39 -24 32 -28 46 -12 -31 -13 -7 -22 -8 -36 44 -38 -14 -25 -20 -26 43 -27 -1 -3 -18 -2 -4
right_child=1 7 22 4 -6 26 34 8 -10 18 11 20 13 14 -16 -17 28 19 21 -21 33 -23 23 24 41 42 27 -29 -30 30 -32 -33 -34 -35 35 -37 37 -39 -40 -41 -42 -43 -44 -45 -46 -47 -48 -49 -50
leaf_value=0.0019637291507010627 0.002104133976648272 0.0018384825013750199 0.0016740461969852935 0.0012260197244659873 0.0019637291507010627 0.0018447988817824957 0.0019637291507010627 0.0018881577397624036 0.00092099408424686021 0.0019637291507010627 0.0019637291507010627 0.0021759520716580967 0.0019637291507010627 0.0019637291507010627 0.00231478756417829 0.0016039312596785754 0.002299806021115468 0.0019637291507010627 0.0019637291507010627 0.0016691608136281811 0.0019662138505624795 0.0019637291507010627 0.0019637291507010627 0.00164470808382237 0.0019637291507010627 0.0019637291507010627 0.0019637291507010627 0.0014848421791197495 0.0019637291507010627 0.0019637291507010627 0.0016999833498364532 0.0019637291507010627 0.002091086682133125 0.0018293691356904731 0.0025946886384367557 0.0020835116208437975 0.0019637291507010627 0.001819924780640399 0.0020715349391563428 0.0019637291507010627 0.0023414541068303525 0.0021146254636091057 0.0019637291507010627 0.0023088366129052126 0.0020411010779330719 0.0019637291507010627 0.0019637291507010627 0.0019637291507010627 0.0019637291507010627
leaf_weight=134 36 30 33 78 31 83 30 42 45 70 37 165 288 123 281 106 60 80 35 230 46 43 74 68 30 31 46 67 44 33 290 65 52 139 87 87 30 166 128 36 175 55 31 114 107 30 30 36 30
leaf_count=134 36 30 33 78 31 83 30 42 45 70 37 165 288 123 281 106 60 80 35 230 46 43 74 68 30 31 46 67 44 33 290 65 52 139 87 87 30 166 128 36 175 55 31 114 107 30 30 36 30
internal_value=0.00196373 0.00181727 0.00186307 0.00177947 0.00144277 0.00202147 0.00204338 0.00149577 0.00128194 0.00201313 0.00198442 0.00190181 0.00204251 0.00210746 0.00221443 0.0018533 0.00192225 0.0018282 0.00216564 0.0017534 0.00200195 0.0022444 0.00196695 0.00201672 0.0019139 0.00213032 0.00183188 0.00170364 0.00212297 0.0017615 0.00173075 0.00211345 0.00196373 0.00191183 0.00234762 0.00239175 0.00194118 0.00186395 0.00198179 0.0017309 0.00230193 0.0020326 0.00222187 0.00225615 0.0019668 0.00195765 0.00222911 0.00202536 0.0017642
internal_weight=0 1380 1233 731 109 2807 2559 147 87 2355 2032 775 1257 820 404 622 516 382 323 310 415 253 502 439 189 250 248 113 134 360 323 230 135 185 204 174 437 196 416 104 210 85 176 145 241 60 90 72 63
internal_count=4187 1380 1233 731 109 2807 2559 147 87 2355 2032 775 1257 820 404 622 516 382 323 310 415 253 502 439 189 250 248 113 134 360 323 230 135 185 204 174 437 196 416 104 210 85 176 145 241 60 90 72 63
is_linear=0
shrinkage=1


Tree=1
num_leaves=49
num_cat=0
split_feature=33 34 8 53 8 4 41 41 6 53 53 26 1 5 0 46 34 37 49 8 53 1 8 49 3 33 34 8 19 34 45 8 49 37 7 41 8 6 49 5 1 42 8 3 42 26 6 16
split_gain=0.0405787 0.0186092 0.012593 0.0121783 0.0230351 0.0121222 0.0102211 0.0105287 0.0066846 0.00631878 0.0216884 0.0124298 0.0111872 0.00924317 0.00887863 0.00805289 0.0116046 0.00520154 0.00505385 0.00931312 0.00427424 0.012374 0.00799838 0.00392762 0.00467016 0.00348171 0.00339973 0.00531968 0.00294873 0.00286793 0.0026763 0.00377927 0.00252177 0.00229842 0.00179846 0.00114392 0.00112174 0.000963399 0.000734015 0.000634273 0.000536493 0.000466652 0.000349244 0.000809917 0.000473311 0.000324156 0.000279844 9.35251e-05
threshold=0.0077820399018616255 3.3570892857142933 1642.0000000000002 384.02200000000011 1047.1500000000003 3.26964285714286 0.0064832084999756328 0.0036582376494378533 11.400000000000007 256.39450000000005 230.571 0.032321389520695569 225.89375000000004 0.39999999999999153 26.055463952038661 17.178724739876692 3.0024464285714321 -3.7000000000000024 44.167090366762423 1376.075 228.333 204.94500000000002 620.25000000000011 35.761334545919325 381.3732878761686 0.0048928868490581119 1.867071428571432 478.3250000000001 0.0046531957101187968 2.9878750000000012 28.189599886942084 393.2000000000001 17.624447496762752 -3.7649999999999859 0.0055981156966364142 0.0044634622430421078 1165.5500000000004 -17.634999999999987 36.085527253944036 6.6000000000000094 390.00375000000008 1.1349623049156325 728.85000000000002 360.72112712145378 1.0841475538290288 0.04405552056222517 -3.9849999999999848 -0.0025428552915205955
decision_type=2 2 2 2 2 2 2 2 2 2 2 2 2 2 2 2 2 2 2 2 2 2 2 2 2 2 2 2 2 2 2 2 2 2 2 2 2 2 2 2 2 2 2 2 2 2 2 2
left_child=3 9 5 4 6 -3 7 25 39 10 12 -12 26 -14 -13 16 -11 42 29 45 21 -19 -22 40 -25 -1 27 -2 -8 32 41 -32 -17 -29 -31 -34 -36 -7 -28 -6 47 -27 44 -44 -9 -20 -16 -5
right_child=1 2 -4 23 8 37 28 17 -10 15 11 14 13 -15 46 18 -18 20 19 -21 22 -23 -24 24 -26 30 38 33 -30 34 31 -33 35 -35 36 -37 -38 -39 -40 -41 -42 -43 43 -45 -46 -47 -48 -49
leaf_value=0.00011564636522940527 0 0 0 0 0.00055607667121427412 0 0 -7.3030079952026401e-05 0 0 0 0 0.0005578082325535692 0 -0.00010642769239368528 0 -0.00061422977186876399 5.0590306883677841e-05 0 -1.1371424533021848e-05 0 0.00039301207122860703 0.00020052660767883048 0 -0.00047071651214881249 0 0.00013837705279255044 0 -0.00045730307502147384 0 0 -0.00019776562863822939 0 -0.00031515001489636408 0.0002751351761997233 -0.00019647375590435543 0 -0.00063357589798367173 0 0 5.890930599767448e-05 9.305659329192233e-05 0.00013810059330837034 0 0 0.00046943574919520564 -0.00058754109698225211 -7.2188977668465344e-05
leaf_weight=100 45 41 51 30 128 30 53 123 31 41 42 30 52 59 53 40 42 287 33 34 538 229 315 33 50 97 34 36 35 41 160 199 36 120 53 115 30 144 31 33 36 48 42 30 34 67 142 84
leaf_count=100 45 41 51 30 128 30 53 123 31 41 42 30 52 59 53 40 42 287 33 34 538 229 315 33 50 97 34 36 35 41 160 199 36 120 53 115 30 144 31 33 36 48 42 30 34 67 142 84
internal_value=0 -0.000127113 -0.000361849 6.97556e-05 9.13636e-05 -0.000463157 6.02179e-05 7.60388e-05 0.000414966 -6.62373e-05 -0.000129741 -0.000336936 0 0.000268136 -0.000429278 0 -0.000258744 0.000117335 6.07227e-05 0.000214803 0.000139599 0.000220215 8.01873e-05 -0.000121579 -0.000289256 -1.83361e-05 -8.77476e-05 -0.000159274 -0.000232163 0 -6.28476e-05 -0.000110648 -7.78095e-05 -0.000251506 0.000106862 -0.000150445 0.000190818 -0.000572222 0 0.000492445 0 0 0 3.35539e-05 -3.84373e-05 0.000380929 -0.000503419 -5.57739e-05
internal_weight=0 1442 266 2715 2482 215 2290 2202 192 1176 644 267 377 111 225 532 83 1598 449 134 1369 516 853 233 83 604 266 201 88 315 504 359 191 156 124 151 83 174 65 161 150 145 229 72 157 100 195 114
internal_count=4157 1442 266 2715 2482 215 2290 2202 192 1176 644 267 377 111 225 532 83 1598 449 134 1369 516 853 233 83 604 266 201 88 315 504 359 191 156 124 151 83 174 65 161 150 145 229 72 157 100 195 114
is_linear=0
shrinkage=0.03


Tree=2
num_leaves=48
num_cat=0
split_feature=33 8 41 8 8 2 1 41 35 8 54 1 30 5 36 34 19 42 41 42 1 20 26 26 49 9 34 34 41 49 33 46 1 1 8 8 29 1 4 49 33 42 12 34 5 20 54
split_gain=0.0332266 0.0209232 0.0185666 0.0224766 0.0147548 0.0137744 0.0101625 0.00928309 0.00984317 0.00770104 0.00897501 0.0161617 0.0157796 0.00780358 0.00764016 0.00649352 0.0060284 0.00427514 0.00411443 0.00410736 0.00373882 0.00366309 0.00341775 0.00334905 0.00324828 0.00304854 0.00285723 0.00284476 0.00282108 0.0027154 0.00264583 0.00263266 0.00257009 0.00365208 0.00249429 0.00180308 0.0014488 0.00134981 0.00105045 0.000951668 0.000947314 0.000777341 0.000716656 0.000563062 0.000318175 0.000142156 3.55862e-06
threshold=0.0077602057174328319 1337.3500000000001 0.0050277404050805422 1684.7500000000002 1054.1250000000002 389.43443905888978 384.75925000000001 0.0064832084999756328 1.0192943710204188 747.27500000000009 0.0043577430787842316 377.66825000000006 0.055861055242320878 -6.0499999999999963 0.56360877628822326 2.1361785714285673 -0.0017946792442161128 0.94662085352891301 0.0051503065556614651 0.97413297379284625 246.83500000000001 0.01618902894445751 0.059504326256558084 0.013949167180301791 45.000759468755781 0.86000000000001375 1.2121428571428599 3.2834464285714344 0.0035600403274948073 33.803852791532336 0.0084436304052765993 52.132904375085054 230.35625000000002 225.89375000000004 649.92500000000007 558.42500000000007 0.015168075069844382 417.06925000000007 2.2010714285714328 55.420238711394781 0.0071801791345722137 1.1149062065220212 0.004811511511793193 1.4466071428571419 -1.0000000180025095e-35 -0.016895106907593823 0.010319984769486491
decision_type=2 2 2 2 2 2 2 2 2 2 2 2 2 2 2 2 2 2 2 2 2 2 2 2 2 2 2 2 2 2 2 2 2 2 2 2 2 2 2 2 2 2 2 2 2 2 2
left_child=4 9 -3 37 6 29 7 8 14 13 11 22 15 42 18 -12 26 21 19 -1 -20 38 30 -16 25 -18 -10 -17 -25 -6 -11 -9 33 34 -19 -34 -8 -4 -15 -24 -28 -13 -2 -26 -35 -37 -7
right_child=1 2 3 -5 5 46 36 31 16 10 12 41 -14 17 23 27 24 32 20 -21 -22 -23 39 28 43 -27 40 -29 -30 -31 -32 -33 35 44 -36 45 -38 -39 -40 -41 -42 -43 -44 -45 -46 -47 -48
leaf_value=0.00013960899403681548 0.00016413849279921935 4.4169521236246266e-05 -0.00074563678564006498 0 0.00056451212226936258 -7.665912505375962e-06 -0.00027269215660386366 0 0 0 0 -0.00043396449564261268 -0.00035270708938774299 -0.00020411516008081752 0 0.00041049347343419479 0 -0.00021147575552277512 0 0 -0.0002136485527950538 0.0001850339671578801 -0.00015318547846583574 0 8.0346055857349297e-05 -0.00016964184641064142 0.00021347263114943532 0 0.00024406669127464465 0.0001291939336957561 0.00033344280149220771 -0.0004120298316029001 0 9.6943501560460953e-05 0 0 0 -6.1372290557736286e-05 0 0 0 0 0 0 0 -0.00039088812151925385 0
leaf_weight=430 51 43 129 56 109 54 93 35 53 58 30 83 30 59 31 152 63 168 101 245 86 51 36 73 78 301 129 30 503 92 57 41 32 31 36 35 37 34 30 32 51 39 30 86 30 144 44
leaf_count=430 51 43 129 56 109 54 93 35 53 58 30 83 30 59 31 152 63 168 101 245 86 51 36 73 78 301 129 30 503 92 57 41 32 31 36 35 37 34 30 32 51 39 30 86 30 144 44
internal_value=0 -0.000110581 -0.00036021 -0.000480531 6.47899e-05 0.000268539 3.60375e-05 5.37421e-05 6.80877e-05 -5.06508e-05 2.02074e-05 -6.80783e-05 0.000168501 -0.000119137 0.000114121 0.000285266 -8.96989e-06 -0.000162007 4.27264e-05 8.33612e-05 -5.5781e-05 0 7.14149e-05 0.000200574 -7.54618e-05 -0.000127582 0.000103002 0.000356057 0.000218224 0.000410742 0.000186372 -0.000247233 -0.000205018 -8.70873e-05 -0.000160847 -0.000310021 -0.000208053 -0.000658577 -0.000130899 0 0.000167246 -0.000350225 9.54482e-05 0 1.25463e-05 -0.000349697 0
internal_weight=0 1506 262 219 2735 299 2436 2306 2230 1244 547 305 242 697 1469 212 761 616 862 675 187 140 183 607 528 364 233 182 576 201 115 76 476 265 204 211 130 163 89 68 180 122 81 164 61 179 98
internal_count=4241 1506 262 219 2735 299 2436 2306 2230 1244 547 305 242 697 1469 212 761 616 862 675 187 140 183 607 528 364 233 182 576 201 115 76 476 265 204 211 130 163 89 68 180 122 81 164 61 179 98
is_linear=0
shrinkage=0.03


Tree=3
num_leaves=59
num_cat=0
split_feature=53 7 8 19 3 53 52 8 53 41 42 3 34 35 54 49 20 53 1 45 33 54 2 33 42 2 41 3 7 42 26 8 34 34 0 49 2 33 34 49 42 35 34 41 20 52 49 7 8 34 7 0 8 35 7 26 37 19
split_gain=0.0257088 0.0232104 0.0299583 0.0173085 0.0130842 0.0122807 0.0146683 0.0112694 0.0138075 0.0103273 0.00950083 0.00908201 0.00863245 0.00793599 0.013451 0.010405 0.00773553 0.00753265 0.0222966 0.00631432 0.00511331 0.00777591 0.00461292 0.0042212 0.00398003 0.00358693 0.00391801 0.00355607 0.00307324 0.00304827 0.00302353 0.0025093 0.0022591 0.00318503 0.00217142 0.00211839 0.00200442 0.00182905 0.00179509 0.00166066 0.00156813 0.00237402 0.00144266 0.00136149 0.00134554 0.00125582 0.00114812 0.000941588 0.000902304 0.00132275 0.000899143 0.000802896 0.000792916 0.000566099 0.000413604 0.000249255 0.000217023 0.000194961
threshold=384.02200000000011 0.0052362484053982911 688.12500000000011 0.01456391938042856 362.62306047753253 308.15650000000005 0.0063239197867276031 1305.2250000000001 341.95170000000007 0.0060729929176714494 1.0725936473272031 247.691790709787 1.9796428571428584 1.0139202930365943 0.012084954225504102 44.837815319965877 -0.019629751519739887 230.71450000000002 225.29625000000001 24.596669208962314 0.0082319430876688967 0.026996148677580684 405.48854624998279 0.0058577415619851707 0.64539570807099422 412.89859236998029 0.0060149102580811754 224.50323475997689 0.0048474433590350776 0.95530332572586274 0.024433322807191824 1273.8250000000003 2.6425714285714297 2.43185714285715 41.400678602165129 19.532841259617015 415.93826827554795 0.0085189380618178514 1.6296250000000012 43.12874937013499 1.1381592323540555 1.1583781552497265 2.7547678571428609 0.0034196650369123557 -0.0051953480436469071 0.001173913348448837 58.68886233191872 0.0040770458257718568 1165.5500000000004 2.7547678571428609 0.0050059373764002263 37.895932645373456 595.45000000000016 0.95573328181672645 0.0056603306051913977 0.019300101198967318 -3.649999999999991 -0.0065659255314427503
decision_type=2 2 2 2 2 2 2 2 2 2 2 2 2 2 2 2 2 2 2 2 2 2 2 2 2 2 2 2 2 2 2 2 2 2 2 2 2 2 2 2 2 2 2 2 2 2 2 2 2 2 2 2 2 2 2 2 2 2
left_child=1 2 11 7 12 46 28 8 17 54 25 13 38 14 24 29 -9 18 37 47 51 -22 48 -21 55 31 -27 -26 39 -16 35 34 33 -8 -2 -15 -24 -3 -5 -7 43 -42 -14 -32 -37 -20 -4 -13 49 -12 52 -19 -25 -34 -10 -1 -36 -30
right_child=10 3 5 4 -6 6 32 16 9 -11 22 19 42 30 15 -17 -18 20 45 23 21 -23 36 50 27 26 -28 -29 57 -31 40 -33 53 -35 56 44 -38 -39 -40 -41 41 -43 -44 -45 -46 -47 -48 -49 -50 -51 -52 -53 -54 -55 -56 -57 -58 -59
leaf_value=0 0 -0.00012424215507912391 0.00056166543690335067 -0.00022498924133146779 0.00014444183935907471 0.00042223439769333471 0 -0.00067397939807630435 0 0.00078842397942526692 -0.0003276696869494537 0 -0.00063580186876038521 0 0.00058554080064894391 0 0 0.00011265467522192985 0.00059937848056897634 0 -0.00026284679182017942 8.8483437419026388e-05 0.00035989989262357678 -0.0003593232348025776 0.00013843461903728424 -0.00071965842440235655 -3.5585790399560024e-05 0 0 0 -0.00019125228007793176 0 0 -0.00034160614501684906 0 0 0 0 0 0 0.00022482706326634944 0 0 0 -0.00021197542185306218 0 0 0.00012438301501863796 0 0 0 -6.7653343481023215e-06 0 0.00014163745437676393 9.1695195692079656e-05 -0.00018358250939287245 -0.0003064031223194964 6.3395145147076851e-05
leaf_weight=32 65 124 152 44 30 172 84 35 30 36 32 33 97 32 103 37 40 56 66 54 219 31 34 112 387 50 47 255 39 31 33 54 35 37 33 36 34 93 76 40 73 71 31 194 127 32 33 61 37 30 32 121 40 51 45 37 110 45
leaf_count=32 65 124 152 44 30 172 84 35 30 36 32 33 97 32 103 37 40 56 66 54 219 31 34 112 387 50 47 255 39 31 33 54 35 37 33 36 34 93 76 40 73 71 31 194 127 32 33 61 37 30 32 121 40 51 45 37 110 45
internal_value=0 4.38243e-05 9.79441e-05 -5.94635e-05 -0.000266931 0.000267651 0.000162521 0 3.38618e-05 0.000346728 -0.000179031 2.72382e-05 -0.000353102 6.36608e-05 0.000121161 0.000369208 -0.00034839 -1.02244e-06 9.70063e-05 -0.000104406 -9.44202e-05 -0.000183264 0 -0.000196439 4.86376e-05 -0.000265944 -0.000482391 8.10979e-05 0.000298961 0.000493394 -1.00831e-05 -0.000150758 0 -0.000111463 -0.00019861 -0.000115577 0.000197234 -3.56e-05 -7.27082e-05 0.000371065 2.122e-05 0.000104521 -0.000544626 0 -0.000166233 0.000480695 0.000503763 3.31815e-05 -0.000122244 -0.00019179 -0.000265469 0 -0.000300945 7.78067e-05 1.16921e-05 -0.000122299 -0.000266331 9.356e-06
internal_weight=0 3674 2468 1206 278 688 503 928 853 111 526 1780 248 1448 882 171 75 742 315 332 427 250 167 238 711 359 97 642 296 134 566 262 207 121 208 195 68 217 120 212 371 144 128 227 163 98 185 94 99 62 184 177 152 86 75 69 143 84
internal_count=4200 3674 2468 1206 278 688 503 928 853 111 526 1780 248 1448 882 171 75 742 315 332 427 250 167 238 711 359 97 642 296 134 566 262 207 121 208 195 68 217 120 212 371 144 128 227 163 98 185 94 99 62 184 177 152 86 75 69 143 84
is_linear=0
shrinkage=0.03


Tree=4
num_leaves=43
num_cat=0
split_feature=7 53 8 4 3 5 8 0 8 52 8 41 1 3 49 8 5 49 1 8 30 53 34 7 42 3 40 29 26 41 41 38 1 8 30 4 4 10 6 54 3 34
split_gain=0.0315302 0.0278062 0.0265547 0.0168582 0.016151 0.010656 0.00908186 0.00738925 0.0109089 0.0071131 0.00703177 0.00680325 0.00924703 0.0139446 0.0071366 0.00641384 0.00737828 0.00399224 0.00649713 0.00376298 0.00373488 0.00367278 0.00365212 0.00347177 0.00320883 0.00453951 0.00288195 0.00222176 0.00198506 0.00186293 0.00174715 0.00158643 0.00136105 0.00273302 0.00128156 0.00125451 0.0009153 0.000905841 0.00105631 0.00074971 0.000471439 9.00351e-06
threshold=0.0077798599178827846 384.02200000000011 758.92500000000007 1.6071428571428605 222.3730215491054 -6.3999999999999906 1546.6250000000002 23.69544072704787 1047.1500000000003 0.011402041841458049 1527.1000000000001 0.0036220369516182759 204.94500000000002 220.86026683075951 35.347745579369423 688.12500000000011 3.3650000000000095 16.779197883311568 395.08825000000007 531.47500000000014 0.046955749452644226 205.79949999999999 1.1424107142857152 0.0042867318661215792 0.88112757129778052 364.58723885159674 -0.20855456821370602 0.0039088411897274583 0.019187694262549671 0.0061153156231065703 0.0037987255046311812 1.1682868112385214 389.00125000000008 1197.8500000000001 0.024521298255487729 1.1303571428571413 2.4217857142857109 0.0063967112353371389 -1.7750000000000055 0.0234784253153681 244.2248990406151 2.4448392857142927
decision_type=2 2 2 2 2 2 2 2 2 2 2 2 2 2 2 2 2 2 2 2 2 2 2 2 2 2 2 2 2 2 2 2 2 2 2 2 2 2 2 2 2 2
left_child=1 2 3 11 -2 29 7 -4 24 26 17 27 22 19 -15 21 31 -3 32 -14 -10 -7 30 -24 41 -26 -6 35 -23 -5 -13 -17 33 -19 -28 -1 -18 40 -39 -12 -29 -9
right_child=4 10 6 5 9 15 -8 8 20 -11 39 12 13 14 -16 16 36 18 -20 -21 -22 28 23 -25 25 -27 34 37 -30 -31 -32 -33 -34 -35 -36 -37 -38 38 -40 -41 -42 -43
leaf_value=0 6.2314152440107236e-05 0 -3.2671059154995151e-05 0.00033488222787667423 0 0 -0.00017922338904956213 -1.3200811935201926e-05 0.00040052367905572112 -0.00090070761748395117 0.00013596323057881568 0 0.00067722115590632386 0.00019118675433142708 -2.1403248308971194e-06 0.00021592290825704876 0 -0.00024993697380409934 -0.00050899986208896412 0 0 0 0 -0.00017659853929010414 0.00021889206114516011 0 -0.00040491923917319005 8.1872034158886553e-05 -0.00018266461347526085 0 0.00019887341299340094 0 0 0 0 -0.0002073245113762408 -0.00035236095441657986 0 -0.00012713493593587122 0 0 0
leaf_weight=55 36 48 41 46 33 56 32 46 328 45 36 38 69 304 201 109 51 135 114 34 34 67 103 142 254 129 93 174 773 35 89 30 62 50 35 74 30 33 63 31 55 30
leaf_count=55 36 48 41 46 33 56 32 46 328 45 36 38 69 304 201 109 51 135 114 34 34 67 103 142 254 129 93 174 773 35 89 30 62 50 35 74 30 33 63 31 55 30
internal_value=0 1.37251e-05 4.48886e-05 0 -0.000337975 -8.61718e-05 0.000186171 0.000210266 0.000233367 -0.000451493 -0.000197973 6.61663e-05 0.000112111 0.000184199 9.65086e-05 -0.000115694 0 -0.000247104 -0.00028126 0.000524639 0.000368918 -0.000152015 0 -7.33142e-05 0.00010659 0.000145408 -0.000267809 -1.32208e-05 -0.000169059 0.000208358 0.000124218 0.000162362 -0.000138969 -0.000179919 -0.000332153 -0.000126528 -0.000190674 4.22892e-06 -2.80071e-05 0 5.699e-05 0
internal_weight=0 4001 3525 2631 242 1197 894 862 821 206 476 1434 980 608 505 1116 220 409 361 103 362 896 372 245 459 383 161 454 840 81 127 139 247 185 128 129 81 325 96 67 229 76
internal_count=4243 4001 3525 2631 242 1197 894 862 821 206 476 1434 980 608 505 1116 220 409 361 103 362 896 372 245 459 383 161 454 840 81 127 139 247 185 128 129 81 325 96 67 229 76
is_linear=0
shrinkage=0.03


Tree=5
num_leaves=45
num_cat=0
split_feature=26 2 53 8 8 8 34 41 2 52 8 38 41 49 41 33 33 53 2 20 41 54 19 1 8 33 20 49 36 38 3 49 26 19 54 54 36 26 19 3 1 53 34 34
split_gain=0.0259526 0.0201311 0.0192568 0.0290449 0.0125691 0.0115 0.0129171 0.0113102 0.0131982 0.0105639 0.00958705 0.00829271 0.00708102 0.00958362 0.00691514 0.00786561 0.00736292 0.00800087 0.00540802 0.00504792 0.00421586 0.00413137 0.00377339 0.00339442 0.00295227 0.00237767 0.00290598 0.00181419 0.00176879 0.00195867 0.00172244 0.00149088 0.00125682 0.00117481 0.000757705 0.00111217 0.000548124 0.000470595 0.00107523 0.000303398 0.000684841 0.000409274 0.000296443 0.00124275
threshold=0.065754886268721016 249.2650931534466 384.02200000000011 785.75000000000011 1546.6250000000002 1527.1000000000001 3.3570892857142933 0.0051126294506372233 250.6700216287505 -0.0062433557760452419 1143.0750000000003 1.210981537296866 0.0064832084999756328 41.560091438955418 0.0036746775116062269 0.0065712156966401319 0.0050548362066062053 249.40850000000003 237.75092635500539 -0.017939060152845628 0.0058006899667100301 -0.016770170965619016 0.0021048233948617327 218.68500000000003 484.8250000000001 0.0057110120993992611 -0.0071949257484752996 24.447212813088125 0.79999999653332965 1.2773546392501089 216.20470806376304 44.581824003651782 0.057954709472214407 -0.044136859449396042 -0.0012336026089607099 -0.010870238103902368 -0.98834443880575307 0.029515551114624488 0.021240265646711335 188.64245198320461 184.80125000000004 245.21850000000003 2.4716964285714313 1.9404464285714313
decision_type=2 2 2 2 2 2 2 2 2 2 2 2 2 2 2 2 2 2 2 2 2 2 2 2 2 2 2 2 2 2 2 2 2 2 2 2 2 2 2 2 2 2 2 2
left_child=2 30 3 7 11 6 10 14 12 -10 36 32 13 21 25 16 -16 -18 22 23 -15 -9 -14 -17 -21 39 -27 -12 29 -13 -2 -28 34 -3 35 -5 -4 -30 -39 40 -1 -41 43 -11
right_child=1 33 5 4 -6 -7 -8 8 9 42 27 28 18 20 15 19 17 -19 -20 24 -22 -23 -24 -25 -26 26 31 -29 37 -31 -32 -33 -34 -35 -36 -37 -38 38 -40 41 -42 -43 -44 -45
leaf_value=0 -5.7296487168432814e-05 0 0 0.00020357699740043928 -0.00022642908570356666 0.00015123494318118545 -0.00056461037735169558 0 0 0 0.00027543634287707634 0 0 -0.00027599884409295797 -5.6749132718971889e-05 0 0.0002809770136840899 0 0 -0.00013868252139215997 0 0.0002070698646069243 -0.00067045970427513613 0.00032227324603739731 0 0 -0.00022244451704307895 0 0 0.00019198361225265318 0.00015643227876264702 0 0 -0.00052656227861853965 0.0003620362634369806 0 -0.00026132244209891675 -0.00020689943128157981 0 -6.9390075578007338e-05 0.00012437079304667271 0 0 -0.00059423068266718857
leaf_weight=83 58 32 34 99 37 61 89 30 93 30 30 45 48 78 57 31 377 163 39 152 58 258 30 70 403 57 135 77 32 99 55 54 32 143 389 72 160 32 30 76 57 97 35 83
leaf_count=83 58 32 34 99 37 61 89 30 93 30 30 45 48 78 57 31 377 163 39 152 58 258 30 70 403 57 135 77 32 99 55 54 32 143 389 72 160 32 30 76 57 97 35 83
internal_value=0 -0.000267297 2.69039e-05 5.28837e-05 0.000203205 -0.000152371 -0.000223038 0 -9.26259e-05 -0.000277462 -9.14216e-05 0.000233319 0 4.6704e-05 4.37275e-05 8.51177e-05 0.00016446 0.000204492 -0.000215307 0 -0.000126534 0.000159784 -0.000362479 0.000205039 -2.22888e-05 -3.29559e-05 -0.000105576 7.95988e-05 3.62048e-05 0.000114805 0 -0.000168228 0.000297277 -0.000469774 0.000308929 0.000134937 -0.000231982 0 -8.23199e-05 0 4.40848e-05 0 -0.000434996 -0.000499923
internal_weight=0 288 3912 3461 867 451 390 2594 782 241 301 830 541 424 1812 1253 597 540 117 656 136 288 78 101 555 559 246 107 238 144 113 189 592 175 560 171 194 94 62 313 140 173 148 113
internal_count=4200 288 3912 3461 867 451 390 2594 782 241 301 830 541 424 1812 1253 597 540 117 656 136 288 78 101 555 559 246 107 238 144 113 189 592 175 560 171 194 94 62 313 140 173 148 113
is_linear=0
shrinkage=0.03


Tree=6
num_leaves=50
num_cat=0
split_feature=33 8 41 8 42 8 53 30 33 41 41 33 49 1 54 1 20 41 34 8 33 53 6 46 3 20 33 4 7 29 37 26 26 5 26 9 8 49 6 54 33 26 25 49 4 41 25 42 8
split_gain=0.025236 0.0154455 0.0208701 0.0213262 0.0103649 0.00995834 0.0142925 0.00768754 0.00791376 0.0069835 0.00926349 0.00649828 0.00590328 0.00979752 0.00544566 0.00518029 0.00505396 0.00489116 0.00510506 0.00454957 0.00450979 0.00844183 0.00450736 0.00433558 0.00412225 0.0039692 0.00369712 0.00325336 0.00254949 0.00240909 0.00312617 0.00239208 0.00225736 0.00215018 0.00187509 0.00190251 0.000822459 0.000809708 0.000580027 0.000430298 0.000319859 0.000402681 0.00042016 0.000256616 0.000253239 0.000238269 8.30466e-05 7.88405e-05 8.0116e-06
threshold=0.0077820399018616255 1319.8750000000002 0.0047527138295687128 1684.7500000000002 0.94141784129306216 1047.1500000000003 384.49850000000004 0.046955749452644226 0.01214771108121456 0.0036582376494378533 0.0052304504336295916 0.0069991191664408956 54.410929452959785 253.49875000000003 0.0053938121319804157 246.83500000000001 0.01192457948138015 0.0065375358690699251 1.6748750000000032 792.45000000000016 0.008989343274190072 235.45100000000005 8.5999999999999819 7.9567824132999467 365.67385026880919 -0.0038697706049886644 0.0050548362066062053 1.0357142857142889 0.0050595962282956814 0.022947569671648228 -3.4000000000000195 0.02473043942582118 0.022136832714051227 2.0600000000000027 0.033166960899371711 0.70000000000000295 587.77500000000009 36.718331134038756 -4.6000000000000076 0.0032808852267157845 0.0059202474938867778 0.025437581742235947 -2.6350020810099717 22.565598482673035 2.0107142857142875 0.0058613012873083405 -1.6277573998516741 0.8836195970524845 886.22500000000002
decision_type=2 2 2 2 2 2 2 2 2 2 2 2 2 2 2 2 2 2 2 2 2 2 2 2 2 2 2 2 2 2 2 2 2 2 2 2 2 2 2 2 2 2 2 2 2 2 2 2 2
left_child=5 4 -3 -4 16 9 22 8 12 25 11 24 14 45 23 17 46 18 39 -17 -9 -22 37 -6 26 40 -11 -27 -18 30 44 -28 -32 -16 35 -29 -20 -7 -31 -12 41 42 -1 -8 -13 -14 -2 -48 -26
right_child=1 2 3 -5 7 6 43 20 -10 10 15 29 13 -15 33 19 28 -19 36 -21 21 -23 -24 -25 48 27 31 34 -30 38 32 -33 -34 -35 -36 -37 -38 -39 -40 -41 -42 -43 -44 -45 -46 -47 47 -49 -50
leaf_value=0 3.327462970758998e-05 0.00014346938859470637 -0.00062355735564899176 0 0 0.00055059413333705923 0 0 0.00033930609440358238 0 0 0 -0.00015675623986005253 0.00038142998047049865 0.00010167548958528882 -0.00038002657156414687 0 -0.00020945449731929377 0.00029054387806607893 0 0 -0.0009121465991083227 0 -0.00021755207101210679 0 0 8.2012997773860103e-05 0 0.00039705642752587881 0.0002222753618763567 0 0.00023764664327757405 -0.00017440372230747618 -8.2873533394846945e-05 0 -0.00022475089259630792 0 5.9259243266548496e-05 0 -9.2257221086094007e-05 0 0 0.00011426473423859476 -5.7646171205757494e-05 9.4714602005855961e-05 0 -3.4884797765862871e-05 0 -1.2588533130218537e-05
leaf_weight=43 58 43 163 55 45 105 30 49 35 56 35 30 31 60 98 68 30 55 86 81 34 30 51 402 32 75 406 36 61 43 63 459 168 133 78 226 31 51 37 45 63 30 86 69 54 31 66 39 45
leaf_count=43 58 43 163 55 45 105 30 49 35 56 35 30 31 60 98 68 30 55 86 81 34 30 51 402 32 75 406 36 61 43 63 459 168 133 78 226 31 51 37 45 63 30 86 69 54 31 66 39 45
internal_value=0 -0.000102441 -0.000318285 -0.000450675 -4.79756e-05 5.18313e-05 0.000217617 -9.87188e-05 -5.40674e-05 2.72212e-05 5.99288e-05 9.8958e-05 -8.27216e-05 6.66334e-05 -0.000122891 -5.31898e-05 0.000105871 0 9.98021e-05 -0.000196936 -0.000347678 -0.000525013 0.00036324 -0.000183984 0.000139728 -5.07511e-05 0.000158686 -0.000110934 0.000284406 0 -4.14107e-05 0.000175086 -0.000115599 0 -0.000153676 -0.000192516 0.000236315 0.000448176 0.000142173 0 2.13005e-05 4.93738e-05 7.61647e-05 0 5.55762e-05 -9.46228e-05 0 -9.72156e-06 0
internal_weight=0 1463 261 218 1202 2737 306 948 835 2431 1794 1393 800 122 678 401 254 252 197 149 113 64 207 447 998 637 921 415 91 395 315 865 231 231 340 262 117 156 80 80 222 159 129 99 84 62 163 105 77
internal_count=4200 1463 261 218 1202 2737 306 948 835 2431 1794 1393 800 122 678 401 254 252 197 149 113 64 207 447 998 637 921 415 91 395 315 865 231 231 340 262 117 156 80 80 222 159 129 99 84 62 163 105 77
is_linear=0
shrinkage=0.03


Tree=7
num_leaves=39
num_cat=0
split_feature=2 26 8 8 8 54 4 8 2 8 46 52 2 6 29 49 41 7 3 5 41 42 8 49 2 35 35 54 34 5 46 2 7 20 34 41 7 26
split_gain=0.0267757 0.0180146 0.0197632 0.01365 0.0131851 0.0206544 0.0116644 0.0088703 0.012006 0.00789644 0.00674221 0.0066931 0.0064204 0.00623669 0.00600629 0.00560177 0.00493936 0.00667552 0.00555926 0.00474125 0.00459744 0.00425157 0.00389686 0.0065191 0.00376599 0.00360699 0.00346502 0.00340916 0.00415107 0.00251691 0.00247685 0.00203883 0.00198882 0.00116795 0.00140746 0.000812103 0.000277952 0.000258658
threshold=415.93826827554795 0.062178734208676638 832.52500000000009 1527.1000000000001 1054.1250000000002 -0.0001612097443024978 1.6214285714285739 688.12500000000011 389.43443905888978 1573.2250000000001 82.587956192602107 0.021160408740224148 376.90867061439627 1.1399999999999866 0.0037802558364697105 45.267058681745645 0.0034023246150305555 0.0046058665355776796 246.72750532623408 -6.0499999999999963 0.0060729929176714494 0.9093491258167774 438.75000000000006 39.838370561425691 192.83220832917581 1.2707260903418642 0.97705827902644848 0.019360930794880368 1.5990178571428577 -3.5899999999999745 86.655948467194051 244.0720125421112 0.0047675471702726003 0.0040564057440022347 1.381339285714287 0.0052832655119963946 0.0059670294914149569 0.047783741291463393
decision_type=2 2 2 2 2 2 2 2 2 2 2 2 2 2 2 2 2 2 2 2 2 2 2 2 2 2 2 2 2 2 2 2 2 2 2 2 2 2
left_child=1 4 25 -2 6 12 10 19 13 11 14 30 -6 20 33 -15 -12 18 -18 35 -9 -4 24 -24 -16 26 -3 28 -21 -10 -7 -28 -14 -1 -35 -8 -34 -29
right_child=3 2 21 -5 5 9 7 8 29 -11 16 -13 32 15 22 -17 17 -19 -20 27 -22 -23 23 -25 -26 -27 31 37 -30 -31 -32 -33 36 34 -36 -37 -38 -39
leaf_value=0 -0.00068384384600783145 0 0 0 0.00015763729274122505 0.0004327840961624843 0.00017894659493668158 0.00024157565396205498 0 0 0 0 0 -8.9904890338412491e-05 7.1623783402927424e-05 0.00014623504161392732 0.00045177311781150419 0 0 0 0 -0.00057368795836921854 0.00018271216249991112 0 -0.00011036493850597172 -0.00026195390321030889 0.00030547989380598294 2.5333734023651715e-05 -0.00019917621879592435 -0.0002753292700477565 4.5621178069879838e-06 0 -0.00031023055712068253 -0.00025592166779873264 0 0 0 -5.7707097983774416e-05
leaf_weight=64 74 47 32 47 56 272 30 251 47 43 54 42 49 233 253 147 139 51 32 106 70 101 426 193 171 34 62 95 526 112 59 35 70 67 36 30 30 51
leaf_count=64 74 47 32 47 56 272 30 251 47 43 54 42 49 233 253 147 139 51 32 106 70 101 426 193 171 34 62 95 526 112 59 35 70 67 36 30 30 51
internal_value=0 2.00084e-05 -0.000194566 -0.000430851 3.99348e-05 0.000167625 1.21818e-05 -3.8074e-05 2.11287e-05 0.000292693 7.56554e-05 0.000338467 -4.24707e-05 8.38024e-05 3.59131e-05 0 0.000216958 0.000280132 0.000369922 -0.000109541 0.000181059 -0.000470708 6.82718e-05 0.000116243 0 0 7.79897e-05 -0.000134497 -0.00016467 -0.000198157 0.000383726 0.000202483 -0.000178155 -0.000112053 -0.000174574 6.37369e-05 -0.000254999 0
internal_weight=0 4116 311 121 3805 621 3184 1698 860 416 1486 373 205 701 1210 380 276 222 171 838 321 133 1043 619 424 178 144 778 632 159 331 97 149 167 103 60 100 146
internal_count=4237 4116 311 121 3805 621 3184 1698 860 416 1486 373 205 701 1210 380 276 222 171 838 321 133 1043 619 424 178 144 778 632 159 331 97 149 167 103 60 100 146
is_linear=0
shrinkage=0.03


Tree=8
num_leaves=41
num_cat=0
split_feature=33 30 20 3 53 33 41 49 41 33 7 7 49 49 33 26 34 53 35 2 5 7 49 3 3 54 0 33 14 5 34 46 2 54 35 37 5 41 46 34
split_gain=0.0270294 0.0191301 0.0142539 0.0108672 0.0104052 0.0135109 0.00881432 0.00689345 0.00665845 0.00438733 0.00571577 0.00752991 0.0092592 0.00539583 0.00423067 0.00416941 0.00505999 0.0027988 0.00275832 0.00274656 0.00424604 0.00375414 0.00261268 0.00260198 0.015176 0.00252694 0.00204694 0.00150316 0.000951701 0.00083687 0.000719208 0.000703423 0.000824845 0.000433621 0.000242196 0.000784879 0.00090447 0.000145836 1.58574e-05 1.57102e-05
threshold=0.0077820399018616255 0.04756514986013903 0.030094700549246015 382.04653370096111 235.45100000000005 0.0095976767393186908 0.0036582376494378533 29.6910798971786 0.0064832084999756328 0.01214771108121456 0.0078899692385607217 0.0061776055643049379 21.850784385889462 64.552956425546128 0.0050548362066062053 0.049401182152244455 2.2379821428571476 246.22150000000002 1.0956702818460882 348.29879836168629 0.11000000000001366 0.0069765430546388446 67.944671027925139 202.51626703846799 216.20470806376304 0.0031193706830472817 36.93194422228315 0.006434106651216266 0.18999999999999775 1.0000000180025095e-35 1.0354464285714327 33.112340431448992 188.87600853266375 0.025616566653846439 1.0164134382544399 -2.1699999999999871 1.1499999999999917 0.0047871606024617085 45.944419844407989 2.8302500000000053
decision_type=2 2 2 2 2 2 2 2 2 2 2 2 2 2 2 2 2 2 2 2 2 2 2 2 2 2 2 2 2 2 2 2 2 2 2 2 2 2 2 2
left_child=3 2 9 6 -3 -6 18 39 14 10 11 12 25 -14 29 16 -4 -10 28 20 -13 -21 23 27 -25 -2 -20 -16 31 -8 -28 -1 -33 -18 38 -36 -37 -17 -30 -5
right_child=1 4 15 7 5 -7 8 -9 17 -11 -12 19 13 -15 22 37 33 -19 26 21 -22 -23 -24 24 -26 -27 30 -29 34 -31 -32 32 -34 -35 35 36 -38 -39 -40 -41
leaf_value=0 -5.7766842772252859e-05 0 0 -1.6732736001664889e-05 -6.7666172227232691e-05 -0.00098657174947337041 -0.00016403382487728129 -0.0004561284766358401 -0.0002796124712762873 7.895233205975106e-05 -0.00035225211641360803 2.0643276925267845e-05 -0.00024932281836374158 0 9.4186467822793846e-05 0 0 0 0 0.00030639537082837392 -0.00022375114521869986 0 0 0.0005970430441951726 0.00012183015378908697 0.00015511072113828366 0 -4.9786985365415734e-06 0 0 -0.00021643536059751304 0 0.00016008879606478981 0.00054039899052511298 0 0 -0.00020276846431113558 -5.9966318533366731e-05 1.2995973179746629e-05 0
leaf_weight=95 79 58 64 50 54 51 31 53 44 51 114 173 435 30 163 30 30 43 31 61 76 31 53 76 1379 83 34 151 73 31 108 30 87 46 32 30 42 36 84 32
leaf_count=95 79 58 64 50 54 51 31 53 44 51 114 173 435 30 163 30 30 43 31 61 76 31 53 76 1379 83 34 151 73 31 108 30 87 46 32 30 42 36 84 32
internal_value=0 -0.000103946 -5.86022e-05 5.42213e-05 -0.000420071 -0.00060186 7.03273e-05 -0.000190682 0.000102588 -0.000105206 -0.000122233 -8.56833e-05 -0.000148737 -0.000218457 0.000116964 0.00015377 0.000247912 -0.000104757 -1.41857e-05 3.9476e-06 -1.81778e-05 0.000160902 0.000127214 0.000134153 0.000153032 0 -0.000122252 1.79498e-05 6.41967e-06 -3.8862e-05 -0.000176423 6.38766e-05 0.000112991 0.00041522 -5.86638e-06 -4.66049e-05 -0.000113464 0 0 0
internal_weight=0 1502 1339 2752 163 105 2617 135 1971 1133 1082 968 627 465 1884 206 140 87 646 341 249 92 1822 1769 1455 162 173 314 473 62 142 212 117 76 261 104 72 66 157 82
internal_count=4254 1502 1339 2752 163 105 2617 135 1971 1133 1082 968 627 465 1884 206 140 87 646 341 249 92 1822 1769 1455 162 173 314 473 62 142 212 117 76 261 104 72 66 157 82
is_linear=0
shrinkage=0.03


Tree=9
num_leaves=57
num_cat=0
split_feature=53 7 30 20 41 42 34 1 1 53 33 53 34 33 4 53 33 1 46 2 42 4 54 41 37 33 33 38 35 33 5 35 34 52 34 17 26 42 42 53 33 41 1 4 37 42 1 1 5 52 35 54 41 33 37 37
split_gain=0.0226823 0.0192368 0.0100585 0.00872955 0.00791591 0.00750574 0.00665696 0.00646747 0.0133325 0.0137103 0.011337 0.0085536 0.00631832 0.00546967 0.0147602 0.00512159 0.00487925 0.00487144 0.00456999 0.0041806 0.00325287 0.0039293 0.00318533 0.0073725 0.00452576 0.00272063 0.00249467 0.00258538 0.00215184 0.00185824 0.00158752 0.00237485 0.00128515 0.0012669 0.00114144 0.00110163 0.00127599 0.00105491 0.00105368 0.00104777 0.00104499 0.000809404 0.000789355 0.000557868 0.00104412 0.00054896 0.000518603 0.00126945 0.00150296 0.000405425 0.000241233 0.000233402 0.00015178 8.17983e-05 3.52236e-05 4.58021e-05
threshold=384.49850000000004 0.0052362484053982911 0.04756514986013903 0.023081568993430394 0.0036220369516182759 1.110759761270488 3.1933571428571477 230.06250000000003 225.29625000000001 229.16900000000001 0.0082681327266831105 319.28700000000009 2.8769821428571416 0.0069318742908084643 2.0642857142857109 354.44680000000005 0.0094679111822244325 371.7962500000001 8.6660136300889068 405.48854624998279 1.0917067703902463 1.6071428571428605 0.0031193706830472817 0.0046794644329987986 -4.6949999999999923 0.0050548362066062053 0.0089657939878047908 0.71220719468290072 0.88461114438741129 0.0087443187941905736 0.90000000000002001 1.0096080509240697 1.9796428571428584 0.0028658048228793363 2.8945000000000043 -0.0095389930121461113 0.014184524219997654 1.1349623049156325 1.0947945666876655 320.96480000000003 0.006466760719403282 0.0053425438293407115 256.25000000000006 1.1785714285714277 -2.4900000000000087 1.0223195585472624 189.60875000000004 252.87625000000003 -0.3899999999999863 0.00055991241791296332 0.9746489067629579 -0.017628013528619254 0.0046701487911567858 0.0053862104004398529 -2.0499999999999683 0.89999999999999158
decision_type=2 2 2 2 2 2 2 2 2 2 2 2 2 2 2 2 2 2 2 2 2 2 2 2 2 2 2 2 2 2 2 2 2 2 2 2 2 2 2 2 2 2 2 2 2 2 2 2 2 2 2 2 2 2 2 2
left_child=1 4 3 7 30 6 41 8 26 -10 33 18 29 22 20 -13 -4 38 -12 34 21 52 25 24 -24 -6 27 -3 -23 32 37 -32 -5 42 -7 -27 -37 46 -16 -26 -39 45 -9 -33 -45 51 53 48 -48 -22 -35 -2 -15 -1 -25 -56
right_child=5 2 16 12 13 19 -8 10 9 -11 11 15 -14 14 17 -17 -18 -19 -20 -21 49 28 23 54 39 35 -28 -29 -30 -31 31 43 -34 50 -36 36 -38 40 -40 -41 -42 -43 -44 44 -46 -47 47 -49 -50 -51 -52 -53 -54 -55 55 -57
leaf_value=4.9533169005358477e-05 0 0 0 0 -2.9318177247251208e-05 -0.00026206419816597891 -0.00041460125925292269 0.00013407622610942918 0.0006891740749868535 0 0 0.00012285898012471747 0.00046105774829228373 0 0.00026233891186296717 -0.00023314568522841248 -0.00054900186129357999 0 -0.00041291111458213682 0.00020101981376507936 9.0551643802397211e-05 0 0 0 0.00036882520459338133 0 0 -0.00023681041651010354 -0.0002290387032225876 0.00014457555910810192 0 0 -0.00020422139731414904 -0.00013806941209069051 0 0 0.00013414092265325831 0.00020020478884401471 0 0 0 0 0 0 -0.0002622420213313709 0 -0.00018421326284808278 0 0 0 0 -0.00015764556164944132 5.8807061082547929e-05 0 3.8382202886030871e-05 0
leaf_weight=68 31 49 50 48 54 36 171 79 48 33 30 69 43 33 244 65 59 99 194 56 44 30 47 52 268 33 61 105 210 70 74 33 32 33 35 40 445 48 59 57 33 31 92 42 72 30 84 38 43 50 40 102 39 38 49 31
leaf_count=68 31 49 50 48 54 36 171 79 48 33 30 69 43 33 244 65 59 99 194 56 44 30 47 52 268 33 61 105 210 70 74 33 32 33 35 40 445 48 59 57 33 31 92 42 72 30 84 38 43 50 40 102 39 38 49 31
internal_value=0 2.64867e-05 -6.80602e-05 -3.13315e-05 7.63302e-05 -0.000190368 -0.00025945 -7.72913e-05 1.1821e-05 0.000362276 -0.000136019 -0.000244037 0.000135648 0.000106589 3.24636e-05 0 -0.000351671 0.000168989 -0.00035971 0 -8.06181e-05 -0.000133501 0.000153851 0.000222042 0.000290837 7.79055e-05 -7.89815e-05 -0.000152424 -0.000194583 0 -7.47425e-06 -7.9693e-05 -4.96975e-05 0 -0.000143845 0.000106459 0.000118937 1.23844e-05 0.000228732 0.000330626 0.000110963 -7.57059e-05 6.47357e-05 -0.000155009 -0.000187984 -0.000106177 0 -4.7429e-05 -0.000108999 0 -7.57283e-05 -0.000132317 0 2.97799e-05 0 1.98445e-05
internal_weight=0 3657 1200 1091 2457 492 365 898 296 81 602 358 193 1884 808 134 109 402 224 127 406 312 1076 504 372 572 215 154 240 150 573 221 80 244 71 518 485 352 303 325 81 194 171 147 114 163 271 165 127 94 73 133 72 106 132 80
internal_count=4149 3657 1200 1091 2457 492 365 898 296 81 602 358 193 1884 808 134 109 402 224 127 406 312 1076 504 372 572 215 154 240 150 573 221 80 244 71 518 485 352 303 325 81 194 171 147 114 163 271 165 127 94 73 133 72 106 132 80
is_linear=0
shrinkage=0.03


end of trees

feature_importances:
volume_ma=49
volatility_ma=34
atr_normalized=32
atr_ma=31
adx=28
bb_middle=27
sma_50=25
bb_lower=20
volatility=19
bb_width=18
volatility_ratio=18
price_sma_50_dist=18
bb_upper=16
momentum_10=14
return_24=13
atr_ratio=13
atr=12
stoch_d=10
price_sma_20_dist=10
price_bb_lower_dist=9
momentum_convergence=9
momentum_20=7
return_12=7
rsi=5
price_bb_upper_dist=5
volume_ratio=5
momentum_ratio=3
range=2
return_3=2
rsi_divergence=2
stoch_k=2
range_pct=1
body_pct=1
lower_shadow=1
return_1=1
return_6=1
volume_change=1

parameters:
[boosting: gbdt]
[objective: regression]
[metric: rmse]
[tree_learner: serial]
[device_type: cpu]
[data: ]
[valid: ]
[num_iterations: 300]
[learning_rate: 0.03]
[num_leaves: 70]
[num_threads: 8]
[deterministic: 0]
[force_col_wise: 0]
[force_row_wise: 0]
[histogram_pool_size: -1]
[max_depth: 8]
[min_data_in_leaf: 30]
[min_sum_hessian_in_leaf: 0.001]
[bagging_fraction: 0.7]
[pos_bagging_fraction: 1]
[neg_bagging_fraction: 1]
[bagging_freq: 1]
[bagging_seed: 400]
[feature_fraction: 0.9]
[feature_fraction_bynode: 1]
[feature_fraction_seed: 30056]
[extra_trees: 0]
[extra_seed: 12879]
[early_stopping_round: 0]
[first_metric_only: 0]
[max_delta_step: 0]
[lambda_l1: 0.3]
[lambda_l2: 0.5]
[linear_lambda: 0]
[min_gain_to_split: 0]
[drop_rate: 0.1]
[max_drop: 50]
[skip_drop: 0.5]
[xgboost_dart_mode: 0]
[uniform_drop: 0]
[drop_seed: 17869]
[top_rate: 0.2]
[other_rate: 0.1]
[min_data_per_group: 100]
[max_cat_threshold: 32]
[cat_l2: 10]
[cat_smooth: 10]
[max_cat_to_onehot: 4]
[top_k: 20]
[monotone_constraints: ]
[monotone_constraints_method: basic]
[monotone_penalty: 0]
[feature_contri: ]
[forcedsplits_filename: ]
[refit_decay_rate: 0.9]
[cegb_tradeoff: 1]
[cegb_penalty_split: 0]
[cegb_penalty_feature_lazy: ]
[cegb_penalty_feature_coupled: ]
[path_smooth: 0]
[interaction_constraints: ]
[verbosity: 1]
[saved_feature_importance_type: 0]
[linear_tree: 0]
[max_bin: 255]
[max_bin_by_feature: ]
[min_data_in_bin: 3]
[bin_construct_sample_cnt: 200000]
[data_random_seed: 175]
[is_enable_sparse: 1]
[enable_bundle: 1]
[use_missing: 1]
[zero_as_missing: 0]
[feature_pre_filter: 1]
[pre_partition: 0]
[two_round: 0]
[header: 0]
[label_column: ]
[weight_column: ]
[group_column: ]
[ignore_column: ]
[categorical_feature: ]
[forcedbins_filename: ]
[precise_float_parser: 0]
[parser_config_file: ]
[objective_seed: 16083]
[num_class: 1]
[is_unbalance: 0]
[scale_pos_weight: 1]
[sigmoid: 1]
[boost_from_average: 1]
[reg_sqrt: 0]
[alpha: 0.9]
[fair_c: 1]
[poisson_max_delta_step: 0.7]
[tweedie_variance_power: 1.5]
[lambdarank_truncation_level: 30]
[lambdarank_norm: 1]
[label_gain: ]
[lambdarank_position_bias_regularization: 0]
[eval_at: ]
[multi_error_top_k: 1]
[auc_mu_weights: ]
[num_machines: 1]
[local_listen_port: 12400]
[time_out: 120]
[machine_list_filename: ]
[machines: ]
[gpu_platform_id: -1]
[gpu_device_id: -1]
[gpu_use_dp: 0]
[num_gpu: 1]

end of parameters

pandas_categorical:[]
