tree
version=v4
num_class=1
num_tree_per_iteration=1
label_index=0
max_feature_idx=55
objective=regression
feature_names=rsi ema_fast ema_slow macd macd_signal momentum_10 momentum_20 volatility volume_ma range range_pct body body_pct upper_shadow lower_shadow is_bullish return_1 return_3 return_6 return_12 return_24 log_return rsi_normalized rsi_overbought rsi_oversold rsi_divergence ema_cross ema_cross_pct ema_cross_signal price_ema_fast_dist price_ema_slow_dist macd_hist macd_hist_change macd_cross_signal macd_strength momentum_ratio momentum_convergence volume_ratio volume_spike volume_change volatility_ma volatility_ratio high_volatility low_volatility stoch_k stoch_d stoch_overbought stoch_oversold adx strong_trend sma_20 price_sma_20_dist sma_50 price_sma_50_dist signal_convergence market_regime
feature_infos=[0:99.999999949210959] [16221.460477967343:22195.420446942684] [16239.993743061475:22183.497877056925] [-401.79307035902457:574.44218261259448] [-349.45166956260863:503.44731487822173] [-1136.3299999999981:2041.25] [-1492.3600000000006:2391.5300000000025] [0:0.014853398867608843] [0:18712.200000000001] [0:1362.5300000000025] [0:0.074722026471580341] [0:864.88000000000102] [0:0.047430578596244014] [0:990.12000000000262] [0:265.25] [0:1] [-0.045174245084269593:0.049905285037338931] [-0.048101045054701363:0.086898819085784673] [-0.061847842605140535:0.099918239971441558] [-0.069266784019653138:0.12466460594935413] [-0.10307623393468524:0.13529494076771242] [-0.046226410734074706:0.048699955374397121] [-1:0.99999999898421921] [0:1] [0:1] [-46.49836329065117:57.635486761074901] [-401.79307035902457:574.44218261259448] [-0.024248253187935324:0.029941350879806313] [0:1] [-0.050407460627379774:0.062606981097555275] [-0.068259907944047085:0.077643593190519999] [-99.055562789104499:203.06273269795861] [-45.174823638776047:60.217746146399293] [0:1] [-92.613048941831764:197.38007783254926] [-5670000000.0000725:10050000000] [-2041.25:1136.3299999999981] [0:6.0856248751311206] [0:1] [-0.99980506822612081:2776] [0:0.014083508988507099] [0:4.7739267325055099] [0:1] [0:1] [0:99.999999998465086] [0:99.679439429295329] [0:1] [0:1] [0:97.291675599848531] [0:1] [0:22190.644999999997] [-0.065043780517382327:0.081969259130748082] [0:22163.835999999999] [-0.093182420536107813:0.10000952626628214] [0:3] [0:2]
tree_sizes=4751 3473 4175 4133

Tree=0
num_leaves=50
num_cat=0
split_feature=7 2 48 2 1 4 41 52 31 1 52 9 52 52 2 9 4 31 52 1 1 4 2 9 34 3 19 9 4 7 48 9 52 41 1 1 2 45 34 34 20 34 7 52 9 9 4 48 9
split_gain=0.016264 0.0618157 0.00801415 0.00432903 0.00286949 0.00345298 0.00420134 0.00269697 0.00216582 0.00371816 0.0029038 0.00177928 0.00173591 0.00148752 0.00139186 0.00198084 0.00118337 0.00107656 0.0014012 0.00220149 0.00172501 0.00101095 0.000956758 0.000940255 0.00085513 0.000844339 0.00101516 0.000859362 0.0012681 0.000583508 0.000521763 0.0010358 0.000968286 0.000506206 0.000529024 0.000490338 0.000490042 0.00042477 0.000411114 0.000378355 0.000333484 0.000220949 0.000197437 0.000144653 0.000111469 6.6576e-05 6.54774e-05 0.000300354 6.29022e-05
threshold=0.0047028661574929709 17119.181570788187 31.689034121024967 18068.994412913493 18532.801853268491 -25.721263750562965 1.3780191815009293 21477.243000000002 -12.964031754183424 18210.706580048234 17851.156000000006 29.77499999999964 17987.594500000003 18740.295300000002 17493.044346098308 21.52499999999964 -27.958906927947705 -32.889540932839395 18764.425400000004 18899.224370469579 19436.810195475624 24.54918996749559 17568.361282037822 17.02499999999964 9.8363412281335929 6.6254565721337721 0.0065597134730764903 14.024999999999638 46.325002980970361 0.0029186113496062769 40.786078167042319 19.27499999999964 22058.998200000005 1.779687178578589 20568.33631584172 17820.33987318692 18060.054807459266 13.817525269291471 -12.626998277805587 5.1700428233654145 0.010529857233826047 -6.7207927194352726 0.00083805239678453626 17607.319500000005 16.27499999999964 13.024999999999638 11.278311766218598 28.956594098597439 38.524999999999643
decision_type=2 2 2 2 2 2 2 2 2 2 2 2 2 2 2 2 2 2 2 2 2 2 2 2 2 2 2 2 2 2 2 2 2 2 2 2 2 2 2 2 2 2 2 2 2 2 2 2 2
left_child=3 2 -2 12 5 6 11 17 9 -3 35 -5 14 -12 15 -1 -17 33 21 38 -21 23 40 -19 37 -7 27 -27 -29 30 31 -9 -33 34 -6 -10 45 -18 -20 46 44 -13 -41 -44 -16 -14 47 -24 -32
right_child=1 8 -4 4 7 25 -8 29 10 -11 13 41 36 -15 22 16 24 18 19 20 -22 -23 39 -25 -26 26 -28 28 -30 -31 48 32 -34 -35 -36 -37 -38 -39 -40 42 -42 -43 43 -45 -46 -47 -48 -49 -50
leaf_value=0.00021562289633077103 0.0030226207445242996 -0.0003954319664010678 0.00044752016867411528 0.00021562289633077103 -0.00011520018689311693 0.00021562289633077103 0.00021562289633077103 0.00021562289633077103 0.00021562289633077103 0.00021562289633077103 0.00063012344089839029 0.00021562289633077103 0.00021562289633077103 0.00021562289633077103 0.00021562289633077103 0.00021562289633077103 0.00021562289633077103 0.00021562289633077103 0.00021562289633077103 0.00028135242105479857 0.00020830455057503994 0.00021562289633077103 0.00021562289633077103 0.00038756148212470932 0.00021562289633077103 0.00021562289633077103 0.00021562289633077103 -1.5661891095085075e-06 0.00021562289633077103 0.00021562289633077103 0.00019018359603623035 -1.3936203153025879e-05 0.00021562289633077103 0.00021562289633077103 0.00021562289633077103 -3.1333174267017598e-05 0.00021562289633077103 0.00043023263516954197 5.5599735171447896e-05 0.00021562289633077103 0.00021562289633077103 -0.00042558175207481927 0.00021562289633077103 0.00031933461093826911 5.3807547048786351e-05 0.00042495185028468941 0.00021933937324348981 0.00016146450756214991 0.00021562289633077103
leaf_weight=435 27 30 20 44 48 501 39 206 32 43 84 30 39 37 38 107 25 141 30 930 5574 167 185 282 73 125 109 251 43 34 300 295 61 34 20 20 43 348 257 61 22 82 32 174 131 236 363 310 131
leaf_count=435 27 30 20 44 48 501 39 206 32 43 84 30 39 37 38 107 25 141 30 930 5574 167 185 282 73 125 109 251 43 34 300 295 61 34 20 20 43 348 257 61 22 82 32 174 131 236 363 310 131
internal_value=0.000215623 0.0005852 0.00224812 0.000208491 0.000192082 0.000118715 -9.02311e-05 0.000204399 0.000215623 5.25644e-05 0.000357227 -0.000213567 0.000263685 0.000513294 0.000240645 0.000286203 0.000349237 0.000215623 0.000217059 0.000212737 0.000216444 0.000292214 0.000215623 0.000334598 0.00038523 0.000172913 0.000128722 9.08371e-05 4.38824e-05 0.000128397 0.000118991 7.86831e-05 2.36009e-05 5.37237e-05 -2.49617e-05 0.000215623 0.000383398 0.000415935 7.65124e-05 0.000223596 0.000105431 -0.000328607 0.000277341 0.000301247 7.90501e-05 0.000407981 0.000215623 0.00019772 0.000206364
internal_weight=0 293 47 12356 9734 1224 195 8510 246 73 173 156 2622 121 2304 988 553 7483 7381 6791 6504 590 1316 423 446 1029 528 419 294 1027 993 562 356 102 68 52 318 373 287 1125 191 112 267 206 169 275 858 495 431
internal_count=12649 293 47 12356 9734 1224 195 8510 246 73 173 156 2622 121 2304 988 553 7483 7381 6791 6504 590 1316 423 446 1029 528 419 294 1027 993 562 356 102 68 52 318 373 287 1125 191 112 267 206 169 275 858 495 431
is_linear=0
shrinkage=1


Tree=1
num_leaves=41
num_cat=0
split_feature=50 40 48 7 3 50 37 8 48 52 37 36 41 3 52 52 7 37 9 1 52 37 40 4 1 48 52 8 41 50 50 40 40 31 35 31 52 37 40 1
split_gain=0.0131979 0.0442604 0.0284413 0.00917172 0.0131276 0.00251425 0.00180879 0.00128401 0.00108224 0.00109064 0.00109726 0.00136023 0.000982177 0.00355371 0.00268469 0.00224664 0.0026033 0.00121621 0.00108686 0.000887635 0.00256037 0.00234627 0.000840991 0.000790746 0.000778929 0.000753434 0.000721285 0.000674984 0.000643384 0.000626879 0.00093299 0.000581952 0.000495897 0.000320923 0.000256271 0.000183317 3.66862e-05 1.24992e-05 6.28727e-06 2.4912e-06
threshold=17487.365000000002 0.0061171917632848573 30.41456417009714 0.0070957982440961308 -138.15415437943008 21601.390000000007 1.0853434440152918 2100.9000000000005 38.496159009433974 22058.998200000005 0.65421465164951587 49.034999999999862 1.0319295405132991 -45.22778735901192 20985.488200000003 17765.448000000004 0.0043714521334711652 1.1389118112334844 21.52499999999964 18079.924076764513 18251.256500000003 0.6450675737769439 0.0016304608197969625 -28.757183552511055 19436.810195475624 28.369488420529965 19215.884600000001 9308.5750000000025 0.96025793747067245 18195.511250000007 18504.393500000002 0.0016720092468185241 0.00080373853604795323 -9.928087746761733 -0.46236360688738248 11.141758811069922 17946.398500000007 1.1389118112334844 0.0019312623768550127 21165.833724309607
decision_type=2 2 2 2 2 2 2 2 2 2 2 2 2 2 2 2 2 2 2 2 2 2 2 2 2 2 2 2 2 2 2 2 2 2 2 2 2 2 2 2
left_child=1 6 -3 5 -5 12 -1 -8 9 10 -7 34 13 14 18 17 29 -14 -2 22 21 -21 36 -9 -22 -19 -18 -24 -20 32 -31 33 -17 -25 -12 -35 -15 38 -10 -16
right_child=3 2 -4 4 -6 8 7 23 37 -11 11 -13 15 19 39 16 26 25 28 20 24 -23 27 31 -26 -27 -28 -29 -30 30 -32 -33 -34 35 -36 -37 -38 -39 -40 -41
leaf_value=0 0 0.0027480487226305798 0.00024418574518266596 -0.0015417237484951296 0 0 0 0 -1.563611634083865e-05 0 0 0 0 -7.8508378207374572e-06 1.4151217228017309e-05 0 0.00034366661988398351 0 -0.00030800395463211359 0 2.8570821570544275e-05 -0.00025313977949193545 0.00013247486835031642 0 -1.9265718759512424e-05 -0.00027429392705137306 0 0 0 -8.2727398291074353e-05 9.3196328738425604e-06 0 7.9394729855247507e-05 0.00024960739145322882 -0.00030827166465402706 0 2.0331665808365529e-05 0 0 0
leaf_weight=497 46 27 48 24 30 100 68 59 192 91 22 25 144 441 31 194 83 68 232 174 1109 213 274 31 2854 119 69 24 52 295 3602 30 523 260 212 45 156 156 23 36
leaf_count=497 46 27 48 24 30 100 68 59 192 91 22 25 144 441 31 194 83 68 232 174 1109 213 274 31 2854 119 69 24 52 295 3602 30 523 260 212 45 156 156 23 36
internal_value=0 0.000166558 0.00134777 -1.724e-05 -0.000672467 -1.28759e-05 6.17955e-05 0.000129762 -9.83331e-05 -0.000153788 -0.000192968 -0.000249391 -4.94502e-06 -2.02095e-05 -0.000166293 9.00886e-06 2.04523e-05 -0.000110415 -0.000231514 -6.28951e-06 -1.79791e-05 -0.000141856 3.37638e-05 0.000164568 -2.09391e-06 -0.000194488 0.000229504 0.000102352 -0.000268032 1.03097e-05 0 0.000191956 5.35666e-05 0.000210867 -0.000288728 0.000227184 0 0 -1.20529e-05 0
internal_weight=0 1065 75 11614 54 11560 990 493 821 450 359 259 10739 5642 397 5097 4766 331 330 5245 4350 387 895 425 3963 187 152 298 284 4614 3897 366 717 336 234 305 597 371 215 67
internal_count=12679 1065 75 11614 54 11560 990 493 821 450 359 259 10739 5642 397 5097 4766 331 330 5245 4350 387 895 425 3963 187 152 298 284 4614 3897 366 717 336 234 305 597 371 215 67
is_linear=0
shrinkage=0.05


Tree=2
num_leaves=50
num_cat=0
split_feature=50 40 48 7 26 50 10 34 40 37 48 4 40 7 4 27 30 4 1 48 41 48 36 50 37 41 1 41 31 40 0 1 40 14 1 37 7 48 48 31 1 50 4 35 40 40 5 45 1
split_gain=0.012954 0.0457027 0.0202963 0.0081354 0.00507038 0.00172226 0.00169894 0.000928837 0.0011262 0.00170819 0.00170169 0.00171514 0.000917012 0.000771192 0.00127955 0.00132647 0.000753907 0.000603515 0.000590449 0.000571745 0.000570242 0.000510063 0.000838791 0.000734428 0.000815317 0.00113688 0.000437265 0.000333734 0.000271512 0.00064633 0.00174151 0.000354438 0.000915346 0.000260744 0.000311164 0.000212606 0.000145209 0.00034927 0.000170222 0.000123209 0.00012212 2.93622e-05 3.69687e-05 1.67279e-05 4.25251e-05 2.61838e-05 1.14938e-05 4.3425e-06 3.69576e-06
threshold=17487.365000000002 0.0061171917632848573 31.689034121024967 0.0070957982440961308 -138.15415437943008 21601.390000000007 0.0011862472034761705 5.1700428233654145 0.0019196531715774477 0.9185962143849522 58.444553624314295 35.575327915865493 0.0017501732191564411 0.0020067713425071633 -20.669309145825906 -0.0030814899764921438 0.00056910667850367479 -28.757183552511055 16945.759695498815 24.366374047641091 2.0754833334631018 38.274593559233239 38.375000000000007 22121.484500000002 0.65421465164951587 1.8001789857207742 17769.282716272544 1.2526054615139854 15.658629556992251 0.0028215518643344502 61.12145384861973 19338.940409309456 0.0037427445208270387 1.1399999999994181 21071.276489872176 0.73845863027022607 0.0028830145618801381 31.361781012068736 29.972588001855105 -8.2620929195495538 21126.161160243362 16810.428750000003 -22.3408175634194 0.97377021041443756 0.00059862290818097459 0.0018809992928002929 110.8199999999979 9.8941265797837481 16945.759695498815
decision_type=2 2 2 2 2 2 2 2 2 2 2 2 2 2 2 2 2 2 2 2 2 2 2 2 2 2 2 2 2 2 2 2 2 2 2 2 2 2 2 2 2 2 2 2 2 2 2 2 2
left_child=1 6 -3 5 -5 7 48 8 13 36 11 -11 17 14 15 -2 20 -8 41 27 -15 22 23 24 -7 -26 -16 33 29 40 -31 32 -30 -9 -35 -20 38 -38 -10 -37 -21 42 -19 44 -23 46 -46 -12 -1
right_child=3 2 -4 4 -6 21 12 19 9 10 47 -13 -14 16 26 -17 -18 18 35 28 -22 43 -24 -25 25 -27 -28 -29 31 30 -32 -33 -34 34 -36 39 37 -39 -40 -41 -42 -43 -44 -45 45 -47 -48 -49 -50
leaf_value=-6.6955024234310946e-06 0 0.0027181353446224191 0.00034202517465901591 -0.0013055698176966377 0 0 0 0 0 -5.3273129545267129e-05 0 -0.00032791883524164989 0 0.00010873972401916513 -5.220635523666013e-05 -0.00012521580800707558 0 0 0 1.0888966216746626e-05 0 0 0 0 -0.00026868297916681551 0 1.8839020131431317e-06 0 0.00012281694703835267 -0.00026881846828118899 0 0 0 0.00011934727926367975 0 0 0 6.6398327502229231e-05 -4.0892453189643501e-05 0.00028638929259422946 -2.8878742893232787e-05 0 3.5208954752690108e-05 0 -3.1003732273683728e-05 0 0 1.3116712960026792e-05 0
leaf_weight=206 84 25 44 20 28 85 72 45 292 435 25 149 81 395 395 453 176 22 24 1308 101 28 64 59 217 20 4597 188 253 83 86 368 48 321 66 21 124 208 445 175 180 28 163 71 252 21 26 63 185
leaf_count=206 84 25 44 20 28 85 72 45 292 435 25 149 81 395 395 453 176 22 24 1308 101 28 64 59 217 20 4597 188 253 83 86 368 48 321 66 21 124 208 445 175 180 28 163 71 252 21 26 63 185
internal_value=0 0.000168327 0.0014227 -1.52649e-05 -0.000669886 -1.1302e-05 6.42499e-05 -4.49777e-06 -1.44666e-05 -5.05845e-05 -0.000113941 -0.00014907 0.000118865 -1.90655e-06 -1.03221e-05 -8.39799e-05 4.50069e-05 0.000144683 0.000167024 1.7285e-05 8.08914e-05 -8.13819e-05 -0.000124137 -0.000153298 -0.000183045 -0.000232624 0 6.10288e-05 0 -4.62709e-06 -9.88193e-05 3.10071e-05 7.12696e-05 8.52987e-05 9.90235e-05 0.000247862 0 1.15474e-05 -2.07948e-05 0.000267703 0 1.30629e-05 2.43521e-05 0 -1.13071e-05 -2.22544e-05 -2.77135e-05 0 0
internal_weight=0 1046 69 11779 48 11731 977 10888 7942 1741 672 584 586 6201 5529 537 672 505 433 2946 496 843 445 381 322 237 4992 620 2326 1657 169 669 301 432 387 220 1069 332 737 196 1488 213 185 398 327 299 278 88 391
internal_count=12825 1046 69 11779 48 11731 977 10888 7942 1741 672 584 586 6201 5529 537 672 505 433 2946 496 843 445 381 322 237 4992 620 2326 1657 169 669 301 432 387 220 1069 332 737 196 1488 213 185 398 327 299 278 88 391
is_linear=0
shrinkage=0.05


Tree=3
num_leaves=50
num_cat=0
split_feature=7 2 7 31 55 2 1 52 52 41 10 31 7 52 52 1 2 9 7 8 3 34 34 53 52 41 37 48 37 52 7 37 8 53 34 37 7 8 2 36 7 52 52 44 41 45 52 13 48
split_gain=0.015402 0.0637716 0.00525109 0.00661022 0.00492927 0.00328598 0.00286703 0.00235965 0.00210473 0.00206453 0.00353577 0.00268438 0.00186772 0.00159659 0.00148744 0.00117569 0.00116688 0.00159536 0.00114661 0.00106652 0.00120256 0.00105312 0.00100582 0.000966578 0.000827983 0.000918914 0.00159102 0.00078752 0.00122182 0.000971151 0.00076614 0.000634262 0.000619929 0.000562259 0.000546693 0.000515188 0.000678692 0.000512302 0.000669146 0.000476735 0.000470784 0.000435523 0.000406841 0.000507531 0.000405045 0.000197163 0.000335327 0.000124125 7.87579e-05
threshold=0.0047028661574929709 17119.181570788187 0.0070957982440961308 -5.7493698100388206 1.5000000000000002 18068.994412913493 18532.801853268491 21477.243000000002 18132.556000000004 1.5866842595009654 0.0018932982668663531 -3.9495685985745976 0.00096911181575894893 17864.706000000002 17987.594500000003 18871.672106288479 17493.044346098308 21.050000000001095 0.00056999344813235986 6078.8000000000011 -30.197238076327263 9.8363412281335929 -34.144937866477967 0.0011430244457819071 17572.697000000004 0.83650424283166258 1.0265375669873891 40.786078167042319 0.86025255698089076 22058.998200000005 0.0022178343388364447 0.22932284093656638 1972.5750000000003 0.003244029762590975 -2.6994228049789002 0.47375770919697774 0.000331778447522891 2586.1250000000005 18060.054807459266 85.125000000000014 0.0017233353699997388 18396.757700000002 20015.871300000003 32.003717469924439 1.5959675655775369 51.17255410531002 17708.991500000007 0.88999999999941803 33.838083897476388
decision_type=2 2 2 2 2 2 2 2 2 2 2 2 2 2 2 2 2 2 2 2 2 2 2 2 2 2 2 2 2 2 2 2 2 2 2 2 2 2 2 2 2 2 2 2 2 2 2 2 2
left_child=5 4 13 -4 -2 14 8 18 -7 10 35 -12 -13 -3 16 41 17 -1 34 20 -20 32 44 -22 25 -18 -27 28 -9 30 -30 -16 -19 -24 -8 -10 -37 -33 47 -34 48 -15 -36 -44 -21 -42 -47 -39 -26
right_child=1 2 3 -5 -6 6 7 27 9 -11 11 12 -14 15 31 -17 24 21 19 22 23 -23 33 -25 40 26 -28 -29 29 -31 -32 37 39 -35 42 36 -38 38 -40 -41 45 -43 43 -45 -46 46 -48 -49 -50
leaf_value=0 0.0026159969289196142 0 -0.00081592998184976627 0 0.000399521938201496 0 0 0 0 0 0 0 -0.00058741777579697204 0.00049901593703554942 0 0 0 0 -0.00027563791724833145 -0.00025680370158936999 1.368140916450374e-06 0 2.2648766901322375e-05 -6.2732686596314466e-05 0 0 -0.00032412492396631108 0 -0.00023656356741801681 0 0 0 0.00017727142062558669 -8.1139531917761472e-06 0 0 -0.00012460156424839853 0 0 0 0 0 0 0.00018338394985389241 0 0 0.00016898618544582944 0.00025789750268389938 -2.1056045643202257e-05
leaf_weight=431 30 34 37 39 24 361 300 193 208 103 108 24 115 52 34 58 102 26 66 48 783 87 3350 801 386 70 79 453 283 73 21 61 419 1747 202 23 296 20 37 47 101 32 28 189 22 56 89 184 444
leaf_count=431 30 34 37 39 24 361 300 193 208 103 108 24 115 52 34 58 102 26 66 48 783 87 3350 801 386 70 79 453 283 73 21 61 419 1747 202 23 296 20 37 47 101 32 28 189 22 56 89 184 444
internal_value=0 0.000352719 0 -0.000327726 0.00191072 -5.99904e-06 -2.04461e-05 -8.21224e-06 -9.29027e-05 -0.000134842 -0.000165134 -0.000338636 -0.000501952 0.00016773 4.13392e-05 0.000250906 1.95323e-05 6.13951e-05 0 -4.84185e-06 -4.08481e-05 0.000116026 3.75376e-06 -2.15793e-05 -1.02952e-06 -9.00282e-05 -0.000170462 -7.95621e-05 -0.000121711 -0.000174628 -0.000214008 0.000148333 0.000145575 9.16202e-06 6.13516e-05 -5.53085e-05 -9.53377e-05 0.000172417 0.000206304 0.00016031 5.79853e-06 0.000375925 9.85875e-05 0.000153127 -0.000175516 7.02102e-05 0.000108433 0.000241812 0
internal_weight=0 306 252 76 54 12470 9797 8559 1238 877 774 247 139 176 2673 142 2337 1010 7536 6817 1650 579 5167 1584 1327 251 149 1023 570 377 304 336 492 5097 719 527 319 302 241 466 1076 84 419 217 70 246 145 204 830
internal_count=12776 306 252 76 54 12470 9797 8559 1238 877 774 247 139 176 2673 142 2337 1010 7536 6817 1650 579 5167 1584 1327 251 149 1023 570 377 304 336 492 5097 719 527 319 302 241 466 1076 84 419 217 70 246 145 204 830
is_linear=0
shrinkage=0.05


end of trees

feature_importances:
sma_50=22
ema_fast=17
volatility=15
adx=14
volume_ratio=12
volatility_ma=12
macd_signal=10
range=10
volatility_ratio=10
ema_slow=9
macd_hist=8
macd_strength=8
sma_20=8
volume_ma=5
macd=4
momentum_convergence=3
stoch_d=3
range_pct=2
momentum_ratio=2
price_sma_50_dist=2
rsi=1
momentum_10=1
upper_shadow=1
lower_shadow=1
return_12=1
return_24=1
ema_cross=1
ema_cross_pct=1
price_ema_slow_dist=1
stoch_k=1
market_regime=1

parameters:
[boosting: gbdt]
[objective: regression]
[metric: rmse]
[tree_learner: serial]
[device_type: cpu]
[data: ]
[valid: ]
[num_iterations: 500]
[learning_rate: 0.05]
[num_leaves: 50]
[num_threads: 8]
[deterministic: 0]
[force_col_wise: 0]
[force_row_wise: 0]
[histogram_pool_size: -1]
[max_depth: 8]
[min_data_in_leaf: 20]
[min_sum_hessian_in_leaf: 0.001]
[bagging_fraction: 0.8]
[pos_bagging_fraction: 1]
[neg_bagging_fraction: 1]
[bagging_freq: 1]
[bagging_seed: 400]
[feature_fraction: 0.8]
[feature_fraction_bynode: 1]
[feature_fraction_seed: 30056]
[extra_trees: 0]
[extra_seed: 12879]
[early_stopping_round: 0]
[first_metric_only: 0]
[max_delta_step: 0]
[lambda_l1: 0.3]
[lambda_l2: 0.1]
[linear_lambda: 0]
[min_gain_to_split: 0]
[drop_rate: 0.1]
[max_drop: 50]
[skip_drop: 0.5]
[xgboost_dart_mode: 0]
[uniform_drop: 0]
[drop_seed: 17869]
[top_rate: 0.2]
[other_rate: 0.1]
[min_data_per_group: 100]
[max_cat_threshold: 32]
[cat_l2: 10]
[cat_smooth: 10]
[max_cat_to_onehot: 4]
[top_k: 20]
[monotone_constraints: ]
[monotone_constraints_method: basic]
[monotone_penalty: 0]
[feature_contri: ]
[forcedsplits_filename: ]
[refit_decay_rate: 0.9]
[cegb_tradeoff: 1]
[cegb_penalty_split: 0]
[cegb_penalty_feature_lazy: ]
[cegb_penalty_feature_coupled: ]
[path_smooth: 0]
[interaction_constraints: ]
[verbosity: 1]
[saved_feature_importance_type: 0]
[linear_tree: 0]
[max_bin: 255]
[max_bin_by_feature: ]
[min_data_in_bin: 3]
[bin_construct_sample_cnt: 200000]
[data_random_seed: 175]
[is_enable_sparse: 1]
[enable_bundle: 1]
[use_missing: 1]
[zero_as_missing: 0]
[feature_pre_filter: 1]
[pre_partition: 0]
[two_round: 0]
[header: 0]
[label_column: ]
[weight_column: ]
[group_column: ]
[ignore_column: ]
[categorical_feature: ]
[forcedbins_filename: ]
[precise_float_parser: 0]
[parser_config_file: ]
[objective_seed: 16083]
[num_class: 1]
[is_unbalance: 0]
[scale_pos_weight: 1]
[sigmoid: 1]
[boost_from_average: 1]
[reg_sqrt: 0]
[alpha: 0.9]
[fair_c: 1]
[poisson_max_delta_step: 0.7]
[tweedie_variance_power: 1.5]
[lambdarank_truncation_level: 30]
[lambdarank_norm: 1]
[label_gain: ]
[lambdarank_position_bias_regularization: 0]
[eval_at: ]
[multi_error_top_k: 1]
[auc_mu_weights: ]
[num_machines: 1]
[local_listen_port: 12400]
[time_out: 120]
[machine_list_filename: ]
[machines: ]
[gpu_platform_id: -1]
[gpu_device_id: -1]
[gpu_use_dp: 0]
[num_gpu: 1]

end of parameters

pandas_categorical:[]
