tree
version=v4
num_class=1
num_tree_per_iteration=1
label_index=0
max_feature_idx=63
objective=regression
feature_names=rsi ema_fast ema_slow bb_middle bb_upper bb_lower atr momentum_10 momentum_20 volatility volume_ma range range_pct body body_pct upper_shadow lower_shadow is_bullish return_1 return_3 return_6 return_12 return_24 log_return rsi_normalized rsi_overbought rsi_oversold rsi_divergence ema_cross ema_cross_pct ema_cross_signal price_ema_fast_dist price_ema_slow_dist bb_width bb_position bb_position_normalized price_bb_upper_dist price_bb_lower_dist bb_breakout_upper bb_breakout_lower atr_normalized atr_ma atr_ratio momentum_ratio momentum_convergence volume_ratio volume_spike volume_change volatility_ma volatility_ratio high_volatility low_volatility stoch_k stoch_d stoch_overbought stoch_oversold adx strong_trend sma_20 price_sma_20_dist sma_50 price_sma_50_dist signal_convergence market_regime
feature_infos=[0:98.323991543918936] [38967.729318929021:107396.26389944887] [39220.71373165102:107049.79494400365] [0:107202.68299999999] [0:108503.14528069981] [0:106362.39873835164] [0:1913.6478571428556] [-8342.5400000000009:10665.179999999993] [-12486.150000000001:14155.739999999991] [0:0.027665265364936176] [0:15071.1] [41.610000000000582:7445.0200000000041] [0.00064197892033770012:0.083194551703992967] [0.010000000002037268:4847.2799999999988] [1.687657469333537e-07:0.053865545209733065] [0:2853.8099999999977] [0:2709.1299999999974] [0:1] [-0.06392068477713575:0.11991470268267301] [-0.06874591913368211:0.12121289228058596] [-0.079615203583715433:0.12324016964288909] [-0.13852618933251082:0.1281729140500143] [-0.20656179582649081:0.18012682534038826] [-0.066055067608681614:0.11325252408776919] [-0.94806582176005261:0.96647983087837874] [0:1] [0:1] [-49.557479223093154:42.119850794411732] [-2596.3215042438969:3122.6028892565373] [-0.051939210812642647:0.033488267366733444] [0:1] [-0.080064711463382857:0.093992858566676371] [-0.1320039222760255:0.11036991523222302] [0:0.23507214819731151] [-0.47895853378551589:1.5139666392771387] [-1.9579170675710318:2.0279332785542774] [-0.051695806611816018:0.2348085863011253] [-0.031298755752849884:0.18048430889612765] [0:1] [0:1] [0:0.030615925217490077] [0:1459.5823571428562] [0:2.5193794912994942] [-4451.5502226422777:74647.925336867193] [-10665.179999999993:8342.5400000000009] [0:2.9553958669892095] [0:1] [-0.80889167188478395:8.7027863777089784] [0:0.027364409329763521] [0:3.7248595957797415] [0:1] [0:1] [0:99.999999999838437] [0:98.883595895685247] [0:1] [0:1] [0:95.095784100943362] [0:1] [0:107202.68299999999] [-0.11842224866658865:0.11006071071452704] [0:106786.319] [-0.21353636665559603:0.12751438682104085] [0:2] [0:2]
tree_sizes=3013 2664 2683 2699 2649 2703 2808 2779 2648 2757 2636 2647 2677 2738 2772 2698 2714 2683

Tree=0
num_leaves=31
num_cat=0
split_feature=48 33 60 5 41 10 37 9 28 28 36 41 10 42 4 62 31 60 1 28 56 48 28 4 60 1 45 7 53 10
split_gain=0.015706 0.0169665 0.0148394 0.0108329 0.0153776 0.0107166 0.00936522 0.00900165 0.00959832 0.00926449 0.00782846 0.00715825 0.00510395 0.00489386 0.00433081 0.00401736 0.00387589 0.00368299 0.00353462 0.00324915 0.00324751 0.00312698 0.00307048 0.0027258 0.00232633 0.00189155 0.00186648 0.00164937 0.00148609 0.00140966
threshold=0.0067702310205894648 0.11393503964507061 62012.378800000006 80665.960840825705 939.67226785714286 11413.050000000001 0.021274886032383023 0.0062827200415673775 158.47634389672024 -596.7843513892002 0.0098519269798218161 1172.7441249999995 8351.1250000000018 1.1332819913986583 65108.796997790159 1.0000000180025095e-35 0.0033643280015075144 64711.246900000013 60743.765729618739 -1196.7635856666745 10.643812879623104 0.0054742744004584775 -339.97257237655134 43486.1504031156 98224.67720000002 62450.704533231248 0.74263443331665413 -1454.6299999999972 79.406681676574451 8792.6000000000004
decision_type=2 2 2 2 2 2 2 2 2 2 2 2 2 2 2 2 2 2 2 2 2 2 2 2 2 2 2 2 2 2
left_child=2 3 12 4 6 7 27 14 9 -9 -6 19 13 28 20 -15 24 -16 21 -3 -4 23 -17 -14 26 -20 -7 -2 -1 -23
right_child=1 11 5 -5 10 16 -8 8 -10 -11 -12 -13 18 15 17 22 -18 -19 25 -21 -22 29 -24 -25 -26 -27 -28 -29 -30 -31
leaf_value=0.00066328944977237338 0.0006217368123731025 -2.5187010346402854e-05 0.0006217368123731025 0.0006217368123731025 0.0006217368123731025 0.0006217368123731025 0.0006217368123731025 0.0006217368123731025 0.0006217368123731025 0.00016515981547145291 0.0012384644135405472 0.0006217368123731025 0.0006217368123731025 0.0006217368123731025 0.00070522871771354671 0.0006217368123731025 0.00061847462847595578 0.00059116387921041066 0.00077559284836973316 0.0006217368123731025 0.00050963142855381957 0.0006217368123731025 0.00082885833895951727 0.00052492220874094558 0.0006217368123731025 0.0006217368123731025 0.00074344466362159724 0.00084651403068843176 0.0006217368123731025 0.00073356571099572761
leaf_weight=1574 32 34 30 310 48 96 334 35 100 149 121 38 150 245 201 35 381 6374 144 31 1063 35 450 700 102 67 654 349 441 117
leaf_count=1574 32 34 30 310 48 96 334 35 100 149 121 38 150 245 201 35 381 6374 144 31 1063 35 450 700 102 67 654 349 441 117
internal_value=0.000621737 0.000721019 0.000611602 0.000760976 0.000814645 0.000589788 0.000725673 0.000576063 0.000398917 0.000270254 0.00110207 0.000403629 0.000658433 0.000681808 0.000584583 0.000754815 0.00066614 0.000596933 0.000617901 0.000204244 0.000524018 0.000583173 0.000806419 0.000552214 0.000705057 0.000711705 0.000725069 0.000827618 0.00064791 0.000657609
internal_weight=0 1297 13143 1194 884 9185 715 7952 284 184 169 103 3958 2745 7668 730 1233 6575 1213 65 1093 1002 485 850 852 211 750 381 2015 152
internal_count=14440 1297 13143 1194 884 9185 715 7952 284 184 169 103 3958 2745 7668 730 1233 6575 1213 65 1093 1002 485 850 852 211 750 381 2015 152
is_linear=0
shrinkage=1


Tree=1
num_leaves=31
num_cat=0
split_feature=60 41 4 10 6 10 6 5 60 4 33 2 56 1 10 8 8 6 4 2 2 10 1 4 10 10 2 28 35 32
split_gain=0.0131003 0.0112693 0.0151041 0.0137837 0.0135459 0.00858512 0.006185 0.00460341 0.00476355 0.00541442 0.00762361 0.00635161 0.00490523 0.00447481 0.00354194 0.00314059 0.00302325 0.0048393 0.00296057 0.00419885 0.00351477 0.00279484 0.00579216 0.0024356 0.00298453 0.0021455 0.00213609 0.00247732 0.00165475 0.00162361
threshold=62099.385000000002 904.10125000000107 86269.906766098182 11114.450000000003 813.82392857142997 12186.175000000001 801.68035714285691 46374.247020930437 57761.868000000009 61691.983105860789 0.024392739776540742 60138.77836065356 49.744124495980259 62060.877938662728 13790.925000000001 989.66500000000099 1027.9449999999999 633.77357142857113 52660.59240103083 55853.118828201565 56448.340460251951 8300.3500000000022 43804.525183481688 63255.098843487693 7412.1750000000002 10902.250000000002 51352.985760179756 109.27228924874363 0.80482072339581179 0.010179447674995002
decision_type=2 2 2 2 2 2 2 2 2 2 2 2 2 2 2 2 2 2 2 2 2 2 2 2 2 2 2 2 2 2
left_child=7 5 3 4 -3 13 15 21 18 10 11 -10 -12 25 -8 -7 17 -15 26 28 -21 -1 -23 24 -11 -2 27 -9 -20 -24
right_child=1 2 -4 -5 -6 6 14 8 9 23 12 -13 -14 16 -16 -17 -18 -19 19 20 -22 22 29 -25 -26 -27 -28 -29 -30 -31
leaf_value=2.8128443802834891e-05 -0.00027455350805865133 0 0 0 0.0010822125443341723 0.00017896888350206648 0 0.0001971739567579372 0.00013350551681993401 0 -0.00016581301439691582 -1.6634901992582347e-05 0 -2.7814422006841434e-05 -0.00028111495873822835 0 0 -0.00011737561625817342 0.00035496723978666077 0 0.00011990938338108742 0 -0.00025966691456060642 0 0.00019105190853733751 0 0 0 0 0
leaf_weight=783 119 32 421 122 38 357 178 109 418 220 344 293 198 6122 41 151 1703 776 168 109 401 257 127 184 301 30 243 101 38 35
leaf_count=783 119 32 421 122 38 357 178 109 418 220 344 293 198 6122 41 151 1703 776 168 109 401 257 127 184 301 30 243 101 38 35
internal_value=0 -1.73568e-05 0.000102424 0.00032287 0.000680174 -2.66884e-05 6.53486e-05 4.49629e-05 6.42156e-05 2.51727e-05 -1.08392e-06 5.05456e-05 -9.64789e-05 -3.60502e-05 -1.65767e-05 0.000130185 -3.11622e-05 -4.00658e-05 0.000116772 0.000160802 7.14461e-05 0 -6.72563e-05 9.31057e-05 0.000126238 -0.000217398 1.4053e-05 9.7858e-05 0.000309102 -0.000209413
internal_weight=0 10090 613 192 70 9477 727 4329 3127 1958 1253 711 542 8750 219 508 8601 6898 1169 716 510 1202 419 705 521 149 453 210 206 162
internal_count=14419 10090 613 192 70 9477 727 4329 3127 1958 1253 711 542 8750 219 508 8601 6898 1169 716 510 1202 419 705 521 149 453 210 206 162
is_linear=0
shrinkage=0.03


Tree=2
num_leaves=31
num_cat=0
split_feature=48 5 33 41 60 37 6 10 41 42 3 10 34 41 5 21 4 42 41 48 4 56 22 6 41 56 2 4 4 9
split_gain=0.0146128 0.0120243 0.0134554 0.0165267 0.0114314 0.00818307 0.00781457 0.00717824 0.00700198 0.00640356 0.00620694 0.00617281 0.00585589 0.00567403 0.0131603 0.00444453 0.00415293 0.00391816 0.00313082 0.00250525 0.00239188 0.00318475 0.00221174 0.00261998 0.00217817 0.00181357 0.00199936 0.00597735 0.00181278 0.00174296
threshold=0.0057532749433251967 80665.960840825705 0.11393503964507061 939.67226785714286 62099.385000000002 0.019381443725740462 813.82392857142997 8424.1000000000004 1172.7441249999995 1.1405822510615955 60496.820500000009 11471.325000000003 0.59015357779315225 695.78960714285734 91055.918793534001 -0.035229072675965582 65108.796997790159 0.91596916706827625 437.62898214285758 0.0021682096864911854 43486.1504031156 45.093486552131331 -0.0053871109755958537 1024.453571428571 785.3746428571427 30.580769441045025 79978.105967467694 88795.966028523399 41294.166503751178 0.0041918650443568883
decision_type=2 2 2 2 2 2 2 2 2 2 2 2 2 2 2 2 2 2 2 2 2 2 2 2 2 2 2 2 2 2
left_child=4 2 3 5 7 15 -5 17 -4 -8 20 13 -3 16 -15 -2 18 -1 -6 -19 -9 -22 -14 29 -7 -13 -27 -28 -21 -24
right_child=1 12 8 6 11 24 9 10 -10 -11 -12 25 22 14 -16 -17 -18 19 -20 28 21 -23 23 -25 -26 26 27 -29 -30 -31
leaf_value=5.5741518752053944e-06 0 2.8854776327057427e-05 -0.00037196973604214915 0 -0.00011229623665726128 4.4152788788038772e-05 0.00070437961209689692 0 0 0 8.4504279010967666e-05 0 0 -0.0005173903534845801 0 0.00019675235959850984 -2.3312477007371275e-05 0 0 0 -0.00015484200296841293 0 0 0 -8.5179226498312868e-05 0 0.00031978546064097307 0 0.0001199501638175116 -0.00028334159780064693
leaf_weight=1274 41 419 63 49 998 525 96 142 33 30 215 315 57 80 148 586 6404 201 75 66 415 255 34 55 129 294 95 226 1114 137
leaf_count=1274 41 419 63 49 998 525 96 142 33 30 215 315 57 80 148 586 6404 201 75 66 415 255 34 55 129 294 95 226 1114 137
internal_value=0 6.98536e-05 0.000118113 0.000146693 -1.32197e-05 9.40173e-05 0.000446343 2.892e-05 -0.000158978 0.00057655 -2.93253e-05 -3.29255e-05 -1.54755e-05 -4.26303e-05 -0.000205128 0.000172632 -3.56664e-05 5.71001e-05 -9.54112e-05 9.3769e-05 -7.79422e-05 -0.000102834 -0.000134081 -0.000176957 0 3.13468e-05 6.43383e-05 0.000116333 0.000110457 -0.000234864
internal_weight=0 2254 1552 1456 12317 1281 175 3682 96 126 1027 8635 702 7705 228 627 7477 2655 1073 1381 812 670 283 226 654 930 615 321 1180 171
internal_count=14571 2254 1552 1456 12317 1281 175 3682 96 126 1027 8635 702 7705 228 627 7477 2655 1073 1381 812 670 283 226 654 930 615 321 1180 171
is_linear=0
shrinkage=0.03


Tree=3
num_leaves=31
num_cat=0
split_feature=48 33 60 10 41 5 5 42 59 42 41 37 9 60 2 48 61 10 42 22 4 10 60 42 28 60 22 60 2 48
split_gain=0.016225 0.0129724 0.0113488 0.0109045 0.008009 0.0072956 0.014394 0.0108048 0.00880201 0.00814099 0.00580055 0.00579663 0.00500257 0.0045419 0.0066217 0.00493007 0.00397885 0.00381504 0.00378456 0.00366977 0.00295145 0.00299961 0.00217643 0.00216387 0.00209835 0.00207399 0.00199604 0.00172329 0.00172247 0.0016482
threshold=0.0067702310205894648 0.10386273165926393 62012.378800000006 12061.725 702.69867857142845 80665.960840825705 67915.259999499191 0.69515724799656187 0.0021661004653823774 1.1033868495525099 1232.3735892857137 0.023308089205642736 0.013234187744587282 74764.092300000004 82881.628664588876 0.0023340342809312306 -0.028853135421475207 8391.0500000000011 0.91596916706827625 0.0043644571240086813 61691.983105860789 8868.0750000000025 43044.827600000011 1.3338730006909014 -339.97257237655134 66290.280600000013 0.022328560198120132 82275.383200000011 62305.499802331069 0.0054742744004584775
decision_type=2 2 2 2 2 2 2 2 2 2 2 2 2 2 2 2 2 2 2 2 2 2 2 2 2 2 2 2 2 2
left_child=2 5 17 4 13 6 8 -8 25 -9 12 26 -3 15 -15 -4 -6 18 -1 -18 21 23 -20 -19 -24 -2 -5 -13 -22 -23
right_child=1 10 3 11 16 -7 7 9 -10 -11 -12 27 -14 14 -16 -17 19 20 22 -21 28 29 24 -25 -26 -27 -28 -29 -30 -31
leaf_value=5.2139252875928275e-06 0.00024581284340787813 0 -0.0001360959825898833 0.00014611598529952734 0 0 0 0.00068685013469060993 0 0 0 0 -0.00041117345844065819 0.00013561457663364894 -1.4421669716326217e-05 -3.0535664650491692e-05 -0.00028751701750754732 -0.00017744769184035815 0 0 0.00013033231264414621 -2.2280529634730072e-05 0 0 0.0001184797996860987 0 0 -0.00011612215653554635 0 0.00010647146922319535
leaf_weight=1367 242 53 599 535 56 298 48 118 327 41 35 90 67 288 3178 4030 237 185 241 173 178 588 91 72 1078 57 30 115 52 105
leaf_count=1367 242 53 599 535 56 298 48 118 327 41 35 90 67 288 3178 4030 237 185 241 173 178 588 91 72 1078 57 30 115 52 105
internal_value=0 0.000104072 -7.28865e-06 -2.62625e-05 -3.71853e-05 0.000145615 0.000191494 0.000432079 8.79248e-05 0.000551487 -0.000102243 7.56911e-05 -0.00023868 -2.79626e-05 0 -4.74384e-05 -0.000165174 3.36624e-05 5.33949e-05 -0.000199349 -6.55754e-08 -3.52601e-05 8.94652e-05 -0.000122861 0.00010644 0.000206563 0.000130528 -2.29911e-06 8.00662e-05 0
internal_weight=0 1286 13288 9331 8561 1131 833 207 626 159 155 770 120 8095 3466 4629 466 3957 2777 410 1180 950 1410 257 1169 299 565 205 230 693
internal_count=14574 1286 13288 9331 8561 1131 833 207 626 159 155 770 120 8095 3466 4629 466 3957 2777 410 1180 950 1410 257 1169 299 565 205 230 693
is_linear=0
shrinkage=0.03


Tree=4
num_leaves=31
num_cat=0
split_feature=48 1 8 60 41 59 49 49 10 10 41 2 2 8 41 60 3 40 41 40 42 4 56 10 60 37 0 28 56 44
split_gain=0.0127329 0.0104059 0.0116702 0.00973719 0.00864784 0.0101054 0.00937494 0.00774023 0.00594283 0.00556053 0.00556384 0.00738652 0.00552232 0.00509973 0.00478259 0.00434011 0.00531832 0.00529404 0.00428614 0.00480758 0.00391666 0.00300962 0.00282676 0.00278278 0.00195692 0.00166968 0.0016459 0.00154219 0.00123429 0.00103939
threshold=0.0058470693400602724 88013.790046628943 -5786.665 62012.378800000006 939.67226785714286 0.0067293671167658418 1.1994028571130564 0.82291907166406175 8391.0500000000011 12061.725 695.78960714285734 95741.026277236379 60580.864762914767 675.8050000000004 785.3746428571427 74764.092300000004 82867.380250000017 0.0065560249170400894 822.76185714285691 0.0067861396919630746 0.85434580557827255 43486.1504031156 45.093486552131331 11319.975 43044.827600000011 0.021541339978037179 36.570785094645238 -339.97257237655134 18.621118580015736 456.9450000000034
decision_type=2 2 2 2 2 2 2 2 2 2 2 2 2 2 2 2 2 2 2 2 2 2 2 2 2 2 2 2 2 2
left_child=3 2 -2 8 5 13 7 -6 20 10 15 23 21 -4 -7 17 -17 -5 19 -3 -1 -10 -23 -12 -22 26 -11 -26 -28 -14
right_child=1 18 4 9 6 14 -8 -9 12 25 11 -13 29 -15 -16 16 -18 -19 -20 -21 24 22 -24 -25 27 -27 28 -29 -30 -31
leaf_value=0 -0.00026157756642838692 0 0.00018086793587000592 -6.6662060500803267e-05 0 8.0094436810919262e-06 0 0.00051171554459159278 0 0 -0.00044304176926323756 0 0.00012174768286049864 0 -0.00020622544779999455 0.00012462452320276835 -1.5232077547886418e-05 0 0 -0.00042967433109879487 0 -0.0001493643090762072 0 0 0 0 0 0.00010646736266590295 0.00016178913501120859 0
leaf_weight=992 49 64 663 3581 79 363 49 156 150 153 93 158 165 189 101 261 3152 913 379 47 304 418 259 30 84 160 35 1244 212 44
leaf_count=992 49 64 663 3581 79 363 49 156 150 153 93 158 165 189 101 261 3152 913 379 47 304 418 259 30 84 160 35 1244 212 44
internal_value=0 6.73984e-05 0.000106119 -1.1851e-05 0.00012677 7.80923e-05 0.000299428 0.000379779 2.71408e-05 -2.98793e-05 -3.72435e-05 -0.00018014 -2.4395e-05 0.000141672 -6.33735e-06 -3.0266e-05 -1.3875e-07 -4.98081e-05 -3.2298e-05 -0.0001983 5.32044e-05 -7.01911e-05 -0.000100093 -0.000357918 8.19208e-05 5.10029e-05 8.60081e-05 9.78431e-05 0.000134062 8.5028e-05
internal_weight=0 2139 1649 12408 1600 1316 284 235 3660 8748 8188 281 1036 852 464 7907 3413 4494 490 111 2624 827 677 123 1632 560 400 1328 247 209
internal_count=14547 2139 1649 12408 1600 1316 284 235 3660 8748 8188 281 1036 852 464 7907 3413 4494 490 111 2624 827 677 123 1632 560 400 1328 247 209
is_linear=0
shrinkage=0.03


Tree=5
num_leaves=31
num_cat=0
split_feature=48 33 5 41 60 59 41 10 4 36 10 41 9 28 6 21 42 10 41 5 4 6 41 4 2 4 48 28 49 56
split_gain=0.0141325 0.0104547 0.012565 0.0182191 0.0103888 0.00839751 0.00754511 0.00616527 0.00648143 0.00558075 0.00600419 0.00480568 0.00689385 0.00535369 0.00487072 0.00447091 0.00381276 0.00368876 0.0057408 0.00719105 0.00466215 0.004197 0.00308803 0.00302008 0.00251982 0.00338651 0.0020634 0.0023116 0.00196653 0.00194384
threshold=0.0058470693400602724 0.11393503964507061 80665.960840825705 939.67226785714286 62099.385000000002 0.0066139260985366467 1232.3735892857137 8351.1250000000018 61691.983105860789 0.0097580136645139103 11744.175000000001 867.90525000000048 0.0060335630934151589 150.24146432188721 765.13607142857256 -0.035229072675965582 0.91596916706827625 12061.725 695.78960714285734 91055.918793534001 65108.796997790159 487.81499999999954 796.12130357142826 43486.1504031156 97526.978676489773 90119.270847947962 0.0021682096864911854 -339.97257237655134 0.93841576226684509 45.374165932487735
decision_type=2 2 2 2 2 2 2 2 2 2 2 2 2 2 2 2 2 2 2 2 2 2 2 2 2 2 2 2 2 2
left_child=4 2 3 5 7 15 -3 16 23 -5 -11 12 13 -4 -14 -2 -1 18 20 -20 21 -6 -7 -9 25 -13 -18 -28 -22 -25
right_child=1 6 11 9 17 22 -8 8 -10 10 -12 24 14 -15 -16 -17 26 -19 19 -21 28 -23 -24 29 -26 -27 27 -29 -30 -31
leaf_value=3.2159019430057699e-06 0 -0.00035008205159101633 0.00017716817135724928 0 -0.00011171979083726748 1.4747948832198669e-05 0 0 9.8823804868041097e-05 0.00078078276870063043 0 0 0 -0.00017868165421570714 -0.00050216365726229659 0.0001682399343081531 0 3.0931968397383028e-05 -0.00039682242878388006 0 0 0 -0.00018601648424408179 -0.0001376254099446465 0 0.00017348016928730488 0 0.00011830974082989165 -3.1859423378101215e-05 0
leaf_weight=1243 49 81 76 46 1034 353 33 152 217 76 55 132 30 76 56 722 194 545 100 182 2908 81 78 462 90 202 84 1084 3824 270
leaf_count=1243 49 81 76 46 1034 353 33 152 217 76 55 132 30 76 56 722 194 545 100 182 2908 81 78 462 90 202 84 1084 3824 270
internal_value=0 7.09771e-05 9.15768e-05 0.000143568 -1.22651e-05 8.58378e-05 -0.000166123 2.76892e-05 -2.27909e-05 0.000450646 0.000559151 0 -0.000122252 0 -0.000336736 0.000145903 5.47825e-05 -3.10652e-05 -3.70673e-05 -0.000181476 -2.99638e-05 -9.04835e-05 0 -6.96185e-05 4.25152e-05 9.53015e-05 9.08276e-05 0.000105875 -1.77108e-05 -9.78045e-05
internal_weight=0 2155 2041 1379 12380 1202 114 3706 1101 177 131 662 238 152 86 771 2605 8674 8129 282 7847 1115 431 884 424 334 1362 1168 6732 732
internal_count=14535 2155 2041 1379 12380 1202 114 3706 1101 177 131 662 238 152 86 771 2605 8674 8129 282 7847 1115 431 884 424 334 1362 1168 6732 732
is_linear=0
shrinkage=0.03


Tree=6
num_leaves=31
num_cat=0
split_feature=48 1 33 41 60 59 60 19 60 10 4 36 32 22 42 10 48 49 4 29 45 4 41 49 56 16 5 8 53 42
split_gain=0.013036 0.0103568 0.0112615 0.0133639 0.0102106 0.00908433 0.00576606 0.0055941 0.00553993 0.00544771 0.00541103 0.00467708 0.00408913 0.00405994 0.00379546 0.00379533 0.00708265 0.00521786 0.00329939 0.00326741 0.00309726 0.00269855 0.00247884 0.00245793 0.00210167 0.00165101 0.00117062 0.0013933 0.00115773 0.000955739
threshold=0.0057532749433251967 88013.790046628943 0.10386273165926393 939.67226785714286 62099.385000000002 0.0023318018237987849 59333.818700000011 0.010937132781225324 84523.201300000015 8424.1000000000004 61691.983105860789 0.044444327352627537 0.00092582429015443618 0.012761269561842538 1.1574910277622907 12186.175000000001 0.0050004151612504004 0.97168532147171327 74075.79952251869 0.00011255782124167567 1.1284180202070535 43486.1504031156 785.3746428571427 1.181678953202272 53.280772113709368 219.35000000000585 99982.968845732175 989.66500000000099 86.416818880115713 1.2568867471636993
decision_type=2 2 2 2 2 2 2 2 2 2 2 2 2 2 2 2 2 2 2 2 2 2 2 2 2 2 2 2 2 2
left_child=4 2 3 5 9 11 -4 8 -5 14 21 -2 29 15 28 16 18 -18 -6 -16 -8 -11 -7 -23 26 -21 27 -15 -1 -3
right_child=1 12 6 7 13 22 20 -9 -10 10 -12 -13 -14 24 19 -17 17 -19 -20 25 -22 23 -24 -25 -26 -27 -28 -29 -30 -31
leaf_value=3.3833927962899264e-05 0.00018786674056612914 6.249820968975472e-05 0 0.00058447664838055845 -5.6077155105949147e-05 2.5819517013460186e-05 -0.00033964238544725368 0 9.68179589839347e-06 0 8.7779992271779677e-05 0 -0.00012934329199962662 0 0 3.5655551704883157e-05 -4.9455169039588095e-06 -0.00032300446887878465 -4.308687485515861e-06 0.00021080470496314966 0 -0.00014576090011193994 -0.00012824844345439592 0 -3.0969446778039188e-05 0 0 6.80700407500748e-05 -4.8891011658264249e-06 0
leaf_weight=1776 595 222 31 121 3380 556 81 51 85 145 219 114 248 341 326 336 218 167 2676 326 31 386 113 292 603 33 68 786 185 45
leaf_count=1776 595 222 31 121 3380 556 81 51 85 145 219 114 248 341 326 336 218 167 2676 326 31 386 113 292 603 33 68 786 185 45
internal_value=0 6.71733e-05 0.000103888 0.000130737 -1.06476e-05 7.908e-05 -9.81472e-05 0.000349232 0.000420204 2.90961e-05 -1.91123e-05 0.000153895 -3.04556e-05 -2.94903e-05 5.37494e-05 -4.04518e-05 -4.67513e-05 -0.000181908 -3.56792e-05 0.000121207 -0.000242053 -6.57872e-05 0 -9.39949e-05 3.48357e-06 0.000190308 3.3421e-05 4.60337e-05 2.2532e-05 5.25045e-06
internal_weight=0 2293 1778 1635 12263 1378 143 257 206 3688 1042 709 515 8575 2646 6777 6441 385 6056 685 112 823 669 678 1798 359 1195 1127 1961 267
internal_count=14556 2293 1778 1635 12263 1378 143 257 206 3688 1042 709 515 8575 2646 6777 6441 385 6056 685 112 823 669 678 1798 359 1195 1127 1961 267
is_linear=0
shrinkage=0.03


Tree=7
num_leaves=31
num_cat=0
split_feature=48 33 29 60 3 60 56 41 6 35 37 10 1 42 10 48 40 28 4 42 44 4 41 60 3 4 1 48 19 9
split_gain=0.0118079 0.010321 0.0151463 0.00945599 0.0179368 0.00881525 0.0073111 0.00712076 0.00830435 0.00564777 0.00453304 0.0044202 0.00527889 0.00401527 0.00361609 0.00669627 0.00801045 0.00901515 0.00349309 0.00284636 0.00273843 0.00553912 0.00248551 0.00228153 0.00227566 0.00219863 0.00251888 0.00210561 0.00152455 0.00133272
threshold=0.0058892764872640821 0.11393503964507061 -0.0079770777888469955 82804.514800000019 68612.312750000026 62012.378800000006 53.858641978607857 867.90525000000048 633.77357142857113 -0.30985282683402743 0.010576706347021443 8391.0500000000011 60975.021728796179 0.91596916706827625 11413.050000000001 0.0049199224193854788 0.0081141824375170358 204.43680668684468 65108.796997790159 1.3243023423815303 -340.79500000000183 84840.028683472032 437.62898214285758 95971.684200000018 68077.474750000008 43486.1504031156 46751.535535398878 0.0021682096864911854 -0.00020512699130098563 0.0056542044128383455
decision_type=2 2 2 2 2 2 2 2 2 2 2 2 2 2 2 2 2 2 2 2 2 2 2 2 2 2 2 2 2 2
left_child=5 2 19 4 10 11 -6 8 -5 -3 -4 13 25 -1 15 18 -17 -18 22 20 -2 -22 -7 -9 -20 -13 -27 -15 -16 -29
right_child=1 9 3 7 6 14 -8 23 -10 -11 -12 12 -14 27 28 16 17 -19 24 -21 21 -23 -24 -25 -26 26 -28 29 -30 -31
leaf_value=0 0 -0.00042755746647454558 0.00014470658126434097 0 0.00037316931877891832 -9.4131458077098928e-05 0 7.6667409351765853e-05 -0.00043298204201413148 0 -1.2524760369332177e-05 0 0.00011134571951634879 0 5.9576449844812849e-05 -2.9771509038209442e-05 -0.00048464322449940207 0 9.6162333848419604e-06 0 0.00045662992745591286 0 0 -7.1202925712565454e-05 -2.6382508741684795e-05 -0.00019298721652711973 -1.6260158412692947e-05 0.00010936366100400262 0 0
leaf_weight=1265 30 47 191 99 235 1004 55 256 80 57 651 145 167 191 452 444 113 60 1706 37 171 70 41 108 4413 190 552 1064 549 99
leaf_count=1265 30 47 191 99 235 1004 55 256 80 57 651 145 167 191 452 444 113 60 1706 37 171 70 41 108 4413 190 552 1064 549 99
internal_value=0 6.54285e-05 8.60862e-05 3.9875e-05 9.41717e-05 -1.16569e-05 0.000300287 -4.56952e-05 -0.000205218 -0.000184071 5.34207e-06 2.5249e-05 -1.68982e-05 4.7938e-05 -2.88006e-05 -3.63943e-05 -0.000137313 -0.000326485 -2.56071e-05 0.000288617 0.000322673 0.000356785 -7.98292e-05 0 -1.38946e-05 -5.79622e-05 -8.17465e-05 8.43424e-05 1.52417e-05 9.95546e-05
internal_weight=0 2087 1983 1675 1132 12455 290 543 179 104 842 3673 1054 2619 8782 7781 617 173 7164 308 271 241 1045 364 6119 887 742 1354 1001 1163
internal_count=14542 2087 1983 1675 1132 12455 290 543 179 104 842 3673 1054 2619 8782 7781 617 173 7164 308 271 241 1045 364 6119 887 742 1354 1001 1163
is_linear=0
shrinkage=0.03


Tree=8
num_leaves=31
num_cat=0
split_feature=48 33 60 10 5 6 43 10 37 37 60 9 10 48 40 10 42 33 60 3 10 42 4 1 60 60 60 5 1 10
split_gain=0.0101863 0.0105865 0.00877882 0.00728859 0.00609417 0.0127732 0.0127801 0.00930901 0.00585681 0.0052984 0.00438909 0.00492701 0.0040876 0.0039436 0.00515858 0.0072541 0.0033782 0.00336553 0.00313441 0.00289148 0.00282113 0.00293128 0.00245235 0.00237616 0.00201121 0.00180779 0.00178372 0.00173558 0.00170282 0.00167381
threshold=0.0067702310205894648 0.10386273165926393 62012.378800000006 12061.725 80665.960840825705 869.07500000000084 0.91008187988948686 11943.450000000003 0.028168644601809126 0.021541339978037179 59791.174700000003 0.013234187744587282 8391.0500000000011 0.0049199224193854788 0.0080618412609144915 11319.975 0.85434580557827255 0.04530463441499942 63771.566600000013 60627.264500000012 9327.6250000000018 1.3338730006909014 55459.04797462203 62450.704533231248 65807.820000000022 82275.383200000011 43044.827600000011 92419.173859294649 63575.914432468147 12263.85
decision_type=2 2 2 2 2 2 2 2 2 2 2 2 2 2 2 2 2 2 2 2 2 2 2 2 2 2 2 2 2 2
left_child=2 4 12 13 5 8 7 -7 22 28 -3 -12 16 17 27 -16 -1 18 -4 20 21 -14 -2 -21 -19 -11 -18 -15 -5 -30
right_child=1 10 3 9 -6 6 -8 -9 -10 25 11 -13 19 14 15 -17 26 24 -20 23 -22 -23 -24 -25 -26 -27 -28 -29 29 -31
leaf_value=0 0 0 -9.2658704612411704e-05 0 0 0.00078699146447553259 0 0 -3.485265574872473e-07 0 0 -0.00038416700997376713 -0.00013574645352894873 0 -0.0002876194056203899 0 0 0.0001477298977938704 -1.9265008887733912e-05 0.00015686804060603107 0 0 0.0001693474998579041 0 0 -0.00010899562143713489 9.0157587028993596e-05 -0.00010593947715296736 0 0.00016897792481578797
leaf_weight=1071 68 30 765 62 308 80 51 44 212 101 51 69 368 564 243 125 308 124 6244 131 501 126 377 64 319 139 1393 167 91 361
leaf_count=1071 68 30 765 62 308 80 51 44 212 101 51 69 368 564 243 125 308 124 6244 131 501 126 377 64 319 139 1393 167 91 361
internal_value=0 8.05556e-05 -7.74551e-06 -2.45468e-05 0.000118782 0.000161007 0.000412055 0.000576412 7.12571e-05 5.7907e-05 -0.000109921 -0.000219069 2.79271e-05 -3.35721e-05 -9.17505e-05 -0.000192086 4.90814e-05 -2.29781e-05 -2.94169e-05 -8.74599e-06 -4.01716e-05 -9.159e-05 0.000139063 7.46601e-05 4.50253e-05 -1.03069e-05 7.55841e-05 -2.07034e-05 0.000118931 0.00013955
internal_weight=0 1290 13267 9305 1140 832 175 124 657 754 150 120 3962 8551 1099 368 2772 7452 7009 1190 995 494 445 195 443 240 1701 731 514 452
internal_count=14557 1290 13267 9305 1140 832 175 124 657 754 150 120 3962 8551 1099 368 2772 7452 7009 1190 995 494 445 195 443 240 1701 731 514 452
is_linear=0
shrinkage=0.03


Tree=9
num_leaves=31
num_cat=0
split_feature=60 48 33 5 5 42 10 41 32 56 9 60 2 60 4 5 60 4 33 2 56 56 60 33 0 4 10 48 29 2
split_gain=0.00886376 0.00757842 0.0126028 0.00946841 0.007466 0.00762207 0.00629545 0.00731612 0.00463209 0.00462806 0.00417922 0.00406495 0.00496738 0.00450449 0.00363313 0.00326747 0.00436847 0.00515931 0.00623483 0.00563321 0.00453346 0.00390851 0.00326448 0.00431549 0.0030878 0.00247419 0.00368267 0.00235328 0.00254557 0.0020586
threshold=62012.378800000006 0.0066880417649510483 0.10386273165926393 80665.960840825705 67915.259999499191 0.69515724799656187 12061.725 695.78960714285734 0.0057302591680712294 23.208594007457897 0.013234187744587282 74764.092300000004 82881.628664588876 69322.16810000001 65525.523523024996 46374.247020930437 57761.868000000009 61691.983105860789 0.024392739776540742 60138.77836065356 49.744124495980259 48.386193115529927 45050.202100000002 0.020716101613444757 29.857197603472716 63255.098843487693 7412.1750000000002 0.0055700768820014434 0.0062030393568611028 51114.218318973974
decision_type=2 2 2 2 2 2 2 2 2 2 2 2 2 2 2 2 2 2 2 2 2 2 2 2 2 2 2 2 2 2
left_child=15 6 3 4 14 -6 7 11 -8 -9 -4 13 -13 -2 -3 22 21 18 19 -18 -20 27 -1 -24 -11 26 -19 -17 -29 -23
right_child=1 2 10 -5 5 -7 8 9 -10 24 -12 12 -14 -15 -16 16 17 25 20 -21 -22 29 23 -25 -26 -27 -28 28 -30 -31
leaf_value=1.5846522437374856e-05 -2.2011245082262542e-05 0.00019480372932922991 0 0 0 0.00044230280970856446 0.00010630508887401154 0 -1.7332539690608311e-05 0 -0.00036308429881127445 0.00011963560232567142 -1.0219354898917032e-05 -0.0001066502675546152 0 4.024116234813634e-06 0.00011501753951872101 0 -0.00016316100808372492 -3.3445836486552567e-05 0 0 -0.00031270997592000967 0 -0.00024205878802133833 0 0.00018968162497205645 0.00021089543948576219 0 0.00028041481268142854
leaf_weight=1037 3626 97 49 328 53 165 539 103 212 67 61 289 3187 925 217 730 418 212 340 287 202 34 67 128 310 161 291 160 67 188
leaf_count=1037 3626 97 49 328 53 165 539 103 212 67 61 289 3187 925 217 730 418 212 340 287 202 34 67 128 310 161 291 160 67 188
internal_value=0 -1.4904e-05 6.06119e-05 0.000111082 0.000189632 0.000341524 -2.44369e-05 -3.28986e-05 5.1435e-05 -0.000152909 -0.000197476 -2.38518e-05 0 -4.25122e-05 3.63479e-05 3.63326e-05 5.28963e-05 1.50662e-05 -1.07767e-05 3.33095e-05 -9.57871e-05 0.000101486 0 -0.000117151 -0.000202022 8.61807e-05 0.00011929 5.3345e-05 0.000145832 0.000241357
internal_weight=0 10228 970 860 532 218 9258 8507 751 480 110 8027 3476 4551 314 4322 3090 1911 1247 705 542 1179 1232 195 377 664 503 957 227 222
internal_count=14550 10228 970 860 532 218 9258 8507 751 480 110 8027 3476 4551 314 4322 3090 1911 1247 705 542 1179 1232 195 377 664 503 957 227 222
is_linear=0
shrinkage=0.03


Tree=10
num_leaves=31
num_cat=0
split_feature=48 5 33 3 34 42 6 48 28 10 32 5 45 9 0 1 32 49 5 3 40 3 40 48 8 12 16 9 8 15
split_gain=0.0112163 0.00882763 0.0107557 0.0105542 0.00907328 0.0084796 0.00694846 0.00607981 0.00521225 0.00545105 0.0049301 0.00433556 0.0042015 0.0039767 0.00281956 0.00248204 0.00244302 0.00287748 0.00238599 0.00564936 0.00320842 0.00313224 0.00373779 0.00294414 0.00228815 0.0022681 0.00217525 0.0017402 0.00227729 0.00206921
threshold=0.0058010725506563348 80665.960840825705 0.10386273165926393 71137.880000000019 0.58094767864562458 0.71259444832430796 1087.6167857142857 0.0047804103619808495 158.47634389672024 12541.925000000001 0.00092582429015443618 61405.034626730536 1.1941823537212393 0.0063387087052343642 43.332758086434318 68684.355756604884 -0.028313424676470241 0.70196497151445569 74012.944960180874 69081.225500000015 0.0065844832475310108 84879.473250000025 0.0065206574276103968 0.0022208222170448885 -254.33999999999648 0.007233125721481915 216.1350000000057 0.0078998627870473116 3541.3450000000016 99.439999999998705
decision_type=2 2 2 2 2 2 2 2 2 2 2 2 2 2 2 2 2 2 2 2 2 2 2 2 2 2 2 2 2 2
left_child=7 2 3 4 15 -5 -7 11 9 16 13 12 -1 25 -4 -2 -9 -18 19 23 -21 24 -23 -13 -20 -3 -14 28 29 -12
right_child=1 10 14 5 -6 6 -8 8 -10 -11 27 18 26 -15 -16 -17 17 -19 21 20 -22 22 -24 -25 -26 -27 -28 -29 -30 -31
leaf_value=0 0.00018177843901486299 0 -0.0002365839363704543 0 0 0.00051909277297707869 0 0 0 0 0 -9.3419262316984264e-05 0.0001068449930806701 0 0 0 0 -0.00016951327372045295 0 -0.00012472964343262209 0 9.8317218070750931e-07 -7.9696447382453936e-05 0 0.00010214191233800942 0.0002837953342311447 0 0 0 -0.00026119100095508559
leaf_weight=2333 520 98 65 52 535 155 39 30 552 122 90 317 702 214 71 49 174 739 250 748 172 2204 576 2823 439 77 158 43 37 137
leaf_count=2333 520 98 65 52 535 155 39 30 552 122 90 317 702 214 71 49 174 739 250 748 172 2204 576 2823 439 77 158 43 37 137
internal_value=0 6.31543e-05 0.000105755 0.000136607 7.83981e-05 0.000336748 0.000427899 -1.06191e-05 -6.5096e-05 -0.000104105 -6.25506e-06 -1.0038e-06 2.6698e-05 3.89168e-05 -9.01534e-05 0.00016209 -0.000132068 -0.000142909 -1.47444e-05 -3.05294e-05 -9.75238e-05 0 -1.034e-05 -6.12112e-06 6.0494e-05 0.00015429 8.39202e-05 -0.00011233 -0.000143537 -0.000181616
internal_weight=0 2182 1486 1350 1104 246 194 12339 1617 1065 696 10722 3193 389 136 569 943 913 7529 4060 920 3469 2780 3140 689 175 860 307 264 227
internal_count=14521 2182 1486 1350 1104 246 194 12339 1617 1065 696 10722 3193 389 136 569 943 913 7529 4060 920 3469 2780 3140 689 175 860 307 264 227
is_linear=0
shrinkage=0.03


Tree=11
num_leaves=31
num_cat=0
split_feature=48 33 5 5 41 56 37 10 9 28 28 37 41 10 9 42 28 2 5 10 12 41 53 56 33 33 40 28 10 47
split_gain=0.00966224 0.00957529 0.00645266 0.00623104 0.0102867 0.0103043 0.00617595 0.00556844 0.00571876 0.00551886 0.00898666 0.00503789 0.00444371 0.00389762 0.00383015 0.00338884 0.00414519 0.0026766 0.00428782 0.00229595 0.00224662 0.00175749 0.00159399 0.00217624 0.00185688 0.00162089 0.0035005 0.00158764 0.00156423 0.00141703
threshold=0.0067702310205894648 0.10386273165926393 61405.034626730536 80665.960840825705 939.67226785714286 41.29233431906141 0.021274886032383023 12263.85 0.0062827200415673775 158.47634389672024 -513.79569889077527 0.01958462262470426 1232.3735892857137 12061.725 0.013234187744587282 1.1159404945319116 5.1504910129115169 97526.978676489773 74666.629412574621 8391.0500000000011 0.0038307819004808072 822.76185714285691 79.406681676574451 47.287398507137929 0.012692267801793432 0.024550871582405698 0.0084930980270626257 141.10704679451376 13594.550000000001 -0.21215320144591746
decision_type=2 2 2 2 2 2 2 2 2 2 2 2 2 2 2 2 2 2 2 2 2 2 2 2 2 2 2 2 2 2
left_child=2 3 15 4 6 -6 21 8 17 10 -10 -9 14 -7 -3 22 -17 18 -4 29 -19 -2 25 24 -24 27 -27 -1 -13 -18
right_child=1 12 7 -5 5 13 -8 11 9 -11 -12 28 -14 -15 -16 16 19 20 -20 -21 -22 -23 23 -25 -26 26 -28 -29 -30 -31
leaf_value=5.2022055913564852e-05 0.00018031499830299409 0 -3.1926901926211998e-05 0 0 0.00092770081894170747 0 0.00013168764116017212 0 0 -0.0003810269581114293 0 0 0 -0.00037046034241922435 0 0 0 1.2841452890518481e-05 0 -0.0001093454609244979 0 0 0 -0.00012202102292490503 -7.0663557747744417e-05 9.8271838028717514e-05 0 -0.0001481982934188429 0.00018679623448693796
leaf_weight=1196 345 48 4515 300 84 45 304 381 82 127 148 178 34 34 65 740 44 353 2773 332 590 37 78 153 311 450 102 253 64 353
leaf_count=1196 345 48 4515 300 84 45 304 381 82 127 148 178 34 34 65 740 44 353 2773 332 590 37 78 153 311 450 102 253 64 353
internal_value=0 7.91374e-05 -6.61656e-06 0.00011519 0.00015672 0.000399514 7.71175e-05 -2.13228e-05 -2.88029e-05 -0.000153795 -0.000241441 5.77043e-05 -0.000100573 0.000668096 -0.000220265 2.34079e-05 5.97701e-05 -2.15575e-05 -1.2835e-05 0.000110974 -7.30563e-05 0.000158825 0 -4.29968e-05 -8.72318e-05 1.46996e-05 -1.22661e-05 3.53236e-05 0 0.000166778
internal_weight=0 1296 13223 1149 849 163 686 9211 8588 357 230 623 147 79 113 4012 1469 8231 7288 729 943 382 2543 542 389 2001 552 1449 242 397
internal_count=14519 1296 13223 1149 849 163 686 9211 8588 357 230 623 147 79 113 4012 1469 8231 7288 729 943 382 2543 542 389 2001 552 1449 242 397
is_linear=0
shrinkage=0.03


Tree=12
num_leaves=31
num_cat=0
split_feature=48 33 28 5 3 22 42 41 6 48 41 56 1 37 60 48 10 10 29 49 53 1 5 60 4 40 37 35 60 42
split_gain=0.00829916 0.00752561 0.0103803 0.00755698 0.0144587 0.0067091 0.00659008 0.00644456 0.00961808 0.00616098 0.00573413 0.00548813 0.00480635 0.00455607 0.00383198 0.00472261 0.00350929 0.00378492 0.00339259 0.00327438 0.00292907 0.00271313 0.00441377 0.00387306 0.003068 0.00292482 0.00261509 0.00257099 0.00167504 0.0015714
threshold=0.0058010725506563348 0.11393503964507061 -533.76175132694323 80665.960840825705 71137.880000000019 0.012761269561842538 0.74529977255147961 867.90525000000048 765.13607142857256 0.0047543970586643846 313.57378571428495 50.607956097147834 64513.870921411399 0.013717213111259985 43572.861800000006 0.0022208222170448885 12263.85 8717.1750000000011 -0.0070241895053491836 1.4691518364682732 10.285420307408151 97466.981462476979 91320.585145764417 84933.973200000008 100060.60115389539 0.0037322600213861514 0.028168644601809126 -0.35896567669686058 95752.695500000016 0.70511897875490981
decision_type=2 2 2 2 2 2 2 2 2 2 2 2 2 2 2 2 2 2 2 2 2 2 2 2 2 2 2 2 2 2
left_child=5 2 18 4 13 9 -6 8 -5 21 12 -3 14 -4 -7 -16 17 -11 19 26 -19 22 23 -1 29 -24 -2 -13 -9 -23
right_child=1 11 3 7 6 10 -8 28 -10 16 -12 27 -14 -15 15 -17 -18 20 -20 -21 -22 24 25 -25 -26 -27 -28 -29 -30 -31
leaf_value=-7.4490498557621504e-06 0.00033872802171974834 0 0.00011480903499323484 0 0 0 0.00045772757161796374 8.2188684531555605e-05 -0.00053174152834883491 0 0 -0.00053441659117232226 0 -8.145652895452184e-06 0 0.00025494702390386331 0 0 0 0 -0.00017794418932514584 0 0 -0.00011397581860030993 0 8.0179353977750085e-05 0 0 -2.3924420752884763e-05 -0.00017762297578552009
leaf_weight=6183 232 31 330 175 66 145 124 214 55 340 2119 34 209 684 39 300 161 30 32 33 583 30 312 366 399 801 56 41 107 241
leaf_count=6183 232 31 330 175 66 145 124 214 55 340 2119 34 209 684 39 300 161 30 32 33 583 30 312 366 399 801 56 41 107 241
internal_value=0 5.34341e-05 7.094e-05 3.08901e-05 7.81444e-05 -9.6755e-06 0.000324922 -4.51433e-05 -0.000173458 -2.26952e-05 2.8725e-05 -0.000153064 0.000103892 1.70851e-05 0.00015617 0.000212105 -9.118e-05 -0.000114158 0.000227509 0.000257735 -0.000160671 -1.17374e-05 -4.54789e-06 -1.56945e-05 -7.15574e-05 4.75594e-05 0.000290285 -0.000314435 1.06795e-07 -0.000151135
internal_weight=0 2214 2108 1755 1204 12258 190 551 230 9446 2812 106 693 1014 484 339 1114 953 353 321 613 8332 7662 6549 670 1113 288 75 321 271
internal_count=14472 2214 2108 1755 1204 12258 190 551 230 9446 2812 106 693 1014 484 339 1114 953 353 321 613 8332 7662 6549 670 1113 288 75 321 271
is_linear=0
shrinkage=0.03


Tree=13
num_leaves=31
num_cat=0
split_feature=41 4 42 6 10 60 10 37 6 4 1 4 42 29 9 41 22 9 48 10 45 45 5 41 45 7 5 20 28 10
split_gain=0.00832299 0.0115295 0.00849976 0.0115675 0.00984316 0.00768745 0.00563549 0.00903724 0.00619975 0.00863548 0.023437 0.00430746 0.00325996 0.00445019 0.00289875 0.00235218 0.00183968 0.00302218 0.00222141 0.00178288 0.00197914 0.00167431 0.00163096 0.00151698 0.00249613 0.00144067 0.00117348 0.000694912 0.00070761 0.000648628
threshold=922.10264285714322 86269.906766098182 1.0960583742433287 813.82392857142997 11789.400000000003 62012.378800000006 12061.725 0.020981203944079905 611.7278571428559 65320.634014160227 64091.902669948213 65108.796997790159 1.1366681855656291 0.00021732852945007661 0.0047061835055932739 649.79119642857142 -0.022370564686458868 0.0038745660060034242 0.0054279892681324193 8325.1250000000018 0.7678875085580309 1.0700270683487318 64029.646896805032 503.01494642857091 0.83138753258984621 -193.12999999999735 57110.680615721671 -0.0021713454805488692 -168.60222809906551 11608.675000000001
decision_type=2 2 2 2 2 2 2 2 2 2 2 2 2 2 2 2 2 2 2 2 2 2 2 2 2 2 2 2 2 2
left_child=5 2 3 -2 -5 12 8 23 11 -10 -11 14 16 27 -7 -9 26 25 -19 20 -15 -17 -13 -8 -25 -18 -1 28 -14 -3
right_child=1 29 -4 4 -6 6 7 15 9 10 -12 22 13 19 -16 21 17 18 -20 -21 -22 -23 -24 24 -26 -27 -28 -29 -30 -31
leaf_value=0.00015094509463102427 0 4.873124226304535e-05 0 0.00084699732937584609 0 -8.8175263472001352e-05 0 0 0.00018301676538195493 -0.00097787108697548167 -8.1125183509202158e-05 6.9707203217563479e-05 7.0255776799254773e-05 0 0 -0.00019073229158025326 6.8565602949012744e-05 -8.6686899078463375e-05 0 1.2500188210239412e-05 0.00019658939126469382 0 -8.0373474538812126e-06 0 0.00019998140188685936 0 0 -2.6724002294324053e-05 0 -2.7332289536114992e-05
leaf_weight=121 70 179 48 62 56 1048 144 113 57 31 1211 231 218 34 122 124 429 532 384 350 351 34 6159 77 321 1336 87 260 171 212
leaf_count=121 70 179 48 62 56 1048 144 113 57 31 1211 231 218 34 122 124 429 532 384 350 351 34 6159 77 321 1336 87 260 171 212
internal_value=0 0.000107559 0.000273272 0.00036661 0.000549744 -4.11228e-06 -1.9843e-05 4.94348e-05 -2.78943e-05 -9.09955e-05 -0.000115661 -1.50668e-05 2.79837e-05 6.71056e-05 -6.88085e-05 -5.73213e-05 4.04837e-06 0 -4.67157e-05 0.000118014 0.000174957 -0.000137928 -2.87844e-06 0.000130484 0.000163138 2.02066e-05 9.04646e-05 0 3.36148e-05 0
internal_weight=0 627 236 188 118 13945 9672 813 8859 1299 1242 7560 4273 1384 1170 271 2889 2681 916 735 385 158 6390 542 398 1765 208 649 389 391
internal_count=14572 627 236 188 118 13945 9672 813 8859 1299 1242 7560 4273 1384 1170 271 2889 2681 916 735 385 158 6390 542 398 1765 208 649 389 391
is_linear=0
shrinkage=0.03


Tree=14
num_leaves=31
num_cat=0
split_feature=41 4 60 48 10 37 6 4 3 4 9 42 40 61 5 60 4 33 48 60 33 3 45 41 41 32 22 6 10 29
split_gain=0.0104039 0.00984258 0.00806071 0.00757344 0.00563903 0.00880194 0.00353516 0.0136131 0.0129689 0.00398852 0.00325842 0.00272731 0.00426443 0.00278585 0.00234867 0.00377528 0.00398586 0.00458208 0.00306818 0.00236322 0.0062502 0.0023083 0.00216867 0.00210864 0.00169642 0.00125307 0.00124406 0.00114608 0.0010667 0.00276471
threshold=922.10264285714322 86269.906766098182 62012.378800000006 0.0076649555552401206 12186.175000000001 0.021541339978037179 611.7278571428559 65320.634014160227 64326.422000000013 65108.796997790159 0.0046572609951736265 1.0682672901423382 0.0094368609689523212 0.02202412890615366 46374.247020930437 57761.868000000009 61691.983105860789 0.028298166096925315 0.0026501775575296302 45050.202100000002 0.020959149378004787 65266.862000000008 0.74263443331665413 654.23630357142804 548.96789285714397 0.003697576242627715 -0.0039255629715841947 968.64142857143054 11608.675000000001 0.0074152352092026986
decision_type=2 2 2 2 2 2 2 2 2 2 2 2 2 2 2 2 2 2 2 2 2 2 2 2 2 2 2 2 2 2
left_child=2 3 14 -2 6 22 9 -8 -9 10 -4 12 -5 -14 19 18 17 -17 -16 -1 -21 -11 -6 -7 -18 -20 -25 -24 29 -3
right_child=1 28 4 11 5 23 7 8 -10 21 -12 -13 13 -15 15 16 24 -19 25 20 -22 -23 27 26 -26 -27 -28 -29 -30 -31
leaf_value=1.1692691753108921e-05 0.00074501289734548891 0.00016049988256896234 -9.1476215339511606e-05 0 0 0 0.00031003491122152672 -0.00073228421447894126 -7.6349148583160746e-05 6.5116925882059516e-05 0 0 0.00034852016800293318 0 0 1.240552448383656e-05 9.2136896525824621e-05 -0.00010010587026231758 0.00015475443033412535 -0.00034732847892300693 0 -1.1667296722780741e-05 0.00017329700208355977 0 0 2.7735821401600916e-05 -0.00018397474157692896 0 -1.505344880256573e-05 0
leaf_weight=1023 41 132 1024 31 50 95 59 35 1235 337 138 48 89 30 117 813 589 423 522 63 134 6091 408 34 70 501 111 33 200 54
leaf_count=1023 41 132 1024 31 50 95 59 35 1235 337 138 48 89 30 117 813 589 423 522 63 134 6091 408 34 70 501 111 33 200 54
internal_value=0 0.000121057 -3.85119e-06 0.000274521 -1.99589e-05 5.35169e-05 -2.76633e-05 -7.65021e-05 -0.000106292 -1.71345e-05 -6.96469e-05 0.00010105 0.000172712 0.000264232 2.91542e-05 4.3452e-05 8.2236e-06 -1.39696e-05 8.88489e-05 0 -0.000100406 -5.30728e-06 0.00013741 -5.56264e-05 7.26026e-05 0.000107219 -0.000134905 0.00015952 0 7.01071e-05
internal_weight=0 625 13905 239 9650 731 8919 1329 1270 7590 1162 198 150 119 4255 3035 1895 1236 1140 1220 197 6428 491 240 659 1023 145 441 386 186
internal_count=14530 625 13905 239 9650 731 8919 1329 1270 7590 1162 198 150 119 4255 3035 1895 1236 1140 1220 197 6428 491 240 659 1023 145 441 386 186
is_linear=0
shrinkage=0.03


Tree=15
num_leaves=31
num_cat=0
split_feature=48 33 60 59 10 9 48 40 41 6 8 28 42 31 60 10 42 1 10 49 60 56 29 33 1 41 1 33 32 10
split_gain=0.00778165 0.0086161 0.00756592 0.00671964 0.00643653 0.00943728 0.00901914 0.0115531 0.00497242 0.00443409 0.0105567 0.00384532 0.00344926 0.0034258 0.00323452 0.00266372 0.00254393 0.00250586 0.002657 0.00247986 0.00246738 0.00238444 0.00234889 0.00223014 0.0021624 0.00213537 0.00212077 0.00219315 0.00176031 0.00133191
threshold=0.0067702310205894648 0.10386273165926393 62012.378800000006 0.0020464326558215866 11319.975 0.0062827200415673775 0.0048834954551977804 0.0082216335932160638 1232.3735892857137 926.23392857142778 2681.7850000000039 -1196.7635856666745 1.2481707216481166 0.0033643280015075144 98394.843900000022 8424.1000000000004 0.91596916706827625 60743.765729618739 9327.6250000000018 0.89919462596960698 43044.827600000011 16.859798176279057 0.0059662916679879855 0.010681871990805282 62450.704533231248 500.20412499999929 62766.367553224736 0.04530463441499942 0.011221193997018318 9660.3250000000025
decision_type=2 2 2 2 2 2 2 2 2 2 2 2 2 2 2 2 2 2 2 2 2 2 2 2 2 2 2 2 2 2
left_child=2 3 15 12 5 26 -7 -8 11 28 -11 -3 21 14 25 16 -1 18 19 -17 -18 -2 -23 -22 -19 -6 29 -28 -5 -4
right_child=1 8 4 9 13 6 7 -9 -10 10 -12 -13 -14 -15 -16 17 20 24 -20 -21 23 22 -24 -25 -26 -27 27 -29 -30 -31
leaf_value=1.6783440963971354e-06 0 -0.00046170198478970396 -0.00014578683855545119 2.8040461146071926e-06 0 0 0 -0.0004942656686432326 0 0 0.0006032833308281158 0 0 -1.3285760382272515e-05 0 0 0 0.00014975897014004908 0 -0.00012417226799138088 0 0.00024899713256453833 0 0.0001041681142944566 0 0.00013421978079549148 -2.4664385187605502e-05 3.4782024131976372e-05 -9.0899208979337983e-05 0
leaf_weight=1370 41 44 245 300 301 85 55 127 35 60 37 69 55 399 115 95 245 141 485 367 93 421 51 1077 66 518 6994 408 192 73
leaf_count=1370 41 44 245 300 301 85 55 127 35 60 37 69 55 399 115 95 245 141 485 367 93 421 51 1077 66 518 6994 408 192 73
internal_value=0 7.01505e-05 -6.61937e-06 0.000104816 -2.22482e-05 -3.34154e-05 -0.000216636 -0.000336769 -9.94505e-05 5.24782e-06 0.000203004 -0.000229171 0.000181642 3.34081e-05 6.9413e-05 2.65515e-05 4.31022e-05 -3.94279e-07 -3.30904e-05 -8.6134e-05 7.26057e-05 0.00020635 0.000225442 9.09572e-05 7.67017e-05 9.51241e-05 -2.51329e-05 -1.93608e-05 -3.29251e-06 -0.000112285
internal_weight=0 1305 13259 1157 9320 7987 267 182 148 589 97 113 568 1333 934 3939 2785 1154 947 462 1415 513 472 1170 207 819 7720 7402 492 318
internal_count=14564 1305 13259 1157 9320 7987 267 182 148 589 97 113 568 1333 934 3939 2785 1154 947 462 1415 513 472 1170 207 819 7720 7402 492 318
is_linear=0
shrinkage=0.03


Tree=16
num_leaves=31
num_cat=0
split_feature=48 5 33 41 56 41 3 22 41 48 35 4 60 56 1 5 60 9 40 48 60 49 22 56 22 5 5 56 24 9
split_gain=0.00787914 0.00684555 0.00705865 0.00989272 0.00739572 0.00573617 0.00600433 0.00548598 0.00578051 0.00518235 0.00391426 0.00320822 0.00300563 0.00299162 0.00289384 0.00388137 0.00355641 0.00281512 0.00257699 0.00249514 0.00350506 0.00247771 0.00288553 0.00232392 0.0027257 0.00171 0.00225148 0.00172906 0.00170796 0.00156992
threshold=0.0057532749433251967 80665.960840825705 0.10386273165926393 939.67226785714286 33.252463591678129 809.71273214285645 68612.312750000026 0.012528168591168122 313.57378571428495 0.0050004151612504004 0.20186952076161527 69279.630393907821 59244.452499999999 55.155294695341169 97209.847471538771 91320.585145764417 69121.888300000006 0.014170226152244137 0.0037322600213861514 0.002149922627105668 43572.861800000006 0.77260035392492721 -0.03423871964274771 17.336986972666946 -0.010682798194609931 57799.583989083745 56244.845601687142 54.836699763864011 0.016889541466478804 0.0040466852881020044
decision_type=2 2 2 2 2 2 2 2 2 2 2 2 2 2 2 2 2 2 2 2 2 2 2 2 2 2 2 2 2 2
left_child=7 2 3 5 -5 6 -2 9 11 14 -3 19 -4 21 15 16 -1 -14 -17 -9 -21 -11 -23 -16 -25 26 -10 -27 -7 -12
right_child=1 10 12 4 -6 28 -8 8 25 13 29 -13 17 -15 23 18 -18 -19 -20 20 -22 22 -24 24 -26 27 -28 -29 -30 -31
leaf_value=0 4.6339309643245497e-05 2.1844131303714452e-05 0 0 0.00049647327135944283 0 0.00027399552459248015 0 0 0 0 0 0 0 0 0 -5.3118043695040494e-05 -0.00032984895620275206 7.5431623665090034e-05 0 0.00018659062984671763 0 -0.00018879550570329815 0 -0.00012592387774547321 3.4035754363079071e-05 -0.00015658833352707891 -1.9298083392656777e-05 -0.00015073521235781545 -0.00014106260945119178
leaf_weight=5128 932 454 31 51 112 61 189 40 130 168 34 95 55 113 109 308 1693 52 781 140 438 40 421 140 525 1338 137 563 85 239
leaf_count=5128 932 454 31 51 112 61 189 40 130 168 34 95 55 113 109 308 1693 52 781 140 438 40 421 140 525 1338 137 563 85 239
internal_value=0 5.13598e-05 8.81195e-05 0.000112499 0.000358611 6.89727e-05 9.81228e-05 -9.17999e-06 2.47363e-05 -2.11378e-05 -7.29524e-06 9.88317e-05 -5.57887e-05 -0.000100465 -1.26313e-05 -5.13084e-06 -1.5202e-05 -0.000171087 4.4173e-05 0.000126255 0.000144664 -0.000127225 -0.000164072 -6.98954e-05 -9.39717e-05 0 -7.07066e-05 1.03501e-05 -5.20886e-05 -0.000110669
internal_weight=0 2295 1568 1430 163 1267 1121 12307 2881 9426 727 713 138 742 8684 7910 6821 107 1089 618 578 629 461 774 665 2168 267 1901 146 273
internal_count=14602 2295 1568 1430 163 1267 1121 12307 2881 9426 727 713 138 742 8684 7910 6821 107 1089 618 578 629 461 774 665 2168 267 1901 146 273
is_linear=0
shrinkage=0.03


Tree=17
num_leaves=31
num_cat=0
split_feature=48 33 1 41 59 61 60 60 41 36 41 28 10 3 10 41 60 49 60 3 5 42 1 61 42 60 33 28 15 27
split_gain=0.00656081 0.00651854 0.0080301 0.00717586 0.0066998 0.00592349 0.00628623 0.0049545 0.00417038 0.00400569 0.00397066 0.00326381 0.00303485 0.003318 0.00249081 0.00394625 0.0115755 0.00424986 0.00290334 0.00605922 0.00385847 0.00236067 0.00207461 0.00379708 0.00196644 0.00185117 0.00180732 0.00152348 0.000919224 0.00100161
threshold=0.0058470693400602724 0.11393503964507061 88013.790046628943 922.10264285714322 0.0066139260985366467 0.029345551916596803 87409.662600000011 62099.385000000002 785.3746428571427 0.044444327352627537 1172.7441249999995 286.38027541324851 8453.0250000000015 60496.820500000009 11413.050000000001 665.80094642857239 95752.695500000016 0.95293143248926981 74764.092300000004 82867.380250000017 68935.035909042912 0.91596916706827625 43804.525183481688 0.0031976181044361266 1.0132228178561469 43044.827600000011 0.010681871990805282 -1196.7635856666745 103.44499999999972 7.879133228564883
decision_type=2 2 2 2 2 2 2 2 2 2 2 2 2 2 2 2 2 2 2 2 2 2 2 2 2 2 2 2 2 2
left_child=7 2 3 4 9 6 -5 12 -6 -2 27 -4 21 22 15 18 17 -17 20 -20 -9 -1 -14 -24 -13 -23 -27 -3 29 -16
right_child=1 10 11 5 8 -7 -8 14 -10 -11 -12 24 13 -15 28 16 -18 -19 19 -21 -22 25 23 -25 -26 26 -28 -29 -30 -31
leaf_value=0 0.00013710968166020417 -0.00045330636795607457 0 0.0003819047560123658 0 0 0 -1.8317819038009256e-05 -0.00020544181339244625 0 0 -0.00022336102128422118 0 6.3514549687710391e-05 7.0317238111853027e-05 0 0 -0.00051482600559243127 0.00015289744913332093 -9.8926572340024774e-06 -0.00010534796276912399 0 -0.00014892783828991243 0 0 0 9.3837797874009215e-05 0 0 0
leaf_weight=1288 720 34 350 203 362 37 45 3535 90 114 38 97 194 213 398 53 185 77 221 2907 717 240 344 270 31 94 1063 35 526 56
leaf_count=1288 720 34 350 203 362 37 45 3535 90 114 38 97 194 213 398 53 185 77 221 2907 717 240 344 270 31 94 1063 35 526 56
internal_value=0 4.92642e-05 6.64099e-05 0.000101316 5.54313e-05 0.000255653 0.000310795 -7.36702e-06 -1.04582e-05 0.000109122 -0.000138768 -1.69342e-05 1.96669e-05 -1.47089e-05 -2.06452e-05 -2.72154e-05 -0.000140184 -0.000357313 -2.03593e-05 0 -3.65232e-05 3.83251e-05 -5.38971e-05 -8.28435e-05 -0.000154923 6.59064e-05 8.17585e-05 -0.000285591 1.56374e-05 4.84729e-05
internal_weight=0 2156 2049 1571 1286 285 248 12381 452 834 107 478 3706 1021 8675 7695 315 130 7380 3128 4252 2685 808 614 128 1397 1157 69 980 454
internal_count=14537 2156 2049 1571 1286 285 248 12381 452 834 107 478 3706 1021 8675 7695 315 130 7380 3128 4252 2685 808 614 128 1397 1157 69 980 454
is_linear=0
shrinkage=0.03


end of trees

feature_importances:
volume_ma=51
sma_50=50
atr_ma=44
bb_upper=35
volatility_ma=35
bb_lower=30
atr_ratio=27
bb_width=25
ema_fast=20
ema_cross=20
adx=20
volatility=17
atr=16
ema_slow=14
bb_middle=14
price_bb_lower_dist=13
atr_normalized=11
return_24=10
volatility_ratio=10
momentum_20=8
ema_cross_pct=7
price_ema_slow_dist=7
volume_ratio=7
price_sma_20_dist=6
bb_position_normalized=4
price_bb_upper_dist=4
stoch_d=4
price_sma_50_dist=4
rsi=3
momentum_10=2
range_pct=2
upper_shadow=2
lower_shadow=2
return_3=2
return_12=2
price_ema_fast_dist=2
bb_position=2
momentum_convergence=2
return_6=1
rsi_normalized=1
rsi_divergence=1
momentum_ratio=1
volume_change=1
signal_convergence=1

parameters:
[boosting: gbdt]
[objective: regression]
[metric: rmse]
[tree_learner: serial]
[device_type: cpu]
[data: ]
[valid: ]
[num_iterations: 500]
[learning_rate: 0.03]
[num_leaves: 31]
[num_threads: 8]
[deterministic: 0]
[force_col_wise: 0]
[force_row_wise: 0]
[histogram_pool_size: -1]
[max_depth: 6]
[min_data_in_leaf: 30]
[min_sum_hessian_in_leaf: 0.001]
[bagging_fraction: 0.9]
[pos_bagging_fraction: 1]
[neg_bagging_fraction: 1]
[bagging_freq: 1]
[bagging_seed: 400]
[feature_fraction: 0.9]
[feature_fraction_bynode: 1]
[feature_fraction_seed: 30056]
[extra_trees: 0]
[extra_seed: 12879]
[early_stopping_round: 0]
[first_metric_only: 0]
[max_delta_step: 0]
[lambda_l1: 0.5]
[lambda_l2: 0.1]
[linear_lambda: 0]
[min_gain_to_split: 0]
[drop_rate: 0.1]
[max_drop: 50]
[skip_drop: 0.5]
[xgboost_dart_mode: 0]
[uniform_drop: 0]
[drop_seed: 17869]
[top_rate: 0.2]
[other_rate: 0.1]
[min_data_per_group: 100]
[max_cat_threshold: 32]
[cat_l2: 10]
[cat_smooth: 10]
[max_cat_to_onehot: 4]
[top_k: 20]
[monotone_constraints: ]
[monotone_constraints_method: basic]
[monotone_penalty: 0]
[feature_contri: ]
[forcedsplits_filename: ]
[refit_decay_rate: 0.9]
[cegb_tradeoff: 1]
[cegb_penalty_split: 0]
[cegb_penalty_feature_lazy: ]
[cegb_penalty_feature_coupled: ]
[path_smooth: 0]
[interaction_constraints: ]
[verbosity: 1]
[saved_feature_importance_type: 0]
[linear_tree: 0]
[max_bin: 255]
[max_bin_by_feature: ]
[min_data_in_bin: 3]
[bin_construct_sample_cnt: 200000]
[data_random_seed: 175]
[is_enable_sparse: 1]
[enable_bundle: 1]
[use_missing: 1]
[zero_as_missing: 0]
[feature_pre_filter: 1]
[pre_partition: 0]
[two_round: 0]
[header: 0]
[label_column: ]
[weight_column: ]
[group_column: ]
[ignore_column: ]
[categorical_feature: ]
[forcedbins_filename: ]
[precise_float_parser: 0]
[parser_config_file: ]
[objective_seed: 16083]
[num_class: 1]
[is_unbalance: 0]
[scale_pos_weight: 1]
[sigmoid: 1]
[boost_from_average: 1]
[reg_sqrt: 0]
[alpha: 0.9]
[fair_c: 1]
[poisson_max_delta_step: 0.7]
[tweedie_variance_power: 1.5]
[lambdarank_truncation_level: 30]
[lambdarank_norm: 1]
[label_gain: ]
[lambdarank_position_bias_regularization: 0]
[eval_at: ]
[multi_error_top_k: 1]
[auc_mu_weights: ]
[num_machines: 1]
[local_listen_port: 12400]
[time_out: 120]
[machine_list_filename: ]
[machines: ]
[gpu_platform_id: -1]
[gpu_device_id: -1]
[gpu_use_dp: 0]
[num_gpu: 1]

end of parameters

pandas_categorical:[]
