tree
version=v4
num_class=1
num_tree_per_iteration=1
label_index=0
max_feature_idx=56
objective=regression
feature_names=rsi bb_middle bb_upper bb_lower atr momentum_10 momentum_20 volatility volume_ma range range_pct body body_pct upper_shadow lower_shadow is_bullish return_1 return_3 return_6 return_12 return_24 log_return rsi_normalized rsi_overbought rsi_oversold rsi_divergence bb_width bb_position bb_position_normalized price_bb_upper_dist price_bb_lower_dist bb_breakout_upper bb_breakout_lower atr_normalized atr_ma atr_ratio momentum_ratio momentum_convergence volume_ratio volume_spike volume_change volatility_ma volatility_ratio high_volatility low_volatility stoch_k stoch_d stoch_overbought stoch_oversold adx strong_trend sma_20 price_sma_20_dist sma_50 price_sma_50_dist signal_convergence market_regime
feature_infos=[0:99.999985872857692] [0:161.81829999999999] [0:163.49872234254795] [0:161.6340769086128] [0:1.1125714285714321] [-4.1740000000000066:3.6910000000000025] [-4.0190000000000055:3.1930000000000121] [0:0.004651925091918363] [0:14472.4] [0:3.1289999999999907] [0:0.019790486385785944] [0:2.86099999999999] [0:0.018034088903456733] [0:1.1399999999999864] [0:1.5829999999999984] [0:1] [-0.017714621838333167:0.014877782329646427] [-0.022323288195084667:0.021831831417413072] [-0.021306128588913342:0.022410317306895688] [-0.023662010314559945:0.026812644307773414] [-0.030412096542869249:0.024559774311784466] [-0.017873403720390344:0.014768193745818952] [-0.93857804316327842:0.99999971745715388] [0:1] [0:1] [-46.462567102264515:46.652687094333061] [0:0.040801763298405708] [-0.55579002868326455:1.5382809875739039] [-2.1115800573665293:2.0765619751478077] [-0.0075319905790354963:0.035914588403848639] [-0.009333748992502458:0.033676416175928932] [0:1] [0:1] [0:0.0071373584075662827] [0:0.8504392857142864] [0:3.9214667240956609] [-20500000.000001252:27300000.000002455] [-3.6910000000000025:4.1740000000000066] [0:5.4120637403284393] [0:1] [-0.99739752765126866:135] [0:0.0043580031549319562] [0:8.9920287103106187] [0:1] [0:1] [0:99.99999954128441] [0:99.332322829059265] [0:1] [0:1] [0:92.306826590390614] [0:1] [0:161.81829999999999] [-0.019390125305217113:0.019216354919305893] [0:161.66587999999999] [-0.029932344977646477:0.017446147612938202] [0:1] [0:2]
tree_sizes=1194 1036 1297 1046 1037 1045 957 1031 1294 1274 1040 1037 1039 1024 1033 1040 1145 1040 1300 1021 1024 1185 1281 1032 1036 1043 1038 1030 1043 1025 1020 1123 1207 1049 1031 1036 1024 1132 1023 950 1027 1115 1049 1024 1269 1025 1041 1032 863 945 1031 1051

Tree=0
num_leaves=11
num_cat=0
split_feature=2 34 49 1 49 37 35 53 41 8
split_gain=9.19408e-05 0.000143334 8.52098e-05 8.38651e-05 4.15127e-05 4.11561e-05 3.0509e-05 1.36205e-05 3.75373e-05 1.00998e-05
threshold=146.9668011504709 0.23071250000000013 25.317818129579617 153.97090000000003 15.688106681519937 -1.021500000000003 0.64289160770888631 155.79285000000002 0.0006651503398872171 4507.5500000000002
decision_type=2 2 2 2 2 2 2 2 2 2
left_child=2 7 4 5 -1 -3 -6 8 -2 -9
right_child=1 3 -4 -5 6 -7 -8 9 -10 -11
leaf_value=-1.746138837993781e-06 1.488708885128187e-06 -1.746138837993781e-06 -1.746138837993781e-06 -1.746138837993781e-06 -1.746138837993781e-06 -1.6038938386289481e-05 1.8973114702782807e-05 -3.942515111384366e-06 -1.746138837993781e-06 -1.746138837993781e-06
leaf_weight=152 4070 94 1695 712 30 1241 494 2599 3214 264
leaf_count=152 4070 94 1695 712 30 1241 494 2599 3214 264
internal_value=-1.74614e-06 -2.74055e-06 3.71371e-06 -1.00467e-05 1.30159e-05 -1.44805e-05 1.70249e-05 -1.74614e-06 -6.46452e-07 -2.84373e-06
internal_weight=0 12194 2371 2047 676 1335 524 10147 7284 2863
internal_count=14565 12194 2371 2047 676 1335 524 10147 7284 2863
is_linear=0
shrinkage=1


Tree=1
num_leaves=11
num_cat=0
split_feature=2 34 49 46 42 49 35 53 41 7
split_gain=0.000100894 0.000130686 8.57675e-05 6.89059e-05 6.76378e-05 4.5132e-05 5.00439e-05 1.42591e-05 3.85958e-05 7.48343e-06
threshold=146.82677858586018 0.23071250000000013 29.057321068407024 79.144639345470353 0.98619873872856356 15.688106681519937 0.67430341654013626 155.79285000000002 0.00067950421807142782 0.00094971518870355664
decision_type=2 2 2 2 2 2 2 2 2 2
left_child=2 7 5 4 -3 -1 -7 8 -2 -9
right_child=1 3 -4 -5 -6 6 -8 9 -10 -11
leaf_value=0 3.143600397634683e-06 -1.8737522420489688e-05 0 0 0 0 1.8600157894776696e-05 -2.1820750241269218e-06 0 0
leaf_weight=160 4255 725 1434 469 879 59 692 2573 3075 233
leaf_count=160 4255 725 1434 469 879 59 692 2573 3075 233
internal_value=0 -1.07624e-06 5.71734e-06 -7.97187e-06 -1.09902e-05 1.29934e-05 1.60888e-05 0 9.98996e-07 -1.40219e-06
internal_weight=0 12209 2345 2073 1604 911 751 10136 7330 2806
internal_count=14554 12209 2345 2073 1604 911 751 10136 7330 2806
is_linear=0
shrinkage=0.03


Tree=2
num_leaves=14
num_cat=0
split_feature=2 34 37 46 33 54 53 41 41 7 20 2 7
split_gain=6.1948e-05 0.000116639 6.52852e-05 3.67578e-05 2.75849e-05 4.15598e-05 5.43603e-05 7.69945e-06 1.0907e-05 4.024e-06 3.68344e-06 2.77478e-05 1.56837e-05
threshold=146.9668011504709 0.23071250000000013 -0.86299999999999943 92.122661304255232 0.0015899731301207908 0.008290671868760353 146.06980000000001 0.00081529782331444232 0.00041228351762360912 0.0011428877444423448 -0.00063016870667087488 156.06054729005319 0.0010136114031852243
decision_type=2 2 2 2 2 2 2 2 2 2 2 2 2
left_child=4 10 -3 -4 7 6 -6 8 -1 -9 12 -12 -2
right_child=1 2 3 -5 5 -7 -8 9 -10 -11 11 -13 -14
leaf_value=0 -2.1930750120256636e-06 0 -1.0886701722205944e-05 0 1.3163520709992171e-05 0 0 -2.123072013279864e-06 6.2521645433537911e-06 0 2.4286581969961879e-06 0 0
leaf_weight=58 3015 183 1764 114 892 73 99 804 428 88 4730 1975 489
leaf_count=58 3015 183 1764 114 892 73 99 804 428 88 4730 1975 489
internal_value=0 -1.00086e-06 -7.54252e-06 -9.68061e-06 4.21846e-06 8.01015e-06 1.03257e-05 0 3.77383e-06 -6.46292e-08 0 6.60824e-07 -3.32309e-07
internal_weight=0 12270 2061 1878 2442 1064 991 1378 486 892 10209 6705 3504
internal_count=14712 12270 2061 1878 2442 1064 991 1378 486 892 10209 6705 3504
is_linear=0
shrinkage=0.03


Tree=3
num_leaves=11
num_cat=0
split_feature=49 4 41 46 54 20 53 4 53 29
split_gain=3.79791e-05 9.38702e-05 0.000110183 0.000108835 9.99311e-05 5.53182e-05 5.26983e-05 5.09409e-05 8.14354e-05 6.78776e-05
threshold=47.04265679133659 0.23039285714285998 0.0007629630489618622 67.104895806510982 0.0015256678208084044 -0.0095561303850263939 155.99868000000001 0.19442857142856904 145.44932000000003 0.023637013769305566
decision_type=2 2 2 2 2 2 2 2 2 2
left_child=1 2 6 -4 5 -3 -1 -2 -9 -10
right_child=7 4 3 -5 -6 -7 -8 8 9 -11
leaf_value=3.8573680079412004e-06 0 0 -9.8003316024920314e-06 0 0 1.2354057432343185e-05 0 0 -1.3964391156844744e-05 0
leaf_weight=4375 1878 106 1868 1188 640 1515 1703 306 1063 42
leaf_count=4375 1878 106 1868 1188 640 1515 1703 306 1063 42
internal_value=0 7.87213e-07 0 -5.16368e-06 6.36265e-06 1.058e-05 1.70515e-06 -2.87137e-06 -7.19038e-06 -1.15032e-05
internal_weight=0 11395 9134 3056 2261 1621 6078 3289 1411 1105
internal_count=14684 11395 9134 3056 2261 1621 6078 3289 1411 1105
is_linear=0
shrinkage=0.03


Tree=4
num_leaves=11
num_cat=0
split_feature=2 8 7 49 37 49 54 20 53 2
split_gain=8.56692e-05 0.000109211 8.3578e-05 8.17779e-05 5.13271e-05 4.38834e-05 2.79034e-05 2.0275e-05 3.63215e-05 3.49228e-05
threshold=146.82677858586018 5680.4500000000007 0.00086220574177049865 25.317818129579617 -1.1400000000000003 14.971699683027943 0.0038660061068124768 -0.00063016870667087488 152.38833000000002 155.97933017271234
decision_type=2 2 2 2 2 2 2 2 2 2
left_child=3 7 -3 5 -4 -1 -7 8 -2 -9
right_child=1 2 4 -5 -6 6 -8 9 -10 -11
leaf_value=0 0 0 0 0 -1.3439124176504316e-05 2.0737028552690229e-05 0 2.7467062877724965e-06 -4.8671382930688344e-06 0
leaf_weight=144 1670 325 89 1677 1329 453 63 4759 1961 2219
leaf_count=144 1670 325 89 1677 1329 453 63 4759 1961 2219
internal_value=0 -1.2845e-06 -8.25059e-06 4.92627e-06 -1.16921e-05 1.40488e-05 1.81359e-05 0 -1.94745e-06 8.00844e-07
internal_weight=0 12352 1743 2337 1418 660 516 10609 3631 6978
internal_count=14689 12352 1743 2337 1418 660 516 10609 3631 6978
is_linear=0
shrinkage=0.03


Tree=5
num_leaves=11
num_cat=0
split_feature=2 49 34 2 53 20 49 7 41 0
split_gain=4.70809e-05 9.25323e-05 7.38723e-05 3.22345e-05 2.37407e-05 4.37367e-05 1.95845e-05 1.15519e-05 4.0999e-06 3.96478e-06
threshold=146.9668011504709 23.919563097867194 0.17617321428571348 156.76827676472462 155.99868000000001 -0.00066741117724994348 15.688106681519937 0.0015353129888104201 0.00069492667077851455 30.999037819233184
decision_type=2 2 2 2 2 2 2 2 2 2
left_child=1 6 4 7 5 -2 -1 -4 -6 -8
right_child=2 -3 3 -5 8 -7 9 -9 -10 -11
leaf_value=0 0 0 -5.5975857386456552e-06 0 -1.4341947661251024e-06 3.991608781240684e-06 0 0 0 1.8212786192503817e-05
leaf_weight=157 1522 1777 3583 647 1984 3790 29 474 264 423
leaf_count=157 1522 1777 3583 647 1984 3790 29 474 264 423
internal_value=0 3.88072e-06 -7.24373e-07 -3.93568e-06 8.34235e-08 1.98954e-06 1.39879e-05 -5.01099e-06 -4.17359e-07 1.73939e-05
internal_weight=0 2386 12264 4704 7560 5312 609 4057 2248 452
internal_count=14650 2386 12264 4704 7560 5312 609 4057 2248 452
is_linear=0
shrinkage=0.03


Tree=6
num_leaves=10
num_cat=0
split_feature=2 34 2 49 37 49 53 7 7
split_gain=7.44914e-05 0.000132043 0.000123209 7.35054e-05 4.89005e-05 4.17695e-05 8.05679e-06 3.01443e-05 8.69614e-06
threshold=146.9668011504709 0.26138035714285618 154.40855683949468 23.919563097867194 -1.021500000000003 15.688106681519937 155.79285000000002 0.00057649397497930375 0.00094971518870355664
decision_type=2 2 2 2 2 2 2 2 2
left_child=3 6 4 5 -3 -1 7 -2 -8
right_child=1 2 -4 -5 -6 -7 8 -9 -10
leaf_value=0 2.9760339708738862e-06 0 0 0 -2.0269992714853682e-05 1.8685741099553092e-05 -2.1539347519225025e-06 0 0
leaf_weight=162 3367 64 476 1796 693 457 2669 4700 324
leaf_count=162 3367 64 476 1796 693 457 2669 4700 324
internal_value=0 -9.51094e-07 -1.02652e-05 4.81178e-06 -1.78335e-05 1.404e-05 0 5.77833e-07 -1.23393e-06
internal_weight=0 12293 1233 2415 757 619 11060 8067 2993
internal_count=14708 12293 1233 2415 757 619 11060 8067 2993
is_linear=0
shrinkage=0.03


Tree=7
num_leaves=11
num_cat=0
split_feature=2 37 46 7 7 2 34 3 46 8
split_gain=6.72781e-05 9.5612e-05 3.17798e-05 7.36909e-05 4.60135e-05 2.5463e-05 1.92047e-05 4.46392e-05 3.05487e-05 1.86393e-05
threshold=146.9668011504709 0.27100000000000085 83.737499198230211 0.0011165855604549008 0.0039645658957739496 158.82110083542162 0.17617321428571348 155.63059316148909 65.730514184700738 2791.2000000000003
decision_type=2 2 2 2 2 2 2 2 2 2
left_child=2 6 3 -1 -5 9 7 -2 -8 -3
right_child=1 5 -4 4 -6 -7 8 -9 -10 -11
leaf_value=0 3.2176554447766173e-06 0 0 1.6286585916344139e-05 0 0 -4.4238990729187548e-06 0 0 -8.194424476959724e-06
leaf_weight=1270 4768 105 401 699 20 81 1818 2125 1334 2042
leaf_count=1270 4768 105 401 699 20 81 1818 2125 1334 2042
internal_value=0 -9.63545e-07 4.53482e-06 6.25202e-06 1.41529e-05 -6.61293e-06 0 1.15478e-06 -1.60218e-06 -7.48684e-06
internal_weight=0 12273 2390 1989 719 2228 10045 6893 3152 2147
internal_count=14663 12273 2390 1989 719 2228 10045 6893 3152 2147
is_linear=0
shrinkage=0.03


Tree=8
num_leaves=14
num_cat=0
split_feature=2 8 7 2 26 26 7 1 20 20 41 41 41
split_gain=4.96504e-05 0.000106277 8.23198e-05 5.4485e-05 4.5552e-05 5.78851e-05 3.21133e-05 1.19978e-05 2.12571e-05 9.13127e-06 3.58068e-07 2.17715e-06 4.92409e-07
threshold=146.9668011504709 5680.4500000000007 0.00086220574177049865 153.45113845100943 0.0089193957436901668 0.016178006154158171 0.00092530490661357431 157.22902500000001 -0.00063016870667087488 -0.0074620050528668149 0.00084068546630421505 0.00041228351762360912 0.0013893201941442114
decision_type=2 2 2 2 2 2 2 2 2 2 2 2 2
left_child=4 7 -3 -4 10 6 -6 8 -2 -9 11 -1 -12
right_child=1 2 3 -5 5 -7 -8 9 -10 -11 12 -13 -14
leaf_value=0 0 0 -1.4949398406684486e-05 0 0 0 1.7607080540496496e-05 0 1.9402192502525177e-06 -3.1557984360410974e-06 -6.8469830202536013e-07 2.1104085468160354e-06 0
leaf_weight=62 3121 304 1036 374 84 124 496 32 5770 1649 945 512 180
leaf_count=62 3121 304 1036 374 84 124 496 32 5770 1649 945 512 180
internal_value=0 -1.02161e-06 -7.95457e-06 -1.13775e-05 3.64111e-06 1.0171e-05 1.46741e-05 0 5.39786e-07 -2.20942e-06 0 7.49091e-07 0
internal_weight=0 12286 1714 1410 2403 704 580 10572 8891 1681 1699 574 1125
internal_count=14689 12286 1714 1410 2403 704 580 10572 8891 1681 1699 574 1125
is_linear=0
shrinkage=0.03


Tree=9
num_leaves=14
num_cat=0
split_feature=2 34 2 33 6 49 42 20 1 41 7 46 41
split_gain=5.47341e-05 5.94089e-05 3.71851e-05 3.11715e-05 5.55716e-05 2.15249e-05 2.11491e-05 2.04041e-05 1.33686e-05 5.02633e-06 4.47112e-06 3.91088e-06 2.9531e-06
threshold=146.9668011504709 0.17617321428571348 156.8459657583393 0.0016010183619919829 1.5735000000000101 36.57279132679659 1.5308917387218097 -0.00014080886778927712 157.22902500000001 0.00081529782331444232 0.0011428877444423448 9.2857966907726421 0.00042106851850074958
decision_type=2 2 2 2 2 2 2 2 2 2 2 2 2
left_child=3 7 6 9 5 -5 -3 11 -9 12 -11 -2 -1
right_child=1 2 -4 4 -6 -7 -8 8 -10 10 -12 -13 -14
leaf_value=0 0 -5.2542715889906327e-06 0 1.5777170285560461e-05 0 0 0 2.7963307664846272e-06 0 -2.2493845534583856e-06 0 -1.1565732683012241e-06 4.1237908476866267e-06
leaf_weight=57 183 3982 621 573 54 404 98 3890 862 795 90 2631 422
leaf_count=57 183 3982 621 573 54 404 98 3890 862 795 90 2631 422
internal_value=0 -5.7078e-07 -3.49541e-06 4.34707e-06 8.43168e-06 1.12338e-05 -4.72011e-06 5.69702e-08 1.96707e-06 0 0 0 3.07215e-06
internal_weight=0 12267 4701 2395 1031 977 4080 7566 4752 1364 885 2814 479
internal_count=14662 12267 4701 2395 1031 977 4080 7566 4752 1364 885 2814 479
is_linear=0
shrinkage=0.03


Tree=10
num_leaves=11
num_cat=0
split_feature=49 4 54 49 34 46 4 1 29 20
split_gain=3.25591e-05 5.24437e-05 8.96127e-05 6.901e-05 4.81686e-05 4.2025e-05 4.07051e-05 6.13302e-05 5.18097e-05 2.475e-05
threshold=47.298190640322943 0.23039285714285998 0.0016663791935932054 42.486053728437078 0.18756607142857382 65.730514184700738 0.19721428571429253 144.45242500000003 0.023637013769305566 -0.00063016870667087488
decision_type=2 2 2 2 2 2 2 2 2 2
left_child=1 4 3 -3 9 -6 -2 -8 -9 -1
right_child=6 2 -4 -5 5 -7 7 8 -10 -11
leaf_value=0 0 1.1507278623600056e-05 0 0 -7.365060942908298e-06 0 0 -1.2351249546925331e-05 0 2.2503637214477735e-06
leaf_weight=1797 1844 1452 650 194 1444 951 233 1084 39 4957
leaf_count=1797 1844 1452 650 194 1444 951 233 1084 39 4957
internal_value=0 4.53142e-07 4.64521e-06 8.89308e-06 0 -4.11308e-06 -2.90208e-06 -6.84713e-06 -1.02833e-05 6.47233e-07
internal_weight=0 11445 2296 1646 9149 2395 3200 1356 1123 6754
internal_count=14645 11445 2296 1646 9149 2395 3200 1356 1123 6754
is_linear=0
shrinkage=0.03


Tree=11
num_leaves=11
num_cat=0
split_feature=2 8 7 49 8 37 34 53 20 7
split_gain=3.6215e-05 7.65649e-05 6.10033e-05 5.04826e-05 4.49663e-05 3.91591e-05 1.59383e-05 1.22166e-05 2.66132e-05 1.25152e-05
threshold=147.14827321699929 5647.0250000000005 0.00086220574177049865 23.919563097867194 3929.7250000000008 -1.1400000000000003 0.17288928571428588 155.79285000000002 -0.00063016870667087488 0.00094971518870355664
decision_type=2 2 2 2 2 2 2 2 2 2
left_child=3 7 -3 4 -1 -4 -6 8 -2 -9
right_child=1 2 5 -5 6 -7 -8 9 -10 -11
leaf_value=0 0 0 0 0 0 -1.1152825142552158e-05 1.6290025605266749e-05 -2.4542843224218144e-06 2.50330848721796e-06 0
leaf_weight=158 2489 315 79 1922 21 1326 478 2667 4810 387
leaf_count=158 2489 315 79 1922 21 1326 478 2667 4810 387
internal_value=0 -7.00118e-07 -6.59516e-06 3.21593e-06 1.04741e-05 -9.60803e-06 1.50158e-05 0 9.21041e-07 -1.25399e-06
internal_weight=0 12073 1720 2579 657 1405 499 10353 7299 3054
internal_count=14652 12073 1720 2579 657 1405 499 10353 7299 3054
is_linear=0
shrinkage=0.03


Tree=12
num_leaves=11
num_cat=0
split_feature=2 34 37 49 46 49 34 53 7 7
split_gain=3.87868e-05 7.59713e-05 6.56179e-05 4.08796e-05 2.73986e-05 1.53169e-05 1.70097e-05 5.68102e-06 1.87837e-05 6.80335e-06
threshold=146.9668011504709 0.23071250000000013 -0.81050000000000455 29.057321068407024 92.122661304255232 15.688106681519937 0.16861249999999783 155.79285000000002 0.00057649397497930375 0.00094971518870355664
decision_type=2 2 2 2 2 2 2 2 2 2
left_child=3 7 -3 5 -4 -1 -7 8 -2 -9
right_child=1 2 4 -5 -6 6 -8 9 -10 -11
leaf_value=0 2.4625934957884714e-06 0 -9.5857587884829678e-06 0 0 0 1.1860536993712221e-05 -1.7562983224913577e-06 0 0
leaf_weight=150 3317 201 1744 1439 111 97 658 2601 4030 239
leaf_count=150 3317 201 1744 1439 111 97 658 2601 4030 239
internal_value=0 -8.1784e-07 -6.10193e-06 3.37601e-06 -8.54976e-06 8.37582e-06 1.01162e-05 0 6.61187e-07 -8.18085e-07
internal_weight=0 12243 2056 2344 1855 905 755 10187 7347 2840
internal_count=14587 12243 2056 2344 1855 905 755 10187 7347 2840
is_linear=0
shrinkage=0.03


Tree=13
num_leaves=11
num_cat=0
split_feature=2 34 1 49 37 34 49 1 56 20
split_gain=5.92459e-05 8.47451e-05 9.59083e-05 7.7849e-05 3.66647e-05 2.87137e-05 3.30269e-05 8.78603e-06 1.50335e-05 3.47628e-06
threshold=146.82677858586018 0.26138035714285618 150.66010000000003 29.057321068407024 -1.021500000000003 0.49864464285714244 14.971699683027943 157.22902500000001 1.5000000000000002 -0.0080263655707537001
decision_type=2 2 2 2 2 2 2 2 2 2
left_child=3 7 4 5 -3 6 -1 8 -2 -9
right_child=1 2 -4 -5 -6 -7 -8 9 -10 -11
leaf_value=0 0 0 0 0 -1.9230315499593655e-05 0 1.5236465240546491e-05 0 1.7640323775931312e-06 -2.3427987482679072e-06
leaf_weight=138 4399 58 643 1426 544 25 746 25 5098 1585
leaf_count=138 4399 58 643 1426 544 25 746 25 5098 1585
internal_value=0 -6.79216e-07 -8.11313e-06 4.51581e-06 -1.67155e-05 1.13765e-05 1.274e-05 0 4.95824e-07 -1.86027e-06
internal_weight=0 12352 1245 2335 602 909 884 11107 9497 1610
internal_count=14687 12352 1245 2335 602 909 884 11107 9497 1610
is_linear=0
shrinkage=0.03


Tree=14
num_leaves=11
num_cat=0
split_feature=2 37 49 49 49 2 41 3 46 10
split_gain=2.81136e-05 6.90961e-05 5.66266e-05 4.19782e-05 4.07608e-05 2.51024e-05 8.77232e-06 2.39618e-05 1.80271e-05 3.79948e-06
threshold=146.9668011504709 0.27100000000000085 23.919563097867194 20.767950127527815 15.688106681519937 158.49254571541925 0.00075997221712429308 155.67702362186785 79.144639345470353 0.00057480579948903374
decision_type=2 2 2 2 2 2 2 2 2 2
left_child=2 6 4 -3 -1 -5 7 -2 -8 -6
right_child=1 3 -4 5 9 -7 8 -9 -10 -11
leaf_value=0 2.4657693004943371e-06 0 0 -8.1219510169439561e-06 0 0 -2.6419886582510021e-06 0 0 1.63274620441579e-05
leaf_weight=166 4750 192 1792 1907 20 98 2407 2039 873 424
leaf_count=166 4750 192 1792 1907 20 98 2407 2039 873 424
internal_value=0 -5.15375e-07 3.02924e-06 -5.45748e-06 1.09374e-05 -7.17468e-06 0 1.03809e-06 -4.20053e-07 1.57127e-05
internal_weight=0 12266 2402 2197 610 2005 10069 6789 3280 444
internal_count=14668 12266 2402 2197 610 2005 10069 6789 3280 444
is_linear=0
shrinkage=0.03


Tree=15
num_leaves=11
num_cat=0
split_feature=49 7 42 6 41 35 7 53 29 53
split_gain=2.41771e-05 0.000110178 6.04408e-05 6.50878e-05 5.32602e-05 0.000113443 4.24151e-05 4.36397e-05 4.37619e-05 3.87818e-05
threshold=46.225689012540592 0.0013754272458595333 0.80885368078777742 1.7300000000000042 0.00076668613060065446 1.0467952650144314 0.00069764764666633498 145.44932000000003 0.023637013769305566 155.99868000000001
decision_type=2 2 2 2 2 2 2 2 2 2
left_child=1 4 -3 -4 9 -6 -2 -8 -9 -1
right_child=6 2 3 -5 5 -7 7 8 -10 -11
leaf_value=3.2456989152584493e-06 0 0 1.6691202095558956e-05 0 -6.8798971782437097e-06 0 0 -9.2925604742813303e-06 0 0
leaf_weight=4537 1458 78 775 42 2897 1204 413 1560 41 1701
leaf_count=4537 1458 78 775 42 2897 1204 413 1560 41 1701
internal_value=0 5.86153e-07 1.0727e-05 1.38782e-05 0 -2.92292e-06 -2.27045e-06 -5.27613e-06 -7.71652e-06 1.43772e-06
internal_weight=0 11234 895 817 10339 4101 3472 2014 1601 6238
internal_count=14706 11234 895 817 10339 4101 3472 2014 1601 6238
is_linear=0
shrinkage=0.03


Tree=16
num_leaves=12
num_cat=0
split_feature=49 4 54 49 4 29 3 7 42 2 37
split_gain=2.85265e-05 6.61952e-05 9.2623e-05 8.10986e-05 5.99691e-05 6.37751e-05 4.18073e-05 2.64899e-05 4.50459e-05 3.23427e-05 3.08722e-08
threshold=46.225689012540592 0.23039285714285998 0.0015256678208084044 42.87714304795545 0.23671428571429032 0.023637013769305566 143.86029565179285 0.0005691717322502505 1.1002761469522548 157.36645117367092 0.057000000000002167
decision_type=2 2 2 2 2 2 2 2 2 2 2
left_child=1 7 3 -3 10 6 -6 9 -9 -1 -2
right_child=4 2 -4 -5 5 -7 -8 8 -10 -11 -12
leaf_value=3.2637948736814515e-06 4.7714113996809402e-08 1.2246401509151409e-05 0 0 0 0 -1.5276071950310368e-05 -4.0586864750697531e-06 0 0 -1.4772486615930103e-07
leaf_weight=3286 1408 1474 636 137 162 43 726 3550 1338 869 1126
leaf_count=3286 1408 1474 636 137 162 43 726 3550 1338 869 1126
internal_value=0 6.77487e-07 5.36804e-06 9.58774e-06 -2.43175e-06 -8.94187e-06 -1.21837e-05 0 -1.91586e-06 1.19142e-06 0
internal_weight=0 11290 2247 1611 3465 931 888 9043 4888 4155 2534
internal_count=14755 11290 2247 1611 3465 931 888 9043 4888 4155 2534
is_linear=0
shrinkage=0.03


Tree=17
num_leaves=11
num_cat=0
split_feature=49 4 54 41 46 4 1 1 6 20
split_gain=2.2639e-05 6.70702e-05 0.000101104 8.14999e-05 7.9755e-05 4.51344e-05 5.6454e-05 3.94147e-05 3.39091e-05 3.16129e-05
threshold=46.225689012540592 0.23039285714285998 0.0015256678208084044 0.0007629630489618622 67.104895806510982 0.19442857142856904 144.45242500000003 155.89602500000004 -2.0684999999999856 -0.0095561303850263939
decision_type=2 2 2 2 2 2 2 2 2 2
left_child=1 3 9 7 -5 -2 -7 -1 -8 -3
right_child=5 2 -4 4 -6 6 8 -9 -10 -11
leaf_value=3.4301924408051077e-06 0 0 0 -8.5392149925239421e-06 0 0 0 0 -1.1020040495850227e-05 1.1144089080063713e-05
leaf_weight=4285 1992 97 629 1785 1170 266 91 1714 1118 1500
leaf_count=4285 1992 97 629 1785 1170 266 91 1714 1118 1500
internal_value=0 7.63361e-07 5.48088e-06 0 -4.4454e-06 -1.99934e-06 -6.07691e-06 1.57852e-06 -9.33095e-06 9.94166e-06
internal_weight=0 11180 2226 8954 2955 3467 1475 5999 1209 1597
internal_count=14647 11180 2226 8954 2955 3467 1475 5999 1209 1597
is_linear=0
shrinkage=0.03


Tree=18
num_leaves=14
num_cat=0
split_feature=2 26 54 54 41 11 46 53 37 41 41 41 41
split_gain=5.5755e-05 5.75647e-05 0.000123317 4.7682e-05 4.52334e-05 4.28526e-05 2.83192e-05 6.49613e-06 1.89617e-05 4.4487e-06 1.11365e-06 5.97813e-06 9.11073e-09
threshold=146.9668011504709 0.009223337106247469 0.0076552704206794909 -0.0064655004243049747 0.00075997221712429308 0.046500000000008875 79.716961026960988 155.94569000000004 0.03249999999999887 0.00069492667077851455 0.00081529782331444232 0.00041228351762360912 0.0013893201941442114
decision_type=2 2 2 2 2 2 2 2 2 2 2 2 2
left_child=1 10 3 -3 7 -6 -7 8 -2 -9 11 -1 -12
right_child=4 2 -4 -5 5 6 -8 9 -10 -11 12 -13 -14
leaf_value=0 2.6150461369363102e-06 0 0 2.5151324287736398e-05 0 -6.7463729766495164e-06 0 -1.4423988344088333e-06 0 0 -8.8695458400936304e-08 3.7859313719429387e-06 0
leaf_weight=58 3328 178 98 390 1625 2499 640 1997 1936 224 1042 445 189
leaf_count=58 3328 178 98 390 1625 2499 640 1997 1936 224 1042 445 189
internal_value=0 4.14261e-06 1.18143e-05 1.89457e-05 -8.56566e-07 -3.22974e-06 -5.30246e-06 0 1.0401e-06 -2.6123e-07 0 1.41118e-06 0
internal_weight=0 2400 666 568 12249 4764 3139 7485 5264 2221 1734 503 1231
internal_count=14649 2400 666 568 12249 4764 3139 7485 5264 2221 1734 503 1231
is_linear=0
shrinkage=0.03


Tree=19
num_leaves=11
num_cat=0
split_feature=2 34 37 1 49 8 34 3 8 41
split_gain=3.2752e-05 5.57968e-05 4.46001e-05 5.4644e-05 4.29981e-05 3.08467e-05 3.79897e-05 3.11408e-06 2.20775e-05 4.10137e-06
threshold=146.9668011504709 0.36460535714285669 -0.86299999999999943 156.316 25.317818129579617 3929.7250000000008 0.17190535714286129 156.99557937970027 3369.3250000000003 0.00023800521799418508
decision_type=2 2 2 2 2 2 2 2 2 2
left_child=4 7 -3 -4 5 -1 -7 8 -2 -9
right_child=1 2 3 -5 -6 6 -8 9 -10 -11
leaf_value=0 2.311173740996503e-06 0 -2.547270142805035e-05 0 0 0 1.5826906373506075e-05 0 -6.0701453375492668e-08 -2.0407421535541223e-06
leaf_weight=155 3715 70 221 21 1716 20 503 34 6618 1559
leaf_count=155 3715 70 221 21 1716 20 503 34 6618 1559
internal_value=0 -5.75666e-07 -1.31827e-05 -1.97396e-05 3.25843e-06 9.72263e-06 1.32507e-05 0 0 -1.32629e-06
internal_weight=0 12238 312 242 2394 678 523 11926 10333 1593
internal_count=14632 12238 312 242 2394 678 523 11926 10333 1593
is_linear=0
shrinkage=0.03


Tree=20
num_leaves=11
num_cat=0
split_feature=3 8 49 1 49 53 35 35 8 7
split_gain=1.93218e-05 6.66719e-05 0.000102705 0.00010048 2.89358e-05 2.65469e-05 4.04642e-05 1.94083e-05 3.26643e-05 8.10052e-06
threshold=142.10165218977667 5647.0250000000005 27.924132305181352 150.66010000000003 64.139998200495583 155.74525000000003 0.94895716992354784 0.8399807450607254 4290.1500000000005 0.00094971518870355664
decision_type=2 2 2 2 2 2 2 2 2 2
left_child=4 5 -3 -4 7 6 -2 -1 -9 -7
right_child=1 2 3 -5 -6 9 -8 8 -10 -11
leaf_value=0 0 0 -1.4658745153274482e-05 0 0 -2.2187674189497022e-06 3.3272521232372242e-06 0 1.5159191245612262e-05 0
leaf_weight=151 3561 875 1136 412 64 2714 4899 68 387 400
leaf_count=151 3561 875 1136 412 64 2714 4899 68 387 400
internal_value=0 -3.04192e-07 -5.02952e-06 -9.96457e-06 4.90008e-06 0 1.45133e-06 8.33655e-06 1.14417e-05 -1.3963e-06
internal_weight=0 13997 2423 1548 670 11574 8460 606 455 3114
internal_count=14667 13997 2423 1548 670 11574 8460 606 455 3114
is_linear=0
shrinkage=0.03


Tree=21
num_leaves=13
num_cat=0
split_feature=2 34 37 34 41 46 49 20 7 1 34 34
split_gain=2.43792e-05 6.41152e-05 5.40618e-05 6.26728e-05 2.47348e-05 4.52402e-05 5.40544e-05 5.62028e-06 2.3754e-05 2.02847e-05 1.82482e-06 1.71285e-06
threshold=146.9668011504709 0.36460535714285669 -0.92800000000001137 0.60932321428571623 0.0013893201941442114 85.957330133244042 36.57279132679659 -0.00059497350853293652 0.0014128759840445024 157.22902500000001 0.20238571428571503 0.097416071428573267
decision_type=2 2 2 2 2 2 2 2 2 2 2 2
left_child=4 7 -3 -4 10 6 -6 8 -2 -9 11 -1
right_child=1 2 3 -5 5 -7 -8 9 -10 -11 -12 -13
leaf_value=0 -2.4580575615501546e-06 0 -2.7219844311687237e-05 0 2.1418761956017216e-05 0 0 1.7475650040593684e-06 0 0 0 1.9159966783167111e-06
leaf_weight=64 4195 69 223 25 285 62 164 6334 327 1174 973 867
leaf_count=64 4195 69 223 25 285 62 164 6334 327 1174 973 867
internal_value=0 -4.66111e-07 -1.37954e-05 -2.0956e-05 2.82376e-06 9.01137e-06 1.35289e-05 0 -9.369e-07 3.8078e-07 0 1.32796e-06
internal_weight=0 12347 317 248 2415 511 449 12030 4522 7508 1904 931
internal_count=14762 12347 317 248 2415 511 449 12030 4522 7508 1904 931
is_linear=0
shrinkage=0.03


Tree=22
num_leaves=14
num_cat=0
split_feature=2 34 37 34 49 4 26 53 8 38 34 34 34
split_gain=2.91196e-05 8.60734e-05 5.83929e-05 5.69117e-05 4.85613e-05 8.84746e-05 5.79483e-05 7.26216e-06 3.20704e-05 2.14813e-05 3.88387e-10 1.48452e-05 7.47354e-07
threshold=147.14827321699929 0.36460535714285669 -0.92800000000001137 0.60932321428571623 29.057321068407024 0.2265714285714294 0.015487811255161568 155.74525000000003 3387.6250000000005 0.68597713256536175 0.19500178571428653 0.54904821428571593 0.10746785714285835
decision_type=2 2 2 2 2 2 2 2 2 2 2 2 2
left_child=4 7 -3 -4 5 -1 -7 8 -2 -9 12 -12 -6
right_child=1 2 3 -5 10 6 -8 9 -10 -11 11 -13 -14
leaf_value=0 3.1270513822375492e-06 0 -2.9463253337747175e-05 0 0 2.2621385671328995e-05 0 0 -1.6864543665043804e-07 -3.3015230769537933e-06 -3.543132464762857e-06 0 1.2605509305487153e-06
leaf_weight=624 2935 64 219 24 28 376 26 831 5649 2373 1064 29 423
leaf_count=624 2935 64 219 24 28 376 26 831 5649 2373 1064 29 423
internal_value=0 -8.68838e-07 -1.67868e-05 -2.3915e-05 2.5776e-06 7.69575e-06 1.8682e-05 0 0 -1.4282e-06 0 -1.78807e-08 0
internal_weight=0 12095 307 243 2570 1026 402 11788 8584 3204 1544 1093 451
internal_count=14665 12095 307 243 2570 1026 402 11788 8584 3204 1544 1093 451
is_linear=0
shrinkage=0.03


Tree=23
num_leaves=11
num_cat=0
split_feature=2 26 6 34 37 7 45 1 20 20
split_gain=2.5105e-05 5.08497e-05 8.46201e-05 4.62218e-05 4.11425e-05 3.34956e-05 1.81555e-05 2.93735e-07 7.64178e-06 2.68948e-06
threshold=147.14827321699929 0.0089193957436901668 1.5735000000000101 0.23071250000000013 -0.86299999999999943 0.00092530490661357431 92.913279980593117 155.614025 -0.00063016870667087488 -0.0080263655707537001
decision_type=2 2 2 2 2 2 2 2 2 2
left_child=1 -1 5 7 -5 -3 -6 8 -2 -9
right_child=3 2 -4 4 6 -7 -8 9 -10 -11
leaf_value=0 0 0 0 0 -7.7792138252915128e-06 1.7075248466158443e-05 0 0 1.256011487848389e-06 -8.9385709917800328e-07
leaf_weight=1837 2466 88 63 181 1669 578 168 41 4525 3033
leaf_count=1837 2466 88 63 181 1669 578 168 41 4525 3033
internal_value=0 2.53892e-06 9.24308e-06 -7.07701e-07 -4.85898e-06 1.44157e-05 -6.7889e-06 0 1.93345e-07 -3.12976e-08
internal_weight=0 2566 729 12083 2018 666 1837 10065 6991 3074
internal_count=14649 2566 729 12083 2018 666 1837 10065 6991 3074
is_linear=0
shrinkage=0.03


Tree=24
num_leaves=11
num_cat=0
split_feature=2 37 49 49 25 49 10 46 41 53
split_gain=2.47835e-05 4.18501e-05 2.9757e-05 3.65675e-05 3.4041e-05 2.4027e-05 3.0776e-05 2.44119e-06 1.06616e-05 8.64395e-06
threshold=146.9668011504709 0.27100000000000085 23.919563097867194 14.971699683027943 -8.0907571968471697 20.767950127527815 0.00047122868027148261 67.104895806510982 0.00075997221712429308 148.18113000000002
decision_type=2 2 2 2 2 2 2 2 2 2
left_child=2 7 3 -1 -5 -3 -7 8 -2 -9
right_child=1 5 -4 4 -6 6 -8 9 -10 -11
leaf_value=0 0 0 0 0 1.6277050898733853e-05 0 -7.0288856357654622e-06 0 -2.2507355215037749e-06 1.5969090259670769e-06
leaf_weight=139 3740 191 1817 49 407 190 1856 557 1922 3856
leaf_count=139 3740 191 1817 49 407 190 1856 557 1922 3856
internal_value=0 -6.19363e-07 2.69972e-06 8.63265e-06 1.30134e-05 -4.35272e-06 -5.59304e-06 0 -1.58697e-07 6.82289e-07
internal_weight=0 12312 2412 595 456 2237 2046 10075 5662 4413
internal_count=14724 12312 2412 595 456 2237 2046 10075 5662 4413
is_linear=0
shrinkage=0.03


Tree=25
num_leaves=11
num_cat=0
split_feature=2 8 7 49 37 54 41 53 20 54
split_gain=1.98016e-05 4.45053e-05 5.09452e-05 3.51557e-05 3.31595e-05 2.51482e-05 3.35678e-05 2.16402e-05 1.95156e-05 1.64142e-05
threshold=146.9668011504709 5680.4500000000007 0.00083981947688214597 29.057321068407024 -1.1400000000000003 0.0038660061068124768 0.001243643362852484 155.94569000000004 -0.00081665366048672128 -0.0051829652181391867
decision_type=2 2 2 2 2 2 2 2 2 2
left_child=3 7 -3 5 -4 6 -1 8 -2 -9
right_child=1 2 4 -5 -6 -7 -8 9 -10 -11
leaf_value=0 0 0 0 0 -9.4556946756264776e-06 0 2.1782917807512959e-05 0 2.1607689572623482e-06 -3.1675340071005424e-06
leaf_weight=604 2489 261 87 1476 1349 98 205 153 5174 2756
leaf_count=604 2489 261 87 1476 1349 98 205 153 5174 2756
internal_value=0 -6.3145e-07 -5.14601e-06 2.32916e-06 -7.95087e-06 7.0088e-06 9.11254e-06 0 9.27635e-07 -2.10424e-06
internal_weight=0 12269 1697 2383 1436 907 809 10572 7663 2909
internal_count=14652 12269 1697 2383 1436 907 809 10572 7663 2909
is_linear=0
shrinkage=0.03


Tree=26
num_leaves=11
num_cat=0
split_feature=2 8 1 34 45 46 7 1 20 20
split_gain=2.58494e-05 5.33276e-05 4.80056e-05 4.25979e-05 2.6757e-05 4.27362e-05 3.76136e-05 1.57536e-05 2.38063e-05 9.28137e-06
threshold=147.14827321699929 5680.4500000000007 150.66010000000003 0.25874821428570999 17.883014823485244 83.737499198230211 0.0010935468563737837 157.22902500000001 -0.00059497350853293652 -0.0069615712427233403
decision_type=2 2 2 2 2 2 2 2 2 2
left_child=4 7 3 -3 -1 6 -6 8 -2 -9
right_child=1 2 -4 -5 5 -7 -8 9 -10 -11
leaf_value=0 0 0 0 -1.5998278889068813e-05 0 0 1.400716392649875e-05 0 2.1943750074126717e-06 -3.199855956503694e-06
leaf_weight=455 3115 631 538 517 1064 429 595 33 5649 1636
leaf_count=455 3115 631 538 517 1064 429 595 33 5649 1636
internal_value=0 -4.85984e-07 -5.49172e-06 -9.05065e-06 2.8323e-06 4.61533e-06 7.07026e-06 0 8.11901e-07 -2.24335e-06
internal_weight=0 12119 1686 1148 2543 2088 1659 10433 8764 1669
internal_count=14662 12119 1686 1148 2543 2088 1659 10433 8764 1669
is_linear=0
shrinkage=0.03


Tree=27
num_leaves=11
num_cat=0
split_feature=2 37 49 10 49 8 34 56 49 8
split_gain=3.65643e-05 4.71772e-05 2.55881e-05 2.66277e-05 2.17599e-05 1.65522e-05 2.96863e-05 4.51201e-06 2.3122e-05 1.57954e-05
threshold=146.9668011504709 0.27100000000000085 20.767950127527815 0.00047122868027148261 23.919563097867194 3929.7250000000008 0.17369285714285509 1.5000000000000002 49.65212630566765 3462.1500000000001
decision_type=2 2 2 2 2 2 2 2 2 2
left_child=4 7 -3 -4 5 -1 -7 9 -9 -2
right_child=1 2 3 -5 -6 6 -8 8 -10 -11
leaf_value=0 0 0 0 -7.1296102170131565e-06 0 0 1.37660260057855e-05 2.6383455239121794e-06 0 -2.4579745773426782e-06
leaf_weight=134 2621 187 184 1865 1756 21 468 3476 1452 2464
leaf_count=134 2621 187 184 1865 1756 21 468 3476 1452 2464
internal_value=0 -6.61618e-07 -4.6243e-06 -5.87989e-06 3.40254e-06 8.6956e-06 1.12591e-05 0 8.29161e-07 -3.63672e-07
internal_weight=0 12249 2236 2049 2379 623 489 10013 4928 5085
internal_count=14628 12249 2236 2049 2379 623 489 10013 4928 5085
is_linear=0
shrinkage=0.03


Tree=28
num_leaves=11
num_cat=0
split_feature=49 7 41 46 54 46 4 2 29 2
split_gain=2.21919e-05 4.2662e-05 6.6527e-05 4.42012e-05 3.9995e-05 3.73814e-05 3.56095e-05 4.89742e-05 5.89304e-05 2.42062e-05
threshold=47.298190640322943 0.0010845593662447519 0.00076668613060065446 67.104895806510982 0.0015256678208084044 19.823996874239636 0.19721428571429253 145.88044470602296 0.023637013769305566 156.2286524621741
decision_type=2 2 2 2 2 2 2 2 2 2
left_child=1 2 9 -4 5 -3 -2 -8 -9 -1
right_child=6 4 3 -5 -6 -7 7 8 -10 -11
leaf_value=2.6564767455030488e-06 0 0 -6.7921136651260619e-06 0 0 1.0267677864074849e-05 0 -1.1812608541916802e-05 0 0
leaf_weight=4472 1857 329 1948 1265 555 1037 257 1059 46 1815
leaf_count=4472 1857 329 1948 1265 555 1037 257 1059 46 1815
internal_value=0 3.40343e-07 0 -3.94858e-06 4.54674e-06 7.44416e-06 -2.40689e-06 -6.10043e-06 -9.25991e-06 1.24687e-06
internal_weight=0 11421 9500 3213 1921 1366 3219 1362 1105 6287
internal_count=14640 11421 9500 3213 1921 1366 3219 1362 1105 6287
is_linear=0
shrinkage=0.03


Tree=29
num_leaves=11
num_cat=0
split_feature=7 37 6 7 53 2 42 53 41 29
split_gain=1.56993e-05 4.23602e-05 8.27905e-05 4.08849e-05 3.75914e-05 3.99704e-05 2.59069e-05 2.42937e-05 2.05545e-05 7.41776e-07
threshold=0.0014128759840445024 0.872 1.2059999999999891 0.00068330178232881868 143.04707000000005 156.76827676472462 0.79963441041588457 155.99868000000001 0.00076668613060065446 0.00052380825337207165
decision_type=2 2 2 2 2 2 2 2 2 2
left_child=3 2 6 7 -5 -6 -2 8 -1 -9
right_child=1 -3 -4 4 5 -7 -8 9 -10 -11
leaf_value=3.0804742036153522e-06 0 0 0 0 -4.565022945186249e-06 0 1.4286403758692477e-05 0 0 -6.8200302364226914e-07
leaf_weight=4413 94 246 260 576 5072 714 732 568 531 1435
leaf_count=4413 94 246 260 576 5072 714 732 568 531 1435
internal_value=0 3.18457e-06 6.89446e-06 -2.15455e-07 -2.37536e-06 -3.47145e-06 1.23558e-05 4.67119e-07 2.17456e-06 0
internal_weight=0 1332 1086 13309 6362 5786 826 6947 4944 2003
internal_count=14641 1332 1086 13309 6362 5786 826 6947 4944 2003
is_linear=0
shrinkage=0.03


Tree=30
num_leaves=11
num_cat=0
split_feature=2 34 14 2 6 42 42 37 3 49
split_gain=2.94486e-05 4.33131e-05 3.5754e-05 3.30982e-05 2.91067e-05 2.34696e-05 2.24641e-05 7.35676e-06 2.01587e-05 7.59092e-07
threshold=146.9668011504709 0.17617321428571348 0.044499999999999325 156.8459657583393 1.5735000000000101 1.5308917387218097 0.65514614117017567 0.057000000000002167 156.75730891745795 16.937692646720592
decision_type=2 2 2 2 2 2 2 2 2 2
left_child=2 7 -1 5 6 -3 -4 8 -2 -9
right_child=1 3 4 -5 -6 -7 -8 9 -10 -11
leaf_value=0 2.4843517288428754e-06 -4.8454214805839744e-06 0 0 0 0 9.7492675394509384e-06 0 0 -5.5621070570593001e-07
leaf_weight=1201 4012 3984 75 614 28 99 1067 190 1128 2208
leaf_count=1201 4012 3984 75 614 28 99 1067 190 1128 2208
internal_value=0 -5.46263e-07 3.10439e-06 -3.01264e-06 6.85735e-06 -4.21141e-06 8.43259e-06 0 1.13493e-06 0
internal_weight=0 12235 2371 4697 1170 4083 1142 7538 5140 2398
internal_count=14606 12235 2371 4697 1170 4083 1142 7538 5140 2398
is_linear=0
shrinkage=0.03


Tree=31
num_leaves=12
num_cat=0
split_feature=3 34 49 3 53 54 34 20 49 8 3
split_gain=1.08337e-05 4.07981e-05 4.46863e-05 0.00010691 3.24449e-05 2.97931e-05 4.29152e-05 2.93295e-05 1.735e-05 5.7314e-06 2.83397e-06
threshold=142.10165218977667 0.18756607142857382 21.770278330741906 146.27738808220849 155.99868000000001 0.0068036145322689931 0.18502499999999697 -0.00066741117724994348 72.444791419493882 3945.6500000000001 145.89992517557246
decision_type=2 2 2 2 2 2 2 2 2 2 2
left_child=5 4 10 -4 7 6 -1 -2 -8 -6 -3
right_child=1 2 3 -5 9 -7 8 -9 -10 -11 -12
leaf_value=0 0 3.0832502197596959e-06 -1.188469907600191e-05 0 -1.7362365103591488e-06 0 1.3658917953590524e-05 3.5229187745184196e-06 0 0 0
leaf_weight=101 1800 268 1220 3105 2050 45 485 4482 25 268 807
leaf_count=101 1800 268 1220 3105 2050 45 485 4482 25 268 807
internal_value=0 -1.36889e-07 -2.57925e-06 -4.19573e-06 3.50246e-07 3.80221e-06 7.70614e-06 2.15714e-06 1.21172e-05 -6.64089e-07 0
internal_weight=0 14000 5400 4325 8600 656 611 6282 510 2318 1075
internal_count=14656 14000 5400 4325 8600 656 611 6282 510 2318 1075
is_linear=0
shrinkage=0.03


Tree=32
num_leaves=13
num_cat=0
split_feature=46 7 37 1 41 8 46 3 49 41 8 8
split_gain=1.21463e-05 2.44126e-05 2.14695e-05 2.08968e-05 1.74293e-05 2.63412e-05 1.53433e-05 6.83114e-06 2.56511e-06 1.12946e-05 8.59165e-07 1.22177e-06
threshold=45.517607266398606 0.0011165855604549008 0.17499999999999719 157.12607500000004 0.00082516874276269395 3158.1250000000005 92.64815835417636 149.40705824002075 22.519749511279965 0.00054427153846103729 6981.4750000000013 4290.1500000000005
decision_type=2 2 2 2 2 2 2 2 2 2 2 2
left_child=1 4 3 6 7 -6 -2 -1 -4 -10 11 -3
right_child=2 10 8 -5 5 -7 -8 -9 9 -11 -12 -13
leaf_value=1.3959660521189741e-07 3.195935115975085e-06 0 0 0 0 -7.4244278792072838e-06 0 -1.6714705779599269e-06 0 -3.0127142890319577e-06 0 1.7432269619786078e-06
leaf_weight=901 5410 84 326 1027 167 1251 569 2194 265 1374 494 616
leaf_count=901 5410 84 326 1027 167 1251 569 2194 265 1374 494 616
internal_value=0 -1.15468e-06 6.08527e-07 1.79779e-06 -2.56011e-06 -5.64947e-06 2.63297e-06 0 0 -1.18671e-06 0 1.05079e-06
internal_weight=0 5707 8971 7006 4513 1418 5979 3095 1965 1639 1194 700
internal_count=14678 5707 8971 7006 4513 1418 5979 3095 1965 1639 1194 700
is_linear=0
shrinkage=0.03


Tree=33
num_leaves=11
num_cat=0
split_feature=3 8 49 1 54 34 7 5 34 49
split_gain=1.04627e-05 4.92751e-05 7.92623e-05 7.33085e-05 3.35716e-05 4.36013e-05 1.69502e-05 6.13791e-05 2.17526e-05 1.59409e-05
threshold=142.10165218977667 5647.0250000000005 21.770278330741906 150.66010000000003 0.0068036145322689931 0.18502499999999697 0.0010362044184012928 0.64849999999998442 0.18756607142857382 71.322780420925952
decision_type=2 2 2 2 2 2 2 2 2 2
left_child=4 6 -3 -4 5 -1 8 -8 -2 -7
right_child=1 2 3 -5 -6 9 7 -9 -10 -11
leaf_value=0 3.6204106726018627e-07 0 -1.140556695061918e-05 0 0 1.3914708796243902e-05 8.3645959611216538e-06 0 -2.8847918144135969e-06 0
leaf_weight=97 8201 565 1396 487 46 481 1008 151 2223 27
leaf_count=97 8201 565 1396 487 46 481 1008 151 2223 27
internal_value=0 -4.63035e-08 -4.25501e-06 -7.83677e-06 3.79628e-06 8.08848e-06 6.62891e-08 3.63357e-06 0 1.24543e-05
internal_weight=0 14031 2448 1883 651 605 11583 1159 10424 508
internal_count=14682 14031 2448 1883 651 605 11583 1159 10424 508
is_linear=0
shrinkage=0.03


Tree=34
num_leaves=11
num_cat=0
split_feature=2 34 37 49 49 41 35 53 53 1
split_gain=1.9101e-05 2.90893e-05 3.98689e-05 2.86411e-05 2.61778e-05 2.47599e-05 1.95152e-05 1.00902e-07 2.17907e-06 5.29639e-07
threshold=146.9668011504709 0.23071250000000013 -0.86299999999999943 25.317818129579617 15.688106681519937 0.0013893201941442114 0.6684274184667317 155.79285000000002 151.74638000000002 158.65337500000001
decision_type=2 2 2 2 2 2 2 2 2 2
left_child=3 7 -3 4 -1 -4 -6 8 -2 -9
right_child=1 2 5 -5 6 -7 -8 9 -10 -11
leaf_value=0 0 0 0 0 0 -1.2712401484391781e-05 1.2734347399669116e-05 -4.9442712136730705e-07 8.4586080631415863e-07 0
leaf_weight=164 4599 176 1319 1703 36 554 486 2215 2777 644
leaf_count=164 4599 176 1319 1703 36 554 486 2215 2777 644
internal_value=0 -6.52581e-07 -3.91511e-06 2.23728e-06 7.41521e-06 -5.99355e-06 1.08332e-05 0 5.93e-08 -1.50627e-07
internal_weight=0 12284 2049 2389 686 1873 522 10235 7376 2859
internal_count=14673 12284 2049 2389 686 1873 522 10235 7376 2859
is_linear=0
shrinkage=0.03


Tree=35
num_leaves=11
num_cat=0
split_feature=7 34 49 26 26 6 8 1 42 20
split_gain=1.73637e-05 6.0314e-05 5.18676e-05 5.42042e-05 9.88167e-05 3.05648e-05 3.66729e-05 1.72305e-05 3.65844e-05 1.72457e-05
threshold=0.0014128759840445024 0.23071250000000013 40.783435364775642 0.016178006154158171 0.009223337106247469 0.93200000000000227 8986.9750000000022 147.38310000000001 1.2154582592393488 -0.00014080886778927712
decision_type=2 2 2 2 2 2 2 2 2 2
left_child=1 7 3 4 -2 6 -3 8 -1 -9
right_child=2 5 -4 -5 -6 -7 -8 9 -10 -11
leaf_value=5.7490179337010376e-06 0 -8.1647853370177579e-06 0 0 2.5672890245436692e-05 0 0 -1.9885763433223174e-06 0 0
leaf_weight=1461 314 1773 619 95 298 143 77 3959 244 5660
leaf_count=1461 314 1773 619 95 298 143 77 3959 244 5660
internal_value=0 -5.06636e-07 3.03403e-06 9.1247e-06 1.32609e-05 -5.38028e-06 -6.78613e-06 0 3.00235e-06 -1.18763e-07
internal_weight=0 13317 1326 707 612 1993 1850 11324 1705 9619
internal_count=14643 13317 1326 707 612 1993 1850 11324 1705 9619
is_linear=0
shrinkage=0.03


Tree=36
num_leaves=11
num_cat=0
split_feature=2 37 46 22 49 2 3 56 49 46
split_gain=1.39958e-05 3.02943e-05 2.53275e-05 2.75884e-05 1.94376e-05 2.07778e-05 1.44644e-05 4.49759e-06 1.27501e-05 2.75584e-06
threshold=147.14827321699929 0.27100000000000085 83.737499198230211 -0.37934494839660865 20.767950127527815 158.49254571541925 146.55547577997663 1.5000000000000002 49.65212630566765 55.069960230434823
decision_type=2 2 2 2 2 2 2 2 2 2
left_child=2 7 3 -1 -3 -6 -5 9 -9 -2
right_child=1 4 -4 6 5 -7 -8 8 -10 -11
leaf_value=0 -1.0524280112074451e-06 0 0 6.4776849850707881e-06 -5.7999636725479099e-06 0 0 2.1281904025108798e-06 0 0
leaf_weight=357 2239 188 418 1734 1900 104 62 3427 1460 2777
leaf_count=357 2239 188 418 1734 1900 104 62 3427 1460 2777
internal_value=0 -1.96401e-07 2.17194e-06 4.02728e-06 -3.55661e-06 -4.75017e-06 5.76758e-06 0 9.10074e-07 0
internal_weight=0 12095 2571 2153 2192 2004 1796 9903 4887 5016
internal_count=14666 12095 2571 2153 2192 2004 1796 9903 4887 5016
is_linear=0
shrinkage=0.03


Tree=37
num_leaves=12
num_cat=0
split_feature=45 3 49 34 3 41 8 46 20 37 8
split_gain=1.0106e-05 1.3797e-05 3.62242e-05 1.66379e-05 1.18269e-05 1.02983e-05 1.42833e-05 3.66625e-06 9.6723e-06 6.29818e-06 1.95915e-06
threshold=23.019562555155947 149.26017063889168 22.218562728498288 0.1393410714285733 141.84014398956538 0.00084465116204199546 8683.7500000000018 67.104895806510982 -0.0084010760162092617 0.13500000000000514 6049.9750000000013
decision_type=2 2 2 2 2 2 2 2 2 2 2
left_child=4 2 3 -2 -1 -6 -7 8 -3 -9 -4
right_child=1 7 10 -5 5 6 -8 9 -10 -11 -12
leaf_value=0 0 0 6.6492960712177784e-07 8.7372868856301382e-06 0 -6.1598439302442587e-06 0 1.3643121981153926e-06 -1.8545741746843773e-06 0 -8.8032778977486899e-07
leaf_weight=130 174 94 2464 796 1639 1082 111 3045 3490 756 869
leaf_count=130 174 94 2464 796 1639 1082 111 3045 3490 756 869
internal_value=0 2.61059e-07 1.75232e-06 6.87153e-06 -1.67376e-06 -2.58616e-06 -4.86226e-06 0 -9.59467e-07 0 0
internal_weight=0 11688 4303 970 2962 2832 1193 7385 3584 3801 3333
internal_count=14650 11688 4303 970 2962 2832 1193 7385 3584 3801 3333
is_linear=0
shrinkage=0.03


Tree=38
num_leaves=11
num_cat=0
split_feature=2 34 34 37 49 49 7 1 7 34
split_gain=1.82446e-05 6.63055e-05 4.01171e-05 3.8268e-05 2.94769e-05 1.95598e-05 8.73854e-06 1.87627e-05 1.84112e-05 6.44464e-06
threshold=146.9668011504709 0.36460535714285669 0.60932321428571623 -1.1400000000000003 25.317818129579617 16.309137258704801 0.0014128759840445024 157.80430000000004 0.00057649397497930375 0.16861249999999783
decision_type=2 2 2 2 2 2 2 2 2 2
left_child=4 6 3 -3 5 -1 8 -8 -2 -7
right_child=1 2 -4 -5 -6 9 7 -9 -10 -11
leaf_value=0 0 0 0 -2.3837944107031932e-05 0 0 6.7178447106874105e-06 0 -1.7077736035710786e-06 1.1935691926363751e-05
leaf_weight=187 5139 46 27 236 1729 61 509 63 6287 437
leaf_count=187 5139 46 27 236 1729 61 509 63 6287 437
internal_value=0 -5.74025e-07 -1.43543e-05 -1.88056e-05 2.26308e-06 7.53358e-06 0 3.26422e-06 -3.93217e-07 1.06481e-05
internal_weight=0 12307 309 282 2414 685 11998 572 11426 498
internal_count=14721 12307 309 282 2414 685 11998 572 11426 498
is_linear=0
shrinkage=0.03


Tree=39
num_leaves=10
num_cat=0
split_feature=2 20 2 14 18 46 41 53 53
split_gain=1.81386e-05 2.96024e-05 2.81049e-05 2.34398e-05 2.76742e-05 1.85617e-05 1.16888e-05 5.72958e-06 3.64266e-05
threshold=146.9668011504709 -0.00059497350853293652 158.82110083542162 0.044499999999999325 0.0035160252441485134 7.8311410686183613 0.00046903266386623469 156.97678000000002 151.74638000000002
decision_type=2 2 2 2 2 2 2 2 2
left_child=3 2 5 -1 6 -2 -5 8 -3
right_child=1 7 -4 4 -6 -7 -8 -9 -10
leaf_value=0 0 0 0 0 0 -4.1267169806191226e-06 8.2930409808827312e-06 0 3.6325401059897966e-06
leaf_weight=1205 293 3403 252 20 120 4127 1035 1268 2875
leaf_count=1205 293 3403 252 20 120 4127 1035 1268 2875
internal_value=0 -3.66919e-07 -2.46053e-06 2.48338e-06 5.51721e-06 -3.48162e-06 7.58304e-06 0 9.06279e-07
internal_weight=0 12218 4672 2380 1175 4420 1055 7546 6278
internal_count=14598 12218 4672 2380 1175 4420 1055 7546 6278
is_linear=0
shrinkage=0.03


Tree=40
num_leaves=11
num_cat=0
split_feature=2 8 7 2 54 45 42 7 1 7
split_gain=1.19231e-05 4.90568e-05 5.09938e-05 4.68005e-05 2.08808e-05 3.14145e-05 2.34008e-05 1.11555e-05 2.90407e-05 8.0826e-06
threshold=147.14827321699929 5680.4500000000007 0.00086220574177049865 153.45113845100943 0.0064346390739815733 23.019562555155947 0.69269000677608472 0.0010192345724363738 157.90110000000004 0.00062789502476299553
decision_type=2 2 2 2 2 2 2 2 2 2
left_child=4 7 -3 -4 5 -1 -7 9 -9 -2
right_child=1 2 3 -5 -6 6 -8 8 -10 -11
leaf_value=0 0 0 -1.1623581751266292e-05 0 0 0 6.9973004031709471e-06 5.9198474051390781e-06 0 -1.43000173701527e-06
leaf_weight=597 5760 294 986 392 184 199 1588 1032 62 3557
leaf_count=597 5760 294 986 392 184 199 1588 1032 62 3557
internal_value=0 -3.00433e-07 -5.20131e-06 -8.13156e-06 1.9374e-06 3.45326e-06 5.63269e-06 0 3.02899e-06 0
internal_weight=0 12083 1672 1378 2568 2384 1787 10411 1094 9317
internal_count=14651 12083 1672 1378 2568 2384 1787 10411 1094 9317
is_linear=0
shrinkage=0.03


Tree=41
num_leaves=12
num_cat=0
split_feature=41 7 46 20 53 8 49 54 20 41 8
split_gain=5.03826e-06 4.10766e-05 5.46135e-05 4.58703e-05 2.86249e-05 3.30044e-05 2.80251e-05 6.20467e-05 1.76944e-05 1.99639e-06 2.97245e-06
threshold=0.0007629630489618622 0.0011288455740350119 67.104895806510982 -0.0032304642038163407 155.94569000000004 4755.4000000000005 42.683490652295511 0.0015256678208084044 -0.0021590525051169425 0.00069492667077851455 3945.6500000000001
decision_type=2 2 2 2 2 2 2 2 2 2 2
left_child=4 2 3 -2 5 8 7 -3 -1 10 -6
right_child=1 6 -4 -5 9 -7 -8 -9 -10 -11 -12
leaf_value=0 0 8.5678531536247829e-06 0 -8.6069834955444007e-06 -1.5717148747076485e-06 0 0 0 4.1635217794925094e-06 0 0
leaf_weight=607 948 1104 1591 1755 1810 900 863 416 4228 219 206
leaf_count=607 948 1104 1591 1755 1810 900 863 416 4228 219 206
internal_value=0 -6.27424e-07 -3.0366e-06 -5.72976e-06 4.88997e-07 2.19641e-06 0 4.07314e-06 3.4446e-06 0 -9.43988e-07
internal_weight=0 6677 4294 2703 7970 5735 2383 1520 4835 2235 2016
internal_count=14647 6677 4294 2703 7970 5735 2383 1520 4835 2235 2016
is_linear=0
shrinkage=0.03


Tree=42
num_leaves=11
num_cat=0
split_feature=49 7 7 41 8 14 11 12 6 41
split_gain=8.54434e-06 2.98317e-05 2.8203e-05 5.54473e-05 6.65356e-05 5.2344e-05 4.00988e-05 2.18301e-05 2.11341e-05 1.31503e-05
threshold=46.225689012540592 0.00069764764666633498 0.0010362044184012928 0.00081801745946017215 3158.1250000000005 0.03599999999998716 0.033000000000001257 0.00030057508389541126 -2.5750000000000024 0.00029294823779084866
decision_type=2 2 2 2 2 2 2 2 2 2
left_child=2 -2 3 9 -5 -4 -7 -3 -9 -1
right_child=1 7 5 4 -6 6 -8 8 -10 -11
leaf_value=0 0 0 0 0 -7.2347515118982655e-06 0 9.9525739903308368e-06 0 -7.175841723601112e-06 1.6894079435584238e-06
leaf_weight=659 1474 578 820 305 1995 287 1107 43 1400 6020
leaf_count=659 1474 578 820 305 1995 287 1107 43 1400 6020
internal_value=0 -1.37299e-06 3.13616e-07 0 -4.40106e-06 3.45836e-06 7.26509e-06 -4.06726e-06 -6.06465e-06 8.9475e-07
internal_weight=0 3495 11193 8979 2300 2214 1394 2021 1443 6679
internal_count=14688 3495 11193 8979 2300 2214 1394 2021 1443 6679
is_linear=0
shrinkage=0.03


Tree=43
num_leaves=11
num_cat=0
split_feature=7 49 53 6 7 3 2 53 34 46
split_gain=8.82992e-06 4.56915e-05 3.36073e-05 4.58885e-05 3.11696e-05 2.77049e-05 2.47149e-05 3.38279e-05 2.00675e-05 4.2725e-06
threshold=0.0014128759840445024 40.783435364775642 153.39093000000003 1.2059999999999891 0.00068330178232881868 149.40705824002075 156.8459657583393 143.04707000000005 0.18423749999999983 50.107745864636804
decision_type=2 2 2 2 2 2 2 2 2 2
left_child=4 2 3 -2 5 8 7 -6 -1 -7
right_child=1 -3 -4 -5 6 9 -8 -9 -10 -11
leaf_value=5.465953711352963e-06 1.5034176812742901e-05 0 0 0 0 -1.4292812601602144e-06 0 -3.9920676498566706e-06 0 0
leaf_weight=1447 530 617 94 71 576 1882 680 5098 235 3382
leaf_count=1447 530 617 94 71 576 1882 680 5098 235 3382
internal_value=0 2.34123e-06 8.33599e-06 1.14304e-05 -2.3806e-07 1.87926e-07 -2.12009e-06 -2.99223e-06 3.86878e-06 0
internal_weight=0 1312 695 601 13300 6946 6354 5674 1682 5264
internal_count=14612 1312 695 601 13300 6946 6354 5674 1682 5264
is_linear=0
shrinkage=0.03


Tree=44
num_leaves=14
num_cat=0
split_feature=46 4 34 49 46 26 19 2 28 8 41 3 8
split_gain=8.41512e-06 3.13137e-05 2.18556e-05 2.25421e-05 2.1188e-05 1.27892e-05 1.15667e-05 1.89252e-05 2.50731e-05 1.13341e-05 1.5344e-06 1.18174e-05 6.28294e-12
threshold=45.517607266398606 0.23157142857142587 0.27485714285714208 46.803577122276444 8.8303198526004998 0.0085201674606612248 0.002998115978452121 147.59221619929306 0.56082616270981167 9631.1250000000018 0.00061278222304502166 142.10165218977667 3403.9000000000001
decision_type=2 2 2 2 2 2 2 2 2 2 2 2 2
left_child=1 4 3 -3 -1 -6 7 8 -2 -4 -8 -12 -9
right_child=6 2 9 -5 5 -7 10 12 -10 -11 11 -13 -14
leaf_value=0 7.731681720903064e-06 7.9120584591255305e-06 -4.4150973568924649e-06 0 -4.2826329120122094e-06 0 0 1.3779026517240462e-09 0 0 0 -3.0600410465140897e-06 0
leaf_weight=354 845 638 523 316 3588 222 344 2978 305 117 156 1283 2998
leaf_count=354 845 638 523 316 3588 222 344 2978 305 117 156 1283 2998
internal_value=0 -1.10657e-06 0 4.54005e-06 -2.90875e-06 -3.77512e-06 2.42197e-07 1.2386e-06 4.93065e-06 0 0 -9.79523e-07 0
internal_weight=0 5758 1594 954 4164 3810 8909 7126 1150 640 1783 1439 5976
internal_count=14667 5758 1594 954 4164 3810 8909 7126 1150 640 1783 1439 5976
is_linear=0
shrinkage=0.03


Tree=45
num_leaves=11
num_cat=0
split_feature=2 34 34 46 7 53 1 1 7 20
split_gain=1.69897e-05 3.36259e-05 2.40404e-05 1.80721e-05 5.56273e-05 2.21785e-05 1.43814e-05 4.7404e-06 1.90977e-05 3.79427e-06
threshold=146.9668011504709 0.36460535714285669 0.60932321428571623 83.737499198230211 0.0011165855604549008 146.06980000000001 156.19725000000003 157.22902500000001 0.0015353129888104201 -0.010482438003949044
decision_type=2 2 2 2 2 2 2 2 2 2
left_child=3 7 6 4 -1 -6 -3 8 -2 -9
right_child=1 2 -4 -5 5 -7 -8 9 -10 -11
leaf_value=0 0 -1.5848477812595826e-05 0 0 1.2435313782693234e-05 0 0 0 7.1984525456652935e-06 -2.103642532135827e-06
leaf_weight=1263 9921 265 27 402 645 67 27 25 334 1705
leaf_count=1263 9921 265 27 402 645 67 27 25 334 1705
internal_value=0 -3.81794e-07 -1.00199e-05 2.38275e-06 3.88164e-06 1.05863e-05 -1.35533e-05 0 1.14613e-07 -1.54526e-06
internal_weight=0 12304 319 2377 1975 712 292 11985 10255 1730
internal_count=14681 12304 319 2377 1975 712 292 11985 10255 1730
is_linear=0
shrinkage=0.03


Tree=46
num_leaves=11
num_cat=0
split_feature=34 3 37 49 1 53 34 53 8 8
split_gain=1.29393e-05 4.48264e-05 4.75559e-05 4.03312e-05 3.46952e-05 1.99733e-05 1.27419e-05 1.69507e-06 2.13922e-05 1.01001e-05
threshold=0.23071250000000013 142.10165218977667 -0.86299999999999943 21.770278330741906 147.38310000000001 145.21627000000004 0.11204642857143145 155.74525000000003 3387.6250000000005 4507.5500000000002
decision_type=2 2 2 2 2 2 2 2 2 2
left_child=4 -2 -3 -4 5 -1 -7 8 -6 -9
right_child=1 2 3 -5 7 6 -8 9 -10 -11
leaf_value=0 0 0 0 -7.9856942372306765e-06 2.548157319469802e-06 0 1.0312062461713682e-05 -2.011633694896221e-06 -3.5792145933943058e-07 0
leaf_weight=1119 358 228 493 2049 2884 27 574 2623 4097 275
leaf_count=1119 358 228 493 2049 2884 27 574 2623 4097 275
internal_value=0 -1.89589e-06 -4.31531e-06 -6.09321e-06 1.85918e-07 4.2877e-06 9.08252e-06 0 0 -7.25511e-07
internal_weight=0 3128 2770 2542 11599 1720 601 9879 6981 2898
internal_count=14727 3128 2770 2542 11599 1720 601 9879 6981 2898
is_linear=0
shrinkage=0.03


Tree=47
num_leaves=11
num_cat=0
split_feature=3 34 20 34 1 8 2 20 2 5
split_gain=1.4203e-05 3.43366e-05 3.18212e-05 3.15767e-05 2.85062e-05 2.37503e-05 1.94762e-05 3.55847e-05 1.5989e-05 4.97688e-06
threshold=142.10165218977667 0.20325357142857292 0.0085780554439195428 0.18502499999999697 150.66010000000003 10869.075000000003 155.92768501054454 -0.00063016870667087488 143.95713114871072 -0.64700000000000546
decision_type=2 2 2 2 2 2 2 2 2 2
left_child=2 6 3 -1 5 -3 7 -2 -5 -8
right_child=1 4 -4 8 -6 -7 9 -9 -10 -11
leaf_value=0 0 -5.7608346706452322e-06 0 1.3139291239770613e-05 0 0 0 3.236867345851941e-06 0 -1.316373119440761e-06
leaf_weight=98 2186 2346 58 487 1837 94 122 4728 31 2691
leaf_count=98 2186 2346 58 487 1837 94 122 4728 31 2691
internal_value=0 -8.57275e-08 4.3364e-06 8.18801e-06 -2.68501e-06 -4.8114e-06 1.32006e-07 1.59153e-06 1.15996e-05 -2.56015e-07
internal_weight=0 14004 674 616 4277 2440 9727 6914 518 2813
internal_count=14678 14004 674 616 4277 2440 9727 6914 518 2813
is_linear=0
shrinkage=0.03


Tree=48
num_leaves=9
num_cat=0
split_feature=34 7 8 46 1 42 16 49
split_gain=7.35491e-06 3.52732e-05 2.77364e-05 3.82832e-05 2.16622e-05 2.42366e-05 2.84899e-05 8.41184e-06
threshold=0.23071250000000013 0.0014128759840445024 8986.9750000000022 68.059127104067997 147.38310000000001 0.70972205283715917 0.00065360350618848273 40.783435364775642
decision_type=2 2 2 2 2 2 2 2
left_child=4 2 3 -2 5 -1 -7 -3
right_child=1 7 -4 -5 -6 6 -8 -9
leaf_value=0 -8.7153889910306186e-06 3.4991859152895533e-06 0 0 0 7.6460272112495171e-06 0 0
leaf_weight=190 1250 618 79 662 9836 1193 353 505
leaf_count=190 1250 618 79 662 9836 1193 353 505
internal_value=0 -1.10561e-06 -4.2254e-06 -5.62542e-06 4.92996e-07 3.58446e-06 5.34168e-06 0
internal_weight=0 3114 1991 1912 11572 1736 1546 1123
internal_count=14686 3114 1991 1912 11572 1736 1546 1123
is_linear=0
shrinkage=0.03


Tree=49
num_leaves=10
num_cat=0
split_feature=46 14 18 46 20 45 36 7 7
split_gain=8.06631e-06 2.48756e-05 1.38611e-05 1.35287e-05 1.43751e-05 8.76263e-06 1.20477e-05 1.21838e-06 2.24531e-06
threshold=45.517607266398606 0.036999999999991935 0.0023114764364932099 7.8311410686183613 -0.00011383966175076975 45.837896540628542 1.4343556534122774 0.0010192345724363738 0.0033683545751427703
decision_type=2 2 2 2 2 2 2 2 2
left_child=1 3 5 -1 -5 -2 -7 -3 -9
right_child=2 7 -4 4 -6 6 -8 8 -10
leaf_value=0 0 0 0 -5.391169864274709e-06 0 2.4212959755310887e-06 0 1.7979788331747162e-06 0
leaf_weight=226 730 1954 1429 1759 816 5941 818 964 41
leaf_count=226 730 1954 1429 1759 816 5941 818 964 41
internal_value=0 -7.94056e-07 6.37782e-07 -3.04772e-06 -3.85119e-06 1.46632e-06 1.88389e-06 0 1.0444e-06
internal_weight=0 5760 8918 2801 2575 7489 6759 2959 1005
internal_count=14678 5760 8918 2801 2575 7489 6759 2959 1005
is_linear=0
shrinkage=0.03


Tree=50
num_leaves=11
num_cat=0
split_feature=2 49 46 8 54 46 3 49 42 8
split_gain=1.3444e-05 2.28004e-05 2.58186e-05 2.12795e-05 1.85629e-05 2.10816e-05 2.26101e-05 1.3244e-05 3.52062e-05 1.07926e-05
threshold=147.14827321699929 47.612076740074578 79.144639345470353 2777.5500000000006 0.0064346390739815733 26.218966701819607 146.55547577997663 32.235588797658522 0.9205226432961221 3387.6250000000005
decision_type=2 2 2 2 2 2 2 2 2 2
left_child=4 7 3 -3 5 -1 -7 9 -9 -2
right_child=1 2 -4 -5 -6 6 -8 8 -10 -11
leaf_value=0 0 0 0 -6.379051246138102e-06 0 6.293567685145094e-06 0 0 4.2383029273211905e-06 -1.7925203919199855e-06
leaf_weight=623 2466 366 705 1560 182 1705 57 1410 2396 3197
leaf_count=623 2466 366 705 1560 182 1705 57 1410 2396 3197
internal_value=0 -2.19598e-07 -2.83202e-06 -4.79776e-06 2.11794e-06 3.43976e-06 5.17504e-06 0 1.72755e-06 -3.14462e-07
internal_weight=0 12100 2631 1926 2567 2385 1762 9469 3806 5663
internal_count=14667 12100 2631 1926 2567 2385 1762 9469 3806 5663
is_linear=0
shrinkage=0.03


Tree=51
num_leaves=11
num_cat=0
split_feature=7 41 49 26 26 46 20 53 7 20
split_gain=9.83499e-06 5.23436e-05 4.293e-05 7.18896e-05 7.24741e-05 3.82651e-05 4.64056e-05 1.82243e-05 3.16004e-05 6.09703e-06
threshold=0.0014128759840445024 0.00076668613060065446 43.59301078852954 0.015487811255161568 0.009223337106247469 67.104895806510982 -0.0032304642038163407 149.60501000000002 0.00077318390827901221 -0.00014080886778927712
decision_type=2 2 2 2 2 2 2 2 2 2
left_child=1 7 3 4 -2 6 -3 8 -1 -9
right_child=2 5 -4 -5 -6 -7 -8 9 -10 -11
leaf_value=5.0940347660374134e-06 0 0 0 0 2.2781110220465246e-05 0 -7.7092176533690864e-06 -1.5512597300797805e-06 0 0
leaf_weight=1740 337 1350 538 130 337 1889 2109 2280 304 3688
leaf_count=1740 337 1350 538 130 337 1889 2109 2280 304 3688
internal_value=0 -4.20664e-07 2.1984e-06 7.49024e-06 1.27622e-05 -3.03167e-06 -4.91582e-06 1.98954e-07 2.85978e-06 0
internal_weight=0 13360 1342 804 674 5348 3459 8012 2044 5968
internal_count=14702 13360 1342 804 674 5348 3459 8012 2044 5968
is_linear=0
shrinkage=0.03


end of trees

feature_importances:
adx=62
bb_upper=50
volatility=47
atr_ma=47
volatility_ma=36
volume_ma=35
stoch_d=33
sma_50=31
return_24=29
momentum_convergence=26
bb_middle=25
bb_lower=19
price_sma_50_dist=16
atr=11
volatility_ratio=11
bb_width=10
momentum_20=9
price_bb_upper_dist=6
atr_ratio=6
stoch_k=5
lower_shadow=4
range_pct=3
market_regime=3
momentum_10=2
body=2
return_6=2
atr_normalized=2
rsi=1
body_pct=1
return_1=1
return_12=1
rsi_normalized=1
rsi_divergence=1
bb_position_normalized=1
momentum_ratio=1
volume_ratio=1

parameters:
[boosting: gbdt]
[objective: regression]
[metric: rmse]
[tree_learner: serial]
[device_type: cpu]
[data: ]
[valid: ]
[num_iterations: 300]
[learning_rate: 0.03]
[num_leaves: 16]
[num_threads: 8]
[deterministic: 0]
[force_col_wise: 0]
[force_row_wise: 0]
[histogram_pool_size: -1]
[max_depth: 4]
[min_data_in_leaf: 20]
[min_sum_hessian_in_leaf: 0.001]
[bagging_fraction: 0.9]
[pos_bagging_fraction: 1]
[neg_bagging_fraction: 1]
[bagging_freq: 1]
[bagging_seed: 400]
[feature_fraction: 0.9]
[feature_fraction_bynode: 1]
[feature_fraction_seed: 30056]
[extra_trees: 0]
[extra_seed: 12879]
[early_stopping_round: 0]
[first_metric_only: 0]
[max_delta_step: 0]
[lambda_l1: 0.3]
[lambda_l2: 0.3]
[linear_lambda: 0]
[min_gain_to_split: 0]
[drop_rate: 0.1]
[max_drop: 50]
[skip_drop: 0.5]
[xgboost_dart_mode: 0]
[uniform_drop: 0]
[drop_seed: 17869]
[top_rate: 0.2]
[other_rate: 0.1]
[min_data_per_group: 100]
[max_cat_threshold: 32]
[cat_l2: 10]
[cat_smooth: 10]
[max_cat_to_onehot: 4]
[top_k: 20]
[monotone_constraints: ]
[monotone_constraints_method: basic]
[monotone_penalty: 0]
[feature_contri: ]
[forcedsplits_filename: ]
[refit_decay_rate: 0.9]
[cegb_tradeoff: 1]
[cegb_penalty_split: 0]
[cegb_penalty_feature_lazy: ]
[cegb_penalty_feature_coupled: ]
[path_smooth: 0]
[interaction_constraints: ]
[verbosity: 1]
[saved_feature_importance_type: 0]
[linear_tree: 0]
[max_bin: 255]
[max_bin_by_feature: ]
[min_data_in_bin: 3]
[bin_construct_sample_cnt: 200000]
[data_random_seed: 175]
[is_enable_sparse: 1]
[enable_bundle: 1]
[use_missing: 1]
[zero_as_missing: 0]
[feature_pre_filter: 1]
[pre_partition: 0]
[two_round: 0]
[header: 0]
[label_column: ]
[weight_column: ]
[group_column: ]
[ignore_column: ]
[categorical_feature: ]
[forcedbins_filename: ]
[precise_float_parser: 0]
[parser_config_file: ]
[objective_seed: 16083]
[num_class: 1]
[is_unbalance: 0]
[scale_pos_weight: 1]
[sigmoid: 1]
[boost_from_average: 1]
[reg_sqrt: 0]
[alpha: 0.9]
[fair_c: 1]
[poisson_max_delta_step: 0.7]
[tweedie_variance_power: 1.5]
[lambdarank_truncation_level: 30]
[lambdarank_norm: 1]
[label_gain: ]
[lambdarank_position_bias_regularization: 0]
[eval_at: ]
[multi_error_top_k: 1]
[auc_mu_weights: ]
[num_machines: 1]
[local_listen_port: 12400]
[time_out: 120]
[machine_list_filename: ]
[machines: ]
[gpu_platform_id: -1]
[gpu_device_id: -1]
[gpu_use_dp: 0]
[num_gpu: 1]

end of parameters

pandas_categorical:[]
