tree
version=v4
num_class=1
num_tree_per_iteration=1
label_index=0
max_feature_idx=56
objective=regression
feature_names=rsi bb_middle bb_upper bb_lower atr momentum_10 momentum_20 volatility volume_ma range range_pct body body_pct upper_shadow lower_shadow is_bullish return_1 return_3 return_6 return_12 return_24 log_return rsi_normalized rsi_overbought rsi_oversold rsi_divergence bb_width bb_position bb_position_normalized price_bb_upper_dist price_bb_lower_dist bb_breakout_upper bb_breakout_lower atr_normalized atr_ma atr_ratio momentum_ratio momentum_convergence volume_ratio volume_spike volume_change volatility_ma volatility_ratio high_volatility low_volatility stoch_k stoch_d stoch_overbought stoch_oversold adx strong_trend sma_20 price_sma_20_dist sma_50 price_sma_50_dist signal_convergence market_regime
feature_infos=[0:98.323991543918936] [0:107202.68299999999] [0:108503.14528069981] [0:106362.39873835164] [0:1913.6478571428556] [-8342.5400000000009:10665.179999999993] [-12486.150000000001:14155.739999999991] [0:0.027665265364936176] [0:15071.1] [41.610000000000582:7445.0200000000041] [0.00064197892033770012:0.083194551703992967] [0.010000000002037268:4847.2799999999988] [1.687657469333537e-07:0.053865545209733065] [0:2853.8099999999977] [0:2709.1299999999974] [0:1] [-0.06392068477713575:0.11991470268267301] [-0.06874591913368211:0.12121289228058596] [-0.079615203583715433:0.12324016964288909] [-0.13852618933251082:0.1281729140500143] [-0.20656179582649081:0.18012682534038826] [-0.066055067608681614:0.11325252408776919] [-0.94806582176005261:0.96647983087837874] [0:1] [0:1] [-49.557479223093154:42.119850794411732] [0:0.23507214819731151] [-0.47895853378551589:1.5139666392771387] [-1.9579170675710318:2.0279332785542774] [-0.051695806611816018:0.2348085863011253] [-0.031298755752849884:0.18048430889612765] [0:1] [0:1] [0:0.030615925217490077] [0:1459.5823571428562] [0:2.5193794912994942] [-4451.5502226422777:74647.925336867193] [-10665.179999999993:8342.5400000000009] [0:2.9553958669892095] [0:1] [-0.80889167188478395:8.7027863777089784] [0:0.027364409329763521] [0:3.7248595957797415] [0:1] [0:1] [0:99.999999999838437] [0:98.883595895685247] [0:1] [0:1] [0:95.095784100943362] [0:1] [0:107202.68299999999] [-0.11842224866658865:0.11006071071452704] [0:106786.319] [-0.21353636665559603:0.12751438682104085] [0:1] [0:2]
tree_sizes=1547 1433 1440 1468 1476 1452 1427 1529 1473 945 1452 1412 1088 1043 1576 1369 991 1442 1568 1417 1564 733 844 992 1581 1416

Tree=0
num_leaves=15
num_cat=0
split_feature=53 34 8 1 8 30 29 17 30 35 8 26 30 34
split_gain=0.00608207 0.00444642 0.00589912 0.00959069 0.00435554 0.00534426 0.00349444 0.00234181 0.00228987 0.00201847 0.00190477 0.00117125 0.000848377 0.000847109
threshold=61908.17470000001 904.10125000000107 10636.725000000002 83535.947750000007 12184.225000000002 0.021541339978037179 0.044444327352627537 -0.0091533174283591739 -0.0030310090377921595 1.3647335727380536 9686.4500000000025 0.014013367692587354 0.027689443420639021 269.3629642857141
decision_type=2 2 2 2 2 2 2 2 2 2 2 2 2 2
left_child=7 4 3 -3 6 -6 -2 8 -1 11 -11 -9 -4 -10
right_child=1 2 12 -5 5 -7 -8 9 13 10 -12 -13 -14 -15
leaf_value=0.00037396711819126836 0.00035315959124220247 0.00096045077515312122 0.00040865655928585837 0.00038319923264237902 0.00048513411241511646 0.00033087918896846681 0.00023708014154136072 0.00041279068327786388 0.00037396711819126836 0.00048252656653694609 0.00037396711819126836 0.00037396711819126836 0.00032223364092160073 0.00058181942860526989
leaf_weight=69 8563 47 251 142 485 242 275 921 41 419 85 2573 172 159
leaf_count=69 8563 47 251 142 485 242 275 921 41 419 85 2573 172 159
internal_value=0.000373967 0.000360752 0.000435797 0.000574994 0.000355007 0.000421415 0.000348525 0.000403399 0.000496735 0.000394859 0.000453963 0.000383751 0.000373967 0.000548761
internal_weight=0 10177 612 189 9565 727 8838 4267 269 3998 504 3494 423 200
internal_count=14444 10177 612 189 9565 727 8838 4267 269 3998 504 3494 423 200
is_linear=0
shrinkage=1


Tree=1
num_leaves=15
num_cat=0
split_feature=41 26 53 34 53 49 35 34 38 34 1 20 49 5
split_gain=0.00685984 0.00616177 0.00661802 0.0106759 0.00512174 0.00304964 0.00201445 0.0024158 0.00190543 0.00166963 0.00159121 0.000936224 0.000857168 0.000182452
threshold=0.0066018965334760813 0.11393503964507061 83028.859200000021 939.67226785714286 61908.17470000001 52.540223565947301 1.1366681855656291 334.96614285714276 1.0727690320554764 867.90525000000048 64409.733000000007 0.016284962598340228 53.858641978607857 35.214999999996515
decision_type=2 2 2 2 2 2 2 2 2 2 2 2 2 2
left_child=4 2 3 -2 6 -3 12 -8 10 -4 -6 -10 -1 -7
right_child=1 5 9 -5 8 13 7 -9 11 -11 -12 -13 -14 -15
leaf_value=-9.2735599974216392e-08 6.8629100631627458e-05 0 -0.00014035067868078559 0.00036818459929738117 -4.4186029377832564e-05 -0.00033275893833274001 8.2429662133199581e-05 0 -4.2386739088716075e-05 7.9950495209035035e-06 0 0 4.6266043886234531e-05 0
leaf_weight=2154 774 32 75 159 806 41 873 422 3027 303 4726 629 372 30
leaf_count=2154 774 32 75 159 806 41 873 422 3027 303 4726 629 372 30
internal_value=0 6.40149e-05 8.59054e-05 0.000129424 -5.44764e-06 -0.000126927 2.2717e-05 5.38744e-05 -1.81403e-05 0 -5.06877e-06 -3.54557e-05 3.17661e-06 -0.000248668
internal_weight=0 1414 1311 933 13009 103 3821 1295 9188 378 5532 3656 2526 71
internal_count=14423 1414 1311 933 13009 103 3821 1295 9188 378 5532 3656 2526 71
is_linear=0
shrinkage=0.03


Tree=2
num_leaves=15
num_cat=0
split_feature=53 8 30 53 34 4 8 17 8 1 34 35 30 4
split_gain=0.00502183 0.00415797 0.00888235 0.00565892 0.0039267 0.00501356 0.00428236 0.00243942 0.00166581 0.0017826 0.0015175 0.00150611 0.00129012 0.00117174
threshold=61801.777200000004 12184.225000000002 0.023308089205642736 81333.430700000012 904.10125000000107 617.94035714285735 10636.725000000002 -0.0088545516435425391 8371.4500000000025 60496.820500000009 500.39210714285667 1.3647335727380536 -0.0030310090377921595 350.85035714285817
decision_type=2 2 2 2 2 2 2 2 2 2 2 2 2 2
left_child=7 4 10 -4 5 -2 -6 12 11 -10 -3 -9 -1 -14
right_child=1 2 3 -5 6 -7 -8 8 9 -11 -12 -13 13 -15
leaf_value=0 -1.3097082206543907e-05 0 0 -0.0002169906832324736 0.00017314435275432114 -8.0044054724678329e-05 0 1.9528276691945892e-05 -2.8042621962197684e-05 6.4136606876435333e-05 0.00013727955748447316 0.00010809649990870592 0 0.00020217200398562233
leaf_weight=72 7722 131 162 141 189 1282 216 2433 1022 203 516 268 66 151
leaf_count=72 7722 131 162 141 189 1282 216 2433 1022 203 516 268 66 151
internal_value=0 -1.20457e-05 4.50686e-05 -7.17194e-05 -1.87701e-05 -2.36309e-05 6.70277e-05 2.67537e-05 1.78008e-05 -5.4101e-06 0.000113674 3.1659e-05 0.000117122 0.000153643
internal_weight=0 10359 950 303 9409 9004 405 4215 3926 1225 647 2701 289 217
internal_count=14574 10359 950 303 9409 9004 405 4215 3926 1225 647 2701 289 217
is_linear=0
shrinkage=0.03


Tree=3
num_leaves=15
num_cat=0
split_feature=41 26 53 34 49 53 8 30 8 1 38 42 8 5
split_gain=0.00617979 0.00688666 0.00561785 0.0100866 0.00407521 0.00327972 0.00408566 0.00345759 0.00181516 0.00235151 0.00164731 0.00153199 0.00149667 0.00033153
threshold=0.0064377252931106313 0.11393503964507061 82822.835500000016 939.67226785714286 47.818977507186879 61908.17470000001 12890.525000000001 0.023308089205642736 8371.4500000000025 60496.820500000009 1.0727690320554764 1.0117147191443403 11607.900000000003 115.62500000000001
decision_type=2 2 2 2 2 2 2 2 2 2 2 2 2 2
left_child=5 2 3 -2 -3 8 10 -8 11 -10 -7 -1 -4 -6
right_child=1 4 12 -5 13 6 7 -9 9 -11 -12 -13 -14 -15
leaf_value=5.9439694157189716e-06 6.470147486106814e-05 0 4.3647179559178782e-05 0.00035498380231384515 -0.0003579538915389845 -6.6632213841897011e-06 0.00018047264638223185 0 -3.610862532606411e-05 7.148497753167214e-05 -3.5732712221869693e-05 5.9845372760809613e-05 -6.6516205346924033e-05 0
leaf_weight=1600 818 30 223 158 48 5321 169 102 920 197 3631 1121 208 32
leaf_count=1600 818 30 223 158 48 5321 169 102 920 197 3631 1121 208 32
internal_value=0 5.89024e-05 8.10277e-05 0.000121007 -0.000141954 -4.91481e-06 -1.51447e-05 9.41005e-05 1.73228e-05 -9.06362e-06 -1.94602e-05 3.14617e-05 0 -0.00027084
internal_weight=0 1517 1407 976 110 13061 9223 271 3838 1117 8952 2721 431 80
internal_count=14578 1517 1407 976 110 13061 9223 271 3838 1117 8952 2721 431 80
is_linear=0
shrinkage=0.03


Tree=4
num_leaves=15
num_cat=0
split_feature=53 8 52 34 34 1 4 34 17 8 8 1 35 10
split_gain=0.00442629 0.00421409 0.00586632 0.00420254 0.00411864 0.00495873 0.00398812 0.0019998 0.00162778 0.00188134 0.00149153 0.00181039 0.00160857 0.000568997
threshold=61908.17470000001 12341.275000000003 0.005925514738195776 702.69867857142845 904.10125000000107 83535.947750000007 676.63035714285706 1045.296339285715 -0.0088545516435425391 10673.850000000002 8325.1250000000018 60496.820500000009 1.1197902587067226 0.014118447593543412
decision_type=2 2 2 2 2 2 2 2 2 2 2 2 2 2
left_child=8 4 7 -4 6 -6 -2 -3 9 13 12 -12 -10 -1
right_child=1 2 3 -5 5 -7 -8 -9 10 -11 11 -13 -14 -15
leaf_value=6.3156829487665366e-05 -1.3637984090310733e-05 0.00012860814683225572 2.73471744744134e-05 -0.00017539140275692636 0.00024385441447616511 0 -8.2614388894372196e-05 0 1.2362478955566647e-05 0.00033521855083899689 -2.559813506150682e-05 6.3140339800441808e-05 7.5176163262996695e-05 0
leaf_weight=178 8125 532 125 136 110 292 930 49 2005 40 1053 237 671 69
leaf_count=178 8125 532 125 136 110 292 930 49 2005 40 1053 237 671 69
internal_value=0 -1.0321e-05 5.14431e-05 -4.39313e-05 -1.67733e-05 7.21828e-05 -2.17186e-05 0.000109771 2.60511e-05 0.000102772 1.82228e-05 -2.30901e-06 3.14824e-05 2.83744e-05
internal_weight=0 10299 842 261 9457 402 9055 581 4253 287 3966 1290 2676 247
internal_count=14552 10299 842 261 9457 402 9055 581 4253 287 3966 1290 2676 247
is_linear=0
shrinkage=0.03


Tree=5
num_leaves=15
num_cat=0
split_feature=41 26 53 34 49 53 2 53 2 4 41 34 4 26
split_gain=0.00555225 0.0088801 0.00590131 0.0101916 0.00538142 0.00379531 0.00197388 0.00190616 0.00184597 0.00237337 0.00178569 0.00176934 0.00137579 0.000856902
threshold=0.0064377252931106313 0.11393503964507061 83028.859200000021 939.67226785714286 47.818977507186879 61908.17470000001 61691.983105860789 82512.514900000024 64724.376188757749 617.94035714285735 0.0045333663240909958 867.90525000000048 488.06035714285673 0.01279301202721555
decision_type=2 2 2 2 2 2 2 2 2 2 2 2 2 2
left_child=5 2 3 -2 -3 6 10 -6 12 -10 -1 -4 -7 -8
right_child=1 4 11 -5 7 8 13 -9 9 -11 -12 -13 -14 -15
leaf_value=2.0427393021488167e-05 6.4165428703822475e-05 0 -0.00012812767957096549 0.00035593080684225801 -0.00045097750982604773 -6.8686407474070476e-05 0 0 -1.7382743810732642e-06 -4.6172166271302375e-05 -2.9641130044106732e-05 1.5145913035589149e-05 0 9.1268923389233505e-05
leaf_weight=2544 846 30 92 156 50 997 79 30 6602 1429 763 336 147 434
leaf_count=2544 846 30 92 156 50 997 79 30 6602 1429 763 336 147 434
internal_value=0 5.39372e-05 7.84469e-05 0.000118662 -0.000182439 -6.30096e-06 1.76878e-05 -0.000325628 -1.72698e-05 -1.07667e-05 6.15255e-06 0 -5.50426e-05 7.44682e-05
internal_weight=0 1540 1430 1002 110 12995 3820 80 9175 8031 3307 428 1144 513
internal_count=14535 1540 1430 1002 110 12995 3820 80 9175 8031 3307 428 1144 513
is_linear=0
shrinkage=0.03


Tree=6
num_leaves=15
num_cat=0
split_feature=41 26 3 34 49 14 3 35 8 42 8 1 34 42
split_gain=0.00576813 0.00743659 0.00531146 0.00745641 0.00348297 0.00309603 0.00268075 0.00327028 0.00183297 0.00151609 0.00118693 0.000707915 0.000418041 0.000117252
threshold=0.0064377252931106313 0.11393503964507061 80747.020469785202 939.67226785714286 49.744124495980259 199.37000000000265 61405.034626730536 1.1122408576600533 12793.375000000002 0.76241675155713795 12184.225000000002 82887.803250000012 904.10125000000107 0.66179745405972712
decision_type=2 2 2 2 2 2 2 2 2 2 2 2 2 2
left_child=5 2 3 -2 -3 6 7 -1 -8 13 -11 -6 -4 -7
right_child=1 4 12 -5 11 9 8 -9 -10 10 -12 -13 -14 -15
leaf_value=0 6.3749854984093427e-05 0 -5.5310493558025264e-05 0.00030672554457267671 -0.00037116814864480405 0 -1.3013668408066189e-05 6.1487023470475498e-05 7.9999596584307215e-05 -6.1005680497316858e-05 0 0 4.1620542518357552e-06 3.1115182979411119e-05
leaf_weight=2347 849 30 121 178 47 77 7352 1230 173 1509 204 30 297 117
leaf_count=2347 849 30 121 178 47 77 7352 1230 173 1509 204 30 297 117
internal_value=0 5.55302e-05 7.77417e-05 0.000114701 -0.000159931 -5.58675e-06 0 2.18513e-05 -9.67622e-06 -4.09123e-05 -5.15273e-05 -0.000275784 0 6.43168e-06
internal_weight=0 1552 1445 1027 107 13009 11102 3577 7525 1907 1713 77 418 194
internal_count=14561 1552 1445 1027 107 13009 11102 3577 7525 1907 1713 77 418 194
is_linear=0
shrinkage=0.03


Tree=7
num_leaves=16
num_cat=0
split_feature=34 51 42 29 53 8 30 4 3 53 53 30 30 53 34
split_gain=0.00482574 0.00727494 0.00980083 0.00592298 0.00384867 0.00322734 0.00554126 0.00360674 0.00179941 0.00255347 0.0016832 0.000185475 0.000177648 0.00048844 0.000265225
threshold=922.10264285714322 83535.947750000007 1.0636911919842167 0.012075712200126628 61908.17470000001 12184.225000000002 0.022488257770183404 617.94035714285735 46374.247020930437 46093.714000000007 57761.868000000009 0.030976481830939765 0.029687006969926367 96109.890400000018 1016.6933571428566
decision_type=2 2 2 2 2 2 2 2 2 2 2 2 2 2 2
left_child=4 2 3 -2 8 7 -7 -6 9 -1 -10 -4 13 -3 -14
right_child=1 12 11 -5 5 6 -8 -9 10 -11 -12 -13 14 -15 -16
leaf_value=0 0 5.0787474285185277e-05 7.2739568076650012e-06 0.00053295183582775471 -1.1576987441539377e-05 0.00010211755935609875 -5.6530699356949077e-05 -6.8909456434834861e-05 6.2605353011636308e-05 -0.00015197757204466096 8.221503276978282e-06 -5.2792397460234347e-05 0 0 -6.349980190649792e-05
leaf_weight=1122 55 196 31 87 7700 523 241 1281 1141 101 1808 59 32 88 82
leaf_count=1122 55 196 31 87 7700 523 241 1281 1141 101 1808 59 32 88 82
internal_value=0 8.06291e-05 0.000214067 0.000369857 -4.20051e-06 -1.50475e-05 4.02947e-05 -2.07587e-05 1.89782e-05 -5.83301e-06 3.2319e-05 0 0 1.53209e-05 -2.85474e-05
internal_weight=0 630 232 142 13917 9745 764 8981 4172 1223 2949 90 398 284 114
internal_count=14547 630 232 142 13917 9745 764 8981 4172 1223 2949 90 398 284 114
is_linear=0
shrinkage=0.03


Tree=8
num_leaves=15
num_cat=0
split_feature=41 26 49 5 53 53 8 30 34 8 1 8 42 1
split_gain=0.00434419 0.00718161 0.00463473 0.00367264 0.00283811 0.00269452 0.00350466 0.00337563 0.00294638 0.00219403 0.00211041 0.00165117 0.00156229 0.000804487
threshold=0.0066018965334760813 0.11393503964507061 48.716350447661519 220.87999999999741 85769.83620000002 61908.17470000001 12406.975 0.021541339978037179 695.78960714285734 8371.4500000000025 60496.820500000009 11607.900000000003 0.99214751502699994 83170.497500000012
decision_type=2 2 2 2 2 2 2 2 2 2 2 2 2 2
left_child=5 3 -3 4 -2 9 8 -8 -7 12 -11 -5 -1 -4
right_child=1 2 13 11 -6 6 7 -9 -10 10 -12 -13 -14 -15
leaf_value=3.0967261047759272e-06 0.00015990588157665099 0 -0.00041263082548852588 5.4387791891628781e-05 0 -1.4727438941212053e-05 0.00011686575102951351 -7.3118482387111196e-06 -9.4889609960887103e-05 -3.9706220562798381e-05 5.975026186651605e-05 -3.9540333709784934e-05 5.6448466611788994e-05 0
leaf_weight=1521 507 30 45 384 178 8245 341 191 496 965 186 231 1208 31
leaf_count=1521 507 30 45 384 178 8245 341 191 496 965 186 231 1208 31
internal_value=0 4.97344e-05 -0.000162809 7.40199e-05 0.000123293 -5.72613e-06 -1.49934e-05 5.53964e-05 -2.03089e-05 1.41022e-05 -1.58056e-05 4.47838e-06 3.00142e-05 -0.000302652
internal_weight=0 1406 106 1300 685 13153 9273 532 8741 3880 1151 615 2729 76
internal_count=14559 1406 106 1300 685 13153 9273 532 8741 3880 1151 615 2729 76
is_linear=0
shrinkage=0.03


Tree=9
num_leaves=9
num_cat=0
split_feature=34 53 20 49 5 35 14 12
split_gain=0.00408977 0.00279795 0.00216937 0.00337106 0.00254613 0.0019156 0.00124459 0.000913829
threshold=1316.9578750000003 61908.17470000001 0.012761269561842538 54.836699763864011 1285.6599999999964 1.3647335727380536 219.35000000000585 0.0043042746660114451
decision_type=2 2 2 2 2 2 2 2
left_child=1 5 4 -4 -3 7 -7 -1
right_child=-2 2 3 -5 -6 6 -8 -9
leaf_value=0 0.00026153229437567518 -1.4669148498799405e-05 3.7394079134854731e-05 -3.7315419087349497e-05 -0.0001316461833252758 9.3101973349913299e-05 0 3.9238014793671089e-05
leaf_weight=3011 53 7636 1721 702 196 466 103 666
leaf_count=3011 53 7636 1721 702 196 466 103 666
internal_value=0 -1.5562e-06 -1.05994e-05 1.20331e-05 -1.87506e-05 1.81648e-05 7.16392e-05 7.4373e-06
internal_weight=0 14501 10255 2423 7832 4246 569 3677
internal_count=14554 14501 10255 2423 7832 4246 569 3677
is_linear=0
shrinkage=0.03


Tree=10
num_leaves=15
num_cat=0
split_feature=34 1 42 29 53 4 4 53 35 26 42 49 53 26
split_gain=0.00478527 0.00487499 0.00895095 0.00539194 0.00303857 0.00203351 0.00394249 0.00351636 0.00115466 0.00161971 0.001037 0.000473466 0.00143413 0.000301072
threshold=922.10264285714322 83535.947750000007 1.0521747425939025 0.012422644631984324 61908.17470000001 611.7278571428559 455.08999999999918 82822.835500000016 1.0998591626266161 0.033375561853877959 0.73184889805213016 18.621118580015736 96109.890400000018 0.10386273165926393
decision_type=2 2 2 2 2 2 2 2 2 2 2 2 2 2
left_child=4 2 3 -2 8 6 -6 -7 10 -10 -1 -3 -13 -4
right_child=1 11 13 -5 5 7 -8 -9 9 -11 -12 12 -14 -15
leaf_value=3.467219801113903e-05 0 -8.1473632374207101e-05 2.862063304953175e-06 0.00050785569669075769 -1.8325164905162721e-05 0 2.9216198850876357e-05 -7.537852654614983e-05 6.8464938051571045e-05 0 -5.4759383825678171e-06 7.7671187183053991e-05 -1.24693059455139e-05 -7.9971704898725758e-05
leaf_weight=738 55 31 53 83 5854 690 2066 1121 806 675 1955 247 110 42
leaf_count=738 55 31 53 83 5854 690 2066 1121 806 675 1955 247 110 42
internal_value=0 8.2106e-05 0.000191727 0.000346783 -2.91861e-06 -1.2652e-05 -4.78663e-06 -4.20741e-05 1.76164e-05 3.95901e-05 2.18742e-06 0 2.47207e-05 0
internal_weight=0 621 233 138 13905 9731 7920 1811 4174 1481 2693 388 357 95
internal_count=14526 621 233 138 13905 9731 7920 1811 4174 1481 2693 388 357 95
is_linear=0
shrinkage=0.03


Tree=11
num_leaves=15
num_cat=0
split_feature=41 26 7 53 13 49 14 35 53 8 34 8 42 45
split_gain=0.00408978 0.00859527 0.00501534 0.00482108 0.00859946 0.00306489 0.00278188 0.00202921 0.00337796 0.00188736 0.00175132 0.0013852 0.00124871 0.000383369
threshold=0.0066018965334760813 0.10386273165926393 0.014170226152244137 83028.859200000021 250.30500000000032 57.001990806741965 216.1350000000057 1.0919880186510522 62523.273500000003 8145.1000000000013 867.90525000000048 12184.225000000002 0.76572773722340648 61.682335836715765
decision_type=2 2 2 2 2 2 2 2 2 2 2 2 2 2
left_child=6 3 -3 4 -2 -4 7 9 -9 -1 -5 12 -8 -13
right_child=1 2 5 10 -6 -7 11 8 -10 -11 -12 13 -14 -15
leaf_value=3.2259665210159108e-06 5.852823267426998e-05 0 0 -0.00014640551404644498 0.00033196802683608791 -0.00047054267053277748 0 5.6388892164388383e-05 0 -2.532497579476841e-05 1.7502514645634071e-05 5.2899112836772196e-05 -6.3411348422035384e-05 0
leaf_weight=4098 741 73 30 69 158 47 153 1351 2543 3470 296 123 1289 80
leaf_count=4098 741 73 30 69 158 47 153 1351 2543 3470 296 123 1289 80
internal_value=0 4.88193e-05 -0.000145925 7.90774e-05 0.000116688 -0.000315907 -4.86379e-06 0 1.7963e-05 -8.67623e-06 0 -4.13543e-05 -5.30589e-05 0
internal_weight=0 1414 150 1264 899 77 13107 11462 3894 7568 365 1645 1442 203
internal_count=14521 1414 150 1264 899 77 13107 11462 3894 7568 365 1645 1442 203
is_linear=0
shrinkage=0.03


Tree=12
num_leaves=11
num_cat=0
split_feature=26 34 53 18 7 37 53 8 3 8
split_gain=0.00289177 0.0052605 0.00994541 0.00481916 0.0030527 0.00348044 0.00259985 0.0028178 0.00138639 0.000156635
threshold=0.11393503964507061 922.10264285714322 84378.306100000031 0.011972724502722689 0.014170226152244137 1721.4250000000031 61908.17470000001 12184.225000000002 45735.527307756223 10940.350000000002
decision_type=2 2 2 2 2 2 2 2 2 2
left_child=1 6 3 -3 -2 -6 8 -8 -1 -4
right_child=4 2 9 -5 5 -7 7 -9 -10 -11
leaf_value=-3.9901121767236383e-06 0 0.00038092486388333855 2.8501680968483269e-05 0 0 -0.00050355653363481359 -1.5914175040805527e-05 4.1944884778101367e-05 2.9101500417464649e-05 -1.2358029879641683e-05
leaf_weight=1147 43 124 129 60 34 33 8917 758 2996 235
leaf_count=1147 43 124 129 60 34 33 8917 758 2996 235
internal_value=0 1.63846e-06 9.30592e-05 0.000272637 -0.000152466 -0.000280931 -1.33777e-06 -1.04498e-05 1.77682e-05 0
internal_weight=0 14366 548 184 110 67 13818 9675 4143 364
internal_count=14476 14366 548 184 110 67 13818 9675 4143 364
is_linear=0
shrinkage=0.03


Tree=13
num_leaves=11
num_cat=0
split_feature=26 34 1 7 6 29 2 2 8 8
split_gain=0.00506144 0.00604885 0.00677656 0.00521558 0.00448828 0.00390886 0.00198841 0.00267534 0.00210053 0.000218045
threshold=0.11393503964507061 922.10264285714322 83535.947750000007 0.014170226152244137 -3619.0849999999987 0.012075712200126628 58902.890078836826 52660.59240103083 11270.675000000001 11235.575000000003
decision_type=2 2 2 2 2 2 2 2 2 2
left_child=1 6 5 -2 -5 -3 7 -1 -8 -4
right_child=3 2 9 4 -6 -7 8 -9 -10 -11
leaf_value=0 0 0 3.7135696228402475e-05 -0.0005729505951874459 0 0.00035282700381399898 -1.301825740659316e-05 6.4048533456003039e-05 2.286083529631845e-05 0
leaf_weight=1695 42 70 142 40 30 121 9752 884 1583 218
leaf_count=1695 42 70 142 40 30 121 9752 884 1583 218
internal_value=0 2.02624e-06 9.9731e-05 -0.000200087 -0.000361558 0.000246059 -1.19816e-06 2.17466e-05 -7.21308e-06 0
internal_weight=0 14465 551 112 70 191 13914 2579 11335 360
internal_count=14577 14465 551 112 70 191 13914 2579 11335 360
is_linear=0
shrinkage=0.03


Tree=14
num_leaves=16
num_cat=0
split_feature=53 8 30 53 6 33 4 2 3 53 2 49 53 52 29
split_gain=0.00236163 0.00229119 0.00695693 0.0029293 0.00218015 0.00512166 0.00179214 0.00153411 0.00108867 0.00151831 0.00225997 0.00190799 0.00101146 0.000503232 0.000385978
threshold=61908.17470000001 12184.225000000002 0.023308089205642736 81873.156800000012 989.66500000000099 0.0078458725629711127 633.77357142857113 64392.11641329588 46374.247020930437 57761.868000000009 61691.983105860789 47.818977507186879 46093.714000000007 -0.0057774849216603204 0.0088267273816719696
decision_type=2 2 2 2 2 2 2 2 2 2 2 2 2 2 2
left_child=8 4 7 -4 6 -6 -2 -3 12 11 -11 -10 14 -14 -1
right_child=1 2 3 -5 5 -7 -8 -9 9 10 -12 -13 13 -15 -16
leaf_value=-1.8438132812926016e-06 -1.2710683521497254e-05 0 0 -0.00017756062573473372 -6.9769792803578652e-06 0.00010821768430665082 -5.9346926677150112e-05 0.00011272192415030115 2.5281833363893383e-05 -1.1246424813424793e-05 5.6121059094864283e-05 0.00014406200983243259 0 -0.0001487611089589995 2.7178476458848764e-05
leaf_weight=652 6322 55 162 128 1552 414 1059 580 932 1245 619 238 31 61 476
leaf_count=652 6322 55 162 128 1552 414 1059 580 932 1245 619 238 31 61 476
internal_value=0 -7.47081e-06 3.51025e-05 -6.96591e-05 -1.26478e-05 1.27164e-05 -2.06233e-05 9.71231e-05 1.91008e-05 2.88867e-05 6.30296e-06 5.7165e-05 0 -9.89464e-05 2.43055e-06
internal_weight=0 10272 925 290 9347 1966 7381 635 4254 3034 1864 1170 1220 92 1128
internal_count=14526 10272 925 290 9347 1966 7381 635 4254 3034 1864 1170 1220 92 1128
is_linear=0
shrinkage=0.03


Tree=15
num_leaves=14
num_cat=0
split_feature=34 8 33 42 53 8 4 30 18 35 34 34 42
split_gain=0.00336359 0.00565883 0.0047606 0.0058919 0.00293739 0.00279118 0.0041424 0.00319041 0.00210997 0.0019701 0.00160901 0.00150243 0.000831974
threshold=922.10264285714322 10940.350000000002 0.0078458725629711127 1.089286383974841 61908.17470000001 11359.575000000003 633.77357142857113 0.021541339978037179 -0.025965145373962158 1.1366681855656291 331.07291071428506 1045.296339285715 0.7234489852378061
decision_type=2 2 2 2 2 2 2 2 2 2 2 2 2
left_child=4 2 -2 -4 9 6 -6 -7 -3 12 -11 -10 -1
right_child=1 8 3 -5 5 7 -8 -9 11 10 -12 -13 -14
leaf_value=3.0868679562749297e-05 0 0.00021668244622043527 0.00046581814298835819 0 -1.0098427254001949e-05 5.9206542046354723e-05 -7.973444613695368e-05 -2.6734489978506077e-05 3.3101067518226048e-06 7.296688116751926e-05 0 -8.8258434263931192e-05 -5.3715253215520012e-06
leaf_weight=722 61 37 81 82 7363 958 945 486 177 859 473 192 2137
leaf_count=722 61 37 81 82 7363 958 945 486 177 859 473 192 2137
internal_value=0 6.85379e-05 0.000189489 0.000274875 -2.197e-06 -1.17915e-05 -1.91051e-05 2.40509e-05 0 1.79803e-05 4.84461e-05 -1.99979e-05 6.35081e-07
internal_weight=0 630 224 163 13943 9752 8308 1444 406 4191 1332 369 2859
internal_count=14573 630 224 163 13943 9752 8308 1444 406 4191 1332 369 2859
is_linear=0
shrinkage=0.03


Tree=16
num_leaves=10
num_cat=0
split_feature=26 20 35 33 7 8 8 49 33
split_gain=0.00250549 0.00388995 0.00330935 0.00517504 0.00322174 0.00215587 0.00231953 0.00211051 0.00191332
threshold=0.11393503964507061 -0.03423871964274771 1.218393337884222 0.0089838370189171436 0.014170226152244137 8041.7000000000016 11024.500000000002 60.990675580709627 0.0060243001614638378
decision_type=2 2 2 2 2 2 2 2 2
left_child=1 2 3 -1 -2 8 -7 -6 -3
right_child=4 5 -4 -5 7 6 -8 -9 -10
leaf_value=0 0 1.7933534399269973e-06 0 0.00023317953786534482 0 -2.2415552367839536e-05 1.247313029887599e-05 -0.000440841315956743 5.3811185395974238e-05
leaf_weight=161 48 4828 256 203 33 6206 2009 36 824
leaf_count=161 48 4828 256 203 33 6206 2009 36 824
internal_value=0 2.07468e-07 7.42312e-05 0.000132507 -0.000138669 -2.45469e-06 -1.27878e-05 -0.000272743 1.09717e-05
internal_weight=0 14487 620 364 117 13867 8215 69 5652
internal_count=14604 14487 620 364 117 13867 8215 69 5652
is_linear=0
shrinkage=0.03


Tree=17
num_leaves=15
num_cat=0
split_feature=41 26 19 1 7 14 6 8 8 26 33 30 38 8
split_gain=0.00300461 0.00557306 0.00449193 0.00287266 0.00284383 0.00258182 0.00187377 0.00186594 0.00169588 0.00125362 0.000985125 0.000886989 0.000848958 4.15398e-05
threshold=0.0066018965334760813 0.11393503964507061 0.0065616078400411179 87385.296750000023 0.014170226152244137 199.37000000000265 -3619.0849999999987 12890.525000000001 11607.900000000003 0.044768737355341738 0.0049621748960121019 0.021541339978037179 1.1112909195503657 6507.9500000000016
decision_type=2 2 2 2 2 2 2 2 2 2 2 2 2 2
left_child=5 2 3 -2 -3 7 -6 9 -4 -1 13 -9 -12 -7
right_child=1 4 8 -5 6 10 -8 11 -10 -11 12 -13 -14 -15
leaf_value=-3.239501714870891e-06 0.00014008400850972142 0 3.6302922319922041e-05 0 -0.00042142824168809619 -5.2125417401246043e-06 0 0.00015139764721148214 -7.4738857742365865e-05 3.1862392832606736e-05 -8.1938732547364454e-06 0 -7.1345610266747647e-05 1.0624458614090962e-05
leaf_weight=9969 612 34 347 176 36 99 31 109 191 1008 758 75 792 307
leaf_count=9969 612 34 347 176 36 99 31 109 191 1008 758 75 792 307
internal_value=0 4.24559e-05 6.37334e-05 0.000109374 -0.000147406 -3.23428e-06 -0.000265963 1.57403e-06 0 0 -3.52672e-05 9.62397e-05 -4.62753e-05 0
internal_weight=0 1427 1326 788 101 13117 67 11161 538 10977 1956 184 1550 406
internal_count=14544 1427 1326 788 101 13117 67 11161 538 10977 1956 184 1550 406
is_linear=0
shrinkage=0.03


Tree=18
num_leaves=16
num_cat=0
split_feature=41 30 1 6 4 8 0 8 2 41 4 38 41 41 35
split_gain=0.00319526 0.00511413 0.00348444 0.00287501 0.00218349 0.00204643 0.00260274 0.00204992 0.00186412 0.00165673 0.00161145 0.00136451 0.000639668 0.00058169 0.000531688
threshold=0.0066018965334760813 0.027349796201941334 81895.958250000011 -2804.8950000000036 813.82392857142997 12890.525000000001 59.539643015072322 8165.3750000000009 60001.793118119815 0.0050004151612504004 869.07500000000084 0.84039992409090625 0.0045093007656495879 0.010751407199064774 0.68355492994561418
decision_type=2 2 2 2 2 2 2 2 2 2 2 2 2 2 2
left_child=5 2 4 13 -2 7 11 8 -1 -9 -5 -7 -8 -3 -4
right_child=1 3 14 10 -6 6 12 9 -10 -11 -12 -13 -14 -15 -16
leaf_value=3.0435831625133282e-05 7.2205437205231075e-05 0 6.4574805494009745e-05 -3.4783368380800747e-05 0.00027722601622653795 0 2.7817796741590937e-05 -9.252768932027499e-06 -4.7503527988733879e-06 -5.0597613630824352e-05 8.2908635509255029e-05 0.00018851687661631459 -8.3989321523413632e-05 -0.0003103993728257303 -2.1617178428752012e-05
leaf_weight=1866 477 31 91 282 125 41 39 5645 4000 1302 161 142 77 34 209
leaf_count=1866 477 31 91 282 125 41 39 5645 4000 1302 161 142 77 34 209
internal_value=0 4.30041e-05 8.81872e-05 -1.95211e-05 0.000129836 -4.51749e-06 7.04769e-05 -6.97154e-06 4.90932e-06 -1.82989e-05 0 0.000144533 0 -0.000206376 0
internal_weight=0 1410 902 508 602 13112 299 12813 5866 6947 443 183 116 65 300
internal_count=14522 1410 902 508 602 13112 299 12813 5866 6947 443 183 116 65 300
is_linear=0
shrinkage=0.03


Tree=19
num_leaves=15
num_cat=0
split_feature=34 1 8 30 34 8 49 1 53 12 34 53 49 49
split_gain=0.00342552 0.00364756 0.0058553 0.00648418 0.00304949 0.00379838 0.00310617 0.00286707 0.00242112 0.00157294 0.000450866 0.000268329 0.00114051 0.000197612
threshold=922.10264285714322 83535.947750000007 10095.150000000003 0.027064667941735326 718.44996428571551 11560.1 21.951981792273273 94885.504000000015 61908.17470000001 0.00083568284231406314 809.71273214285645 96109.890400000018 20.588132477265749 40.317361510730429
decision_type=2 2 2 2 2 2 2 2 2 2 2 2 2 2
left_child=4 2 -2 -4 5 8 10 -8 -1 -7 -6 12 -3 -13
right_child=1 11 3 -5 6 9 7 -9 -10 -11 -12 13 -14 -15
leaf_value=1.270958476339119e-05 0.00054472614718281502 -2.3865935669479551e-05 0.0002854747390781133 -3.3588497779662356e-05 6.647851652375371e-05 0 -0.00012706058303793796 0 -1.5140477669769537e-05 7.231708474984937e-05 0 -8.4548799152379353e-05 7.0711078085188944e-05 0
leaf_weight=4044 37 32 74 118 99 142 514 154 7980 866 89 32 239 88
leaf_count=4044 37 32 74 118 99 142 514 154 7980 866 89 32 239 88
internal_value=0 6.79989e-05 0.000163783 4.28354e-05 -3.94064e-06 0 -5.87961e-05 -9.25368e-05 -5.02517e-06 5.55811e-05 1.32517e-05 0 2.63557e-05 -2.09987e-05
internal_weight=0 620 229 192 13888 13032 856 668 12024 1008 188 391 271 120
internal_count=14508 620 229 192 13888 13032 856 668 12024 1008 188 391 271 120
is_linear=0
shrinkage=0.03


Tree=20
num_leaves=16
num_cat=0
split_feature=41 30 1 3 20 8 4 4 4 18 3 53 1 29 45
split_gain=0.0022267 0.00449356 0.00389877 0.00390123 0.00310805 0.00282906 0.00244862 0.00208658 0.00298872 0.00199561 0.00219454 0.00184038 0.00158888 0.000947727 0.000779862
threshold=0.0058470693400602724 0.027064667941735326 81895.958250000011 67465.052927120632 0.012343717939536704 10636.725000000002 828.82785714285694 617.94035714285735 455.08999999999918 -0.019216144590821323 81734.268464837151 61908.17470000001 97049.907750000013 0.010138667839941639 24.174345012614939
decision_type=2 2 2 2 2 2 2 2 2 2 2 2 2 2 2
left_child=7 2 3 -2 5 -3 -6 8 11 14 -11 -1 -10 -4 -9
right_child=1 4 13 -5 6 -7 -8 9 12 10 -12 -13 -14 -15 -16
leaf_value=7.7625423077451273e-06 4.8174258621221155e-05 0 -6.6294270474259593e-05 0.00023323025271305658 -2.4343232746447434e-05 -0.00017466318520187107 0.00010914614804123053 7.7069852113377367e-05 4.315304251987278e-05 0 -8.4813310322452294e-05 -1.9267284534622931e-05 -1.0673545495069309e-05 2.2617096602869652e-05 0
leaf_weight=3202 668 80 148 198 285 188 172 134 1848 340 815 5662 345 393 40
leaf_count=3202 668 80 148 198 285 188 172 134 1848 340 815 5662 345 393 40
internal_value=0 2.8174e-05 6.14711e-05 0.00010094 -2.40355e-05 -0.000109183 6.25576e-06 -5.01463e-06 0 -4.05836e-05 -5.80237e-05 -8.48788e-06 3.05814e-05 0 2.34483e-05
internal_weight=0 2132 1407 866 725 268 457 12386 11057 1329 1155 8864 2193 541 174
internal_count=14518 2132 1407 866 725 268 457 12386 11057 1329 1155 8864 2193 541 174
is_linear=0
shrinkage=0.03


Tree=21
num_leaves=7
num_cat=0
split_feature=34 7 41 19 20 14
split_gain=0.00313515 0.00617809 0.00397999 0.00473152 0.00195219 0.00177479
threshold=1316.9578750000003 0.014170226152244137 0.0066018965334760813 0.0050774136157093483 -0.056833162614376091 216.1350000000057
decision_type=2 2 2 2 2 2
left_child=1 2 5 -4 -3 -1
right_child=-2 4 3 -5 -6 -7
leaf_value=0 0.00022669129538637953 -0.00039838955931256867 0.00010377991662571435 0 0 -3.3821049616616941e-05
leaf_weight=11553 54 46 699 582 42 1666
leaf_count=11553 54 46 699 582 42 1666
internal_value=0 -1.46285e-06 0 5.05436e-05 -0.000251642 -4.83248e-06
internal_weight=0 14588 14500 1281 88 13219
internal_count=14642 14588 14500 1281 88 13219
is_linear=0
shrinkage=0.03


Tree=22
num_leaves=8
num_cat=0
split_feature=34 26 41 53 4 37 14
split_gain=0.0030319 0.00353545 0.00316013 0.00370191 0.00273371 0.00241116 0.00219707
threshold=1316.9578750000003 0.11393503964507061 0.0064377252931106313 82822.835500000016 1354.3689285714293 530.73999999999808 216.1350000000057
decision_type=2 2 2 2 2 2 2
left_child=1 2 6 -4 5 -3 -1
right_child=-2 4 3 -5 -6 -7 -8
leaf_value=3.5260819504947831e-07 0.00021632368092490664 0 7.8888109673857785e-05 -1.2912142594636185e-05 0 -0.00047718722037237905 -3.6281847503784749e-05
leaf_weight=11374 58 34 955 425 31 34 1624
leaf_count=11374 58 34 955 425 31 34 1624
internal_value=0 -1.94904e-07 4.13703e-07 4.40993e-05 -0.000178953 -0.00028737 -3.53292e-06
internal_weight=0 14477 14378 1380 99 68 12998
internal_count=14535 14477 14378 1380 99 68 12998
is_linear=0
shrinkage=0.03


Tree=23
num_leaves=10
num_cat=0
split_feature=26 34 8 54 49 34 52 8 49
split_gain=0.00247325 0.00421831 0.00479315 0.00265835 0.00258641 0.00190403 0.00316866 0.00246402 0.000793835
threshold=0.11393503964507061 904.10125000000107 10636.725000000002 0.029345551916596803 53.556005081224278 718.44996428571551 0.0086561728130343431 11560.1 31.02277865408929
decision_type=2 2 2 2 2 2 2 2 2
left_child=1 5 3 -3 -2 7 -7 -1 -4
right_child=4 2 8 -5 -6 6 -8 -9 -10
leaf_value=-2.4561594067600026e-06 0 0.00025352146201094593 -4.2774784004337627e-05 0 -0.00024054187876520271 0 -0.00015065076672632756 4.6634586927669248e-05 4.1545784804527967e-05
leaf_weight=12038 37 163 105 31 78 583 202 988 302
leaf_count=12038 37 163 105 31 78 583 202 988 302
internal_value=0 1.26943e-06 7.93858e-05 0.000204218 -0.000138218 -1.47989e-06 -4.70651e-05 5.77369e-07 0
internal_weight=0 14412 601 194 115 13811 785 13026 407
internal_count=14527 14412 601 194 115 13811 785 13026 407
is_linear=0
shrinkage=0.03


Tree=24
num_leaves=16
num_cat=0
split_feature=41 30 51 3 37 4 4 8 3 3 4 51 51 4 3
split_gain=0.00198686 0.00354115 0.00355546 0.00564932 0.00266174 0.00248412 0.00220027 0.00207403 0.00190178 0.00487545 0.00184881 0.00141723 0.00124191 0.00118059 0.000875582
threshold=0.0058470693400602724 0.027064667941735326 81895.958250000011 67465.052927120632 1658.0100000000023 617.94035714285735 455.08999999999918 8165.3750000000009 81734.268464837151 92072.109351126957 765.13607142857256 97049.907750000013 83170.497500000012 926.23392857142778 66408.864675467179
decision_type=2 2 2 2 2 2 2 2 2 2 2 2 2 2 2
left_child=5 2 3 -2 13 6 7 -1 14 -10 -6 -8 -4 -3 -7
right_child=1 4 12 -5 10 8 11 -9 9 -11 -12 -13 -14 -15 -16
leaf_value=4.0773628930798872e-06 3.7322988977776286e-05 -1.5053884708538676e-05 -0.00014709783282790251 0.00024730557355373155 0 -3.2021252751764129e-05 3.9467990290324366e-05 -2.4497778098847777e-05 -0.00016670460725986755 -1.6223211772182187e-06 -0.00019638912040913459 -9.8534766702957272e-06 1.0063715746339372e-05 7.4416654958492281e-05 5.1737998833238697e-05
leaf_weight=5329 696 429 49 193 37 214 1836 3561 308 592 111 371 503 174 212
leaf_count=5329 696 429 49 193 37 214 1836 3561 308 592 111 371 503 174 212
internal_value=0 2.66245e-05 5.59254e-05 9.30981e-05 -1.76179e-05 -4.3412e-06 0 -6.35687e-06 -4.31532e-05 -6.81505e-05 -0.000133139 2.70994e-05 0 0 0
internal_weight=0 2192 1441 889 751 12423 11097 8890 1326 900 148 2207 552 603 426
internal_count=14615 2192 1441 889 751 12423 11097 8890 1326 900 148 2207 552 603 426
is_linear=0
shrinkage=0.03


Tree=25
num_leaves=15
num_cat=0
split_feature=34 8 54 53 4 2 53 1 8 8 30 1 27 1
split_gain=0.00260006 0.00425817 0.00675836 0.00551828 0.00207465 0.00517468 0.00585179 0.00327587 0.00215018 0.00156689 0.00102708 0.00257151 0.00164901 0.00054289
threshold=922.10264285714322 10984.425000000001 0.029345551916596803 82822.835500000016 676.63035714285706 65108.796997790159 64251.707700000006 62364.576250000006 13003.35 8145.1000000000013 0.026753077891375709 88011.063250000021 0.48646712188750368 67275.75450000001
decision_type=2 2 2 2 2 2 2 2 2 2 2 2 2 2
left_child=4 2 3 -2 8 7 -7 -6 9 -1 11 -3 -12 -10
right_child=1 10 -4 -5 5 6 -8 -9 13 -11 12 -13 -14 -15
leaf_value=1.0859250307653359e-05 0.00056445862644042167 0.00016943961709078373 -3.0102494064127917e-07 6.3074018484695531e-05 0 -0.00040654829074085534 -4.0705587706964811e-05 0.00032936901793767878 0 -1.0478973555884459e-05 -0.00020942467372765802 0 0 0.00020803638228922869
leaf_weight=5950 52 95 52 124 111 49 1173 43 70 6452 45 123 129 56
leaf_count=5950 52 95 52 124 111 49 1173 43 70 6452 45 123 129 56
internal_value=0 6.05828e-05 0.000163581 0.000262968 -2.13508e-06 -3.73281e-05 -6.28346e-05 0.000106468 1.01273e-06 0 0 4.39508e-05 -5.37033e-05 0.000124192
internal_weight=0 620 228 176 13904 1376 1222 154 12528 12402 392 218 174 126
internal_count=14524 620 228 176 13904 1376 1222 154 12528 12402 392 218 174 126
is_linear=0
shrinkage=0.03


end of trees

feature_importances:
volume_ma=43
sma_50=36
atr_ma=34
atr=21
bb_middle=20
price_bb_lower_dist=18
bb_width=17
volatility_ma=16
adx=16
bb_lower=11
atr_ratio=11
volatility_ratio=10
bb_upper=8
volatility=6
lower_shadow=6
price_bb_upper_dist=6
return_24=5
atr_normalized=5
momentum_10=4
momentum_20=4
volume_ratio=4
sma_20=4
return_3=3
return_6=3
momentum_convergence=3
price_sma_20_dist=3
body_pct=2
return_12=2
stoch_k=2
price_sma_50_dist=2
rsi=1
range_pct=1
upper_shadow=1
bb_position=1

parameters:
[boosting: gbdt]
[objective: regression]
[metric: rmse]
[tree_learner: serial]
[device_type: cpu]
[data: ]
[valid: ]
[num_iterations: 500]
[learning_rate: 0.03]
[num_leaves: 16]
[num_threads: 8]
[deterministic: 0]
[force_col_wise: 0]
[force_row_wise: 0]
[histogram_pool_size: -1]
[max_depth: 4]
[min_data_in_leaf: 30]
[min_sum_hessian_in_leaf: 0.001]
[bagging_fraction: 0.9]
[pos_bagging_fraction: 1]
[neg_bagging_fraction: 1]
[bagging_freq: 1]
[bagging_seed: 400]
[feature_fraction: 0.8]
[feature_fraction_bynode: 1]
[feature_fraction_seed: 30056]
[extra_trees: 0]
[extra_seed: 12879]
[early_stopping_round: 0]
[first_metric_only: 0]
[max_delta_step: 0]
[lambda_l1: 0.3]
[lambda_l2: 0.3]
[linear_lambda: 0]
[min_gain_to_split: 0]
[drop_rate: 0.1]
[max_drop: 50]
[skip_drop: 0.5]
[xgboost_dart_mode: 0]
[uniform_drop: 0]
[drop_seed: 17869]
[top_rate: 0.2]
[other_rate: 0.1]
[min_data_per_group: 100]
[max_cat_threshold: 32]
[cat_l2: 10]
[cat_smooth: 10]
[max_cat_to_onehot: 4]
[top_k: 20]
[monotone_constraints: ]
[monotone_constraints_method: basic]
[monotone_penalty: 0]
[feature_contri: ]
[forcedsplits_filename: ]
[refit_decay_rate: 0.9]
[cegb_tradeoff: 1]
[cegb_penalty_split: 0]
[cegb_penalty_feature_lazy: ]
[cegb_penalty_feature_coupled: ]
[path_smooth: 0]
[interaction_constraints: ]
[verbosity: 1]
[saved_feature_importance_type: 0]
[linear_tree: 0]
[max_bin: 255]
[max_bin_by_feature: ]
[min_data_in_bin: 3]
[bin_construct_sample_cnt: 200000]
[data_random_seed: 175]
[is_enable_sparse: 1]
[enable_bundle: 1]
[use_missing: 1]
[zero_as_missing: 0]
[feature_pre_filter: 1]
[pre_partition: 0]
[two_round: 0]
[header: 0]
[label_column: ]
[weight_column: ]
[group_column: ]
[ignore_column: ]
[categorical_feature: ]
[forcedbins_filename: ]
[precise_float_parser: 0]
[parser_config_file: ]
[objective_seed: 16083]
[num_class: 1]
[is_unbalance: 0]
[scale_pos_weight: 1]
[sigmoid: 1]
[boost_from_average: 1]
[reg_sqrt: 0]
[alpha: 0.9]
[fair_c: 1]
[poisson_max_delta_step: 0.7]
[tweedie_variance_power: 1.5]
[lambdarank_truncation_level: 30]
[lambdarank_norm: 1]
[label_gain: ]
[lambdarank_position_bias_regularization: 0]
[eval_at: ]
[multi_error_top_k: 1]
[auc_mu_weights: ]
[num_machines: 1]
[local_listen_port: 12400]
[time_out: 120]
[machine_list_filename: ]
[machines: ]
[gpu_platform_id: -1]
[gpu_device_id: -1]
[gpu_use_dp: 0]
[num_gpu: 1]

end of parameters

pandas_categorical:[]
