tree
version=v4
num_class=1
num_tree_per_iteration=1
label_index=0
max_feature_idx=56
objective=regression
feature_names=rsi bb_middle bb_upper bb_lower atr momentum_10 momentum_20 volatility volume_ma range range_pct body body_pct upper_shadow lower_shadow is_bullish return_1 return_3 return_6 return_12 return_24 log_return rsi_normalized rsi_overbought rsi_oversold rsi_divergence bb_width bb_position bb_position_normalized price_bb_upper_dist price_bb_lower_dist bb_breakout_upper bb_breakout_lower atr_normalized atr_ma atr_ratio momentum_ratio momentum_convergence volume_ratio volume_spike volume_change volatility_ma volatility_ratio high_volatility low_volatility stoch_k stoch_d stoch_overbought stoch_oversold adx strong_trend sma_20 price_sma_20_dist sma_50 price_sma_50_dist signal_convergence market_regime
feature_infos=[0:99.999985872857692] [0:161.81829999999999] [0:163.49872234254795] [0:161.6340769086128] [0:1.1125714285714321] [-4.1740000000000066:3.6910000000000025] [-4.0190000000000055:3.1930000000000121] [0:0.004651925091918363] [0:14472.4] [0:3.1289999999999907] [0:0.019790486385785944] [0:2.86099999999999] [0:0.018034088903456733] [0:1.1399999999999864] [0:1.5829999999999984] [0:1] [-0.017714621838333167:0.014877782329646427] [-0.022323288195084667:0.021831831417413072] [-0.021306128588913342:0.022410317306895688] [-0.023662010314559945:0.026812644307773414] [-0.030412096542869249:0.024559774311784466] [-0.017873403720390344:0.014768193745818952] [-0.93857804316327842:0.99999971745715388] [0:1] [0:1] [-46.462567102264515:46.652687094333061] [0:0.040801763298405708] [-0.55579002868326455:1.5382809875739039] [-2.1115800573665293:2.0765619751478077] [-0.0075319905790354963:0.035914588403848639] [-0.009333748992502458:0.033676416175928932] [0:1] [0:1] [0:0.0071373584075662827] [0:0.8504392857142864] [0:3.9214667240956609] [-20500000.000001252:27300000.000002455] [-3.6910000000000025:4.1740000000000066] [0:5.4120637403284393] [0:1] [-0.99739752765126866:135] [0:0.0043580031549319562] [0:8.9920287103106187] [0:1] [0:1] [0:99.99999954128441] [0:99.332322829059265] [0:1] [0:1] [0:92.306826590390614] [0:1] [0:161.81829999999999] [-0.019390125305217113:0.019216354919305893] [0:161.66587999999999] [-0.029932344977646477:0.017446147612938202] [0:1] [0:2]
tree_sizes=3095 2474 2255 2250 2210 2405 2129 2611 2061 1845 2033 2598 2262 2092 2298 2228 2274 2050 1875 2332 2241 2064

Tree=0
num_leaves=30
num_cat=0
split_feature=2 8 7 37 49 49 34 29 1 11 46 33 2 53 41 53 54 41 3 46 0 3 54 7 37 7 3 42 42
split_gain=5.33613e-05 0.000104505 7.08715e-05 5.16712e-05 5.01042e-05 3.02531e-05 3.28957e-05 2.72143e-05 3.23016e-05 2.04166e-05 1.86097e-05 1.80004e-05 1.56643e-05 1.02353e-05 2.47365e-05 2.56768e-05 9.59465e-06 1.46445e-05 1.02042e-05 9.45154e-06 1.60483e-05 7.56043e-06 6.18139e-06 6.30237e-06 5.78084e-06 2.33432e-06 9.41412e-06 2.52715e-05 1.64589e-05
threshold=146.9668011504709 5680.4500000000007 0.00083981947688214597 -1.1400000000000003 24.234856346977754 15.688106681519937 0.46357678571428523 0.0017597317132916378 156.80600000000001 0.013999999999995795 94.731701734713809 0.001187548871444626 147.04394852054995 155.79285000000002 0.00067249631843103129 148.12792000000002 -0.00449534360070731 0.00049389635216645709 155.63059316148909 78.312589197297456 24.037623594487673 145.89992517557246 -0.0084435954463016171 0.00025278855517129478 -0.76800000000000057 0.0010136114031852243 149.36232355460319 0.70354486999505816 1.1691837119618185
decision_type=2 2 2 2 2 2 2 2 2 2 2 2 2 2 2 2 2 2 2 2 2 2 2 2 2 2 2 2 2
left_child=4 13 -3 -4 5 -1 9 -5 11 -7 21 -9 -13 14 15 -2 -17 -18 -19 20 -15 -11 -22 -24 -25 26 -16 -28 -29
right_child=1 2 3 7 -6 6 -8 8 -10 10 -12 12 -14 19 25 16 17 18 -20 -21 22 -23 23 24 -26 -27 27 28 -30
leaf_value=-1.746138837993781e-06 -1.746138837993781e-06 -1.746138837993781e-06 -1.746138837993781e-06 -1.746138837993781e-06 -1.746138837993781e-06 -1.746138837993781e-06 -1.746138837993781e-06 -1.746138837993781e-06 -1.746138837993781e-06 3.6467764228333104e-05 -1.746138837993781e-06 -1.746138837993781e-06 -3.1801595921781548e-05 -1.746138837993781e-06 -1.746138837993781e-06 -1.746138837993781e-06 -1.746138837993781e-06 1.1482745053748566e-05 -1.746138837993781e-06 -1.746138837993781e-06 -1.746138837993781e-06 -1.746138837993781e-06 -1.746138837993781e-06 -1.746138837993781e-06 -9.9953583528406943e-06 -1.746138837993781e-06 -1.746138837993781e-06 -1.2598037985726163e-05 -1.746138837993781e-06
leaf_weight=129 440 219 79 216 1550 37 11.999999999999998 29 48 356 9.9999999999999982 11.999999999999998 900 143 787 49 1759 1335 20 791 11.999999999999998 10.999999999999998 92 27 1667 697 262 1135 93
leaf_count=129 440 219 79 216 1550 37 12 29 48 356 10 12 900 143 787 49 1759 1335 20 791 12 11 92 27 1667 697 262 1135 93
internal_value=-1.74614e-06 -2.8298e-06 -1.52457e-05 -2.04884e-05 5.82581e-06 1.93001e-05 2.57201e-05 -2.36886e-05 -2.73462e-05 2.94748e-05 3.29759e-05 -2.95773e-05 -3.08756e-05 -1.74614e-06 6.354e-08 3.0643e-06 5.08407e-06 5.67598e-06 1.06473e-05 -2.96332e-06 -5.52197e-06 3.52012e-05 -7.88625e-06 -8.57295e-06 -9.39044e-06 -1.74614e-06 -3.34695e-06 -6.18553e-06 -1.04265e-05
internal_weight=0 10812 1503 1284 2105 555 426 1205 989 414 377 941 912 9309 6577 3603 3163 3114 1355 2732 1941 367 1798 1786 1694 2974 2277 1490 1228
internal_count=12917 10812 1503 1284 2105 555 426 1205 989 414 377 941 912 9309 6577 3603 3163 3114 1355 2732 1941 367 1798 1786 1694 2974 2277 1490 1228
is_linear=0
shrinkage=1


Tree=1
num_leaves=30
num_cat=0
split_feature=2 34 2 49 49 54 41 46 37 27 34 45 3 20 7 41 7 29 22 34 2 2 20 49 41 2 41 2 2
split_gain=8.59873e-05 9.82537e-05 9.96247e-05 6.85281e-05 3.67565e-05 4.17176e-05 2.22062e-05 2.71047e-05 1.79738e-05 1.39307e-05 1.12624e-05 1.31268e-05 5.21225e-06 2.6387e-05 2.68115e-05 1.32866e-05 9.98383e-06 3.83111e-06 3.75378e-06 1.09704e-05 3.00635e-06 2.33917e-06 5.98794e-06 5.56232e-06 2.87762e-06 2.15635e-06 6.8883e-07 6.30014e-06 4.86746e-06
threshold=146.82677858586018 0.26138035714285618 154.24079623935594 29.057321068407024 15.688106681519937 0.0076552704206794909 0.0010143950190503726 84.646769028884549 -1.021500000000003 0.85895174228581395 0.16861249999999783 5.0205670309959514 149.36232355460319 -0.00014080886778927712 0.0010136114031852243 0.00092897662603550304 0.00025278855517129478 0.0018281531292038751 -0.38565285564223867 0.49864464285714244 150.33995085922399 147.04394852054995 0.0029176839865530106 53.206827338806498 0.0013520790020466031 161.8192210719528 0.00072039499510636793 156.39036373994648 150.98023774223756
decision_type=2 2 2 2 2 2 2 2 2 2 2 2 2 2 2 2 2 2 2 2 2 2 2 2 2 2 2 2 2
left_child=3 12 6 4 -1 10 -3 8 -8 17 -6 -12 20 14 15 16 -14 -10 -13 -20 21 -2 23 24 -23 -18 27 28 -15
right_child=1 2 -4 -5 5 -7 7 -9 9 -11 11 18 13 26 -16 -17 25 -19 19 -21 -22 22 -24 -25 -26 -27 -28 -29 -30
leaf_value=0 0 0 0 0 0 0 0 0 0 0 0 0 0 0 0 0 -9.6116245802088701e-06 -3.9812905424405818e-05 3.5798046898515797e-05 0 0 5.9520646042087293e-06 0 0 0 0 0 0 4.4433769826602446e-06
leaf_weight=142 71 19 415 1291 84 22 47 88 36 22 26 32 122 440 465 245 2191 469 502 12.999999999999998 132 1597 469 191 24 17 1118 1155 1501
leaf_count=142 71 19 415 1291 84 22 47 88 36 22 26 32 122 440 465 245 2191 469 502 13 132 1597 469 191 24 17 1118 1155 1501
internal_value=0 -1.83696e-06 -1.60439e-05 9.19031e-06 2.06355e-05 2.54973e-05 -2.79243e-05 -2.97651e-05 -3.37595e-05 -3.64213e-05 2.88191e-05 3.1644e-05 0 -9.00035e-07 -4.86112e-06 -7.34335e-06 -8.59351e-06 -3.81207e-05 3.32998e-05 3.45825e-05 1.69699e-06 2.49729e-06 2.999e-06 4.42512e-06 5.51955e-06 -9.44621e-06 0 7.45769e-07 3.00006e-06
internal_weight=0 10834 1096 2112 821 679 681 662 574 527 657 573 9738 7254 3040 2575 2330 505 547 515 2484 2352 2281 1812 1621 2208 4214 3096 1941
internal_count=12946 10834 1096 2112 821 679 681 662 574 527 657 573 9738 7254 3040 2575 2330 505 547 515 2484 2352 2281 1812 1621 2208 4214 3096 1941
is_linear=0
shrinkage=0.05


Tree=2
num_leaves=27
num_cat=0
split_feature=2 34 35 46 4 8 10 5 45 22 7 54 25 35 25 20 3 37 2 22 53 6 2 37 6 1
split_gain=5.72541e-05 7.9254e-05 4.75618e-05 0.000100059 5.51008e-05 5.35568e-05 4.64813e-05 2.37347e-05 1.79769e-05 2.39207e-05 1.32123e-05 1.18697e-05 2.21142e-05 1.77941e-05 1.82371e-05 7.95338e-06 1.53919e-05 4.52848e-06 2.64538e-06 2.58528e-06 1.47171e-06 1.39305e-06 3.98252e-06 5.71446e-06 3.05741e-06 8.83551e-07
threshold=146.9668011504709 0.17617321428571348 1.0215886830872838 66.121962562692445 0.48996428571428657 3158.1250000000005 0.00046539709079269957 0.26100000000000995 87.869548653498313 -0.37934494839660865 0.0039645658957739496 0.004037249889795938 5.7939687176221684 0.68885132403896709 -13.274964750678576 -0.00014080886778927712 155.63059316148909 0.35550000000000642 148.31469472664432 -0.4072752619553473 147.77887000000001 -1.0494999999999945 148.01089819730751 -0.15099999999999622 0.0050000000000096642 161.62247500000001
decision_type=2 2 2 2 2 2 2 2 2 2 2 2 2 2 2 2 2 2 2 2 2 2 2 2 2 2
left_child=8 15 3 4 5 -3 -7 -8 9 -1 11 12 13 -11 -15 21 17 18 -17 -20 -21 -2 -23 -24 25 -25
right_child=1 2 -4 -5 -6 6 7 -9 -10 10 -12 -13 -14 14 -16 16 -18 -19 19 20 -22 22 23 24 -26 -27
leaf_value=0 0 0 0 0 0 0 -3.0200282392854139e-05 0 0 0 0 0 0 0 2.070910115489119e-05 0 0 0 0 0 5.8402166986652451e-06 0 0 -4.4328779846381166e-06 0 0
leaf_weight=321 77 89 1765 995 17 117 1164 53 332 114 9.9999999999999982 174 226 24 952 320 1298 27 30 10.999999999999998 2534 120 209 1912 183 18
leaf_count=321 77 89 1765 995 17 117 1164 53 332 114 10 174 226 24 952 320 1298 27 30 11 2534 120 209 1912 183 18
internal_value=0 -2.08461e-06 -7.64783e-06 -1.22354e-05 -2.06592e-05 -2.29931e-05 -2.57739e-05 -2.86985e-05 6.66301e-06 8.78433e-06 1.15557e-05 1.25138e-05 1.41364e-05 1.7087e-05 1.92776e-05 0 2.17057e-06 4.46896e-06 4.90592e-06 5.44305e-06 5.70221e-06 0 -1.19414e-06 -2.4056e-06 -3.62206e-06 -4.28052e-06
internal_weight=0 10939 4200 2435 1440 1423 1334 1217 2153 1821 1500 1490 1316 1090 976 6739 4220 2922 2895 2575 2545 2519 2442 2322 2113 1930
internal_count=13092 10939 4200 2435 1440 1423 1334 1217 2153 1821 1500 1490 1316 1090 976 6739 4220 2922 2895 2575 2545 2519 2442 2322 2113 1930
is_linear=0
shrinkage=0.05


Tree=3
num_leaves=27
num_cat=0
split_feature=49 42 34 34 8 11 29 22 1 3 34 3 46 8 8 41 9 22 1 20 11 8 49 8 45 20
split_gain=3.39317e-05 3.97211e-05 3.29662e-05 3.04146e-05 2.3926e-05 3.50485e-05 3.32117e-05 3.65993e-05 2.77628e-05 1.76665e-05 1.5373e-05 6.31821e-05 4.3375e-05 3.73991e-05 3.32981e-05 3.26674e-05 1.51833e-05 1.01589e-05 9.20441e-06 9.19931e-06 8.94164e-06 8.2683e-06 8.1552e-06 2.79095e-06 2.59079e-06 1.28133e-06
threshold=47.04265679133659 1.0392030469585805 0.14076250000000026 0.34845714285714213 2791.2000000000003 0.061499999999995232 0.023637013769305566 0.62349015947825726 144.88300000000004 157.6340820708715 0.1621982142857121 144.41284234302299 70.679667596510001 3158.1250000000005 9302.6750000000011 0.00075997221712429308 0.076000000000007631 0.46416655245864097 155.614025 -0.0011190989058836307 0.0064999999999884048 10181.600000000002 83.235516415485264 5071.3250000000007 93.19037387346448 0.0052662574395395687
decision_type=2 2 2 2 2 2 2 2 2 2 2 2 2 2 2 2 2 2 2 2 2 2 2 2 2 2
left_child=1 10 -3 16 -2 -6 7 8 -7 22 18 -12 13 -13 15 -15 -4 20 19 -1 -18 -22 -10 24 25 -21
right_child=4 2 3 -5 5 6 -8 -9 9 -11 11 12 -14 14 -16 -17 17 -19 -20 23 21 -23 -24 -25 -26 -27
leaf_value=0 0 0 0 0 0 0 0 0 -2.3824892256483319e-05 0 0 0 0 0 0 -2.1622326455746158e-05 0 0 0 6.8312405330449066e-06 1.4071978825600784e-05 0 0 0 0 0
leaf_weight=280 502 1427 138 150 1133 192 30 99 910 26 730 188 835 250 45 1193 74 155 1011 1457 1960 11.999999999999998 21 33 171 11.999999999999998
leaf_count=280 502 1427 138 150 1133 192 30 99 910 26 730 188 835 250 45 1193 74 155 1011 1457 1960 12 21 33 171 12
internal_value=0 1.54132e-06 5.61212e-06 9.0917e-06 -4.56776e-06 -7.07208e-06 -1.27628e-05 -1.52747e-05 -1.8249e-05 -2.1733e-05 0 -3.19529e-06 -8.72213e-06 -1.33663e-05 -1.62496e-05 -1.81648e-05 1.09756e-05 1.20523e-05 1.34207e-06 3.80972e-06 1.29874e-05 1.36505e-05 -2.30854e-05 5.53958e-06 5.96306e-06 6.64113e-06
internal_weight=0 10121 3916 2489 2913 2411 1278 1248 1149 957 6205 3241 2511 1676 1488 1443 2339 2201 2964 1953 2046 1972 931 1673 1640 1469
internal_count=13034 10121 3916 2489 2913 2411 1278 1248 1149 957 6205 3241 2511 1676 1488 1443 2339 2201 2964 1953 2046 1972 931 1673 1640 1469
is_linear=0
shrinkage=0.05


Tree=4
num_leaves=26
num_cat=0
split_feature=2 41 49 46 8 42 33 26 33 34 10 29 22 20 3 37 0 2 46 2 37 54 18 3 49
split_gain=4.65045e-05 8.08706e-05 5.0346e-05 4.95479e-05 3.46084e-05 0.000128955 5.06978e-05 3.07765e-05 4.50127e-05 3.0765e-05 2.58961e-05 2.01827e-05 1.07267e-05 8.15053e-06 3.00898e-05 6.25554e-06 4.19892e-06 3.37276e-06 7.99561e-06 3.48734e-06 3.18744e-06 3.07949e-06 3.13156e-06 2.21582e-06 2.39962e-09
threshold=146.82677858586018 0.00075997221712429308 29.057321068407024 78.312589197297456 3403.9000000000001 0.97379623806727811 0.00081534340580861897 0.01427865755930144 0.0016194396393633744 0.54904821428571593 0.0003231205695465366 0.0019802016646711484 0.23516319422928331 -0.00063016870667087488 155.67702362186785 -0.68549999999999034 26.858858063604817 159.07895707563929 8.8303198526004998 147.97107074873705 0.36349999999998778 -1.9942499538392344e-05 -0.0038723680687612334 146.98781334513205 42.87714304795545
decision_type=2 2 2 2 2 2 2 2 2 2 2 2 2 2 2 2 2 2 2 2 2 2 2 2 2
left_child=2 13 7 4 -3 6 -6 8 -1 10 -8 -10 -13 17 15 -15 -17 18 -2 -20 23 22 -21 -18 -7
right_child=1 3 -4 -5 5 24 9 -9 11 -11 -12 12 -14 14 -16 16 20 -19 19 21 -22 -23 -24 -25 -26
leaf_value=0 0 0 0 0 0 0 0 0 0 0 -3.1919906185705979e-05 4.5773162077175923e-05 0 0 0 0 0 0 0 0 0 0 -6.211520975387322e-06 6.6127574102909286e-06 -9.9144616010875574e-08
leaf_weight=472 134 429 1275 1022 80 1041 20 22 68 15.999999999999998 1035 218 10.999999999999998 59 1433 33 88 152 89 53 33 196 1371 3087 610
leaf_count=472 134 429 1275 1022 80 1041 20 22 68 16 1035 218 11 59 1433 33 88 152 89 53 33 196 1371 3087 610
internal_value=0 -2.16547e-06 5.59861e-06 -7.72275e-06 -1.08092e-05 -1.28686e-05 -2.61361e-05 1.55213e-05 1.86498e-05 -2.91962e-05 -3.06304e-05 3.57564e-05 4.33327e-05 0 2.06247e-06 5.37531e-06 5.85191e-06 -3.48203e-07 -2.16924e-06 -4.09497e-06 6.15378e-06 -4.80318e-06 -5.62589e-06 6.3853e-06 0
internal_weight=0 10981 2066 4253 3231 2802 1151 791 769 1071 1055 297 229 6728 4733 3300 3241 1995 1843 1709 3208 1620 1424 3175 1651
internal_count=13047 10981 2066 4253 3231 2802 1151 791 769 1071 1055 297 229 6728 4733 3300 3241 1995 1843 1709 3208 1620 1424 3175 1651
is_linear=0
shrinkage=0.05


Tree=5
num_leaves=29
num_cat=0
split_feature=2 49 37 49 2 34 38 1 34 20 38 42 41 49 0 38 54 41 27 3 53 14 0 1 35 34 1 35
split_gain=2.50938e-05 7.24802e-05 4.97867e-05 2.72744e-05 2.38656e-05 1.95566e-05 1.33194e-05 1.30347e-05 2.74227e-05 1.74782e-05 1.52235e-05 8.88617e-06 8.84394e-06 8.6203e-06 8.34039e-06 4.83842e-06 7.12091e-06 7.08128e-06 4.74995e-06 4.58416e-06 3.69878e-06 3.88119e-06 3.59555e-06 3.39525e-06 4.46698e-06 3.39147e-06 1.37593e-06 5.2382e-07
threshold=146.9668011504709 23.756470990271897 0.27100000000000085 20.767950127527815 158.82110083542162 0.54904821428571593 0.29243851542866567 157.22902500000001 0.17862499999999662 -0.00063016870667087488 0.78440099141186348 1.5308917387218097 0.00030860036407491374 15.688106681519937 32.06032374024003 0.44803979096938523 -0.00449534360070731 0.00023800521799418508 -0.088456732850583461 156.81718789713128 156.97678000000002 0.0019999999999953393 74.189213950186641 154.18042500000004 1.3437527386361636 0.60932321428571623 146.32367500000001 0.59599415188839722
decision_type=2 2 2 2 2 2 2 2 2 2 2 2 2 2 2 2 2 2 2 2 2 2 2 2 2 2 2 2
left_child=1 5 7 -4 6 13 -5 8 9 -2 -11 18 -12 -1 -15 -9 -17 -18 -8 -14 -19 -22 -16 24 26 -20 -10 -28
right_child=2 -3 3 4 -6 -7 11 15 23 10 12 -13 19 14 22 16 17 20 25 -21 21 -23 -24 -25 -26 -27 27 -29
leaf_value=0 0 0 0 0 0 0 0 0 0 0 0 0 9.4582988259066446e-06 0 3.1676374651473005e-05 0 0 0 -1.4904335517873919e-05 0 0 -8.5058347240612245e-06 0 0 0 0 0 -4.100723296868303e-06
leaf_weight=138 1270 1586 176 152 77 9.9999999999999982 31 158 19 1055 353 59 2356 31 341 40 29 30 1485 78 100 998 17 731 157 17 95 1451
leaf_count=138 1270 1586 176 152 77 10 31 158 19 1055 353 59 2356 31 341 40 29 30 1485 78 100 998 17 731 157 17 95 1451
internal_value=0 5.35884e-06 -4.01428e-07 -7.94974e-06 -1.03317e-05 2.12303e-05 -1.2069e-05 0 1.88608e-06 4.32138e-06 6.01822e-06 -1.34342e-05 7.97385e-06 2.34946e-05 2.83377e-05 -2.04624e-06 -3.85259e-06 -5.54419e-06 -1.42095e-05 9.04904e-06 -6.87155e-06 -7.54502e-06 3.05073e-05 0 -2.21999e-06 -1.46281e-05 -3.5436e-06 -3.8647e-06
internal_weight=0 2123 10917 1997 1821 537 1744 8920 7565 5112 3842 1592 2787 527 389 1355 1197 1157 1533 2434 1128 1098 358 2453 1722 1502 1565 1546
internal_count=13040 2123 10917 1997 1821 537 1744 8920 7565 5112 3842 1592 2787 527 389 1355 1197 1157 1533 2434 1128 1098 358 2453 1722 1502 1565 1546
is_linear=0
shrinkage=0.05


Tree=6
num_leaves=25
num_cat=0
split_feature=2 34 1 37 49 49 34 33 8 28 46 34 46 53 8 2 8 3 41 8 8 37 1 12
split_gain=3.54694e-05 0.000104878 5.71835e-05 3.7695e-05 3.16131e-05 3.66022e-05 2.41114e-05 1.97007e-05 1.90211e-05 1.67056e-05 1.2563e-05 1.38692e-05 1.22505e-05 8.67302e-06 1.95492e-05 1.77936e-05 7.56805e-06 5.31279e-06 5.64276e-06 4.0125e-06 4.16586e-06 5.67217e-06 6.75278e-06 4.00779e-06
threshold=146.9668011504709 0.23071250000000013 153.97090000000003 -1.021500000000003 24.826026171040692 15.688106681519937 0.54904821428571593 0.0011926296412229375 3655.8500000000008 -1.0990863783150624 94.731701734713809 0.25874821428570999 94.731701734713809 155.74525000000003 3715.9250000000006 148.31469472664432 1726.5000000000002 155.63059316148909 0.00030860036407491374 4507.5500000000002 2169.7250000000008 -0.74049999999999716 158.65337500000001 5.1074843377821328e-05
decision_type=2 2 2 2 2 2 2 2 2 2 2 2 2 2 2 2 2 2 2 2 2 2 2 2
left_child=4 13 3 -3 5 -1 7 -7 -5 -10 11 -11 -9 14 15 -2 -17 18 -18 20 -15 -22 23 -23
right_child=1 2 -4 8 -6 6 -8 12 9 10 -12 -13 -14 19 -16 16 17 -19 -20 -21 21 22 -24 -25
leaf_value=0 0 0 0 0 0 0 0 3.3895156085652426e-05 0 0 0 -3.2860550826085645e-05 0 0 0 0 0 0 8.0263583947342094e-06 0 0 0 0 -7.2579286492144133e-06
leaf_weight=145 280 79 662 44 1550 87 13.999999999999998 338 43 390 15.999999999999998 616 9.9999999999999982 582 3188 98 409 22 2504 239 14.999999999999998 133 412 1168
leaf_count=145 280 79 662 44 1550 87 14 338 43 390 16 616 10 582 3188 98 409 22 2504 239 15 133 412 1168
internal_value=0 -9.90842e-07 -1.21445e-05 -1.87072e-05 6.03013e-06 1.62537e-05 2.35182e-05 2.6634e-05 -2.14437e-05 -2.28793e-05 -2.42143e-05 -2.50373e-05 3.20619e-05 0 1.82558e-06 4.61411e-06 6.15796e-06 6.75516e-06 7.10886e-06 -7.77573e-08 -2.08534e-06 -3.44078e-06 -4.49659e-06 -6.29238e-06
internal_weight=0 10900 1850 1188 2144 594 449 435 1109 1065 1022 1006 348 9050 6501 3313 3033 2935 2913 2549 2310 1728 1713 1301
internal_count=13044 10900 1850 1188 2144 594 449 435 1109 1065 1022 1006 348 9050 6501 3313 3033 2935 2913 2549 2310 1728 1713 1301
is_linear=0
shrinkage=0.05


Tree=7
num_leaves=31
num_cat=0
split_feature=2 8 7 37 33 46 37 2 4 7 0 51 35 37 34 46 11 29 27 27 54 46 33 13 37 41 41 46 7 33
split_gain=2.74535e-05 5.32618e-05 6.5466e-05 3.95662e-05 3.66864e-05 8.99928e-05 3.47302e-05 2.60073e-05 2.57202e-05 2.11749e-05 2.88196e-05 1.86527e-05 2.66737e-05 2.00455e-05 3.10211e-05 1.91143e-05 1.81894e-05 1.75178e-05 1.23754e-05 1.09583e-05 7.53071e-06 1.09541e-05 7.04195e-06 5.49171e-06 5.01354e-06 5.3943e-06 2.44571e-06 2.13003e-05 7.05277e-06 8.50373e-06
threshold=146.82677858586018 5680.4500000000007 0.0008757959406891267 -1.1400000000000003 0.0016410721219514335 85.127595608209973 0.96650000000001068 158.29599461378774 0.18374999999999733 0.0010294859576031005 74.681009633421652 157.22902500000001 0.90450748294465233 0.27100000000000085 0.13590000000000152 88.508868542467539 0.011999999999986246 0.0017395739050543623 -0.088456732850583461 -0.12379861782724021 -0.0051829652181391867 77.378935743339582 0.0003921802440675169 0.00099999999999056421 -0.76800000000000057 0.00023800521799418508 0.00064288585636087007 77.378935743339582 0.0014128759840445024 0.00072577085295805579
decision_type=2 2 2 2 2 2 2 2 2 2 2 2 2 2 2 2 2 2 2 2 2 2 2 2 2 2 2 2 2 2
left_child=4 11 -3 -4 -1 6 9 8 -5 -6 16 12 26 14 -14 19 -11 -10 -19 -16 -13 22 -22 -18 -24 -26 -2 28 29 -28
right_child=1 2 3 7 5 -7 -8 -9 17 10 -12 20 13 -15 15 -17 23 18 -20 -21 21 -23 24 -25 25 -27 27 -29 -30 -31
leaf_value=0 0 0 0 0 0 0 0 0 0 0 0 0 0 0 0 0 0 0 -2.6202635923537838e-05 1.27277123627425e-05 0 0 0 3.5866631488777907e-05 0 -1.0545665081094679e-05 0 0 0 -1.0705668309075945e-05
leaf_weight=1231 1153 322 78 49 91 115 47 34 184 27 9.9999999999999982 40 2114 849 57 330 10.999999999999998 32 875 1857 46 448 9.9999999999999982 509 10.999999999999998 945 183 461 44 857
leaf_count=1231 1153 322 78 49 91 115 47 34 184 27 10 40 2114 849 57 330 11 32 875 1857 46 448 10 509 11 945 183 461 44 857
internal_value=0 -3.27128e-07 -9.23723e-06 -1.54259e-05 5.74865e-06 1.40157e-05 2.35054e-05 -1.83847e-05 -2.01269e-05 2.69534e-05 3.06611e-05 0 1.9911e-06 4.33872e-06 5.83009e-06 1.00281e-05 3.29989e-05 -2.19591e-05 -2.50652e-05 1.19524e-05 -3.19252e-06 -4.83361e-06 -7.79461e-06 3.51117e-05 -9.04805e-06 -9.78927e-06 0 -1.98914e-06 -7.3993e-06 -8.60315e-06
internal_weight=0 10979 1574 1252 2041 810 695 1174 1140 648 557 9405 7905 5207 4358 2244 547 1091 907 1914 1500 1460 1012 520 966 956 2698 1545 1084 1040
internal_count=13020 10979 1574 1252 2041 810 695 1174 1140 648 557 9405 7905 5207 4358 2244 547 1091 907 1914 1500 1460 1012 520 966 956 2698 1545 1084 1040
is_linear=0
shrinkage=0.05


Tree=8
num_leaves=24
num_cat=0
split_feature=2 34 37 9 34 41 8 53 49 49 34 46 3 53 49 49 3 41 2 1 49 3 41
split_gain=3.68777e-05 7.17101e-05 5.10928e-05 2.59009e-05 2.02531e-05 3.88909e-05 4.43949e-05 2.01502e-05 1.18903e-05 4.01369e-05 2.03789e-05 1.40314e-05 5.04842e-06 1.43895e-06 3.17459e-06 8.23155e-06 1.41264e-06 3.31306e-07 2.78161e-07 4.53904e-07 4.17972e-07 3.72759e-07 1.83616e-07
threshold=146.9668011504709 0.23071250000000013 -0.86299999999999943 0.083000000000012633 0.60932321428571623 0.0013893201941442114 4111.7500000000009 159.55453000000003 23.919563097867194 15.688106681519937 0.46357678571428523 94.367684061163615 145.89992517557246 155.74525000000003 28.063351155016992 47.863869887149782 155.52777802423478 0.0013143802661407065 159.07895707563929 158.65337500000001 10.304263213021613 154.82425750332456 0.00083289616491301051
decision_type=2 2 2 2 2 2 2 2 2 2 2 2 2 2 2 2 2 2 2 2 2 2 2
left_child=8 13 -3 -4 5 17 -7 -8 9 -1 11 12 -11 14 -2 16 -16 22 19 20 -15 -22 -5
right_child=1 2 3 4 -6 6 7 -9 -10 10 -12 -13 -14 18 15 -17 -18 -19 -20 -21 21 -23 -24
leaf_value=0 0 0 0 0 0 0 -4.2168582411389373e-05 0 0 2.8391920558165832e-05 0 0 0 0 3.6331920629687503e-06 0 0 0 0 0 0 -1.408406654865127e-06 -1.1944421226717802e-06
leaf_weight=132 2536 165 108 49 22 44 393 22 1594 375 14.999999999999998 9.9999999999999982 11.999999999999998 18 2700 1287 9.9999999999999982 117 554 28 20 1919 902
leaf_count=132 2536 165 108 49 22 44 393 22 1594 375 15 10 12 18 2700 1287 10 117 554 28 20 1919 902
internal_value=0 -1.29888e-06 -1.04146e-05 -1.4012e-05 -1.58687e-05 -1.69881e-05 -3.42249e-05 -3.95309e-05 5.8754e-06 1.37923e-05 2.22374e-05 2.5326e-05 2.73594e-05 0 7.42024e-07 1.69864e-06 3.44214e-06 0 -7.7424e-09 -5.91905e-07 -9.67017e-07 -1.21763e-06 -9.33095e-07
internal_weight=0 10894 1822 1657 1549 1527 459 415 2138 544 412 397 387 9072 6533 3997 2710 1068 2539 1985 1957 1939 951
internal_count=13032 10894 1822 1657 1549 1527 459 415 2138 544 412 397 387 9072 6533 3997 2710 1068 2539 1985 1957 1939 951
is_linear=0
shrinkage=0.05


Tree=9
num_leaves=22
num_cat=0
split_feature=2 34 3 37 34 2 6 33 49 41 45 37 1 53 36 37 3 7 3 53 53
split_gain=2.38909e-05 3.92443e-05 4.37828e-05 5.69049e-05 5.05634e-05 3.09476e-05 2.14572e-05 4.17455e-05 3.29644e-05 2.33053e-05 3.79188e-05 1.83235e-06 1.3209e-05 2.04955e-05 5.60892e-06 6.64392e-06 1.6672e-06 1.20892e-06 6.78829e-06 1.15733e-06 2.46183e-07
threshold=146.9668011504709 0.23071250000000013 146.98781334513205 -1.1400000000000003 0.26903392857142988 147.14827321699929 1.5735000000000101 0.0016010183619919829 36.57279132679659 0.001243643362852484 87.869548653498313 0.27100000000000085 157.22902500000001 151.74638000000002 1.4080918051421396 -0.61750000000000671 151.21948912362743 0.0013367119433100874 147.1338033101629 158.35186000000002 147.9693
decision_type=2 2 2 2 2 2 2 2 2 2 2 2 2 2 2 2 2 2 2 2 2
left_child=6 11 3 -3 -5 -6 7 -1 9 -9 -11 12 13 -2 15 -15 -17 18 -13 20 -20
right_child=1 2 -4 4 5 -7 -8 8 -10 10 -12 17 -14 14 -16 16 -18 -19 19 -21 -22
leaf_value=0 0 0 0 0 0 -5.3092596153984819e-05 0 0 0 4.2602546871709412e-05 0 0 0 0 0 0 7.2361591861911976e-06 0 0 0 -4.7213752988700716e-06
leaf_weight=1200 3543 39 1502 92 15.999999999999998 197 53 226 366 248 33 76 1260 129 455 12.999999999999998 2361 59 27 45 1054
leaf_count=1200 3543 39 1502 92 16 197 53 226 366 248 33 76 1260 129 455 13 2361 59 27 45 1054
internal_value=0 -4.84044e-07 -7.38365e-06 -2.47035e-05 -3.39735e-05 -4.73778e-05 5.18577e-06 7.31115e-06 1.56974e-05 2.42205e-05 3.55677e-05 0 7.68257e-07 2.40499e-06 5.4801e-06 6.41027e-06 7.09365e-06 0 -1.58548e-06 -4.2132e-06 -4.60061e-06
internal_weight=0 10868 1846 344 305 213 2126 2073 873 507 281 9022 7761 6501 2958 2503 2374 1261 1202 1126 1081
internal_count=12994 10868 1846 344 305 213 2126 2073 873 507 281 9022 7761 6501 2958 2503 2374 1261 1202 1126 1081
is_linear=0
shrinkage=0.05


Tree=10
num_leaves=24
num_cat=0
split_feature=49 42 34 4 8 4 6 4 53 14 4 37 4 34 1 53 37 12 45 49 49 46 3
split_gain=2.39372e-05 2.97177e-05 3.9955e-05 3.50139e-05 3.03597e-05 2.90464e-05 3.58637e-05 2.54863e-05 2.52671e-05 2.59859e-05 2.38006e-05 2.91136e-05 3.66863e-05 2.02787e-05 1.46573e-05 1.45486e-05 1.42314e-05 1.16988e-05 1.06411e-05 5.45423e-06 5.25553e-06 4.4358e-06 2.36721e-06
threshold=47.298190640322943 0.9157824918075278 0.16138571428571133 0.3228214285714322 3142.5000000000005 0.23039285714285998 -2.0684999999999856 0.12950000000000225 142.82845000000003 0.15450000000001299 0.23157142857142587 0.872 0.58892857142857191 0.19069821428571523 141.18190000000001 158.01283000000004 -1.1400000000000003 4.6152375910097898e-05 99.120839083336406 14.191885679596311 33.72703457415583 4.8643166291914968 154.52420087492123
decision_type=2 2 2 2 2 2 2 2 2 2 2 2 2 2 2 2 2 2 2 2 2 2 2
left_child=1 2 22 4 -4 -2 -7 -6 -9 -10 20 12 17 -8 -15 16 -16 -12 19 -19 -3 -18 -1
right_child=5 10 3 -5 7 6 13 8 9 -11 11 -13 -14 14 15 -17 21 18 -20 -21 -22 -23 -24
leaf_value=2.3481588993539801e-06 0 0 0 0 0 0 0 0 -1.9543446240122872e-05 0 0 0 0 0 0 0 0 0 0 1.6708659473574314e-05 2.8327872058907702e-06 -2.6860715838719007e-05 0
leaf_weight=1073 1992 3166 267 123 190 84 99 139 1192 51 54 104 36 13.999999999999998 72 14.999999999999998 11.999999999999998 64 19 1331 1637 538 725
leaf_count=1073 1992 3166 267 123 190 84 99 139 1192 51 54 104 36 14 72 15 12 64 19 1331 1637 538 725
internal_value=0 6.36066e-07 -2.44485e-07 -7.14268e-06 -1.01005e-05 -4.44045e-06 -1.2403e-05 -1.29467e-05 -1.53867e-05 -1.77208e-05 3.49211e-06 9.25255e-06 1.18285e-05 -1.70457e-05 -2.03116e-05 -2.18888e-05 -2.34332e-05 1.4346e-05 1.53083e-05 1.60188e-05 0 -2.61842e-05 0
internal_weight=0 10171 3760 1962 1839 2826 834 1572 1382 1243 6411 1608 1504 750 651 637 622 1468 1414 1395 4803 550 1798
internal_count=12997 10171 3760 1962 1839 2826 834 1572 1382 1243 6411 1608 1504 750 651 637 622 1468 1414 1395 4803 550 1798
is_linear=0
shrinkage=0.05


Tree=11
num_leaves=31
num_cat=0
split_feature=3 8 49 1 7 34 35 49 53 20 34 30 10 46 36 36 8 41 3 7 14 26 37 45 49 46 35 42 42 35
split_gain=3.34036e-05 5.80208e-05 6.42104e-05 5.67019e-05 4.56673e-05 3.32967e-05 4.74292e-05 3.73103e-05 2.47815e-05 3.32981e-05 3.58781e-05 2.36371e-05 1.9686e-05 1.88608e-05 1.40931e-05 1.52778e-05 1.36195e-05 1.23375e-05 1.00913e-05 8.71342e-06 8.53541e-06 9.51084e-06 9.27425e-06 6.44458e-06 8.76291e-06 5.60439e-06 1.2095e-06 3.75987e-06 3.04613e-06 6.11095e-06
threshold=142.10165218977667 5647.0250000000005 22.218562728498288 150.66010000000003 0.00084461680734886763 0.18322500000000139 0.8399807450607254 69.094802879606803 155.94569000000004 -0.00059497350853293652 0.19257678571428596 0.016680234577965965 0.00046539709079269957 91.888899874910479 4.0704012149677551 -2.9416674930573059 4388.4500000000016 0.0011000756405020638 155.63059316148909 0.00094971518870355664 0.0019999999999953393 0.0015890582134627446 -0.33750000000000563 97.821878247229805 16.309137258704801 91.664489233338841 1.202002259226034 1.2465112556463607 0.77111343812901156 0.72415769695852539
decision_type=2 2 2 2 2 2 2 2 2 2 2 2 2 2 2 2 2 2 2 2 2 2 2 2 2 2 2 2 2 2
left_child=5 8 -3 4 -4 -1 -7 11 9 26 12 16 -11 14 15 -6 -8 18 -14 20 -10 -22 -23 24 -18 -24 27 28 -2 -30
right_child=1 2 3 -5 13 6 7 -9 19 10 -12 -13 17 -15 -16 -17 23 -19 -20 -21 21 22 25 -25 -26 -27 -28 -29 29 -31
leaf_value=0 0 0 0 0 0 0 0 0 0 0 0 0 1.0679110948555531e-05 0 0 -2.7714833894572503e-05 0 0 0 0 0 0 -8.7466146300238145e-06 0 4.1338290418750629e-05 0 0 0 0 -4.8993216563209904e-06
leaf_weight=81 368 509 193 433 39 119 25 30 211 925 1044 9.9999999999999982 2942 65 37 887 9.9999999999999982 26 49 293 245 221 1428 9.9999999999999982 298 142 576 90 188 1471
leaf_count=81 368 509 193 433 39 119 25 30 211 925 1044 10 2942 65 37 887 10 26 49 293 245 221 1428 10 298 142 576 90 188 1471
internal_value=0 -2.63192e-08 -8.17339e-06 -1.35792e-05 -1.91269e-05 1.19646e-05 1.82197e-05 2.72831e-05 2.30505e-07 2.73214e-06 5.30951e-06 3.27351e-05 7.64254e-06 -2.33565e-05 -2.51254e-05 -2.63541e-05 3.57062e-05 9.6242e-06 1.01854e-05 -1.42713e-06 -3.46344e-06 -4.87006e-06 -6.34311e-06 3.84972e-05 3.9779e-05 -7.78863e-06 0 -1.19504e-06 -2.47549e-06 -3.47514e-06
internal_weight=0 12382 2163 1654 1221 583 502 383 10219 7679 4986 353 3942 1028 963 926 343 3017 2991 2540 2247 2036 1791 318 308 1570 2693 2117 2027 1659
internal_count=12965 12382 2163 1654 1221 583 502 383 10219 7679 4986 353 3942 1028 963 926 343 3017 2991 2540 2247 2036 1791 318 308 1570 2693 2117 2027 1659
is_linear=0
shrinkage=0.05


Tree=12
num_leaves=27
num_cat=0
split_feature=2 34 49 37 10 20 34 3 49 6 49 8 45 1 20 8 7 45 41 34 46 41 18 9 8 46
split_gain=2.04548e-05 5.17491e-05 2.99429e-05 2.26185e-05 1.90961e-05 1.62895e-05 1.44541e-05 1.56762e-05 1.55245e-05 1.30708e-05 1.42945e-05 1.68567e-05 2.25374e-05 1.02416e-05 2.74492e-05 1.23834e-05 1.54708e-05 9.6688e-06 7.94997e-06 5.48871e-06 3.25528e-06 8.66594e-07 2.14709e-06 3.18356e-06 3.03482e-06 2.53366e-06
threshold=146.9668011504709 0.17617321428571348 29.057321068407024 -0.81050000000000455 0.00041942663754697477 0.010528489666517206 0.17617321428571348 145.89992517557246 12.924558202252923 -2.0684999999999856 14.971699683027943 3566.0250000000001 92.913279980593117 157.22902500000001 -0.00081665366048672128 4602.2250000000013 0.00030422361366307511 97.821878247229805 0.00077787104986881759 0.17862499999999662 95.088223186172527 0.00023800521799418508 -0.0037138101861823865 0.041000000000011035 4216.1750000000011 90.109435089819911
decision_type=2 2 2 2 2 2 2 2 2 2 2 2 2 2 2 2 2 2 2 2 2 2 2 2 2 2
left_child=2 13 5 -3 -5 6 -1 8 -8 -6 -11 -12 -13 14 -2 16 -16 19 20 -10 -18 -15 -23 -24 25 -25
right_child=1 3 -4 4 9 -7 7 -9 17 10 11 12 -14 21 15 -17 18 -19 -20 -21 -22 22 23 24 -26 -27
leaf_value=0 0 0 0 0 0 0 0 0 0 0 0 -1.2148571361182152e-05 0 0 0 0 8.5521185222258849e-06 0 0 2.4204696298078685e-05 0 0 0 -5.6606679197861186e-06 0 0
leaf_weight=172 1477 239 1281 176 74 13.999999999999998 42 19 17 200 404 2816 250 30 659 406 2623 14.999999999999998 185 518 120 25 83 918 48 115
leaf_count=172 1477 239 1281 176 74 14 42 19 17 200 404 2816 250 30 659 406 2623 15 185 518 120 25 83 918 48 115
internal_value=0 -1.17956e-06 4.16445e-06 -5.89351e-06 -7.16065e-06 1.17938e-05 1.3913e-05 1.75256e-05 1.95747e-05 -8.15077e-06 -8.75658e-06 -9.56005e-06 -1.0825e-05 0 2.16299e-06 4.85732e-06 5.9071e-06 2.19759e-05 7.48028e-06 2.32729e-05 8.18369e-06 -9.47567e-08 -1.35309e-06 -2.54567e-06 -3.7866e-06 -4.72726e-06
internal_weight=0 10848 2078 4159 3920 797 783 611 592 3744 3670 3470 3066 6689 5470 3993 3587 550 2928 535 2743 1219 1189 1164 1081 1033
internal_count=12926 10848 2078 4159 3920 797 783 611 592 3744 3670 3470 3066 6689 5470 3993 3587 550 2928 535 2743 1219 1189 1164 1081 1033
is_linear=0
shrinkage=0.05


Tree=13
num_leaves=25
num_cat=0
split_feature=2 34 3 37 2 49 34 49 9 3 46 49 3 2 34 2 11 56 49 49 49 49 2 56
split_gain=1.51804e-05 5.03808e-05 4.84142e-05 5.6708e-05 3.07419e-05 2.44082e-05 1.56692e-05 1.69207e-05 1.54738e-05 1.30846e-05 4.15856e-06 4.56967e-06 3.99574e-06 7.98278e-06 3.60256e-06 2.82214e-06 2.02307e-06 5.49209e-07 1.22526e-06 1.06399e-06 1.54871e-06 5.61421e-07 6.26686e-07 5.16611e-07
threshold=146.9668011504709 0.26138035714285618 146.98781334513205 -0.86299999999999943 147.14827321699929 29.057321068407024 0.49864464285714244 14.971699683027943 0.085499999999996149 145.89992517557246 94.731701734713809 27.430501726080859 149.50636851518661 148.31469472664432 0.27210892857142888 150.98023774223756 0.35750000000000176 1.5000000000000002 13.913838878517963 49.65212630566765 32.530756445008883 54.319036181877408 150.06329314594058 1.0000000180025095e-35
decision_type=2 2 2 2 2 2 2 2 2 2 2 2 2 2 2 2 2 2 2 2 2 2 2 2
left_child=5 12 3 -3 -5 6 7 -1 -9 10 11 -10 13 -2 -6 16 -15 18 -14 20 -19 22 -20 -24
right_child=1 2 -4 4 14 -7 -8 8 9 -11 -12 -13 17 15 -16 -17 -18 19 21 -21 -22 -23 23 -25
leaf_value=0 0 0 0 0 0 0 0 0 2.2428665907712296e-05 0 0 0 0 5.1266117297134989e-06 -5.046444245290691e-05 0 0 0 0 0 1.8056841862429542e-06 0 0 -1.7258193393749203e-06
leaf_weight=124 986 50 822 18 10.999999999999998 1317 25 38 539 24 11.999999999999998 71 373 1600 187 37 24 602 27 1206 2003 10.999999999999998 60 2920
leaf_count=124 986 50 822 18 11 1317 25 38 539 24 12 71 373 1600 187 37 24 602 27 1206 2003 11 60 2920
internal_value=0 -4.6559e-07 -1.08587e-05 -3.06003e-05 -4.25237e-05 4.06775e-06 1.07669e-05 1.29605e-05 1.61317e-05 1.83136e-05 2.00221e-05 2.0635e-05 0 1.94253e-06 -4.85796e-05 4.24568e-06 4.77285e-06 0 -6.36291e-07 0 1.01044e-06 -1.21234e-06 -1.3935e-06 -1.57643e-06
internal_weight=0 10937 1088 266 216 2150 833 808 684 646 622 610 9849 2647 198 1661 1624 7202 3391 3811 2605 3018 3007 2980
internal_count=13087 10937 1088 266 216 2150 833 808 684 646 622 610 9849 2647 198 1661 1624 7202 3391 3811 2605 3018 3007 2980
is_linear=0
shrinkage=0.05


Tree=14
num_leaves=27
num_cat=0
split_feature=49 26 41 54 4 46 7 8 7 37 10 12 46 2 29 4 53 33 9 8 7 6 14 35 33 46
split_gain=2.66154e-05 0.000100751 7.44495e-05 7.07422e-05 4.60855e-05 8.1192e-05 3.95618e-05 4.22222e-05 3.75702e-05 3.48958e-05 3.29751e-05 4.00539e-05 3.63069e-05 2.97719e-05 3.5589e-05 4.10669e-05 2.99922e-05 2.36399e-05 2.32127e-05 2.38913e-05 1.62405e-05 1.55444e-05 1.48883e-05 1.3295e-05 1.15886e-05 8.74909e-06
threshold=46.225689012540592 0.0084162467541343492 0.00076668613060065446 0.0033065588215619103 0.23039285714285998 67.104895806510982 0.0011795359568091777 3158.1250000000005 0.00075894709573741794 -0.81050000000000455 0.0017794814715003842 0.004488137325245228 86.204414015257854 145.44833016980627 0.023637013769305566 0.19846428571428734 157.76472000000004 0.00081534340580861897 0.063500000000004789 2479.8750000000005 0.0010417971510665064 -2.5750000000000024 0.3524999999999921 1.5797154107721771 0.00054235736551002951 77.731605835014463
decision_type=2 2 2 2 2 2 2 2 2 2 2 2 2 2 2 2 2 2 2 2 2 2 2 2 2 2
left_child=1 2 18 10 5 6 7 -4 -2 -10 -3 12 20 -11 15 -15 21 -9 -1 -20 -12 -17 -22 24 -21 -26
right_child=8 3 4 -5 -6 -7 -8 17 9 13 11 -13 -14 14 -16 16 -18 -19 19 23 22 -23 -24 -25 25 -27
leaf_value=0 0 0 0 0 0 0 0 0 0 0 0 0 0 0 0 0 0 -2.411387889637784e-05 0 0 5.2840186413785662e-05 -2.6850246546219467e-05 0 0 1.1349877773491123e-05 0
leaf_weight=1048 1503 407 221 298 1000 963 80 83 216 250 27 10.999999999999998 14.999999999999998 260 37 11.999999999999998 29 1156 947 239 298 797 12.999999999999998 77 2308 820
leaf_count=1048 1503 407 221 298 1000 963 80 83 216 250 27 11 15 260 37 12 29 1156 947 239 298 797 13 77 2308 820
internal_value=0 2.30054e-06 0 1.6885e-05 -5.08571e-06 -9.0676e-06 -1.62913e-05 -1.8646e-05 -2.10278e-06 -8.19926e-06 2.4991e-05 3.93523e-05 4.33618e-05 -1.18611e-05 -1.54021e-05 -1.80617e-05 -2.34494e-05 -2.22452e-05 4.19044e-06 5.91317e-06 4.72432e-05 -2.57338e-05 5.05561e-05 7.86896e-06 8.55612e-06 9.38409e-06
internal_weight=0 10011 8942 1069 3503 2503 1540 1460 3104 1601 771 364 353 1385 1135 1098 838 1239 5439 4391 338 809 311 3444 3367 3128
internal_count=13115 10011 8942 1069 3503 2503 1540 1460 3104 1601 771 364 353 1385 1135 1098 838 1239 5439 4391 338 809 311 3444 3367 3128
is_linear=0
shrinkage=0.05


Tree=15
num_leaves=26
num_cat=0
split_feature=2 34 49 37 49 3 34 41 10 45 20 10 45 45 53 53 53 37 37 3 1 37 3 37 3
split_gain=2.01259e-05 5.2262e-05 4.37925e-05 4.13258e-05 2.63614e-05 2.17504e-05 1.8171e-05 2.42356e-05 1.78827e-05 1.28477e-05 1.46216e-05 1.50533e-05 1.28693e-05 1.2338e-05 1.13271e-05 2.03292e-06 7.80475e-06 1.83279e-05 7.92336e-06 7.57392e-06 2.65008e-06 1.28629e-06 1.56363e-06 4.18464e-07 1.10511e-09
threshold=146.9668011504709 0.23071250000000013 29.057321068407024 -0.86299999999999943 15.688106681519937 145.89992517557246 0.60932321428571623 0.0011000756405020638 0.00052818913467186847 97.821878247229805 0.0095324499480636832 0.00064348974668344231 13.999999369997644 92.913279980593117 159.55453000000003 155.79285000000002 151.74638000000002 0.27100000000000085 -0.61750000000000671 155.67702362186785 151.72847500000003 -0.33750000000000563 154.82425750332456 1.0935000000000061 149.36232355460319
decision_type=2 2 2 2 2 2 2 2 2 2 2 2 2 2 2 2 2 2 2 2 2 2 2 2 2
left_child=2 15 4 -3 -1 9 7 -5 -9 10 11 -6 -13 14 -10 16 24 18 -18 20 -20 -17 -23 -24 -2
right_child=1 3 -4 6 5 -7 -8 8 13 -11 -12 12 -14 -15 -16 21 17 -19 19 -21 -22 22 23 -25 -26
leaf_value=0 0 0 0 0 0 0 0 0 -2.2688195551403453e-05 0 0 0 2.8864109929486195e-05 0 0 0 0 0 0 0 7.7046461622090607e-06 0 -1.9760921681717524e-06 0 -3.8280902654668779e-08
leaf_weight=139 2243 167 1306 570 52 32 25 58 888 15.999999999999998 10.999999999999998 65 486 88 14.999999999999998 262 90 401 34 31 1938 15.999999999999998 2277 9.9999999999999982 1885
leaf_count=139 2243 167 1306 570 52 32 25 58 888 16 11 65 486 88 15 262 90 401 34 31 1938 16 2277 10 1885
internal_value=0 -1.10383e-06 4.18535e-06 -8.91805e-06 1.35165e-05 1.79038e-05 -1.22654e-05 -1.34468e-05 -1.83517e-05 2.05692e-05 2.20544e-05 2.35766e-05 2.60105e-05 -2.00396e-05 -2.17912e-05 0 8.11457e-07 3.09367e-06 5.77001e-06 6.68405e-06 7.41479e-06 -5.30432e-07 -1.30748e-06 -1.85216e-06 0
internal_weight=0 10998 2107 1811 801 662 1644 1619 1049 630 614 603 551 991 903 9187 6622 2494 2093 2003 1972 2565 2303 2287 4128
internal_count=13105 10998 2107 1811 801 662 1644 1619 1049 630 614 603 551 991 903 9187 6622 2494 2093 2003 1972 2565 2303 2287 4128
is_linear=0
shrinkage=0.05


Tree=16
num_leaves=27
num_cat=0
split_feature=49 7 29 3 33 53 7 42 22 49 7 7 29 49 49 11 1 6 7 29 4 29 37 8 8 29
split_gain=1.51082e-05 3.66268e-05 3.47185e-05 4.20956e-05 6.52901e-05 3.32311e-05 3.09528e-05 3.18574e-05 1.97729e-05 1.96267e-05 2.01252e-05 1.70941e-05 1.30648e-05 1.54122e-05 1.41375e-05 1.16019e-05 1.02753e-05 1.00691e-05 7.06239e-06 5.86872e-06 5.24227e-06 5.42816e-06 5.21046e-06 1.63056e-06 1.62542e-06 4.13703e-06
threshold=46.225689012540592 0.00075894709573741794 0.023637013769305566 143.86029565179285 0.0013159256890449831 158.19826000000003 0.0010845593662447519 0.90343855469726131 0.63595527746483094 14.492467665556708 0.0033683545751427703 0.0005691717322502505 0.004899405990634439 13.913838878517963 38.86466911303625 0.0064999999999884048 157.80430000000004 2.0019999999999958 0.00031007154666318475 0.0023942821340085236 0.22785714285714476 -0.00039749949494576796 -1.1400000000000003 4755.4000000000005 2442.5500000000006 -0.00016206163142374176
decision_type=2 2 2 2 2 2 2 2 2 2 2 2 2 2 2 2 2 2 2 2 2 2 2 2 2 2
left_child=6 -2 3 -3 -5 8 11 -8 22 -9 15 18 13 -13 20 -11 17 -17 -1 23 21 -15 -6 24 -20 -26
right_child=1 2 -4 4 5 -7 7 9 -10 10 -12 12 -14 14 -16 16 -18 -19 19 -21 -22 -23 -24 -25 25 -27
leaf_value=0 0 0 0 0 0 0 0 0 0 0 0 0 0 0 0 1.6691795666425954e-05 0 0 0 0 0 -7.766563081232816e-06 -2.8254754477497402e-05 0 0 6.1952124074229915e-06
leaf_weight=871 1505 307 35 338 51 20 277 70 54 52 30 271 570 94 618 1221 15.999999999999998 12.999999999999998 664 333 362 2721 784 134 83 1631
leaf_count=871 1505 307 35 338 51 20 277 70 54 52 30 271 570 94 618 1221 16 13 664 333 362 2721 784 134 83 1631
internal_value=0 -3.30346e-06 -8.8804e-06 -1.16825e-05 -1.59513e-05 -2.29898e-05 6.3169e-07 6.96157e-06 -2.51762e-05 1.07159e-05 1.25576e-05 0 -2.5831e-06 -3.95475e-06 -5.18739e-06 1.41407e-05 1.52143e-05 1.59777e-05 1.78191e-06 3.21753e-06 -6.57775e-06 -7.31336e-06 -2.70923e-05 4.19103e-06 4.50204e-06 5.52171e-06
internal_weight=0 3094 1589 1554 1247 909 10031 1679 889 1402 1332 8352 4636 4066 3795 1302 1250 1234 3716 2845 3177 2815 835 2512 2378 1714
internal_count=13125 3094 1589 1554 1247 909 10031 1679 889 1402 1332 8352 4636 4066 3795 1302 1250 1234 3716 2845 3177 2815 835 2512 2378 1714
is_linear=0
shrinkage=0.05


Tree=17
num_leaves=24
num_cat=0
split_feature=37 1 49 4 1 45 54 9 1 42 28 10 41 5 8 52 33 41 37 46 18 46 46
split_gain=1.69878e-05 3.08297e-05 3.70181e-05 3.92582e-05 2.69853e-05 2.50709e-05 2.52863e-05 2.84026e-05 2.41336e-05 1.98813e-05 1.17643e-05 1.07963e-05 1.04344e-05 1.07169e-05 1.18078e-05 3.9267e-07 2.28549e-06 3.39394e-06 3.87611e-06 2.12362e-06 1.00519e-06 1.89312e-09 2.20201e-06
threshold=0.27649999999999869 143.64190000000002 22.519749511279965 0.17285714285714501 157.22902500000001 23.019562555155947 0.0016126349089496306 0.067999999999997854 156.24790000000004 1.26834400314325 -1.0990863783150624 0.00048613303757984015 0.00041228351762360912 0.29849999999999005 2442.5500000000006 -0.0015669126185020982 0.00040237614054746377 0.00023800521799418508 -0.76800000000000057 95.499736602241853 -0.0024988297858852811 68.343814102300271 92.64815835417636
decision_type=2 2 2 2 2 2 2 2 2 2 2 2 2 2 2 2 2 2 2 2 2 2 2
left_child=4 -2 -3 -4 5 -1 7 -7 9 10 -5 -12 -9 14 -14 -6 -17 -18 -19 20 -20 -8 -23
right_child=1 2 3 8 15 6 21 12 -10 -11 11 -13 13 -15 -16 16 17 18 19 -21 -22 22 -24
leaf_value=0 0 0 0 0 0 0 0 0 0 0 0 -2.1314464470715422e-05 0 0 1.2453825192611268e-05 0 0 0 0 0 -5.5345357471693976e-06 1.735021009688519e-06 0
leaf_weight=1764 308 244 547 27 118 889 806 574 175 223 37 1003 180 228 2370 67 27 11.999999999999998 9.9999999999999982 27 1067 1830 461
leaf_count=1764 308 244 547 27 118 889 806 574 175 223 37 1003 180 228 2370 67 27 12 10 27 1067 1830 461
internal_value=0 -2.90242e-06 -6.61314e-06 -9.74814e-06 1.41445e-06 3.11516e-06 4.53631e-06 7.10697e-06 -1.40527e-05 -1.64628e-05 -1.93447e-05 -2.03028e-05 9.22415e-06 1.05855e-05 1.15142e-05 0 -9.00612e-07 -2.41996e-06 -3.68764e-06 -4.74568e-06 -5.29283e-06 0 4.54483e-08
internal_weight=0 2564 2256 2012 10430 9102 7338 4241 1465 1290 1067 1040 3352 2778 2550 1328 1210 1143 1116 1104 1077 3097 2291
internal_count=12994 2564 2256 2012 10430 9102 7338 4241 1465 1290 1067 1040 3352 2778 2550 1328 1210 1143 1116 1104 1077 3097 2291
is_linear=0
shrinkage=0.05


Tree=18
num_leaves=22
num_cat=0
split_feature=7 49 26 26 7 53 2 41 54 29 53 12 4 41 54 33 4 19 14 53 29
split_gain=3.0105e-05 5.41631e-05 5.91706e-05 0.000105362 3.3264e-05 3.55674e-05 3.54285e-05 3.49108e-05 2.55814e-05 1.88335e-05 1.80114e-05 1.44515e-05 2.01997e-05 1.34596e-05 1.39903e-05 1.91568e-05 8.0176e-06 7.99658e-06 5.918e-06 5.2889e-06 6.25685e-10
threshold=0.0014128759840445024 40.783435364775642 0.016178006154158171 0.009223337106247469 0.00068330178232881868 143.04707000000005 156.8459657583393 0.00060534775064163598 0.008290671868760353 0.0036769856524444763 155.99868000000001 0.00022399215882078078 0.2740714285714278 0.00082516874276269395 -0.0012221330770235655 0.00054235736551002951 0.11057142857143176 -0.0017372758483634174 1.0000000180025095e-35 142.67777000000004 0.00055371715410454565
decision_type=2 2 2 2 2 2 2 2 2 2 2 2 2 2 2 2 2 2 2 2 2
left_child=4 2 3 -2 10 -6 7 -7 11 16 13 -5 -13 14 -1 -16 -9 -18 -17 -20 -12
right_child=1 -3 -4 8 5 6 -8 9 -10 -11 20 12 -14 -15 15 18 17 -19 19 -21 -22
leaf_value=0 0 0 0 0 0 0 0 0 0 0 0 0 6.2018971731465911e-05 0 0 0 0 -1.3217338667517552e-05 0 8.7363533951874852e-06 -3.5427174655798325e-08
leaf_weight=606 269 556 84 35 518 224 617 55 18 1623 521 18 200 338 817 117 159 2499 60 2491 1246
leaf_count=606 269 556 84 35 518 224 617 55 18 1623 521 18 200 338 817 117 159 2499 60 2491 1246
internal_value=0 7.86993e-06 1.82754e-05 2.56847e-05 -4.26177e-07 -3.85725e-06 -5.79152e-06 -7.58301e-06 4.77987e-05 -8.97772e-06 3.06699e-07 5.19572e-05 5.74271e-05 3.209e-06 4.40147e-06 5.72509e-06 -1.20898e-05 -1.25191e-05 7.79493e-06 8.32745e-06 0
internal_weight=0 1180 624 540 11891 5695 5177 4560 271 4336 6196 253 218 4429 4091 3485 2713 2658 2668 2551 1767
internal_count=13071 1180 624 540 11891 5695 5177 4560 271 4336 6196 253 218 4429 4091 3485 2713 2658 2668 2551 1767
is_linear=0
shrinkage=0.05


Tree=19
num_leaves=28
num_cat=0
split_feature=2 49 49 7 29 49 53 45 8 37 42 8 3 41 2 2 45 34 34 41 8 42 49 46 49 2 2
split_gain=1.34777e-05 3.37103e-05 2.08815e-05 2.05447e-05 3.67731e-05 1.65932e-05 1.53154e-05 1.36214e-05 1.15404e-05 1.31313e-05 1.0575e-05 5.33042e-05 2.27251e-05 1.43276e-05 1.09698e-05 1.19377e-05 9.5917e-06 9.57646e-06 1.09378e-05 9.28998e-06 9.9116e-06 1.128e-05 9.12065e-06 4.64673e-06 4.51144e-06 1.34664e-07 5.59707e-07
threshold=146.9668011504709 23.919563097867194 47.612076740074578 0.00067490015289636417 0.023637013769305566 15.688106681519937 157.84468000000004 5.0205670309959514 2912.6250000000005 -0.81050000000000455 0.9157824918075278 3387.6250000000005 153.06267936762049 0.00067609710381140626 161.19218296631848 148.35330298836249 97.821878247229805 0.17112142857142829 0.46357678571428523 0.00050014207673681663 2442.5500000000006 0.9577925217864306 44.513089547659575 25.80800580924571 14.492467665556708 155.68367781124729 147.09301893886044
decision_type=2 2 2 2 2 2 2 2 2 2 2 2 2 2 2 2 2 2 2 2 2 2 2 2 2 2 2
left_child=1 5 10 -4 6 -1 7 -5 -9 -10 11 25 13 -13 15 -12 17 -7 23 -17 -21 -22 24 -19 -15 26 -2
right_child=2 -3 3 4 -6 16 -8 8 9 -11 14 12 -14 22 -16 19 -18 18 -20 20 21 -23 -24 -25 -26 -27 -28
leaf_value=0 0 0 0 0 0 0 0 0 0 -1.9144896171937594e-05 0 0 0 0 0 0 0 0 0 0 0 7.6554385029909359e-06 0 3.1753827559294942e-05 -2.0547722439241342e-05 0 1.3396315107584492e-06
leaf_weight=139 14.999999999999998 1600 1056 73 35 47 54 57 151 907 678 208 467 35 125 1545 11.999999999999998 80 11.999999999999998 98 379 2609 50 241 632 749 967
leaf_count=139 15 1600 1056 73 35 47 54 57 151 907 678 208 467 35 125 1545 12 80 12 98 379 2609 50 241 632 749 967
internal_value=0 3.79307e-06 -5.27515e-07 -4.86541e-06 -9.13533e-06 1.47084e-05 -1.26415e-05 -1.4117e-05 -1.55842e-05 -1.68289e-05 0 -1.49602e-06 -1.00366e-05 -1.45936e-05 1.89172e-06 2.97123e-06 1.99683e-05 2.178e-05 2.47607e-05 4.06997e-06 5.69053e-06 6.46035e-06 -1.80185e-05 2.68532e-05 -1.95745e-05 0 5.85429e-07
internal_weight=0 2131 10890 2333 1277 531 1242 1188 1115 1058 8557 3123 1392 925 5434 5309 392 380 333 4631 3086 2988 717 321 667 1731 982
internal_count=13021 2131 10890 2333 1277 531 1242 1188 1115 1058 8557 3123 1392 925 5434 5309 392 380 333 4631 3086 2988 717 321 667 1731 982
is_linear=0
shrinkage=0.05


Tree=20
num_leaves=27
num_cat=0
split_feature=3 8 49 1 4 7 53 37 33 49 7 56 53 46 7 49 7 0 6 18 20 37 8 46 6 37
split_gain=6.91291e-06 4.15737e-05 4.65781e-05 5.64228e-05 4.21245e-05 2.25886e-05 4.36329e-05 3.8207e-05 2.03843e-05 2.55898e-05 2.15704e-05 1.2026e-05 1.89029e-05 1.23518e-05 1.01579e-05 1.11581e-05 9.98248e-06 9.31168e-06 9.02041e-06 9.9141e-06 7.64824e-06 8.50959e-06 7.35106e-06 4.11283e-06 4.68363e-06 4.02543e-06
threshold=142.16503315793827 5680.4500000000007 30.207743816772208 150.66010000000003 0.18485714285714347 0.00084884291364691999 144.60584000000003 -1.1400000000000003 0.0013944701722604263 65.576961151412888 0.0039645658957739496 1.5000000000000002 153.16376000000005 55.069960230434823 0.00031007154666318475 27.924132305181352 0.001167921830649767 18.511253707129928 1.0765000000000102 -0.0031223418398518827 0.010528489666517206 -0.63750000000000273 4268.0750000000007 6.8301408940287578 0.13149999999998843 -0.27850000000000813
decision_type=2 2 2 2 2 2 2 2 2 2 2 2 2 2 2 2 2 2 2 2 2 2 2 2 2 2
left_child=8 11 -3 4 -4 -6 -7 -8 -1 10 17 13 14 16 -13 -16 23 -10 19 -17 21 -19 -23 -2 25 -25
right_child=1 2 3 -5 5 6 7 -9 9 -11 -12 12 -14 -15 15 18 -18 20 -20 -21 -22 22 -24 24 -26 -27
leaf_value=0 0 0 0 0 0 0 0 -3.600751665332581e-05 0 0 0 0 0 0 0 0 0 0 0 8.6644699904623576e-06 0 0 2.8552052195678732e-05 0 0 -7.4570600366315084e-06
leaf_weight=175 43 853 88 339 75 132 44 564 10.999999999999998 38 10.999999999999998 204 2465 2717 129 147 74 33 145 2328 19 27 324 108 335 1637
leaf_count=175 43 853 88 339 75 132 44 564 11 38 11 204 2465 2717 129 147 74 33 145 2328 19 27 324 108 335 1637
internal_value=0 -5.54374e-07 -7.17121e-06 -1.34339e-05 -2.01086e-05 -2.40244e-05 -2.66819e-05 -3.23378e-05 4.5926e-06 1.17921e-05 1.73753e-05 0 2.22852e-06 -8.01397e-07 5.01128e-06 6.01774e-06 -3.9357e-06 2.0978e-05 6.97437e-06 7.78471e-06 2.25788e-05 2.41819e-05 2.64623e-05 -5.27097e-06 -5.77061e-06 -6.8118e-06
internal_weight=0 12427 2095 1242 903 815 740 608 638 463 425 10332 5418 4914 2953 2749 2197 414 2620 2475 403 384 351 2123 2080 1745
internal_count=13065 12427 2095 1242 903 815 740 608 638 463 425 10332 5418 4914 2953 2749 2197 414 2620 2475 403 384 351 2123 2080 1745
is_linear=0
shrinkage=0.05


Tree=21
num_leaves=24
num_cat=0
split_feature=2 34 37 34 41 42 6 46 49 45 34 11 53 7 46 7 7 7 7 3 1 1 7
split_gain=9.78234e-06 4.1532e-05 4.06948e-05 5.09036e-05 1.82826e-05 1.27081e-05 1.61994e-05 2.22631e-05 3.12452e-05 2.0891e-05 1.71749e-05 1.17203e-05 1.76481e-06 8.62246e-06 8.13299e-06 9.78937e-06 5.58587e-06 2.37016e-06 1.52509e-06 1.38615e-06 1.06731e-06 6.9622e-07 3.7826e-07
threshold=147.14827321699929 0.36460535714285669 -1.1400000000000003 0.60932321428571623 0.0033304571156235903 0.69789651836194622 1.5735000000000101 14.715974588184169 17.29715651604528 98.466843611165288 0.10084107142857164 0.0019999999999953393 155.79285000000002 0.00061995872629285245 78.03049152265514 0.0010136114031852243 0.00025278855517129478 0.00031007154666318475 0.0010845593662447519 155.67702362186785 161.62247500000001 147.02425000000002 0.00064394428039584015
decision_type=2 2 2 2 2 2 2 2 2 2 2 2 2 2 2 2 2 2 2 2 2 2 2
left_child=5 12 -3 4 -4 -1 7 -7 -9 10 -10 -12 13 17 15 16 -14 -2 22 21 -18 -19 -15
right_child=1 2 3 -5 -6 6 -8 8 9 -11 11 -13 14 18 -16 -17 20 19 -20 -21 -22 -23 -24
leaf_value=0 0 0 -4.5179331116559527e-05 0 0 0 0 0 0 0 0 1.5410794715203967e-05 0 0 0 0 -6.194975163892011e-06 0 0 0 0 3.5398478771668163e-06 -1.2648427813127765e-06
leaf_weight=240 624 53 186 20 12.999999999999998 252 51 179 25 33 24 1487 97 247 828 240 1668 9.9999999999999982 1066 9.9999999999999982 26 2754 2974
leaf_count=240 624 53 186 20 13 252 51 179 25 33 24 1487 97 247 828 240 1668 10 1066 10 26 2754 2974
internal_value=0 -4.00846e-07 -1.96898e-05 -3.07458e-05 -4.09719e-05 3.14879e-06 5.15391e-06 6.89103e-06 9.28258e-06 1.20735e-05 1.35239e-05 1.46401e-05 0 4.87351e-07 -9.51132e-07 -3.35902e-06 -5.14365e-06 2.62304e-06 0 3.25019e-06 -6.0178e-06 3.44319e-06 -1.08793e-06
internal_weight=0 10816 272 219 199 2291 2051 2000 1748 1569 1536 1511 10544 7685 2859 2031 1791 3398 4287 2774 1694 2764 3221
internal_count=13107 10816 272 219 199 2291 2051 2000 1748 1569 1536 1511 10544 7685 2859 2031 1791 3398 4287 2774 1694 2764 3221
is_linear=0
shrinkage=0.05


end of trees

feature_importances:
adx=54
bb_upper=40
atr_ma=38
momentum_convergence=37
volatility=34
bb_lower=32
volume_ma=31
stoch_d=31
volatility_ma=29
sma_50=25
bb_middle=22
stoch_k=15
atr=14
price_bb_upper_dist=14
atr_normalized=14
volatility_ratio=13
return_24=12
price_sma_50_dist=11
momentum_20=10
atr_ratio=9
range_pct=8
body=7
rsi_normalized=7
rsi=6
range=6
lower_shadow=5
bb_width=5
body_pct=4
return_6=4
bb_position=4
momentum_ratio=3
volume_ratio=3
market_regime=3
momentum_10=2
rsi_divergence=2
bb_position_normalized=2
upper_shadow=1
return_12=1
price_bb_lower_dist=1
sma_20=1
price_sma_20_dist=1

parameters:
[boosting: gbdt]
[objective: regression]
[metric: rmse]
[tree_learner: serial]
[device_type: cpu]
[data: ]
[valid: ]
[num_iterations: 500]
[learning_rate: 0.05]
[num_leaves: 31]
[num_threads: 8]
[deterministic: 0]
[force_col_wise: 0]
[force_row_wise: 0]
[histogram_pool_size: -1]
[max_depth: 8]
[min_data_in_leaf: 10]
[min_sum_hessian_in_leaf: 0.001]
[bagging_fraction: 0.8]
[pos_bagging_fraction: 1]
[neg_bagging_fraction: 1]
[bagging_freq: 1]
[bagging_seed: 400]
[feature_fraction: 0.9]
[feature_fraction_bynode: 1]
[feature_fraction_seed: 30056]
[extra_trees: 0]
[extra_seed: 12879]
[early_stopping_round: 0]
[first_metric_only: 0]
[max_delta_step: 0]
[lambda_l1: 0.3]
[lambda_l2: 0.3]
[linear_lambda: 0]
[min_gain_to_split: 0]
[drop_rate: 0.1]
[max_drop: 50]
[skip_drop: 0.5]
[xgboost_dart_mode: 0]
[uniform_drop: 0]
[drop_seed: 17869]
[top_rate: 0.2]
[other_rate: 0.1]
[min_data_per_group: 100]
[max_cat_threshold: 32]
[cat_l2: 10]
[cat_smooth: 10]
[max_cat_to_onehot: 4]
[top_k: 20]
[monotone_constraints: ]
[monotone_constraints_method: basic]
[monotone_penalty: 0]
[feature_contri: ]
[forcedsplits_filename: ]
[refit_decay_rate: 0.9]
[cegb_tradeoff: 1]
[cegb_penalty_split: 0]
[cegb_penalty_feature_lazy: ]
[cegb_penalty_feature_coupled: ]
[path_smooth: 0]
[interaction_constraints: ]
[verbosity: 1]
[saved_feature_importance_type: 0]
[linear_tree: 0]
[max_bin: 255]
[max_bin_by_feature: ]
[min_data_in_bin: 3]
[bin_construct_sample_cnt: 200000]
[data_random_seed: 175]
[is_enable_sparse: 1]
[enable_bundle: 1]
[use_missing: 1]
[zero_as_missing: 0]
[feature_pre_filter: 1]
[pre_partition: 0]
[two_round: 0]
[header: 0]
[label_column: ]
[weight_column: ]
[group_column: ]
[ignore_column: ]
[categorical_feature: ]
[forcedbins_filename: ]
[precise_float_parser: 0]
[parser_config_file: ]
[objective_seed: 16083]
[num_class: 1]
[is_unbalance: 0]
[scale_pos_weight: 1]
[sigmoid: 1]
[boost_from_average: 1]
[reg_sqrt: 0]
[alpha: 0.9]
[fair_c: 1]
[poisson_max_delta_step: 0.7]
[tweedie_variance_power: 1.5]
[lambdarank_truncation_level: 30]
[lambdarank_norm: 1]
[label_gain: ]
[lambdarank_position_bias_regularization: 0]
[eval_at: ]
[multi_error_top_k: 1]
[auc_mu_weights: ]
[num_machines: 1]
[local_listen_port: 12400]
[time_out: 120]
[machine_list_filename: ]
[machines: ]
[gpu_platform_id: -1]
[gpu_device_id: -1]
[gpu_use_dp: 0]
[num_gpu: 1]

end of parameters

pandas_categorical:[]
