tree
version=v4
num_class=1
num_tree_per_iteration=1
label_index=0
max_feature_idx=55
objective=regression
feature_names=rsi ema_fast ema_slow macd macd_signal momentum_10 momentum_20 volatility volume_ma range range_pct body body_pct upper_shadow lower_shadow is_bullish return_1 return_3 return_6 return_12 return_24 log_return rsi_normalized rsi_overbought rsi_oversold rsi_divergence ema_cross ema_cross_pct ema_cross_signal price_ema_fast_dist price_ema_slow_dist macd_hist macd_hist_change macd_cross_signal macd_strength momentum_ratio momentum_convergence volume_ratio volume_spike volume_change volatility_ma volatility_ratio high_volatility low_volatility stoch_k stoch_d stoch_overbought stoch_oversold adx strong_trend sma_20 price_sma_20_dist sma_50 price_sma_50_dist signal_convergence market_regime
feature_infos=[0:98.323991543918936] [38967.729318929021:107396.26389944887] [39220.71373165102:107049.79494400365] [-2596.3215042438969:3122.6028892565373] [-2400.0705964852082:2692.2138919211602] [-8342.5400000000009:10665.179999999993] [-12486.150000000001:14155.739999999991] [0:0.027665265364936176] [0:15071.1] [41.610000000000582:7445.0200000000041] [0.00064197892033770012:0.083194551703992967] [0.010000000002037268:4847.2799999999988] [1.687657469333537e-07:0.053865545209733065] [0:2853.8099999999977] [0:2709.1299999999974] [0:1] [-0.06392068477713575:0.11991470268267301] [-0.06874591913368211:0.12121289228058596] [-0.079615203583715433:0.12324016964288909] [-0.13852618933251082:0.1281729140500143] [-0.20656179582649081:0.18012682534038826] [-0.066055067608681614:0.11325252408776919] [-0.94806582176005261:0.96647983087837874] [0:1] [0:1] [-49.557479223093154:42.119850794411732] [-2596.3215042438969:3122.6028892565373] [-0.051939210812642647:0.033488267366733444] [0:1] [-0.080064711463382857:0.093992858566676371] [-0.1320039222760255:0.11036991523222302] [-818.78982093274772:1169.6714460130504] [-327.88141727023503:612.98987585223176] [0:1] [-746.44218222589257:1062.1407196823261] [-4451.5502226422777:74647.925336867193] [-10665.179999999993:8342.5400000000009] [0:2.9553958669892095] [0:1] [-0.80889167188478395:8.7027863777089784] [0:0.027364409329763521] [0:3.7248595957797415] [0:1] [0:1] [0:99.999999999838437] [0:98.883595895685247] [0:1] [0:1] [0:95.095784100943362] [0:1] [0:107202.68299999999] [-0.11842224866658865:0.11006071071452704] [0:106786.319] [-0.21353636665559603:0.12751438682104085] [0:3] [0:2]
tree_sizes=4485 4838 4298 4732 4932 4487 4805 4274 4476

Tree=0
num_leaves=45
num_cat=0
split_feature=52 20 7 0 20 7 2 31 52 52 52 52 52 0 27 3 48 13 9 2 52 3 1 54 9 39 2 52 3 1 7 7 20 7 35 53 1 52 34 48 7 48 13 11
split_gain=0.0150743 0.00811825 0.0162653 0.033489 0.00710871 0.00687471 0.0104882 0.00661403 0.00495903 0.00974082 0.0213123 0.00541388 0.00483633 0.00965159 0.00489732 0.00444198 0.00503431 0.00407013 0.00381182 0.00309602 0.00539176 0.00498591 0.00260408 0.00221408 0.00218303 0.00216099 0.00210422 0.00636512 0.00183281 0.00150495 0.00136148 0.00132954 0.0014973 0.00115794 0.000938086 0.000596277 0.000456253 0.000389752 0.000313433 0.000210371 0.000188401 0.000168516 9.88475e-05 9.48626e-05
threshold=62012.378800000006 -0.035414714222997239 0.014170226152244137 28.506808882547507 -0.024232950307050912 0.0056542044128383455 81736.421662876848 56.105312663723403 97495.650700000013 74764.092300000004 82506.834000000017 69322.16810000001 64365.428800000009 34.099794550128884 -0.0063711599517757541 613.47128948879265 60.062972867371613 487.2150000000002 491.33499999999918 60891.365562811879 59494.83430000001 -240.29879921140306 77051.784228027842 1.5000000000000002 986.18000000000404 -0.13201353792053336 94063.190778216973 90206.733300000007 838.32344286677483 99074.218064917703 0.0040839643290251923 0.0026821960310057977 0.029616981115676681 0.0054634174276029712 0.63065235467204372 -0.055702593425992826 61299.865901990859 85346.093700000012 -188.51020166651656 47.566164219592785 0.0038544183705772569 67.227777653574705 37.404999999998843 81.125000000000014
decision_type=2 2 2 2 2 2 2 2 2 2 2 2 2 2 2 2 2 2 2 2 2 2 2 2 2 2 2 2 2 2 2 2 2 2 2 2 2 2 2 2 2 2 2 2
left_child=15 2 5 22 12 37 25 -5 9 11 -11 -6 13 14 -3 17 36 19 29 20 21 -1 -4 -22 -19 -7 27 -14 33 -10 -20 34 -33 -18 -21 -8 -17 41 -39 -15 -28 -2 -30 -35
right_child=1 4 3 7 8 6 35 -9 18 10 -12 -13 26 39 -16 16 28 24 30 31 23 -23 -24 -25 -26 -27 40 -29 42 -31 -32 32 -34 43 -36 -37 -38 38 -40 -41 -42 -43 -44 -45
leaf_value=0.0009067424047926988 0.0006217368123731025 -0.0013058893395683556 -0.0020513386786151838 0.0006217368123731025 0.00058009083295877011 0.0006217368123731025 0.00089436691403251207 0.002107794303026018 0.00044551830905541158 0.0010155849055271805 0.00061807065781581871 0.0004355258137806971 0.00047871245203613862 0.00066952276083232626 0.0006217368123731025 0.0015940926307001044 0.0012739410665724914 0.0006217368123731025 0.0004704636117395058 0.00058102346817668455 0.0004430742139223204 0.00066813611229362725 -0.00013615889294410477 0.00067618979155083616 0.0019565168849856275 0.001483282381161217 0.00072772409091902514 -0.00040605455732408693 0.0006217368123731025 0.00063226413179700235 0.00021965463751077427 0.0009067976603525375 0.0006217368123731025 0.0006217368123731025 0.00079197930565518525 0.0006217368123731025 0.0006217368123731025 0.0006217368123731025 0.00093751870804287393 0.00046477626296317459 0.00059497612570506549 0.00049466536259223318 0.00051285761480427587 0.00072982284969303596
leaf_weight=255 62 17.000000000000004 13.000000000000002 19.000000000000004 3350 10.999999999999998 26 9.9999999999999982 140 382 2663 856 281 11.000000000000002 9.9999999999999982 33 19 10.000000000000002 231 89 344 2452 13.999999999999998 104 9.9999999999999982 111 36 25 9.9999999999999982 298 164 290 46 11.000000000000002 81 84 9.9999999999999982 14.000000000000002 15.999999999999998 20 88 34 32 20
leaf_count=255 62 17 13 19 3350 11 26 10 140 382 2663 856 281 11 10 33 19 10 231 89 344 2452 14 104 10 111 36 25 10 298 164 290 46 11 81 84 10 14 16 20 88 34 32 20
internal_value=0.000621737 0.000584125 0.000797714 3.73741e-05 0.00057322 0.000930995 0.00109238 0.00108215 0.000585146 0.000599234 0.000666331 0.000549469 0.000386042 -7.01679e-05 -0.000758912 0.000702704 0.000992774 0.000690678 0.000468569 0.00068527 0.000664748 0.000692489 -0.00126067 0.000508344 0.00141869 0.0014163 0.000459637 0.000389168 0.000718744 0.000583902 0.000353456 0.000803253 0.000864665 0.000946794 0.000652301 0.000686604 0.00145886 0.000621737 0.000788419 0.000621737 0.000621737 0.000584636 0.000565079 0.000621737
internal_weight=0 8986 414 56 8572 358 232 29 8084 7251 3045 4206 488 58 27 3816 135 3681 833 3661 3155 2707 27 448 20 122 430 306 92 438 395 506 336 50 170 110 43 126 30 31 124 96 42 31
internal_count=12802 8986 414 56 8572 358 232 29 8084 7251 3045 4206 488 58 27 3816 135 3681 833 3661 3155 2707 27 448 20 122 430 306 92 438 395 506 336 50 170 110 43 126 30 31 124 96 42 31
is_linear=0
shrinkage=1


Tree=1
num_leaves=52
num_cat=0
split_feature=40 31 3 1 52 52 50 40 52 18 31 4 6 8 1 8 7 40 4 41 8 1 6 3 1 40 7 48 3 1 52 1 40 31 52 4 7 52 36 22 52 50 1 1 50 14 17 41 25 7 8
split_gain=0.014362 0.0149947 0.0169715 0.0150248 0.0130154 0.0203187 0.0196421 0.0176996 0.0118426 0.0105209 0.0127737 0.00863498 0.00810528 0.00770414 0.0112415 0.00606398 0.00656771 0.0055587 0.00617415 0.00804662 0.00512785 0.00473232 0.00469114 0.00445568 0.00440802 0.00433033 0.00415231 0.0040617 0.00437449 0.00366372 0.00356717 0.00344363 0.00333272 0.00307497 0.0030065 0.0029634 0.00295839 0.00459756 0.00291674 0.00281813 0.00280587 0.00228394 0.00191944 0.00185332 0.00737805 0.00139895 0.00110297 0.00102444 0.000812331 0.0008052 0.000528297
threshold=0.0058470693400602724 -216.32919986580345 -675.05602904223622 62060.877938662728 82677.727600000013 81835.544900000023 83330.697000000015 0.0070056971546335264 62012.378800000006 -0.0083192727797353743 17.391012104609079 836.43564534993027 546.09999999999866 8351.1250000000018 60975.021728796179 12342.525000000003 0.0043580924506184246 0.0050004151612504004 118.88325798134876 0.9584133063249386 11060.525000000001 81943.913872548219 -5786.665 -267.91899738248316 62766.367553224736 0.0076649555552401206 0.0050790540375578635 47.566164219592785 -72.05082990116351 88291.756609719858 82804.514800000019 62450.704533231248 0.0044097960385104619 4.2456908676218479 46482.881100000006 246.27525130947666 0.012289794037657179 87409.662600000011 469.30500000000035 0.74074911521416287 58347.480600000003 78878.911250000019 94158.161176613867 43804.525183481688 46054.309000000008 128.78500000000352 -0.00010860854425320808 1.123883828476566 -1.3244198216442837 0.013234187744587282 7877.5750000000007
decision_type=2 2 2 2 2 2 2 2 2 2 2 2 2 2 2 2 2 2 2 2 2 2 2 2 2 2 2 2 2 2 2 2 2 2 2 2 2 2 2 2 2 2 2 2 2 2 2 2 2 2 2
left_child=8 3 9 -2 5 12 23 -7 13 10 22 -8 -4 27 43 17 21 24 19 -19 36 -17 -3 -6 26 42 -10 32 50 -23 48 38 39 -32 -34 -26 37 -5 -16 -1 -30 -27 -11 47 -45 -22 -20 -15 -18 -47 -29
right_child=1 2 4 20 6 7 11 -9 15 25 -12 -13 -14 14 31 16 30 18 46 -21 45 29 -24 -25 35 41 -28 28 40 -31 33 -33 34 -35 -36 -37 -38 -39 -40 -41 -42 -43 -44 44 -46 49 -48 -49 -50 -51 -52
leaf_value=0.00011096856829308579 -0.0021443470916916838 0 0.0003115697764322762 -5.6600448621417867e-05 -0.0002249943038213599 4.5432193954020035e-05 4.923638990720355e-05 0.0032798531130679605 -0.00033416379337490983 0.00082817050367224023 0.0022981501404044625 -0.00062071719951027225 3.090072998104865e-05 0.00013812810399470068 0.00063415323380526349 0 0.00026868961162489452 -9.1241055700461634e-05 9.9260478669267914e-05 -0.00061410380358812525 -0.00013458208063912519 0.0012397222157999287 0.00084768132748342089 -0.0025059857921114247 -5.6972017093763223e-05 0.00035079264193619338 0.00017019721115286339 0 0.0004816217186632512 0.00025511581181541929 0 0 -0.0004282776299316926 -0.00053523131187894839 0 2.5263623374997569e-05 0 -0.0012423126663356986 0 -0.00059112775124367176 0.00012206231435934335 -0.00016758365013906534 0 -0.00056857377899173262 -8.5604551294194759e-05 0.00039095231901477257 -0.00011798951241964701 -0.00010316946934821924 7.540423499250087e-06 0 0.00020658860995187141
leaf_weight=1482 10.999999999999998 10.999999999999998 531 29 10.000000000000002 13.000000000000002 375 9.9999999999999982 235 40 20 54 585 83 81 25 78 186 111 160 18 27 35 9.9999999999999982 5124 36 35 171 197 42 42 47 50 45 227 1299 12.999999999999998 22 18 11.999999999999998 137 44 11.999999999999998 103 526 37 119 91 122 10.999999999999998 34
leaf_count=1482 11 11 531 29 10 13 375 10 235 40 20 54 585 83 81 25 78 186 111 160 18 27 35 10 5124 36 35 171 197 42 42 47 50 45 227 1299 13 22 18 12 137 44 12 103 526 37 119 91 122 11 34
internal_value=0 0.000130373 0.000171476 -0.000354137 0.000113111 0.00020452 -0.000107624 0.00169042 -1.75927e-05 0.000613482 0.00115808 -2.38214e-05 0.000168972 6.15206e-05 -5.49174e-05 -5.19507e-05 0.000138386 -6.26202e-05 -0.000214242 -0.000347788 -0.000159696 0.000501542 0.00054272 -0.00163198 -4.88156e-05 0.000301385 -0.000250169 0.000111521 0.000235869 0.000716246 1.63981e-06 0.000338808 7.08197e-05 -0.000246157 -7.85246e-05 -3.95617e-05 -0.000492881 -0.000669824 0.000505787 0.000101866 0.000349336 3.85825e-06 0.000660867 -0.000132828 -0.00017287 8.87455e-05 0 0 0.000134601 0.000276329 2.64052e-05
internal_weight=0 1927 1786 141 1588 1139 449 23 10909 198 66 429 1116 3259 949 7650 381 7269 576 346 130 94 46 20 6693 132 270 2310 539 69 287 146 1771 87 277 6423 64 51 99 1494 334 80 52 803 629 66 230 174 200 48 205
internal_count=12836 1927 1786 141 1588 1139 449 23 10909 198 66 429 1116 3259 949 7650 381 7269 576 346 130 94 46 20 6693 132 270 2310 539 69 287 146 1771 87 277 6423 64 51 99 1494 334 80 52 803 629 66 230 174 200 48 205
is_linear=0
shrinkage=0.05


Tree=2
num_leaves=46
num_cat=0
split_feature=40 6 27 1 34 34 20 34 26 0 7 48 40 19 34 1 41 20 10 50 18 31 1 31 1 9 48 50 20 26 50 27 1 37 26 7 37 41 4 48 7 1 41 48 40
split_gain=0.0164806 0.015568 0.0129839 0.0111524 0.0101952 0.00777014 0.00776451 0.00770741 0.00917258 0.00799649 0.00769212 0.00763337 0.00709768 0.00644815 0.00622301 0.00560735 0.00546544 0.00612408 0.00683049 0.00501741 0.00439022 0.00420973 0.00419808 0.00387508 0.0038005 0.00430162 0.00346255 0.00334333 0.00318355 0.00313963 0.00298169 0.00295782 0.00281693 0.00269748 0.00227711 0.00343278 0.00226246 0.00219676 0.00197003 0.00209377 0.0017995 0.00168686 0.00126629 0.000978736 0.000860145
threshold=0.0057532749433251967 -5786.665 -0.0079770777888469955 88013.790046628943 -50.109373158816275 -138.70991376390904 0.012761269561842538 73.857222302369664 680.80385724590462 25.579679264773095 0.0084531758146942811 55.506225160433779 0.0049672995506235855 -0.015201693041857199 -146.99095230842849 61414.216426141633 0.96148113882546049 -0.033092045125644169 0.00460516669565709 63917.055000000015 -0.0013684790820863155 274.30198870743908 97336.80870712288 61.257699782183934 83788.957588944642 392.04500000000195 35.06138729932286 60994.592750000003 0.0081298768603800271 -1196.7635856666745 55498.469750000011 0.0021326655554189324 88691.214806735574 1.3680191862498028 272.44197519826054 0.0053738642150844762 1.1941823537212393 0.7234489852378061 -5.0562400466459474 53.280772113709368 0.006693241640972669 95865.701153189933 0.75187106946247972 38.125980529464321 0.0076649555552401206
decision_type=2 2 2 2 2 2 2 2 2 2 2 2 2 2 2 2 2 2 2 2 2 2 2 2 2 2 2 2 2 2 2 2 2 2 2 2 2 2 2 2 2 2 2 2 2
left_child=6 11 4 7 10 13 12 9 -9 -4 36 -2 15 -5 -13 20 26 40 -19 28 31 30 -21 -7 25 -6 37 -28 -17 -12 34 -1 -23 -22 43 -36 -3 -14 42 -40 -18 -34 -32 -8 -26
right_child=1 2 3 5 24 23 21 8 -10 -11 29 14 16 -15 -16 19 17 18 -20 22 33 32 -24 -25 44 -27 27 -29 -30 -31 38 -33 41 -35 35 -37 -38 -39 39 -41 -42 -43 -44 -45 -46
leaf_value=0.00014513531013640791 6.0783712534138961e-05 0.00071120832930570462 -0.00077179817464187418 0 0.00020402782451870612 0.00014985387874021528 0.00016813641290765944 -8.5709161704811761e-05 0.00046082591693694135 0.00030090860488807595 -0.00067513070489947453 -0.0015246366433969245 0 -0.00095763876127021572 0 -0.00020936801297350839 -0.00019093143224432408 0 -0.00059266494165730315 -1.8100033799354377e-05 -5.8377042779655964e-05 0 -0.00015633131327030993 -0.00018226617378251528 0.00034554366688047285 0.0010801443965698001 -0.00023662230678404416 0.00023941521417338059 6.4082696098629151e-05 0 0 -0.00012534737387924033 -0.0011343892275293072 0.00020371161049152103 0.00051408005387779099 0 0 -0.00038104098766921239 8.882969737229801e-05 -1.1124184668968564e-05 0.00027246840100544597 -0.00010324688081612549 -0.00031794362499540195 -5.3873513575388377e-05 0
leaf_weight=883 9.9999999999999982 46 14.999999999999998 27 35 168 90 400 94 747 23 25.999999999999996 74 45 10.000000000000002 751 39 67 210 4151 996 17 659 178 21 91 42 132 93 52 29 94 13.999999999999998 103 105 37 13.999999999999998 90 1360 720 41 25 59 64 14.999999999999998
leaf_count=883 10 46 15 27 35 168 90 400 94 747 23 26 74 45 10 751 39 67 210 4151 996 17 659 178 21 91 42 132 93 52 29 94 14 103 105 37 14 90 1360 720 41 25 59 64 15
internal_value=0 0.000131307 0.000154687 9.67906e-05 0.000463769 -0.000119891 -2.42189e-05 0.000172894 8.38864e-06 0.000272938 9.81727e-05 -0.000756996 -4.75622e-05 -0.000592985 -0.00112052 -3.30216e-05 -0.000202011 -0.000340732 -0.000452552 -5.91633e-05 3.57656e-05 5.18359e-05 -3.80866e-05 -6.5771e-06 0.000736881 0.00087743 -4.05415e-05 9.56139e-05 -0.000173302 -0.000191836 6.33323e-05 0.000113965 -0.000362839 -2.92164e-05 0.000216173 0.000367768 0.000542753 -0.000215342 4.01318e-05 5.18302e-05 0 -0.000606461 -0.000178987 4.35428e-05 0.000104033
internal_weight=0 2017 1971 1674 297 418 10945 1256 494 762 135 46 8425 72 36 7730 695 357 277 5654 2076 2520 4810 346 162 126 338 174 844 75 2464 977 56 1099 296 142 60 164 2168 2080 80 39 88 154 36
internal_count=12962 2017 1971 1674 297 418 10945 1256 494 762 135 46 8425 72 36 7730 695 357 277 5654 2076 2520 4810 346 162 126 338 174 844 75 2464 977 56 1099 296 142 60 164 2168 2080 80 39 88 154 36
is_linear=0
shrinkage=0.05


Tree=3
num_leaves=52
num_cat=0
split_feature=52 8 41 45 50 52 1 36 13 52 3 48 20 34 0 8 20 2 37 8 45 50 2 52 20 5 10 32 20 34 3 52 50 32 0 8 3 0 37 34 10 48 34 30 37 3 9 0 51 1 1
split_gain=0.00943966 0.0113913 0.015583 0.011668 0.00854424 0.00709455 0.00666 0.00578236 0.00788729 0.0157042 0.00555766 0.00626106 0.00530313 0.00900158 0.00508159 0.00517961 0.004501 0.00445222 0.00422967 0.00393732 0.00390895 0.00369808 0.00560696 0.00442732 0.00355296 0.0034472 0.00247876 0.00223873 0.00217125 0.00240493 0.00210506 0.0017665 0.0015991 0.0011788 0.00116832 0.000890339 0.000722673 0.000661548 0.000649186 0.000674676 0.000641677 0.000635083 0.000483406 0.000418656 0.000272762 0.000249169 0.000158613 0.000103379 8.33324e-05 4.95529e-05 4.56419e-05
threshold=62012.378800000006 12263.85 0.81242554807832701 60.422411488102419 88305.243500000011 71667.638500000015 62060.877938662728 -1385.9949999999951 280.27500000000151 82275.383200000011 632.48785456145208 60.062972867371613 -0.03423871964274771 83.198908436092793 15.742868180415998 8555.6750000000011 -0.020476196345825311 61900.073758393082 1.3465247044580646 13594.550000000001 88.236863309637258 46853.055000000008 55853.118828201565 46093.714000000007 -0.0087163700485228795 1449.455000000002 0.0065224273291406244 43.810558935282806 -0.011411523083315998 66.355037659379235 204.43680668684468 60962.916300000012 63754.860500000003 -1.9667871172669746 28.096262084565236 8598.7250000000022 838.32344286677483 19.265827579705093 1.5701734434661387 -21.169581320173094 0.012230882623705605 46.371032064257086 -138.70991376390904 -0.01372182074995008 0.72924441759272707 -175.66143039806772 480.7249999999986 87.037455760708156 0.00078038281571467109 61656.105925192227 67887.666121191331
decision_type=2 2 2 2 2 2 2 2 2 2 2 2 2 2 2 2 2 2 2 2 2 2 2 2 2 2 2 2 2 2 2 2 2 2 2 2 2 2 2 2 2 2 2 2 2 2 2 2 2 2 2
left_child=10 6 4 27 5 50 14 8 26 -10 18 33 13 -9 -2 17 -14 -16 20 32 21 23 -23 -1 -21 36 -8 37 38 31 41 -30 -5 -12 -29 -32 44 -4 45 -40 -31 -22 -7 -17 -13 -20 -6 49 -48 -27 -3
right_child=1 2 3 19 46 42 7 12 9 -11 11 25 16 -15 15 43 -18 -19 28 24 30 22 -24 -25 -26 47 -28 34 29 40 35 -33 -34 -35 -36 -37 -38 -39 39 -41 -42 -43 -44 -45 -46 -47 48 -49 -50 -51 -52
leaf_value=0 -0.0013815321721472689 0.00011648381245958671 0 -0.00039441708725855589 0.00014955458243444463 0.00016802504331087773 -3.738444457690746e-05 4.3812225002015974e-05 0.0012281143494560299 0 0.0011448231714049756 0 -0.00018688626906148852 0.00097549908374921211 0 0.00020445539393457927 -3.9340750494581323e-05 -0.00091756886435434353 0.00015505907666986648 0 -0.0003564434585728389 0.00024811154164105365 4.3676020441909518e-05 -0.00040630708077300716 -0.00073189291936998936 -0.00020566588745336546 0.00019994731236610687 -0.00047610538606569774 0.00035237334298795863 6.5146587773699872e-05 9.5400359122349766e-05 0 0 0 4.9892188813678237e-05 -0.00017396792284329654 0 0.00028871839723843186 0 -0.0004623751308334837 -0.00029120314609190802 0 0.0013873383161198962 -2.3409403710862614e-05 0.00063518944701796516 0 0 0 -0.00014613039414890531 0 0
leaf_weight=796 12.999999999999998 18.000000000000004 14.999999999999998 30 14.999999999999998 10.999999999999998 338 245 44 52 29 9.9999999999999982 588 31 33 24 6674 38 45 9.9999999999999982 97 456 1637 71 52 23 151 11.999999999999998 285 52 77 42 174 9.9999999999999982 53 50 10.999999999999998 342 20 12.999999999999998 15.999999999999998 17 50 56 29 28 10.000000000000002 12.999999999999998 11.999999999999998 10.999999999999998 9.9999999999999982
leaf_count=796 13 18 15 30 15 11 338 245 44 52 29 10 588 31 33 24 6674 38 45 10 97 456 1637 71 52 23 151 12 285 52 77 42 174 10 53 50 11 342 20 13 16 17 50 56 29 28 10 13 12 11 10
internal_value=0 -2.00676e-05 0.000157194 5.54774e-05 0.000671561 0.000936513 -3.80877e-05 -3.10365e-05 0.00011809 0.000534924 7.328e-05 0.000393637 -4.32773e-05 0.0001675 -0.00035621 -0.000232326 -5.19831e-05 -0.000544196 6.01296e-05 -0.000193836 3.70396e-05 5.40634e-05 9.06339e-05 -2.84562e-05 -0.000554176 0.000116394 2.5761e-05 0.000224494 0.000197572 0.000251463 -0.000151136 0.0003078 -5.91949e-05 0.000949812 0 0 0.00043075 0.000274281 0 -0.000186377 0 -0.000307025 0.00125093 0 0.000532401 7.9754e-05 0 -0.00011293 -4.93565e-05 -0.000158498 6.88621e-05
internal_weight=0 9101 814 688 126 89 8287 8123 585 96 3838 136 7538 276 164 151 7262 71 3702 266 3201 2960 2093 867 62 97 489 422 501 395 241 327 204 39 65 127 50 357 106 33 68 114 61 80 39 73 37 47 22 34 28
internal_count=12939 9101 814 688 126 89 8287 8123 585 96 3838 136 7538 276 164 151 7262 71 3702 266 3201 2960 2093 867 62 97 489 422 501 395 241 327 204 39 65 127 50 357 106 33 68 114 61 80 39 73 37 47 22 34 28
is_linear=0
shrinkage=0.05


Tree=4
num_leaves=53
num_cat=0
split_feature=40 34 40 51 52 52 8 36 52 8 50 8 17 40 50 10 41 27 8 8 13 34 40 52 40 27 48 34 9 34 1 8 41 8 9 40 34 51 8 52 20 1 36 41 40 41 34 41 48 27 5 41
split_gain=0.0137575 0.0152155 0.0162425 0.0146795 0.00768502 0.039792 0.00893949 0.00748683 0.00693343 0.00849112 0.0103654 0.0072818 0.00681808 0.00614919 0.00562949 0.00558068 0.0181399 0.00535604 0.00508697 0.00678063 0.0047065 0.00442564 0.00429725 0.00416731 0.00505485 0.00412478 0.00370299 0.00367135 0.00349017 0.00343486 0.00544579 0.00309314 0.00410555 0.00308946 0.00305403 0.00295253 0.00323965 0.00277475 0.00230338 0.00226282 0.00212405 0.0020014 0.00275227 0.00189372 0.0018054 0.0014671 0.00137406 0.00134687 0.000997512 0.000608936 0.000606578 0.000442603
threshold=0.0058470693400602724 -159.34912177339018 0.0096389780215419777 0.00051124674003550491 82506.834000000017 81835.544900000023 13425.075000000003 62.075000000000735 62012.378800000006 8391.0500000000011 60627.264500000012 11999.975 0.0038981568153952932 0.0049199224193854788 68612.312750000026 0.020627661765009138 1.089286383974841 0.0018546052264899573 11361.075000000003 9873.3250000000025 110.5849999999955 129.62522087909946 0.0066018965334760813 63771.566600000013 0.004335258035775137 0.0014736546980293988 47.566164219592785 215.13079756802065 1031.7449999999956 -17.162748753624449 43160.197491915198 14002.150000000001 1.0030370486002254 7998.2000000000007 411.78500000000355 0.0044097960385104619 120.69830666796182 -0.004039470941966424 10248.925000000001 97495.650700000013 0.014413942270446902 62450.704533231248 469.30500000000035 1.2136210537641288 0.005514186581948328 0.84076264504256315 -75.624595952234174 0.99214751502699994 46.864637900786285 0.0040457111286226902 -2673.9649999999997 1.3311438054734006
decision_type=2 2 2 2 2 2 2 2 2 2 2 2 2 2 2 2 2 2 2 2 2 2 2 2 2 2 2 2 2 2 2 2 2 2 2 2 2 2 2 2 2 2 2 2 2 2 2 2 2 2 2 2
left_child=8 2 18 15 5 14 40 -4 9 26 29 13 -7 23 -5 21 -17 20 19 49 -15 28 48 24 -10 -8 35 31 -3 46 -31 43 -33 37 -21 36 -1 -28 -19 -25 -6 42 -12 -13 -37 -23 -11 -35 -20 -2 -24 -29
right_child=1 3 7 4 6 12 25 -9 11 10 41 27 -14 17 -16 16 -18 38 22 34 -22 45 50 39 -26 -27 33 51 -30 30 -32 32 -34 47 -36 44 -38 -39 -40 -41 -42 -43 -44 -45 -46 -47 -48 -49 -50 -51 -52 -53
leaf_value=9.2156238873790069e-05 0.00035265144493601375 0.00039018455216921786 0 -1.5006780901045529e-06 7.8545820381141696e-05 0.0034561123007239348 0 -0.00136661537604554 -0.00021155615273351746 -0.00015403670938112733 0.00049830382156856108 1.6781652394942923e-06 0.00065458608909625357 -0.00016212658158152668 0.00031110760797773947 0.0021931866275394243 0 -0.00016493058607664718 0.001001459938700798 0 -0.00056302796217743204 0 0.00020695511567672448 -1.8875169570025876e-05 0.00017647008571834171 -0.0012313101921379284 -1.6321349691076312e-05 -0.00063904406033680377 0 1.9279326390768867e-05 -0.00034128057398450366 0.001130124095856294 0 0 -0.00075810443110395148 -0.00015942331381275715 -0.00049662285339810886 0.00022357494385419723 0.00013654764600526322 -0.00011508960395174487 -0.00020932226912886032 0 0 0.00022444687335512108 0.00015085002674407159 -0.00045201190660726002 6.1924897611297097e-05 0.00063215252326850901 0 0 -0.00014377243723125217 0
leaf_weight=1484 21 538 13.999999999999998 532 138 10.000000000000002 13.999999999999998 39 650 119 93 246 9.9999999999999982 246 183 17 17 135 19.000000000000004 11.999999999999998 150 19 20 5110 82 26 131 13.000000000000002 51 110 376 19.000000000000004 9.9999999999999982 10.999999999999998 52 229 21 336 112 738 105 46 25 228 43 20 166 61 10.999999999999998 19 31 9.9999999999999982
leaf_count=1484 21 538 14 532 138 10 14 39 650 119 93 246 10 246 183 17 17 135 19 12 150 19 20 5110 82 26 131 13 51 110 376 19 10 11 52 229 21 336 112 738 105 46 25 228 43 20 166 61 11 19 31 10
internal_value=0 0.000122185 -0.00024303 0.000176933 5.19225e-05 0.000140851 -0.000161295 -0.00101287 -2.2897e-05 3.75221e-05 -8.69458e-05 -4.88907e-05 0.00233203 -6.2439e-05 7.16164e-05 0.000361511 0.00105068 -0.000212243 0 -0.000251514 -0.000326911 0.000315757 0.000274355 -4.70313e-05 -0.000161206 -0.000856476 8.99348e-05 0.000127582 0.000352508 -0.000167737 -0.000249429 0.000163292 0.0007007 0.000207918 -0.000590528 5.13056e-05 8.05218e-05 0.000145614 -8.00974e-06 -3.18774e-05 -2.53956e-05 0.000262054 0.000371039 0.000119449 -9.18985e-05 -0.000110497 -1.07903e-05 0.000540597 0.000746004 0.000167198 0 -0.000430835
internal_weight=0 1918 238 1680 1018 735 283 53 11000 3251 935 7749 20 7223 715 662 34 643 185 104 396 628 81 6580 732 40 2316 526 589 771 486 503 29 539 64 1777 1505 467 247 5848 243 164 118 474 272 39 285 72 30 40 51 23
internal_count=12918 1918 238 1680 1018 735 283 53 11000 3251 935 7749 20 7223 715 662 34 643 185 104 396 628 81 6580 732 40 2316 526 589 771 486 503 29 539 64 1777 1505 467 247 5848 243 164 118 474 272 39 285 72 30 40 51 23
is_linear=0
shrinkage=0.05


Tree=5
num_leaves=49
num_cat=0
split_feature=40 34 13 6 40 20 2 8 1 1 19 7 8 20 1 19 8 27 34 37 1 20 2 2 7 53 53 41 1 45 1 53 8 7 11 40 1 39 37 8 8 6 27 8 48 51 54 2
split_gain=0.0138412 0.0222413 0.0115954 0.00917199 0.00883499 0.00979598 0.0081524 0.0103463 0.00814211 0.0227832 0.00922628 0.00777096 0.0150923 0.0212297 0.00932464 0.00541135 0.00491896 0.00399626 0.00523182 0.00389547 0.00327792 0.00355041 0.00322237 0.00428159 0.00399979 0.00284591 0.00295305 0.00262266 0.0025659 0.00251461 0.00244082 0.00224801 0.00210997 0.00247787 0.00211454 0.00205466 0.00168532 0.00161982 0.00161329 0.00156985 0.00255992 0.000609843 0.000524594 0.000463574 0.00042734 0.00018039 0.00012058 1.16003e-06
threshold=0.0067702310205894648 -163.92972530532958 250.43500000000498 675.8050000000004 0.0096389780215419777 0.0068082191704628156 62051.688221263772 12342.525000000003 83788.957588944642 82910.205368736846 0.015544575618277713 0.0062827200415673775 11319.975 -0.0059205172746444315 64513.870921411399 0.01595294213273513 14002.150000000001 0.010228626691170183 120.69830666796182 1.3465247044580646 52126.263501370166 0.069376778050239243 97747.873963235848 76076.612612499142 0.0044015306582560762 -0.0045324852626110945 0.026760947483122684 1.3575534588739451 51564.488932610904 88.018530547224898 59664.631692990348 0.045261438424562088 14390.100000000002 0.0073027299210314768 369.57500000000442 0.0055700768820014434 61299.865901990859 0.47587483199391772 1.1548428524978409 10274.375000000002 11060.525000000001 2047.6199999999956 -0.016186519064987286 10603.175000000001 51.804406141104074 0.024042984865852036 1.5000000000000002 46277.924733546919
decision_type=2 2 2 2 2 2 2 2 2 2 2 2 2 2 2 2 2 2 2 2 2 2 2 2 2 2 2 2 2 2 2 2 2 2 2 2 2 2 2 2 2 2 2 2 2 2 2 2
left_child=6 4 3 28 38 -6 17 11 9 10 -4 22 13 -13 -14 32 31 18 19 35 -19 41 23 -8 -24 36 -27 30 47 -30 -20 -17 33 -9 -34 -1 -5 -21 39 -2 -41 -22 -40 46 -45 -29 -10 -3
right_child=1 2 8 25 5 -7 7 15 43 -11 -12 12 14 -15 -16 16 -18 20 27 37 21 -23 24 -25 -26 26 -28 45 29 -31 -32 -33 34 -35 -36 -37 -38 -39 42 40 -42 -43 -44 44 -46 -47 -48 -49
leaf_value=1.7111552570517733e-05 0 8.5902864754178599e-06 0.00081497874915992209 0 -0.0012718985531474719 3.5343617942612753e-05 -6.1296707037791369e-05 0.00013368813408177137 0 0.0031616084702602294 0 -0.0011408893003371013 0.0015642684097718269 -9.39838694313855e-05 0 -0.00013205110659571573 -0.00087992087206319788 0 -0.00056873161696838182 0.00023791937032087513 0 0 -6.8555229490915227e-05 2.0134657842410456e-05 -0.0003594918203507309 0.00018662722062944088 -0.00010624036199177089 0 0.00040484251577484328 0 -2.657405280504882e-07 0.00048425189923928595 0.0011120494262643716 0.00053731339410546949 0 0.00017844013062225144 -0.00050632133441437792 0 0.00041170355231900284 -0.0011455624038805661 -5.2824004629683743e-05 0.00080293095568227397 0 0.00030383992254311956 0 0.00013351052653931612 -0.0002406968459058388 0
leaf_weight=2532 19 39 109 12.999999999999998 42 10.999999999999998 4065 336 10.000000000000002 9.9999999999999982 42 89 9.9999999999999982 132 113 49 18 27 65 378 9.9999999999999982 18 608 2557 172 178 147 25 345 18 53 20 17.000000000000004 59 11.999999999999998 228 42 88 13.000000000000002 9.9999999999999982 39 50 18 20.000000000000004 9.9999999999999982 25 10.999999999999998 21
leaf_count=2532 19 39 109 13 42 11 4065 336 10 10 42 89 10 132 113 49 18 27 65 378 10 18 608 2557 172 178 147 25 345 18 53 20 17 59 12 228 42 88 13 10 39 50 18 20 10 25 11 21
internal_value=0 0.000169732 0.00025718 0.000161565 -0.000380743 -0.000908104 -1.06447e-05 -3.8102e-05 0.000595055 0.000769573 0.000572158 -5.29781e-05 -0.000287664 -0.000539157 0.000123868 0.000177517 -0.000146419 5.27186e-05 4.16323e-05 5.70476e-05 0.000362445 0.0005304 -4.13847e-05 -2.90985e-05 -0.000139232 -4.00347e-06 3.88147e-05 -0.000224243 0.000322011 0.00037212 -0.000356317 0 0.000255825 0.000206987 0.000741454 3.2268e-05 -0.000346274 0.000192973 -4.61759e-05 -0.000219879 -0.000382866 0.000715891 0.000173561 0 0.000163069 0 -0.000128775 0
internal_weight=0 1167 1015 803 152 53 11756 8257 212 161 151 7746 344 221 123 511 87 3499 3394 3226 105 78 7402 6622 780 380 325 168 423 363 118 69 424 395 29 2760 55 466 99 68 49 60 31 51 30 50 21 60
internal_count=12923 1167 1015 803 152 53 11756 8257 212 161 151 7746 344 221 123 511 87 3499 3394 3226 105 78 7402 6622 780 380 325 168 423 363 118 69 424 395 29 2760 55 466 99 68 49 60 31 51 30 50 21 60
is_linear=0
shrinkage=0.05


Tree=6
num_leaves=51
num_cat=0
split_feature=40 34 51 2 8 30 7 8 4 13 2 2 40 3 37 34 4 40 20 50 2 1 48 41 13 20 1 1 40 8 2 17 8 40 45 6 40 6 25 45 48 40 7 45 35 6 37 16 37 3
split_gain=0.0121865 0.0210997 0.0110768 0.00755954 0.00626814 0.00879259 0.00626633 0.00920664 0.0182499 0.00582431 0.00646485 0.0247359 0.00561197 0.00548997 0.00457279 0.00445505 0.00439196 0.00480383 0.00427126 0.00426803 0.00415633 0.00551293 0.00413 0.00373392 0.00389526 0.00347728 0.00347339 0.00343854 0.00338767 0.00333001 0.00326624 0.00289262 0.00266838 0.00255802 0.00222823 0.00205289 0.00186914 0.00161772 0.00151894 0.00134486 0.00124033 0.000781542 0.000691593 0.0004476 0.000300774 8.69147e-05 7.68149e-05 0.000294754 0.000177708 1.39325e-06
threshold=0.0067702310205894648 -163.92972530532958 0.0020464326558215866 62051.688221263772 12186.175000000001 0.0057302591680712294 0.0062827200415673775 11319.975 68.236396036614352 250.43500000000498 82881.628664588876 80709.713923057716 0.0096389780215419777 632.48785456145208 1.0727690320554764 80.313997845959435 598.53301620150944 0.0055700768820014434 0.0063090435875744486 62121.210250000011 58088.845010588462 59983.054326419828 62.351111758996261 0.98453383652309012 286.80999999999773 -0.022370564686458868 61934.188268360995 85239.427454927965 0.0045333663240909958 12466.150000000003 97133.439025816348 0.0069961736894391677 14390.100000000002 0.005606122887380327 54.248685917402589 559.75000000000011 0.0058892764872640821 314.94999999999351 2.508860800200218 86.671890908789393 69.281799355183054 0.0085295471005082998 0.009137207289492329 82.19923576531707 0.20873197781259969 1847.4199999999948 1.1548428524978409 -0.0031719195676954688 1.2020312568721672 769.48439296347362
decision_type=2 2 2 2 2 2 2 2 2 2 2 2 2 2 2 2 2 2 2 2 2 2 2 2 2 2 2 2 2 2 2 2 2 2 2 2 2 2 2 2 2 2 2 2 2 2 2 2 2 2
left_child=3 12 14 13 6 32 19 8 -8 25 11 -11 38 15 34 26 17 -7 -14 -5 28 -22 -18 24 -16 42 33 -9 -17 -27 -21 39 36 -1 40 -36 -6 -34 46 43 -3 -25 -4 -15 -40 -12 47 -2 -48 -33
right_child=1 2 9 4 5 16 7 27 -10 10 45 -13 18 31 23 20 22 -19 -20 30 21 -23 -24 41 -26 29 -28 -29 -30 -31 -32 49 37 -35 35 -37 -38 -39 44 -41 -42 -43 -44 -45 -46 -47 48 -49 -50 -51
leaf_value=3.6560297521388069e-05 0 0.00022199879648597423 0.00064267849098362121 -0.00071377124763841258 0.00010451818100804439 -4.6716922963016593e-05 -0.0009505403194358539 0.0004280691109202928 0 0.00022093085116315321 0 0.0028666786717630069 -0.0011222300024930204 0.00032567067117861639 0.0006015765974640621 0.00024932079617055237 0.00080565704431486145 -0.00074401716084916475 0 -2.3667174854276893e-05 -0.00062917066118371842 -4.424676546559258e-05 -4.8059101121258545e-05 0 0.0017005949933770036 1.6101285281518993e-05 0.00058220014179386935 -0.0001090479256439199 -0.0001954656034393017 -0.00036046525435993218 -0.00012493002053462628 1.5606916789616712e-05 0.0011087607768649568 0.00021968478505193751 0.00063785784189021892 0 0.00040058801843960456 0 0 0.0010164395825691282 -0.00010640478468359964 0.00038589634768310593 0 0 -0.00056475437083408804 -0.00020620929434122452 0.00021286165250703349 -0.00015947193909350403 0 0
leaf_weight=2791 19 220 24 24 282 95 101 46 122 70 10.000000000000002 10.999999999999998 36 16.000000000000004 67 100 19 45 11.999999999999998 6354 73 138 21 20 20 369 33 61 66 66 958 14.000000000000002 17.000000000000004 222 80 12.999999999999998 102 9.9999999999999982 10.000000000000002 26 10.999999999999998 15.999999999999998 11.999999999999998 9.9999999999999982 18 14.999999999999998 13.000000000000002 30 9.9999999999999982 10.999999999999998
leaf_count=2791 19 220 24 24 282 95 101 46 122 70 10 11 36 16 67 100 19 45 12 6354 73 138 21 20 20 369 33 61 66 66 958 14 17 222 80 13 102 10 10 26 11 16 12 10 18 15 13 30 10 11
internal_value=0 0.000157018 0.000240724 -1.1949e-05 -3.83929e-05 0.000115913 -5.09452e-05 -0.00026675 -0.000453392 8.49249e-05 0.000419698 0.000650983 -0.000387739 4.90056e-05 0.000430465 3.79996e-05 -0.000158794 -0.000307599 -0.000851719 -4.05454e-05 -0.000119772 -0.000270883 0.000236365 0.000723065 0.000916474 0 5.9178e-05 7.58151e-05 4.23783e-05 -2.97557e-05 -3.76227e-05 0.000471544 0.000248407 5.17329e-05 0.000303401 0.000543291 0.000196424 0.000794289 -0.000113296 0.000683309 0.000184626 0.000114208 0.000478398 0.000152271 -0.000423881 -0.000130869 0 -2.61383e-05 8.244e-05 0
internal_weight=0 1172 1024 11757 8257 591 7666 330 223 577 106 81 148 3500 447 3423 180 140 48 7336 377 211 40 123 87 471 3046 107 166 435 7312 77 411 3013 324 93 384 27 100 52 231 36 36 26 28 25 72 49 23 25
internal_count=12929 1172 1024 11757 8257 591 7666 330 223 577 106 81 148 3500 447 3423 180 140 48 7336 377 211 40 123 87 471 3046 107 166 435 7312 77 411 3013 324 93 384 27 100 52 231 36 36 26 28 25 72 49 23 25
is_linear=0
shrinkage=0.05


Tree=7
num_leaves=45
num_cat=0
split_feature=20 34 7 1 7 20 41 19 3 7 1 48 6 8 48 6 53 3 50 31 31 20 37 7 48 1 7 8 1 8 8 50 1 35 34 1 51 18 3 3 31 1 8 48
split_gain=0.00682605 0.0171525 0.0183094 0.0113595 0.00765523 0.00643284 0.00547067 0.00812771 0.00679272 0.00789066 0.00501314 0.00473078 0.00425953 0.00356451 0.00345641 0.00606951 0.0157952 0.0399259 0.00372201 0.0034372 0.00480513 0.00378071 0.00342996 0.0030446 0.00284757 0.00267608 0.00248364 0.00236828 0.00218669 0.00201687 0.00197954 0.00194575 0.00184557 0.00154319 0.00112098 0.00111171 0.000948377 0.000887969 0.000725097 0.000671586 0.00102886 0.000216694 0.000134835 7.048e-05
threshold=-0.033092045125644169 67.757328322891297 0.014170226152244137 63660.355484283042 0.014170226152244137 0.012761269561842538 0.95293143248926981 0.017491590010232042 654.75007403711072 0.0049328802434798974 96493.104733755041 9.5950361322064825 -1779.0999999999983 12407.425000000001 54.836699763864011 3314.099999999999 0.029345551916596803 680.80385724590462 62800.014500000012 91.990942540934796 -19.295836801049891 0.029616981115676681 1.2192907411702134 0.0069076044246419886 33.718732021670341 54731.302194290452 0.0032495027188312159 8391.0500000000011 61060.247406121423 11886.125000000002 8996.5000000000018 63522.508000000002 81429.976088737327 0.31733373371858714 9.7890443349676435 88691.214806735574 0.033995523251517355 -0.011241104298066294 360.5424060053702 -675.05602904223622 -78.431787166625455 82348.745155135941 9636.2500000000018 86.856982609450299
decision_type=2 2 2 2 2 2 2 2 2 2 2 2 2 2 2 2 2 2 2 2 2 2 2 2 2 2 2 2 2 2 2 2 2 2 2 2 2 2 2 2 2 2 2 2
left_child=1 2 22 43 35 6 8 11 9 13 -11 34 -13 -2 15 19 17 -17 27 20 -7 -21 23 25 42 -1 38 33 -29 -5 -25 -26 -28 -16 -8 -3 -18 -31 -20 41 -41 -24 -9 -4
right_child=5 4 3 29 -6 14 7 24 -10 10 -12 12 -14 -15 18 16 36 -19 26 21 -22 -23 39 30 31 -27 32 28 -30 37 -32 -33 -34 -35 -36 -37 -38 -39 -40 40 -42 -43 -44 -45
leaf_value=-0.00043850013619807894 -1.042653584638732e-05 0.00064360080348613692 -0.0022850212484466291 0.00012050218911601536 0.0022149317526841553 -4.0898356357841721e-06 0.00083329333315436546 0 -0.0012106557104703602 0.00034025249893880242 -0.00037993358576032587 -0.00022074394228099116 -4.4369226027299756e-05 0.00043459935817933312 0 0 0.00020695383872033264 0.0033676357034567771 -3.1312794936036045e-05 -0.0001028305020952024 0.0001738526392556707 0.00014390524782193834 0.00015817176610083506 0 -8.0878476223577398e-05 0.00014473950600938772 -5.4956123213123156e-05 -0.00018775286519608471 0.00033391748639575368 0 0.00043072139063860096 -0.00073210422024143189 -0.000285577883238343 0.00033875072001057928 0 0 -8.1374721498189329e-05 -0.00078336921997550029 0.00014490116814290166 -0.00028437205855884714 0 0 -0.00010913871596863513 -0.00052684386607227849
leaf_weight=18 3801 43 11 15.999999999999998 11.999999999999998 547 17.000000000000004 15.999999999999998 10.999999999999998 259 20 395 4244 45 77 20 50 13.999999999999998 62 510 939 214 23 15.999999999999998 36 232 283 89 22 12.999999999999998 180 75 196 115 12.999999999999998 9.9999999999999982 40 12.000000000000002 100 56 20 9.9999999999999982 28 10
leaf_count=18 3801 43 11 16 12 547 17 16 11 259 20 395 4244 45 77 20 50 14 62 510 939 214 23 16 36 232 283 89 22 13 180 75 196 115 13 10 40 12 100 56 20 10 28 10
internal_value=0 0.000152494 6.21743e-05 -0.000736654 0.000929039 -9.9482e-06 -3.22137e-05 -6.85139e-05 8.91796e-06 1.347e-05 0.000270372 -5.54411e-05 -6.04782e-05 -3.88608e-06 4.93839e-05 8.25967e-05 0.000429441 0.00134837 -2.74386e-05 6.08179e-05 0.000105 -2.29677e-05 0.000160767 0.000224952 -0.000429237 8.2295e-05 -9.98678e-05 0.000109248 -3.88138e-05 -0.000112501 0.000381037 -0.000566607 -0.000159875 0.000220774 0.000551334 0.000533257 2.35922e-05 -0.000458912 4.67209e-05 -5.60128e-05 -0.000161119 3.51705e-05 0 -0.00170175
internal_weight=0 682 617 62 65 12238 8960 4824 4136 4125 279 4669 4639 3846 3278 2334 124 34 944 2210 1486 724 555 446 155 250 641 303 111 41 196 111 479 192 30 53 90 25 162 109 76 33 44 21
internal_count=12920 682 617 62 65 12238 8960 4824 4136 4125 279 4669 4639 3846 3278 2334 124 34 944 2210 1486 724 555 446 155 250 641 303 111 41 196 111 479 192 30 53 90 25 162 109 76 33 44 21
is_linear=0
shrinkage=0.05


Tree=8
num_leaves=50
num_cat=0
split_feature=50 20 31 48 32 2 2 7 31 20 7 41 20 41 0 14 20 48 50 10 0 5 4 4 7 41 19 3 3 51 20 7 31 50 4 7 18 4 9 31 48 2 9 0 7 14 4 9 35
split_gain=0.00560579 0.00429008 0.00629638 0.00619183 0.00694193 0.0109701 0.0317699 0.0061146 0.0229449 0.00702242 0.00565036 0.00525282 0.0036184 0.00344195 0.00357211 0.00343809 0.00321285 0.00313763 0.00270895 0.00215293 0.00201251 0.00168197 0.00164306 0.00241611 0.00183517 0.00251408 0.00170959 0.00158256 0.00186815 0.00175938 0.00157804 0.0014933 0.00145219 0.00138127 0.00137868 0.0013109 0.00108802 0.00103739 0.000955324 0.000870298 0.000686879 0.000574409 0.000467388 0.000608784 0.000464287 0.000294313 6.39762e-05 3.00459e-05 8.18983e-07
threshold=97183.639500000019 0.032796643523661302 126.18078284496796 57.001990806741965 -26.82353127573408 81736.421662876848 84845.561545175631 0.014170226152244137 56.105312663723403 -0.03423871964274771 0.0061657640739939115 0.97953565909960516 -0.021868857095606705 1.5132691579982247 53.693517671229635 321.72000000000486 0.014678882076929469 50.607956097147834 83751.789000000019 0.0055126374935957128 78.57265865103291 1356.1050000000034 -169.34591192382516 29.228221071919304 0.0045277217295583419 1.0264963122725683 -0.013431180650950168 925.21527142634307 680.80385724590462 0.019657111766136496 -0.017278217558248262 0.0029366008428498265 -21.937339176910879 92721.945750000014 401.69624895498004 0.0088760427004717177 0.0052477145211473628 770.36394710901413 537.69000000000244 123.35911692436393 15.950927428780162 103215.48556063104 446.909999999989 47.554032144067456 0.003980154695850586 39.025000000001462 -314.18697642493674 457.29000000000093 0.93503420985165009
decision_type=2 2 2 2 2 2 2 2 2 2 2 2 2 2 2 2 2 2 2 2 2 2 2 2 2 2 2 2 2 2 2 2 2 2 2 2 2 2 2 2 2 2 2 2 2 2 2 2 2
left_child=1 2 7 4 5 20 -7 9 17 10 -1 16 -11 14 -13 22 19 -9 32 -4 -3 -18 36 26 31 -26 -24 28 39 47 48 -25 -6 -20 38 -15 41 -30 -32 -5 -28 44 -38 -44 -2 -31 -43 -29 -17
right_child=15 3 11 27 18 6 -8 8 -10 12 -12 13 -14 35 -16 30 21 -19 33 -21 -22 -23 23 24 25 -27 40 29 37 45 34 -33 -34 -35 -36 -37 42 -39 -40 -41 -42 46 43 -45 -46 -47 -48 -49 -50
leaf_value=0 0.00024894158371507245 0.00039928059857773996 0 0 0 0.003727321814094642 0 0 0.0013352713090227506 -0.00010739910124489172 0.00035191339491567354 0 1.17722538002749e-05 0.00018180376369238989 -0.00038557959299265963 0 -0.00034161568541959166 -0.0012993422383871249 -0.00033112317342118421 0.00029576172865357743 -0.00013873831655021663 0 0 -9.494784834922107e-05 -0.00067798885580563049 -4.1141772553571942e-05 0 0 0.00031273069942529789 0 0 8.3266921769077786e-05 0.00026445641495734864 1.3378268917868569e-05 0 -0.00032209180461542381 0 0 -0.00064279446434842009 -0.00027121256403495129 -0.00039991086399526608 0 0 -0.000437406079953058 0 -0.00040732576400353925 -0.00012461223359246855 5.4488166717613629e-05 -1.3460720831577731e-05
leaf_weight=215 77 35 81 158 67 10.000000000000002 18 10.999999999999998 10.999999999999998 683 268 52 8945 54 306 26 71 35 37 106 15.999999999999998 49 31 229 26 93 15.999999999999998 11.999999999999998 72 15.999999999999998 10.999999999999998 240 240 36 24 13.999999999999998 17 65 65 36 120 10.000000000000002 12.000000000000002 18 66 53 9.9999999999999982 25 10.999999999999998
leaf_count=215 77 35 81 158 67 10 18 11 11 683 268 52 8945 54 306 26 71 35 37 106 16 49 31 229 26 93 16 12 72 16 11 240 240 36 24 14 17 65 65 36 120 10 12 18 66 53 10 25 11
internal_value=0 7.70472e-06 -4.85262e-07 0.000112892 0.000241775 0.000684518 0.00149997 9.25818e-06 -0.000503697 1.26593e-05 0.000198802 -0.000142411 2.79598e-06 -0.000256302 -0.000319642 -0.00011011 0 -0.00105724 0.000136116 0.000144599 0.0001332 -0.000184969 -7.02134e-05 -0.000106595 -4.83293e-05 -0.000223551 -0.000281405 -1.11191e-05 3.01653e-05 -0.000186793 -0.000353948 0 0.000207062 -9.36598e-05 -0.000459159 3.89504e-06 3.67767e-05 0.000180585 -0.000567728 -5.04405e-05 -0.000358548 0.000115903 -0.000130926 -0.000255583 0.000159152 -0.000342039 0 0 0
internal_weight=0 11797 10901 896 459 79 28 10168 57 10111 483 733 9628 426 358 1102 307 46 380 187 51 120 965 755 588 119 167 437 331 106 137 469 307 73 100 68 210 137 76 194 136 163 47 30 143 69 20 37 37
internal_count=12899 11797 10901 896 459 79 28 10168 57 10111 483 733 9628 426 358 1102 307 46 380 187 51 120 965 755 588 119 167 437 331 106 137 469 307 73 100 68 210 137 76 194 136 163 47 30 143 69 20 37 37
is_linear=0
shrinkage=0.05


end of trees

feature_importances:
ema_fast=39
volume_ma=32
volatility=29
sma_50=26
volatility_ma=25
return_24=24
adx=22
macd_strength=21
macd=18
volatility_ratio=18
ema_slow=17
sma_20=17
macd_hist=13
macd_signal=11
volume_ratio=11
rsi=10
momentum_20=10
range=9
ema_cross_pct=8
upper_shadow=7
price_sma_20_dist=7
stoch_d=6
range_pct=5
return_12=5
price_sma_50_dist=5
return_6=4
momentum_ratio=4
momentum_convergence=4
momentum_10=3
lower_shadow=3
return_3=3
ema_cross=3
macd_hist_change=3
body=2
rsi_divergence=2
price_ema_slow_dist=2
volume_change=2
signal_convergence=2
return_1=1
rsi_normalized=1

parameters:
[boosting: gbdt]
[objective: regression]
[metric: rmse]
[tree_learner: serial]
[device_type: cpu]
[data: ]
[valid: ]
[num_iterations: 800]
[learning_rate: 0.05]
[num_leaves: 64]
[num_threads: 8]
[deterministic: 0]
[force_col_wise: 0]
[force_row_wise: 0]
[histogram_pool_size: -1]
[max_depth: 6]
[min_data_in_leaf: 10]
[min_sum_hessian_in_leaf: 0.001]
[bagging_fraction: 0.8]
[pos_bagging_fraction: 1]
[neg_bagging_fraction: 1]
[bagging_freq: 1]
[bagging_seed: 400]
[feature_fraction: 0.7]
[feature_fraction_bynode: 1]
[feature_fraction_seed: 30056]
[extra_trees: 0]
[extra_seed: 12879]
[early_stopping_round: 0]
[first_metric_only: 0]
[max_delta_step: 0]
[lambda_l1: 0.1]
[lambda_l2: 0.3]
[linear_lambda: 0]
[min_gain_to_split: 0]
[drop_rate: 0.1]
[max_drop: 50]
[skip_drop: 0.5]
[xgboost_dart_mode: 0]
[uniform_drop: 0]
[drop_seed: 17869]
[top_rate: 0.2]
[other_rate: 0.1]
[min_data_per_group: 100]
[max_cat_threshold: 32]
[cat_l2: 10]
[cat_smooth: 10]
[max_cat_to_onehot: 4]
[top_k: 20]
[monotone_constraints: ]
[monotone_constraints_method: basic]
[monotone_penalty: 0]
[feature_contri: ]
[forcedsplits_filename: ]
[refit_decay_rate: 0.9]
[cegb_tradeoff: 1]
[cegb_penalty_split: 0]
[cegb_penalty_feature_lazy: ]
[cegb_penalty_feature_coupled: ]
[path_smooth: 0]
[interaction_constraints: ]
[verbosity: 1]
[saved_feature_importance_type: 0]
[linear_tree: 0]
[max_bin: 255]
[max_bin_by_feature: ]
[min_data_in_bin: 3]
[bin_construct_sample_cnt: 200000]
[data_random_seed: 175]
[is_enable_sparse: 1]
[enable_bundle: 1]
[use_missing: 1]
[zero_as_missing: 0]
[feature_pre_filter: 1]
[pre_partition: 0]
[two_round: 0]
[header: 0]
[label_column: ]
[weight_column: ]
[group_column: ]
[ignore_column: ]
[categorical_feature: ]
[forcedbins_filename: ]
[precise_float_parser: 0]
[parser_config_file: ]
[objective_seed: 16083]
[num_class: 1]
[is_unbalance: 0]
[scale_pos_weight: 1]
[sigmoid: 1]
[boost_from_average: 1]
[reg_sqrt: 0]
[alpha: 0.9]
[fair_c: 1]
[poisson_max_delta_step: 0.7]
[tweedie_variance_power: 1.5]
[lambdarank_truncation_level: 30]
[lambdarank_norm: 1]
[label_gain: ]
[lambdarank_position_bias_regularization: 0]
[eval_at: ]
[multi_error_top_k: 1]
[auc_mu_weights: ]
[num_machines: 1]
[local_listen_port: 12400]
[time_out: 120]
[machine_list_filename: ]
[machines: ]
[gpu_platform_id: -1]
[gpu_device_id: -1]
[gpu_use_dp: 0]
[num_gpu: 1]

end of parameters

pandas_categorical:[]
