tree
version=v4
num_class=1
num_tree_per_iteration=1
label_index=0
max_feature_idx=58
objective=regression
feature_names=ema_fast ema_slow bb_middle bb_upper bb_lower atr momentum_10 momentum_20 volatility volume_ma range range_pct body body_pct upper_shadow lower_shadow is_bullish return_1 return_3 return_6 return_12 return_24 log_return ema_cross ema_cross_pct ema_cross_signal price_ema_fast_dist price_ema_slow_dist bb_width bb_position bb_position_normalized price_bb_upper_dist price_bb_lower_dist bb_breakout_upper bb_breakout_lower atr_normalized atr_ma atr_ratio momentum_ratio momentum_convergence volume_ratio volume_spike volume_change volatility_ma volatility_ratio high_volatility low_volatility stoch_k stoch_d stoch_overbought stoch_oversold adx strong_trend sma_20 price_sma_20_dist sma_50 price_sma_50_dist signal_convergence market_regime
feature_infos=[38967.729318929021:107396.26389944887] [39220.71373165102:107049.79494400365] [0:107202.68299999999] [0:108503.14528069981] [0:106362.39873835164] [0:1913.6478571428556] [-8342.5400000000009:10665.179999999993] [-12486.150000000001:14155.739999999991] [0:0.027665265364936176] [0:15071.1] [41.610000000000582:7445.0200000000041] [0.00064197892033770012:0.083194551703992967] [0.010000000002037268:4847.2799999999988] [1.687657469333537e-07:0.053865545209733065] [0:2853.8099999999977] [0:2709.1299999999974] [0:1] [-0.06392068477713575:0.11991470268267301] [-0.06874591913368211:0.12121289228058596] [-0.079615203583715433:0.12324016964288909] [-0.13852618933251082:0.1281729140500143] [-0.20656179582649081:0.18012682534038826] [-0.066055067608681614:0.11325252408776919] [-2596.3215042438969:3122.6028892565373] [-0.051939210812642647:0.033488267366733444] [0:1] [-0.080064711463382857:0.093992858566676371] [-0.1320039222760255:0.11036991523222302] [0:0.23507214819731151] [-0.47895853378551589:1.5139666392771387] [-1.9579170675710318:2.0279332785542774] [-0.051695806611816018:0.2348085863011253] [-0.031298755752849884:0.18048430889612765] [0:1] [0:1] [0:0.030615925217490077] [0:1459.5823571428562] [0:2.5193794912994942] [-4451.5502226422777:74647.925336867193] [-10665.179999999993:8342.5400000000009] [0:2.9553958669892095] [0:1] [-0.80889167188478395:8.7027863777089784] [0:0.027364409329763521] [0:3.7248595957797415] [0:1] [0:1] [0:99.999999999838437] [0:98.883595895685247] [0:1] [0:1] [0:95.095784100943362] [0:1] [0:107202.68299999999] [-0.11842224866658865:0.11006071071452704] [0:106786.319] [-0.21353636665559603:0.12751438682104085] [0:1] [0:2]
tree_sizes=2990 2842 2789 2751 2794 2756 2824 2760 2836 2797 2779 2742

Tree=0
num_leaves=31
num_cat=0
split_feature=43 4 56 6 4 5 36 9 20 43 23 35 21 36 5 40 35 8 3 4 51 36 5 36 51 6 9 36 27 39
split_gain=0.0457849 0.0372348 0.0267907 0.0305854 0.0169342 0.0280011 0.0187436 0.0158642 0.015207 0.0113005 0.0106692 0.0205122 0.00979468 0.00920042 0.0110094 0.00732761 0.00705226 0.00868051 0.0067264 0.00804311 0.00724478 0.00623323 0.00590096 0.00495239 0.00449016 0.00421141 0.00402956 0.00397199 0.00423502 0.00337135
threshold=0.0067702310205894648 61405.034626730536 0.038864117162068577 -4240.9849999999997 80598.123190118713 869.07500000000084 922.10264285714322 12059.675000000001 0.010273927995351541 0.0046264905709390769 158.47634389672024 0.007950120575296005 0.0023316329011019436 849.80896428571361 813.82392857142997 1.0821269357266574 0.0089034452997240592 0.0041137610735020409 65108.796997790159 64029.646896805032 10.643812879623104 461.60989285714243 855.12214285714447 770.56694642857099 47.055465736344921 127.8249999999971 11111.525000000003 424.95001785714226 -0.0044251556577676069 308.48999999999802
decision_type=2 2 2 2 2 2 2 2 2 2 2 2 2 2 2 2 2 2 2 2 2 2 2 2 2 2 2 2 2 2
left_child=1 12 3 15 5 8 -7 9 -5 18 11 -11 16 14 -6 -2 17 -1 20 -20 -3 29 -9 -4 -19 -24 -15 -18 -29 -14
right_child=2 7 23 4 13 6 -8 22 -10 10 -12 -13 21 26 -16 -17 27 24 19 -21 -22 -23 25 -25 -26 -27 -28 28 -30 -31
leaf_value=0.0010239288079032086 -0.00038593473353353653 0.0012492885967419942 0.00099297133756824662 0.0014944340729597717 0.00099297133756824662 0.00099297133756824662 0.002454994280685613 0.001213673884390149 0.00099297133756824662 0.00086585900566047932 0.00096475082474662397 0.0002672776327237998 0.001220630168441626 0.001447377344262789 -0.00038266823082812513 0.00099297133756824662 0.00099297133756824662 0.00066018216894688951 0.0012576939867775059 0.00092820525835355966 0.00074272676586313634 0.00099297133756824662 0.0010158395662924161 0.00049899906372017873 0.00099297133756824662 0.00064187600114911313 0.00099297133756824662 0.0014929498203621384 0.00099297133756824662 0.00099297133756824662
leaf_weight=1316 22 28 41 434 30 57 140 521 212 555 575 293 1614 100 21 21 116 292 165 5816 930 181 118 96 189 85 123 150 31 163
leaf_count=1316 22 28 41 434 30 57 140 521 212 555 575 293 1614 100 21 21 116 292 165 5816 930 181 118 96 189 85 123 150 31 163
internal_value=0.000992971 0.000963101 0.00127441 0.00136278 0.001428 0.00154158 0.00212506 0.000905454 0.0013248 0.000884384 0.000747387 0.000629499 0.0010862 0.000992971 0.000500249 0.000251406 0.000998229 0.000973458 0.000916084 0.000941479 0.000783651 0.0011675 0.00111427 0.000708839 0.000783428 0.00098225 0.0012109 0.00123221 0.00137862 0.00119872
internal_weight=0 13138 1297 1160 1117 843 197 9086 646 8362 1423 848 4052 274 51 43 2094 1797 6939 5981 958 1958 724 137 481 203 223 297 181 1777
internal_count=14435 13138 1297 1160 1117 843 197 9086 646 8362 1423 848 4052 274 51 43 2094 1797 6939 5981 958 1958 724 137 481 203 223 297 181 1777
is_linear=0
shrinkage=1


Tree=1
num_leaves=31
num_cat=0
split_feature=43 55 0 6 55 56 36 55 43 28 3 8 51 8 43 43 40 51 0 36 55 55 55 1 0 2 24 36 55 55
split_gain=0.0419036 0.0366917 0.0296646 0.0210294 0.0183247 0.0143955 0.0177322 0.020968 0.0127192 0.0113376 0.00942859 0.0107986 0.00820129 0.00912967 0.00766502 0.0136407 0.00760488 0.00713625 0.006988 0.0106321 0.0063889 0.0140156 0.0186822 0.0176225 0.00537303 0.00608927 0.00466344 0.0033802 0.00329875 0.00308204
threshold=0.0066018965334760813 62099.385000000002 88267.592404564712 -3263.4500000000039 91083.118300000016 0.040657112419917291 939.67226785714286 84505.630400000009 0.0073483261717661183 0.024850176922183845 63447.085209168734 0.0033479587202659279 47.566164219592785 0.0041137610735020409 0.0056553020878706258 0.0045569191908318577 1.1339920754500181 56.645060097244702 44322.5860552866 228.65637500000034 97628.137200000012 74690.807000000015 69298.658700000015 82674.989217755836 54731.302194290452 60032.500000000007 -0.0027140779614843263 412.04275000000001 59333.818700000011 45050.202100000002
decision_type=2 2 2 2 2 2 2 2 2 2 2 2 2 2 2 2 2 2 2 2 2 2 2 2 2 2 2 2 2 2
left_child=1 12 3 17 16 6 9 -8 -6 -5 11 -3 13 24 15 -15 -4 -2 -14 -20 21 22 -12 -23 29 -26 -22 -28 -16 -1
right_child=2 10 4 5 8 -7 7 -9 -10 -11 20 -13 18 14 28 -17 -18 -19 19 -21 26 23 -24 -25 25 -27 27 -29 -30 -31
leaf_value=9.4391467688619262e-05 0 -0.00059538885586562292 -7.0913468427082784e-05 0.00068235993139245839 -5.4997683452182525e-05 0 0.0012363370218770324 0 0.00078420303187951923 0.00013796389455194991 -4.3374433738838067e-05 0 0 0 0.00035846886435652898 -0.000480306594294713 -0.0014117817033581076 -0.0011038702532686106 0.00094076305233667639 0.00019165557481238985 0 0.00034866524104000497 -0.00030267223989697021 -9.0220499402803362e-06 0.00032233278429348182 8.6187397904395905e-06 0 -0.00031025324624919272 0 -7.4696628223981941e-05
leaf_weight=616 39 198 93 196 63 82 176 93 54 563 3457 135 197 507 105 227 35 20 80 743 214 376 994 2946 514 479 163 602 49 399
leaf_count=616 39 198 93 196 63 82 176 93 54 563 3457 135 197 507 105 227 35 20 80 743 214 376 994 2946 514 479 163 602 49 399
internal_value=0 -2.40749e-05 0.000262309 0.00037476 -0.000172177 0.000435059 0.000489263 0.000897484 0.000119172 0.000311551 -8.07673e-05 -0.00036024 0.000101065 4.68835e-05 -7.02672e-05 -0.00015784 -0.000633533 -0.000335488 0.000230369 0.000294951 -6.72734e-05 -4.77651e-05 -0.000106903 2.39466e-05 0.000111142 0.000196194 -0.000196609 -0.000254372 0.000184726 3.29343e-06
internal_weight=0 13001 1414 1169 245 1110 1028 269 117 759 9085 333 3916 2896 888 734 128 59 1020 823 8752 7773 4451 3322 2008 993 979 765 154 1015
internal_count=14415 13001 1414 1169 245 1110 1028 269 117 759 9085 333 3916 2896 888 734 128 59 1020 823 8752 7773 4451 3322 2008 993 979 765 154 1015
is_linear=0
shrinkage=0.05


Tree=2
num_leaves=31
num_cat=0
split_feature=55 9 36 1 44 9 54 55 3 2 55 55 28 3 56 28 1 7 3 55 9 3 6 36 0 4 28 23 55 36
split_gain=0.0307157 0.0199926 0.0382732 0.0489251 0.0173886 0.0166559 0.0113707 0.0201763 0.0529985 0.010037 0.0134559 0.0127685 0.0174793 0.0104207 0.0104151 0.00876046 0.0134396 0.0127529 0.00817333 0.00799442 0.00764588 0.00738477 0.00729821 0.00804791 0.00664978 0.00781693 0.00643265 0.0056028 0.00503359 0.00618264
threshold=62099.385000000002 11359.575000000003 939.67226785714286 83129.412300523647 0.77260035392492721 11834.000000000002 -0.014884581278158593 64240.359800000006 65320.634014160227 46853.055000000008 57761.868000000009 45050.202100000002 0.016698028769255354 61318.030657437739 -0.01684023866155827 0.023558429805754736 60138.77836065356 -1086.4300000000037 63447.085209168734 81788.88960000001 8554.6500000000015 63255.098843487693 -167.39499999999313 757.22617857142836 73101.146230343395 87114.326796253314 0.045278188206502389 880.49909376443986 43572.861800000006 312.41641071428575
decision_type=2 2 2 2 2 2 2 2 2 2 2 2 2 2 2 2 2 2 2 2 2 2 2 2 2 2 2 2 2 2
left_child=9 2 6 19 5 -3 7 8 -2 11 14 28 -13 15 -11 16 -12 -17 20 -4 -8 -15 -6 -24 -7 -26 -20 -5 -1 -30
right_child=1 4 3 27 22 24 18 -9 -10 10 13 12 -14 21 -16 17 -18 -19 26 -21 -22 -23 23 -25 25 -27 -28 -29 29 -31
leaf_value=0 0 0 4.8849559513944778e-05 0.00028015681016411862 0.00014965077647941181 0 -0.00056389608198172808 -0.00011635650658185618 -0.0027771731599015438 0.00094160076000788108 0.00026153908304027781 -0.0010560104652518408 0 0.00026580590336031513 0.00022074811242359205 5.5721220571134129e-05 -0.00022431919497819665 -0.00038788237454862674 -8.6101547249740039e-05 0.0029382826180749909 0 0 1.5756821920844983e-05 -0.00027618407247179474 0.0014686046126512618 0 8.8975757919348709e-05 -0.00031318150271934634 0.00060065268402601174 0
leaf_weight=860 67 64 26 127 721 23 186 375 31 83 407 65 135 707 1099 151 175 340 6999 24 114 192 548 299 63 45 428 41 86 82
leaf_count=860 67 64 26 127 721 23 186 375 31 83 407 65 135 707 1099 151 175 340 6999 24 114 192 548 299 63 45 428 41 86 82
internal_value=0 -5.25541e-05 -8.62e-05 0.000549398 9.39152e-05 0.000546587 -0.000106153 -0.000362027 -0.00104617 0.000105555 0.000153086 0 -0.000380026 5.67803e-05 0.000292591 -2.91725e-05 7.24863e-05 -0.000200569 -8.725e-05 0.00193788 -0.000365367 0.000187167 2.16458e-05 -5.78094e-05 0.000873053 0.00103836 -7.26452e-05 0 5.42243e-05 0.000304701
internal_weight=0 10181 8418 218 1763 195 8200 473 98 4382 3154 1228 200 1972 1182 1073 582 491 7727 50 300 899 1568 847 131 108 7427 168 1028 168
internal_count=14563 10181 8418 218 1763 195 8200 473 98 4382 3154 1228 200 1972 1182 1073 582 491 7727 50 300 899 1568 847 131 108 7427 168 1028 168
is_linear=0
shrinkage=0.05


Tree=3
num_leaves=31
num_cat=0
split_feature=43 4 56 6 9 9 9 8 36 36 4 4 23 32 21 35 8 51 3 9 36 43 36 51 40 36 31 32 4 44
split_gain=0.0417376 0.0250474 0.0225231 0.0233215 0.0146816 0.0182469 0.0141344 0.0130798 0.0118874 0.0109952 0.00940835 0.0182541 0.0102816 0.00776331 0.00658265 0.00707833 0.0067454 0.00657275 0.00709011 0.00451663 0.00440035 0.00436853 0.0039199 0.00388317 0.00375301 0.00364073 0.00491012 0.00363047 0.00329833 0.00321185
threshold=0.0067702310205894648 61405.034626730536 0.040657112419917291 -3263.4500000000039 8943.9750000000004 12465.400000000003 12184.225000000002 0.013234187744587282 939.67226785714286 702.69867857142845 73892.837322705906 81266.392582502798 186.01880624196932 0.01958462262470426 0.0023316329011019436 0.0089034452997240592 0.0041137610735020409 21.951981792273273 104021.32979365879 13594.550000000001 461.60989285714243 0.005514186581948328 746.20100000000082 23.208594007457897 0.93026638585436439 424.95001785714226 0.024971933876481996 0.0053003864738883433 42575.420475080071 1.4437116854246936
decision_type=2 2 2 2 2 2 2 2 2 2 2 2 2 2 2 2 2 2 2 2 2 2 2 2 2 2 2 2 2 2
left_child=1 14 3 7 24 8 9 -2 -6 10 12 -12 -3 29 15 16 27 -11 -19 -15 23 -18 -4 -16 -5 -17 -27 -1 -25 -8
right_child=2 6 22 4 5 -7 13 -9 -10 17 11 -13 -14 19 20 25 21 18 -20 -21 -22 -23 -24 28 -26 26 -28 -29 -30 -31
leaf_value=0.00011286883272057455 0 -0.00016203943754805044 0 0.00026014953662738011 0.00037707464835688161 0 0.00033142086486677761 -0.0010319655651555343 0.0010179863814692102 0 0.00043949760804504981 -3.7715815504440494e-05 0 1.6081086532522681e-05 0 0 -0.00027178661189518973 -0.00052203414821508332 0 -0.00042892289584206875 0 0 -0.00047378356363072383 0 -0.00011130762006794303 0 0.00050809047234347303 -3.9299661991424091e-05 0.0002371895386626162 0
leaf_weight=665 32 3422 35 116 398 219 365 39 241 99 212 3287 1166 196 358 122 382 324 56 61 174 67 83 179 123 36 148 667 1247 49
leaf_count=665 32 3422 35 116 398 219 365 39 241 99 212 3287 1166 196 358 122 382 324 56 61 174 67 83 179 123 36 148 667 1247 49
internal_value=0 -2.26317e-05 0.000275475 0.000352388 0.000420961 0.000518978 -6.95215e-05 -0.000354598 0.000658035 -8.86481e-05 -7.08875e-05 -1.64563e-06 -0.000118244 0.000137373 7.82626e-05 3.60725e-06 -2.20658e-05 -0.000336242 -0.000430971 0 0.000145065 -0.000196289 -0.000273804 0.000171062 0 0.000234662 0.000375496 1.79058e-05 0.000208363 0.000278302
internal_weight=0 13282 1286 1168 1097 858 9237 71 639 8566 8087 3499 4588 671 4045 2087 1781 479 380 257 1958 449 118 1784 239 306 184 1332 1426 414
internal_count=14568 13282 1286 1168 1097 858 9237 71 639 8566 8087 3499 4588 671 4045 2087 1781 479 380 257 1958 449 118 1784 239 306 184 1332 1426 414
is_linear=0
shrinkage=0.05


Tree=4
num_leaves=31
num_cat=0
split_feature=43 0 55 6 3 9 43 10 9 51 0 55 55 4 55 4 9 5 4 6 27 37 51 0 44 8 0 43 55 0
split_gain=0.0265129 0.0320175 0.0219366 0.0181888 0.0161255 0.0141705 0.0135398 0.0122765 0.0116829 0.00937883 0.00854798 0.0169427 0.00822024 0.0169019 0.014121 0.0122632 0.0109262 0.00829598 0.0110013 0.00765138 0.00759997 0.00728069 0.00682028 0.00636205 0.00614113 0.00613753 0.00590787 0.00481321 0.00466032 0.0203882
threshold=0.0057532749433251967 87996.20477808961 62099.385000000002 -3263.4500000000039 69764.276582641076 8886.8250000000025 0.0046857367342695621 715.81500000000244 8351.1250000000018 47.055465736344921 46751.535535398878 45050.202100000002 74690.807000000015 81266.392582502798 69298.658700000015 66629.272380847615 10766.375000000002 688.72857142857072 92630.847156821124 710.66499999999371 0.030651578883044709 0.73367240691174274 48.123871042220181 97189.715860377401 0.76945909275963975 0.0057751141976817603 52716.976540390933 0.0048326534847561537 43572.861800000006 49747.292189821223
decision_type=2 2 2 2 2 2 2 2 2 2 2 2 2 2 2 2 2 2 2 2 2 2 2 2 2 2 2 2 2 2
left_child=2 3 6 4 -2 22 8 19 28 24 11 -10 14 27 15 16 -4 23 -19 26 21 -9 -3 -15 -8 -26 -5 -14 -1 -30
right_child=1 5 12 7 -6 -7 9 20 10 -11 -12 -13 13 17 -16 -17 -18 18 -20 -21 -22 -23 -24 -25 25 -27 -28 -29 29 -31
leaf_value=4.1426777823017871e-06 -0.0015969998072902323 -0.0012244060709481201 -0.00017670575500346346 0 0 -1.4963515524064934e-06 0 0 0 5.0029995668786993e-05 6.0175647914688622e-05 -0.001051975335120041 0.00047679948643870981 2.5977549319223652e-05 -0.00030032628540489444 6.4921107010309275e-05 5.738005000041472e-05 -0.00048868515666797611 0 0 0 0.00069184948551943002 0 -0.00012966641698115744 -0.00065204106754594314 0 0.00031761978413110558 0 0.00083105771171762457 0.00014495412929502893
leaf_weight=588 20 44 2239 116 45 447 140 30 237 187 555 56 201 2220 978 995 454 241 343 335 27 368 25 875 152 84 795 85 143 1517
leaf_count=588 20 44 2239 116 45 447 140 30 237 187 555 56 201 2220 978 995 454 241 343 335 27 368 25 875 152 84 795 85 143 1517
internal_value=0 0.000154395 -3.20547e-05 0.000263008 -0.000410116 -0.000162555 6.69468e-05 0.000304175 0.000112605 -0.00013971 -2.07935e-05 -0.000259429 -7.69219e-05 -1.64355e-05 -0.000122962 -6.9142e-05 -0.000127959 -5.11912e-05 -0.000226912 0.000192787 0.000571806 0.000629971 -0.00084263 -9.95067e-06 -0.000300535 -0.000457062 0.000268006 0.000343128 0.000174045 0.000219164
internal_weight=0 2252 12290 1736 65 516 3659 1671 3096 563 848 293 8631 3965 4666 3688 2693 3679 584 1246 425 398 69 3095 376 236 911 286 2248 1660
internal_count=14542 2252 12290 1736 65 516 3659 1671 3096 563 848 293 8631 3965 4666 3688 2693 3679 584 1246 425 398 69 3095 376 236 911 286 2248 1660
is_linear=0
shrinkage=0.05


Tree=5
num_leaves=31
num_cat=0
split_feature=43 55 3 36 5 28 9 9 56 26 36 9 3 35 36 1 43 20 32 2 3 51 28 9 5 48 51 1 23 56
split_gain=0.0299671 0.0264095 0.0207016 0.0268588 0.026009 0.0216217 0.016036 0.0119883 0.0102715 0.00996661 0.00872817 0.00869627 0.00909192 0.00838313 0.00810739 0.010268 0.00711462 0.00695259 0.00675788 0.00609902 0.00580854 0.005377 0.0054725 0.00530732 0.00514298 0.00460646 0.00435042 0.00759203 0.00410135 0.00609864
threshold=0.0067702310205894648 62099.385000000002 86250.913215466935 939.67226785714286 840.60107142857214 0.024850176922183845 10484.650000000001 12059.675000000001 -0.00080511711585112757 -0.030233063631106585 834.86578571428572 8351.1250000000018 61691.983105860789 0.0098493329135893818 702.69867857142845 63942.159112546331 0.0045786795843875926 0.0053155692765897164 0.014439453043401452 62260.98575 43486.1504031156 21.590465429471184 0.058493163141411446 8067.0750000000007 801.68035714285691 37.250545680503571 28.926693335124469 79903.992329806279 804.27119757344201 -0.041260895740538567
decision_type=2 2 2 2 2 2 2 2 2 2 2 2 2 2 2 2 2 2 2 2 2 2 2 2 2 2 2 2 2 2
left_child=1 11 3 5 -5 8 -6 14 -2 -7 -4 16 13 20 15 18 -1 -11 -3 -14 -13 -16 -23 -17 26 -26 -9 -28 29 -12
right_child=2 7 10 4 6 9 -8 24 -10 17 28 12 19 -15 21 23 -18 -19 -20 -21 -22 22 -24 -25 25 -27 27 -29 -30 -31
leaf_value=0.00017143116490943267 0 -0.00030229068568653661 -0.00082209061976669688 0 0.0027358255339156694 -0.0010599291104990154 0.00067856993547297921 0 0.00096512564211890899 0.00025255458627431864 -6.2965061968295937e-05 0 0.00038951779843355552 0.00015400938179973669 0 0 0 -4.717429976358931e-05 0 0 -0.0002437458263160091 -0.00048680542125381464 0 -8.2616583032269338e-05 0.00012813147855711109 -0.00025866859883525627 0 0.00061175365102088871 -0.000330762526510862 0.00032784221360202871
leaf_weight=2212 65 769 34 59 28 20 125 176 109 299 53 138 188 167 90 2597 518 287 196 69 692 306 74 4457 110 145 179 136 61 173
leaf_count=2212 65 769 34 59 28 20 125 176 109 299 53 138 188 167 90 2597 518 287 196 69 692 306 74 4457 110 145 179 136 61 173
internal_value=0 -2.44323e-05 0.000225931 0.000344226 0.000876139 0.000167514 0.00121989 -7.22937e-05 0.000660463 0 -6.17778e-05 8.02356e-05 -1.14795e-05 -9.81389e-05 -9.08172e-05 -7.48015e-05 0.00013152 6.31212e-05 -0.000235193 0.000227374 -0.000179002 -0.000310819 -0.000393509 -4.93125e-05 0.000104968 0 0.000207173 0.00031845 0 0.000125635
internal_weight=0 13219 1313 992 212 780 153 9235 174 606 321 3984 1254 997 8489 8019 2730 586 965 257 830 470 380 7054 746 255 491 315 287 226
internal_count=14532 13219 1313 992 212 780 153 9235 174 606 321 3984 1254 997 8489 8019 2730 586 965 257 830 470 380 7054 746 255 491 315 287 226
is_linear=0
shrinkage=0.05


Tree=6
num_leaves=31
num_cat=0
split_feature=43 55 56 20 36 55 28 0 9 4 23 35 55 2 9 55 32 43 0 55 36 21 36 55 0 36 0 4 5 9
split_gain=0.0303714 0.0243874 0.0207563 0.0195105 0.0119121 0.0235234 0.0154161 0.0151266 0.0112461 0.00958152 0.00894597 0.010879 0.0125625 0.00916357 0.00879359 0.0070617 0.00672636 0.006068 0.00590378 0.0170867 0.00859129 0.00580516 0.00683253 0.00453764 0.0214775 0.00448521 0.00399536 0.00479722 0.00342627 0.00330108
threshold=0.0067702310205894648 62099.385000000002 0.038864117162068577 -0.05911498257064151 939.67226785714286 84505.630400000009 0.024850176922183845 79718.406253420908 12184.225000000002 79066.3139135581 231.7884159741225 0.007950120575296005 63962.361200000007 63917.055000000015 8424.1000000000004 63564.251100000001 0.025357538338407867 0.0046022876512399119 46751.535535398878 45050.202100000002 311.17771428571461 -0.028327983862172165 419.56892857142947 43572.861800000006 49747.292189821223 746.20100000000082 52716.976540390933 56854.176819698805 1259.2025000000001 11111.525000000003
decision_type=2 2 2 2 2 2 2 2 2 2 2 2 2 2 2 2 2 2 2 2 2 2 2 2 2 2 2 2 2 2
left_child=1 14 3 28 6 7 15 -6 10 -8 11 13 -13 -3 17 -5 -10 23 19 -16 -21 -20 -23 -1 -25 -4 -19 -28 -2 -7
right_child=2 8 25 4 5 29 9 -9 16 -11 -12 12 -14 -15 18 -17 -18 26 21 20 -22 22 -24 24 -26 -27 27 -29 -30 -31
leaf_value=0 -0.000936320676464281 -0.00025126358682161907 0 0 0.00064692206057156715 0.00034899558355981001 0.00013327745856543834 0.0026386344762540414 0.00022232319988980091 -0.00048653836384402556 1.0484919463348531e-06 0.00010435181557930721 -0.00040969875257619348 -5.2117877271368928e-05 0 0.00093978819209290061 -6.5306043738462533e-05 -0.00025064433753287676 0.00045401964374767068 -0.0014922026991897243 0 0.00010941780742059161 -0.00019067641960011472 0.00081342374934553459 0.00013577065834930084 -0.00047314335443539632 0.00029646682860563962 0 0 0
leaf_weight=583 23 781 37 95 152 90 507 26 518 64 1952 60 571 5187 271 97 157 137 75 35 29 491 308 153 1535 93 152 237 21 115
leaf_count=583 23 781 37 95 152 90 507 26 518 64 1952 60 571 5187 271 97 157 137 75 35 29 491 308 153 1535 93 152 237 21 115
internal_value=0 -1.73797e-05 0.00023375 0.00031003 0.000363553 0.000628792 0.000197587 0.00107954 -6.36604e-05 1.99578e-05 -8.09561e-05 -0.000109001 -0.000321197 -8.23717e-05 8.29655e-05 0.000595422 0.000118391 0.000132881 -1.18387e-05 -0.000204114 -0.000940324 3.32737e-05 0 0.000168602 0.000212047 -0.000272049 0 5.94548e-05 -0.000514771 0.000115187
internal_weight=0 13232 1320 1190 1146 383 763 178 9226 571 8551 6599 631 5968 4006 192 675 2797 1209 335 64 874 799 2271 1688 130 526 389 44 205
internal_count=14552 13232 1320 1190 1146 383 763 178 9226 571 8551 6599 631 5968 4006 192 675 2797 1209 335 64 874 799 2271 1688 130 526 389 44 205
is_linear=0
shrinkage=0.05


Tree=7
num_leaves=31
num_cat=0
split_feature=43 3 36 5 9 55 5 2 37 23 9 51 36 0 8 43 43 55 0 27 0 36 26 1 32 2 39 0 9 10
split_gain=0.0273183 0.02192 0.0261224 0.0237961 0.0224508 0.0197488 0.0155982 0.0137068 0.0144037 0.00977799 0.00939803 0.00935907 0.00930664 0.0115998 0.00857407 0.0076302 0.0111789 0.0072415 0.00644867 0.00616127 0.00603327 0.00926621 0.00523937 0.00496123 0.0048823 0.00476324 0.0045952 0.00445056 0.00411806 0.00409876
threshold=0.0066880417649510483 86250.913215466935 939.67226785714286 813.82392857142997 10484.650000000001 62099.385000000002 709.85892857142983 68605.082750000016 0.68355492994561418 804.27119757344201 12184.225000000002 48.386193115529927 695.78960714285734 63879.525739504556 0.0041137610735020409 0.0056553020878706258 0.0045569191908318577 66398.624100000001 54731.302194290452 -0.015161446518469743 44322.5860552866 231.26201785714264 -0.02376601501460435 58714.829791849894 0.024961355060848123 97422.598000000013 259.92499999999933 94151.013323148683 11269.1 945.01000000000215
decision_type=2 2 2 2 2 2 2 2 2 2 2 2 2 2 2 2 2 2 2 2 2 2 2 2 2 2 2 2 2 2
left_child=5 2 6 -4 -5 11 7 17 -9 27 12 14 13 28 18 16 -16 -2 -1 -14 -13 -22 -8 -23 -12 -15 -20 29 -7 -3
right_child=1 9 3 4 -6 10 22 8 -10 -11 24 20 19 25 15 -17 -18 -19 26 -21 21 23 -24 -25 -26 -27 -28 -29 -30 -31
leaf_value=0 0.00023331733369031293 0 0 0.0027096096719719971 0.00059943146669499004 -0.00026196365275705754 -0.00075801198907781721 0 0.0013577986976910953 -0.00060909554856693779 0.00019465648163949982 0 0 -1.6333407398077036e-05 0 0.0001256817940221957 -0.00047514703586706971 -0.00033090662131293562 0.00023159717943668833 -0.00038685600023356581 0.00086005009045335499 0.00030254183463145567 0 0 -2.9548617414575163e-05 -0.00015008433846592855 0 0.00038363021914201344 0 -0.000426733211719379
leaf_weight=1061 409 145 55 31 126 890 26 44 66 71 503 189 77 6264 496 166 238 34 753 405 82 344 228 370 161 867 251 72 49 59
leaf_count=1061 409 145 55 31 126 890 26 44 66 71 503 189 77 6264 496 166 238 34 753 405 82 344 228 370 161 867 251 72 49 59
internal_value=0 0.000213458 0.000336088 0.000863172 0.00117668 -2.14369e-05 0.000166557 0.000327952 0.000883052 -7.46243e-05 -6.29689e-05 6.91344e-05 -7.87525e-05 -6.20617e-05 1.54191e-05 -0.000101951 -0.000187497 0.000133528 7.86814e-05 -0.000306275 0.000205429 0.00026677 -8.64299e-05 0.000163515 0.000102652 -3.61027e-05 0.000169671 0 -0.000232554 -5.02457e-05
internal_weight=0 1366 1019 212 157 13166 807 553 110 347 9216 3950 8552 8070 2965 900 734 443 2065 482 985 796 254 714 664 7131 1004 276 939 204
internal_count=14532 1366 1019 212 157 13166 807 553 110 347 9216 3950 8552 8070 2965 900 734 443 2065 482 985 796 254 714 664 7131 1004 276 939 204
is_linear=0
shrinkage=0.05


Tree=8
num_leaves=31
num_cat=0
split_feature=43 55 56 6 8 9 9 9 43 5 3 51 55 43 43 9 2 48 55 43 3 0 36 2 31 51 5 8 55 48
split_gain=0.0217457 0.0169546 0.0168311 0.0206627 0.0151981 0.0106468 0.0122218 0.00857341 0.0124014 0.00797404 0.0135161 0.00782781 0.00746593 0.00594897 0.0125868 0.00572877 0.0101452 0.00563923 0.00554522 0.00518489 0.0046024 0.00451754 0.00748195 0.00506655 0.00434784 0.00408813 0.00379537 0.00802728 0.00452055 0.00407408
threshold=0.0067702310205894648 61908.17470000001 0.040657112419917291 -3263.4500000000039 0.013234187744587282 8967.6750000000011 12465.400000000003 11318.025000000001 0.0049199224193854788 648.47285714285806 90662.795610912508 47.818977507186879 84127.981299999999 0.0044861768924654337 0.0055700768820014434 8351.1250000000018 59274.329000000005 64.28672242855545 63962.361200000007 0.00231885166466273 61570.102791278281 44322.5860552866 228.65637500000034 58898.107500000006 0.0090005463678219221 38.456840961447668 789.90821428571473 0.006693241640972669 79811.136900000027 35.82434382183137
decision_type=2 2 2 2 2 2 2 2 2 2 2 2 2 2 2 2 2 2 2 2 2 2 2 2 2 2 2 2 2 2
left_child=1 11 3 4 -2 -5 12 8 17 24 -11 13 -7 15 20 -1 -17 18 -3 -19 -15 -13 -23 -24 -10 -16 27 28 -9 -28
right_child=2 7 -4 5 -6 6 -8 26 9 10 -12 21 -14 14 25 16 -18 19 -20 -21 -22 22 23 -25 -26 -27 29 -29 -30 -31
leaf_value=0.00011367436769909 0 -0.00023421760468663041 -0.00028818512849072673 0 -0.0011367805431956601 0.00064847551207056296 0 -2.5202070411526714e-05 -0.00025235758890038303 -0.00087452991065904901 0 0 5.7804226192315113e-05 -0.00035474762088433183 0.00030938599064784947 -0.00022609238401898675 0.00019300087526036722 -0.00014725846367146103 -5.2730640760322993e-05 3.7399312353135861e-05 0 0.00080968473028125406 0.00026932060428265335 0 0 0 5.3718634580466079e-05 0.00070868673007104565 0.00016806510351712099 -0.00021192346312293568
leaf_weight=1703 32 638 113 245 39 470 218 435 291 138 115 193 173 365 147 385 185 450 3751 2289 64 77 397 316 339 80 161 61 456 229
leaf_count=1703 32 638 113 245 39 470 218 435 291 138 115 193 173 365 147 385 185 450 3751 2289 64 77 397 316 339 80 161 61 456 229
internal_value=0 -1.68092e-05 0.000198084 0.000266028 -0.00041984 0.000332694 0.000416038 -5.48671e-05 -7.58035e-05 -0.000259707 -0.000532726 6.77901e-05 0.000528463 1.71714e-05 -0.000102055 6.2582e-05 -4.62089e-05 -4.95114e-05 -8.48129e-05 0 -0.000283305 0.00019317 0.000246422 0.000150429 -0.000110322 0.000130373 5.14807e-05 0.000114473 4.56616e-05 -3.81892e-05
internal_weight=0 13265 1290 1177 71 1106 861 9353 8011 883 253 3912 643 2929 656 2273 570 7128 4389 2739 429 983 790 713 630 227 1342 952 891 390
internal_count=14555 13265 1290 1177 71 1106 861 9353 8011 883 253 3912 643 2929 656 2273 570 7128 4389 2739 429 983 790 713 630 227 1342 952 891 390
is_linear=0
shrinkage=0.05


Tree=9
num_leaves=31
num_cat=0
split_feature=43 55 6 56 29 48 9 8 1 8 4 51 40 3 28 3 4 8 55 0 36 7 35 0 5 8 55 48 36 4
split_gain=0.0204747 0.0171278 0.0168805 0.0178509 0.0108756 0.00859476 0.00847258 0.00933907 0.0165022 0.00768291 0.00718466 0.00717456 0.00628785 0.00572152 0.00579051 0.00559529 0.0111528 0.00600809 0.00517015 0.00970336 0.00468031 0.00452716 0.00448686 0.00311846 0.00296137 0.00533444 0.00559125 0.00390298 0.00290476 0.00278829
threshold=0.0067702310205894648 62099.385000000002 -4240.9849999999997 0.038864117162068577 0.69621582495018275 26.077551293314205 11471.125000000002 0.0062827200415673775 64346.707151993694 0.014170226152244137 45735.527307756223 48.386193115529927 1.3608869296031967 61691.983105860789 0.023993701265536255 65108.796997790159 63268.885308993347 0.0045731382329403216 50110.410200000006 55838.068025273067 632.50691071428503 3810.9949999999958 0.0094368609689523212 82105.913026821785 801.68035714285691 0.006693241640972669 79811.136900000027 35.82434382183137 746.20100000000082 81385.852419331917
decision_type=2 2 2 2 2 2 2 2 2 2 2 2 2 2 2 2 2 2 2 2 2 2 2 2 2 2 2 2 2 2
left_child=1 11 9 4 5 -4 7 15 -9 -2 -7 12 13 14 -1 17 -17 -3 -13 -20 -10 23 -15 -6 25 26 -8 -26 -5 -29
right_child=2 6 3 28 21 10 24 8 20 -11 -12 18 -14 22 -16 16 -18 -19 19 -21 -22 -23 -24 -25 27 -27 -28 29 -30 -31
leaf_value=0 0 -0.00022859556456699813 0 0 8.8581930985707777e-06 0 -4.6904110685956613e-05 -0.0015804087581267204 0 -0.0012096167130180564 0.00053726341520796562 0 0.00019850976583643998 0.00025394599596013229 -0.00016432585994901764 0.00055617512912956469 -5.2292337590795115e-05 0 0.00084438039117103864 0.00013840928384119692 -0.00035502059526016912 0.00071562712708747806 0 -0.00037230468265784475 7.152347269402143e-05 0.00062509117172048281 0.00018313071961545397 0 -0.00038024431518476204 -0.00032196997525483676
leaf_weight=1526 20 936 139 36 256 41 399 31 123 25 610 300 419 332 689 70 6604 120 83 601 127 22 48 56 142 57 438 45 92 156
leaf_count=1526 20 936 139 36 256 41 399 31 123 25 610 300 419 332 689 70 6604 120 83 601 127 22 48 56 142 57 438 45 92 156
internal_value=0 -1.93769e-05 0.000188754 0.000237954 0.000312064 0.000415888 -5.82011e-05 -7.83383e-05 -0.000380705 -0.000623245 0.000492838 6.41759e-05 1.65209e-05 -3.23684e-06 -4.31873e-05 -6.41078e-05 -4.21564e-05 -0.000179153 0.000184723 0.000260731 -0.00013141 0 0.00016381 0 5.19981e-05 0.000108716 4.3615e-05 -2.29554e-05 -0.000217402 -0.00021402
internal_weight=0 13246 1297 1252 1124 790 9248 8011 281 45 651 3998 3014 2595 2215 7730 6674 1056 984 684 250 334 380 312 1237 894 837 343 128 201
internal_count=14543 13246 1297 1252 1124 790 9248 8011 281 45 651 3998 3014 2595 2215 7730 6674 1056 984 684 250 334 380 312 1237 894 837 343 128 201
is_linear=0
shrinkage=0.05


Tree=10
num_leaves=31
num_cat=0
split_feature=43 55 4 55 36 5 3 9 28 9 9 43 7 35 5 2 3 56 36 3 4 21 43 32 23 9 51 36 32 55
split_gain=0.0194419 0.0170437 0.0262482 0.0148946 0.0126773 0.0145814 0.0124645 0.0116575 0.0115338 0.00842328 0.00816913 0.0108923 0.0122377 0.00893251 0.00766277 0.00730742 0.00640191 0.0106806 0.00591957 0.00585959 0.00575846 0.00545475 0.00882496 0.00713898 0.00532386 0.00772753 0.00529814 0.00506157 0.00480972 0.00400015
threshold=0.0067702310205894648 82225.331900000019 67359.652543278135 62523.273500000003 867.90525000000048 633.34178571428731 64832.778597278077 10574.475 0.091631049664112771 12341.275000000003 12184.225000000002 0.0046264905709390769 464.68500000000137 0.007950120575296005 426.42750000000109 63917.055000000015 67406.459415293604 0.0047562987702273454 1072.8151428571434 64126.004836024578 63268.885308993347 0.003397741682467204 0.005514186581948328 0.0060395240833692179 880.49909376443986 11318.025000000001 52.540223565947301 461.60989285714243 0.021541339978037179 43572.861800000006
decision_type=2 2 2 2 2 2 2 2 2 2 2 2 2 2 2 2 2 2 2 2 2 2 2 2 2 2 2 2 2 2
left_child=3 2 6 21 5 -3 7 -2 14 -9 11 15 13 -13 -4 19 17 -8 -16 -5 -17 22 23 -1 25 -6 -25 29 -12 -23
right_child=1 4 8 10 24 -7 16 9 -10 -11 28 12 -14 -15 18 20 -18 -19 -20 -21 -22 27 -24 26 -26 -27 -28 -29 -30 -31
leaf_value=4.896150182071576e-05 9.8203625127702185e-06 0 0 -3.3756547315930072e-05 0.00047796487185150819 -0.0013429289029818273 -0.00090695879608952603 0.00090350506520054047 0 0 0.00020413288284826088 -0.00013028652996734951 0 -0.00056475972764193864 0.0012053759453767737 0.00044149062394297113 0 0 0 -0.00043887998408421915 -2.7890827731901642e-05 0 0.00032522128134907603 -0.00019493741691401742 -0.0002942104958536395 0 0 -4.4082771999264932e-05 -3.5579515982059883e-06 0.00018541036846571302
leaf_weight=983 279 25 21 448 121 38 55 106 35 34 442 531 611 321 142 61 148 50 27 215 6205 379 192 802 58 140 211 199 208 1430
leaf_count=983 279 25 21 448 121 38 55 106 35 34 442 531 611 321 142 61 148 50 27 215 6205 379 192 802 58 140 211 199 208 1430
internal_value=0 0.000185397 0.000309518 -1.87203e-05 -4.06371e-05 -0.000715001 0.000108369 0.000294856 0.000798908 0.000684036 -5.62576e-05 -7.12806e-05 -0.000199969 -0.000323365 0.0009526 -4.04987e-05 -0.000101697 -0.000420937 0.00106463 -0.000202879 -1.93247e-05 5.62109e-05 0 -2.95601e-05 1.43814e-05 0.000178793 -0.00013043 0.00011573 9.92259e-05 0.00014713
internal_weight=0 1279 897 13238 382 63 672 419 225 140 9042 8392 1463 852 190 6929 253 105 169 663 6266 4196 2188 1996 319 261 1013 2008 650 1809
internal_count=14517 1279 897 13238 382 63 672 419 225 140 9042 8392 1463 852 190 6929 253 105 169 663 6266 4196 2188 1996 319 261 1013 2008 650 1809
is_linear=0
shrinkage=0.05


Tree=11
num_leaves=31
num_cat=0
split_feature=43 55 55 4 28 3 3 3 4 55 4 1 28 5 29 3 51 51 55 51 23 21 32 43 43 8 28 48 1 8
split_gain=0.0180036 0.0129026 0.0120417 0.0215589 0.0181596 0.0101467 0.0107136 0.00687295 0.0155622 0.0138243 0.011253 0.00920044 0.00706202 0.00625192 0.0057064 0.00690151 0.00562195 0.00483821 0.00487351 0.00476834 0.00466884 0.00415859 0.00460132 0.00628573 0.00391579 0.00389422 0.00388779 0.00385193 0.00536002 0.00383685
threshold=0.0067702310205894648 62523.273500000003 82662.250000000015 67359.652543278135 0.091631049664112771 65406.380963383424 67406.459415293604 73897.765173690816 81266.392582502798 69298.658700000015 66629.272380847615 97725.234177080492 0.028065253380999779 426.42750000000109 0.62103672613839378 96131.09984810774 47.566164219592785 45.678224010268757 54241.182100000005 26.643673728015596 28.476558783906516 0.0032360057563051163 0.0086476275426497235 0.005514186581948328 0.0050004151612504004 0.0088760427004717177 0.02384788390995167 27.401261807584476 76044.810609768305 0.0080857008249735716
decision_type=2 2 2 2 2 2 2 2 2 2 2 2 2 2 2 2 2 2 2 2 2 2 2 2 2 2 2 2 2 2
left_child=1 16 3 5 13 17 20 9 27 10 24 12 -10 -5 25 -16 21 18 -2 -13 -7 22 -1 -24 -3 -4 -23 -9 -29 -11
right_child=2 7 14 4 -6 6 -8 8 11 29 -12 19 -14 -15 15 -17 -18 -19 -20 -21 -22 26 23 -25 -26 -27 -28 28 -30 -31
leaf_value=4.0212486102390103e-06 0 -6.2183783963595468e-05 0.00027580267034849759 0 0 -0.00095368732014874274 0 0 6.1783592647797443e-05 -0.00028600019991555548 8.7101020947428313e-05 0 -9.9967719388366219e-05 0.0010380889710597536 -0.000641799141862147 0 0.00015577077804570713 0 0.00045964124360009279 -0.00024330484616011481 0 0.00014525548862342452 -0.00025655349812865748 6.7508417262125776e-05 -0.00029379541866525759 0 0 0 0.0005147913020591107 0
leaf_weight=1137 82 2278 141 24 41 45 158 92 2075 944 1054 317 975 168 74 49 1109 130 254 664 27 899 433 71 307 103 541 80 217 24
leaf_count=1137 82 2278 141 24 41 45 158 92 2075 944 1054 317 975 168 74 49 1109 130 254 664 27 899 433 71 307 103 541 80 217 24
internal_value=0 -1.33799e-05 0.00018155 0.000279967 0.000717857 9.73781e-05 -0.000105542 -4.85525e-05 0 -9.13702e-05 -3.84909e-05 -3.30444e-05 1.87817e-06 0.000928242 0 -0.000328308 5.64296e-05 0.000251169 0.00035139 -0.000167092 -0.000637993 1.2554e-05 -3.15282e-05 -0.000161304 -9.93716e-05 6.39261e-05 8.0148e-05 0.000297785 0.000385419 -0.000264311
internal_weight=0 13217 1296 929 233 696 230 9027 4420 4607 3639 4031 3050 192 367 123 4190 466 336 981 72 3081 1641 504 2585 244 1440 389 297 968
internal_count=14513 13217 1296 929 233 696 230 9027 4420 4607 3639 4031 3050 192 367 123 4190 466 336 981 72 3081 1641 504 2585 244 1440 389 297 968
is_linear=0
shrinkage=0.05


end of trees

feature_importances:
sma_50=42
atr_ma=32
volume_ma=31
volatility_ma=30
bb_upper=23
bb_lower=21
ema_fast=20
adx=18
atr=15
volatility=15
bb_width=12
price_sma_50_dist=10
ema_slow=9
bb_middle=9
momentum_10=9
ema_cross=8
price_bb_lower_dist=8
atr_normalized=7
stoch_d=6
return_24=5
volume_ratio=4
momentum_20=3
return_12=3
price_ema_slow_dist=3
volatility_ratio=3
range=2
price_ema_fast_dist=2
bb_position=2
price_bb_upper_dist=2
atr_ratio=2
momentum_convergence=2
ema_cross_pct=1
price_sma_20_dist=1

parameters:
[boosting: gbdt]
[objective: regression]
[metric: rmse]
[tree_learner: serial]
[device_type: cpu]
[data: ]
[valid: ]
[num_iterations: 500]
[learning_rate: 0.05]
[num_leaves: 31]
[num_threads: 8]
[deterministic: 0]
[force_col_wise: 0]
[force_row_wise: 0]
[histogram_pool_size: -1]
[max_depth: 6]
[min_data_in_leaf: 20]
[min_sum_hessian_in_leaf: 0.001]
[bagging_fraction: 0.9]
[pos_bagging_fraction: 1]
[neg_bagging_fraction: 1]
[bagging_freq: 1]
[bagging_seed: 400]
[feature_fraction: 0.9]
[feature_fraction_bynode: 1]
[feature_fraction_seed: 30056]
[extra_trees: 0]
[extra_seed: 12879]
[early_stopping_round: 0]
[first_metric_only: 0]
[max_delta_step: 0]
[lambda_l1: 0.5]
[lambda_l2: 0.1]
[linear_lambda: 0]
[min_gain_to_split: 0]
[drop_rate: 0.1]
[max_drop: 50]
[skip_drop: 0.5]
[xgboost_dart_mode: 0]
[uniform_drop: 0]
[drop_seed: 17869]
[top_rate: 0.2]
[other_rate: 0.1]
[min_data_per_group: 100]
[max_cat_threshold: 32]
[cat_l2: 10]
[cat_smooth: 10]
[max_cat_to_onehot: 4]
[top_k: 20]
[monotone_constraints: ]
[monotone_constraints_method: basic]
[monotone_penalty: 0]
[feature_contri: ]
[forcedsplits_filename: ]
[refit_decay_rate: 0.9]
[cegb_tradeoff: 1]
[cegb_penalty_split: 0]
[cegb_penalty_feature_lazy: ]
[cegb_penalty_feature_coupled: ]
[path_smooth: 0]
[interaction_constraints: ]
[verbosity: 1]
[saved_feature_importance_type: 0]
[linear_tree: 0]
[max_bin: 255]
[max_bin_by_feature: ]
[min_data_in_bin: 3]
[bin_construct_sample_cnt: 200000]
[data_random_seed: 175]
[is_enable_sparse: 1]
[enable_bundle: 1]
[use_missing: 1]
[zero_as_missing: 0]
[feature_pre_filter: 1]
[pre_partition: 0]
[two_round: 0]
[header: 0]
[label_column: ]
[weight_column: ]
[group_column: ]
[ignore_column: ]
[categorical_feature: ]
[forcedbins_filename: ]
[precise_float_parser: 0]
[parser_config_file: ]
[objective_seed: 16083]
[num_class: 1]
[is_unbalance: 0]
[scale_pos_weight: 1]
[sigmoid: 1]
[boost_from_average: 1]
[reg_sqrt: 0]
[alpha: 0.9]
[fair_c: 1]
[poisson_max_delta_step: 0.7]
[tweedie_variance_power: 1.5]
[lambdarank_truncation_level: 30]
[lambdarank_norm: 1]
[label_gain: ]
[lambdarank_position_bias_regularization: 0]
[eval_at: ]
[multi_error_top_k: 1]
[auc_mu_weights: ]
[num_machines: 1]
[local_listen_port: 12400]
[time_out: 120]
[machine_list_filename: ]
[machines: ]
[gpu_platform_id: -1]
[gpu_device_id: -1]
[gpu_use_dp: 0]
[num_gpu: 1]

end of parameters

pandas_categorical:[]
