tree
version=v4
num_class=1
num_tree_per_iteration=1
label_index=0
max_feature_idx=63
objective=regression
feature_names=rsi ema_fast ema_slow bb_middle bb_upper bb_lower atr momentum_10 momentum_20 volatility volume_ma range range_pct body body_pct upper_shadow lower_shadow is_bullish return_1 return_3 return_6 return_12 return_24 log_return rsi_normalized rsi_overbought rsi_oversold rsi_divergence ema_cross ema_cross_pct ema_cross_signal price_ema_fast_dist price_ema_slow_dist bb_width bb_position bb_position_normalized price_bb_upper_dist price_bb_lower_dist bb_breakout_upper bb_breakout_lower atr_normalized atr_ma atr_ratio momentum_ratio momentum_convergence volume_ratio volume_spike volume_change volatility_ma volatility_ratio high_volatility low_volatility stoch_k stoch_d stoch_overbought stoch_oversold adx strong_trend sma_20 price_sma_20_dist sma_50 price_sma_50_dist signal_convergence market_regime
feature_infos=[0:97.436718993796617] [75832.423909757039:123367.23903210342] [76537.34694345211:122807.35504868203] [0:123257.575] [0:124637.57237658591] [0:122379.33024788192] [0:1670.740714285713] [-8251.6999999999971:10665.179999999993] [-9712.0599999999977:14155.739999999991] [0:0.027665265364936173] [0:15071.1] [63.19999999999709:4815.3300000000017] [0.00064197892033770012:0.055369648427402787] [0:4068.9700000000012] [0:0.045672378356408604] [0:2853.8099999999977] [0:2272.3600000000006] [0:1] [-0.059731636957506273:0.11991470268267301] [-0.061063349034794157:0.12121289228058596] [-0.077079080863542759:0.12324016964288909] [-0.088610240523155914:0.1281729140500143] [-0.1102238427157336:0.18012682534038826] [-0.061589951864946965:0.11325252408776919] [-0.94668155489077099:0.94873437987593234] [0:1] [0:1] [-49.557479223093154:46.167871425110491] [-2122.2629887336516:3122.6028892565373] [-0.026356410616438199:0.033488267366733444] [0:1] [-0.057309293495842448:0.093992858566676371] [-0.073850085625297601:0.11036991523222302] [0:0.22210350050243069] [-0.45224969548013144:1.4535117220095111] [-1.9044993909602628:1.9070234440190221] [-0.051695806611708452:0.15010157192374865] [-0.029451949088784634:0.18048430889620487] [0:1] [0:1] [0:0.018949818980434543] [0:1399.917964285715] [0:2.1177328974925511] [-3462.9563712372033:635.53845175241895] [-10665.179999999993:8251.6999999999971] [0:2.9553958669892095] [0:1] [-0.75516062884483937:4.8017184401850628] [0:0.027364409329763518] [0:3.1887619181256266] [0:1] [0:1] [0:99.999999999838437] [0:99.226268904023001] [0:1] [0:1] [0:89.005963336415533] [0:1] [0:123257.575] [-0.078757309120529861:0.11006071071452704] [0:122153.015] [-0.091298242748031472:0.12751438682104085] [0:2] [0:2]
tree_sizes=3061 2680

Tree=0
num_leaves=31
num_cat=0
split_feature=5 52 61 28 6 4 56 41 41 5 28 6 1 61 10 10 56 4 22 4 42 28 19 22 6 28 28 62 7 10
split_gain=0.0173336 0.0087117 0.00876076 0.0148219 0.0036633 0.00702662 0.00433146 0.0066141 0.00774905 0.00398707 0.0031224 0.00277479 0.00141066 0.00126372 0.00146108 0.00122928 0.00107408 0.00191698 0.00101875 0.00093717 0.00083272 0.00069244 0.000935976 0.000572149 0.000532908 0.000526399 0.000404893 0.000218806 0.000206235 0.000304813
threshold=80665.96084077553 29.855178351768256 0.029041939547917252 643.52758045585517 598.52214285714388 96208.480649152552 24.016504634000977 869.75292857142961 678.67325000000085 117800.47047663508 416.92524265661638 470.14178571428425 97295.598746434815 -0.018007856128505834 11396.675000000001 8813.8750000000018 26.586116769888879 85429.890856109254 0.0045842530710975557 96613.304841362842 1.206634852101115 -533.4780672119158 -0.0051342477821851853 -0.0070295715980118736 644.69107142857172 309.350297808167 -435.49054938124749 1.5000000000000002 -1278.490000000005 12258.475
decision_type=2 2 2 2 2 2 2 2 2 2 2 2 2 2 2 2 2 2 2 2 2 2 2 2 2 2 2 2 2 2
left_child=1 28 3 10 9 6 21 8 -8 16 11 -3 24 -14 -15 -11 18 23 19 -2 27 -6 -23 -18 -7 -19 -26 -17 29 -1
right_child=4 2 -4 -5 5 12 7 -9 -10 15 -12 -13 13 14 -16 20 17 25 -20 -21 -22 22 -24 -25 26 -27 -28 -29 -30 -31
leaf_value=0.00030140211695727783 0.00026440696427025546 0.00026440696427025546 0.00026440696427025546 0.00084787100605654181 0.00034268713963048832 0.00026440696427025546 0.00023680664368487634 0.00026440696427025546 7.4758068719179481e-05 0.00026440696427025546 0.00026440696427025546 0.00039815046901696974 0.000278432278815804 0.00023092710073822646 0.00026440696427025546 0.00019922147384130633 0.00026440696427025546 0.00025633477925041521 0.00026440696427025546 0.00028604618080616044 0.00026440696427025546 0.00018051766108050408 0.00026440696427025546 0.00029610606410898941 0.00026440696427025546 0.00026440696427025546 0.0003360831009046304 0.00026440696427025546 0.00024001630826369548 0.00026440696427025546
leaf_weight=23 251 17 26 9.9999999999999982 10.999999999999998 12.999999999999998 138 95 81 73 25 109 90 238 126 142 89 1608 389 693 19 12.999999999999998 42 196 14.999999999999998 465 43 14.999999999999998 32 31
leaf_count=23 251 17 26 10 11 13 138 95 81 73 25 109 90 238 126 142 89 1608 389 693 19 13 42 196 15 465 43 15 32 31
internal_value=0.000264407 0.000341927 0.000380251 0.00040937 0.000260073 0.000241931 0.000209178 0.000193211 0.000163014 0.000264407 0.000359403 0.000379658 0.000264407 0.000259184 0.000246182 0.000225542 0.000266856 0.00026395 0.000274245 0.000280045 0.000211179 0.000264407 0.000264407 0.000286562 0.000306888 0.000259391 0.000320274 0.000203539 0.000264407 0.000269499
internal_weight=0 273 187 161 4845 905 380 314 219 3940 151 126 525 454 364 249 3691 2358 1333 944 176 66 55 285 71 2073 58 157 86 54
internal_count=5118 273 187 161 4845 905 380 314 219 3940 151 126 525 454 364 249 3691 2358 1333 944 176 66 55 285 71 2073 58 157 86 54
is_linear=0
shrinkage=1


Tree=1
num_leaves=31
num_cat=0
split_feature=5 53 53 40 9 33 15 10 5 2 41 5 9 22 45 40 29 56 24 20 5 56 3 62 19 29 10 5 9 9
split_gain=0.0156326 0.00832852 0.0069868 0.0114071 0.00693362 0.00496483 0.00276435 0.00265111 0.00260144 0.00386821 0.00336364 0.00156613 0.00123186 0.0013631 0.000790121 0.000889781 0.00106202 0.000543113 0.000540664 0.00037288 0.000364141 0.000360031 0.000338575 0.000553233 0.000282972 0.000269967 0.000262631 0.000258892 0.000135337 0.000307243
threshold=80127.621448547972 26.633814247205191 86.580391744401723 0.0084813266307096884 0.008777586055583585 0.025283205519838675 99.900000000001469 12938.025000000001 91351.482900889052 82679.709495393094 992.81814285714188 117677.96689991358 0.0049432743891517509 -0.020828979498958008 1.1552209359318486 0.0037747151856104243 0.00070379087131308747 43.611921301197874 0.29176286536307278 -0.0020666334002667481 106180.06378490764 40.300872483963381 104995.55675 1.0000000180025095e-35 -0.0062483159243911226 -0.0057002893179290215 7313.0500000000002 107205.05023514494 0.0052468590256798354 0.0036052909726183337
decision_type=2 2 2 2 2 2 2 2 2 2 2 2 2 2 2 2 2 2 2 2 2 2 2 2 2 2 2 2 2 2
left_child=1 19 3 -3 7 11 20 -5 9 -8 -11 14 13 -10 15 27 -17 -14 24 -1 28 -22 23 -16 -13 -23 -26 -2 29 -7
right_child=5 2 -4 4 -6 6 8 -9 12 10 -12 18 17 -15 22 16 -18 -19 -20 -21 21 25 -24 -25 26 -27 -28 -29 -30 -31
leaf_value=0 4.9767695529746986e-06 0 0 0.00030666611068277461 0 1.6482812996756674e-06 0 0 0 -8.8057121745773023e-05 0 0 4.1117096975528152e-05 -3.3107713830337769e-05 0 2.0598749319767159e-05 0 0 0 -4.6426019889727844e-05 0 0 0 -1.6957550548937243e-05 0 -2.663825627416414e-05 -3.3711620656968111e-05 -4.5729335425529158e-06 1.0310856515572493e-05 -1.4493187346202896e-05
leaf_weight=67 631 51 56 54 12.999999999999998 152 42 15.999999999999998 46 235 59 21 37 241 158 756 488 41 28 17 46 24 384 320 15.999999999999998 140 194 490 127 144
leaf_count=67 631 51 56 54 13 152 42 16 46 235 59 21 37 241 158 756 488 41 28 17 46 24 384 320 16 140 194 490 127 144
internal_value=0 7.33521e-05 0.000110146 0.000149644 0.000223153 -4.25775e-06 -2.08249e-05 0.000262429 -3.49155e-05 -5.72266e-05 -7.111e-05 1.2228e-06 -6.1344e-06 -2.11227e-05 3.92174e-06 7.29065e-06 1.31358e-05 1.05704e-05 -2.08006e-05 0 -4.74437e-07 -1.31845e-05 -1.8415e-06 -8.76931e-06 -2.68103e-05 -2.1015e-05 -3.04159e-05 0 0 0
internal_weight=0 274 190 134 83 4820 1334 70 701 336 294 3486 365 287 3227 2365 1244 78 259 84 633 210 862 478 231 164 210 1121 423 296
internal_count=5094 274 190 134 83 4820 1334 70 701 336 294 3486 365 287 3227 2365 1244 78 259 84 633 210 862 478 231 164 210 1121 423 296
is_linear=0
shrinkage=0.01


end of trees

feature_importances:
bb_lower=7
volume_ma=5
ema_cross=5
volatility=4
adx=4
bb_upper=3
atr=3
return_24=3
atr_ma=3
return_3=2
ema_cross_pct=2
atr_normalized=2
stoch_d=2
price_sma_50_dist=2
signal_convergence=2
ema_fast=1
ema_slow=1
bb_middle=1
momentum_10=1
upper_shadow=1
return_6=1
rsi_normalized=1
bb_width=1
atr_ratio=1
volume_ratio=1
stoch_k=1

parameters:
[boosting: gbdt]
[objective: regression]
[metric: rmse]
[tree_learner: serial]
[device_type: cpu]
[data: ]
[valid: ]
[num_iterations: 800]
[learning_rate: 0.01]
[num_leaves: 31]
[num_threads: 8]
[deterministic: 0]
[force_col_wise: 0]
[force_row_wise: 0]
[histogram_pool_size: -1]
[max_depth: 6]
[min_data_in_leaf: 10]
[min_sum_hessian_in_leaf: 0.001]
[bagging_fraction: 0.7]
[pos_bagging_fraction: 1]
[neg_bagging_fraction: 1]
[bagging_freq: 1]
[bagging_seed: 400]
[feature_fraction: 0.7]
[feature_fraction_bynode: 1]
[feature_fraction_seed: 30056]
[extra_trees: 0]
[extra_seed: 12879]
[early_stopping_round: 0]
[first_metric_only: 0]
[max_delta_step: 0]
[lambda_l1: 0.3]
[lambda_l2: 0.3]
[linear_lambda: 0]
[min_gain_to_split: 0]
[drop_rate: 0.1]
[max_drop: 50]
[skip_drop: 0.5]
[xgboost_dart_mode: 0]
[uniform_drop: 0]
[drop_seed: 17869]
[top_rate: 0.2]
[other_rate: 0.1]
[min_data_per_group: 100]
[max_cat_threshold: 32]
[cat_l2: 10]
[cat_smooth: 10]
[max_cat_to_onehot: 4]
[top_k: 20]
[monotone_constraints: ]
[monotone_constraints_method: basic]
[monotone_penalty: 0]
[feature_contri: ]
[forcedsplits_filename: ]
[refit_decay_rate: 0.9]
[cegb_tradeoff: 1]
[cegb_penalty_split: 0]
[cegb_penalty_feature_lazy: ]
[cegb_penalty_feature_coupled: ]
[path_smooth: 0]
[interaction_constraints: ]
[verbosity: 1]
[saved_feature_importance_type: 0]
[linear_tree: 0]
[max_bin: 255]
[max_bin_by_feature: ]
[min_data_in_bin: 3]
[bin_construct_sample_cnt: 200000]
[data_random_seed: 175]
[is_enable_sparse: 1]
[enable_bundle: 1]
[use_missing: 1]
[zero_as_missing: 0]
[feature_pre_filter: 1]
[pre_partition: 0]
[two_round: 0]
[header: 0]
[label_column: ]
[weight_column: ]
[group_column: ]
[ignore_column: ]
[categorical_feature: ]
[forcedbins_filename: ]
[precise_float_parser: 0]
[parser_config_file: ]
[objective_seed: 16083]
[num_class: 1]
[is_unbalance: 0]
[scale_pos_weight: 1]
[sigmoid: 1]
[boost_from_average: 1]
[reg_sqrt: 0]
[alpha: 0.9]
[fair_c: 1]
[poisson_max_delta_step: 0.7]
[tweedie_variance_power: 1.5]
[lambdarank_truncation_level: 30]
[lambdarank_norm: 1]
[label_gain: ]
[lambdarank_position_bias_regularization: 0]
[eval_at: ]
[multi_error_top_k: 1]
[auc_mu_weights: ]
[num_machines: 1]
[local_listen_port: 12400]
[time_out: 120]
[machine_list_filename: ]
[machines: ]
[gpu_platform_id: -1]
[gpu_device_id: -1]
[gpu_use_dp: 0]
[num_gpu: 1]

end of parameters

pandas_categorical:[]
