tree
version=v4
num_class=1
num_tree_per_iteration=1
label_index=0
max_feature_idx=55
objective=regression
feature_names=rsi ema_fast ema_slow macd macd_signal momentum_10 momentum_20 volatility volume_ma range range_pct body body_pct upper_shadow lower_shadow is_bullish return_1 return_3 return_6 return_12 return_24 log_return rsi_normalized rsi_overbought rsi_oversold rsi_divergence ema_cross ema_cross_pct ema_cross_signal price_ema_fast_dist price_ema_slow_dist macd_hist macd_hist_change macd_cross_signal macd_strength momentum_ratio momentum_convergence volume_ratio volume_spike volume_change volatility_ma volatility_ratio high_volatility low_volatility stoch_k stoch_d stoch_overbought stoch_oversold adx strong_trend sma_20 price_sma_20_dist sma_50 price_sma_50_dist signal_convergence market_regime
feature_infos=[0:98.323991543918936] [38967.729318929021:107396.26389944887] [39220.71373165102:107049.79494400365] [-2596.3215042438969:3122.6028892565373] [-2400.0705964852082:2692.2138919211602] [-8342.5400000000009:10665.179999999993] [-12486.150000000001:14155.739999999991] [0:0.027665265364936176] [0:15071.1] [41.610000000000582:7445.0200000000041] [0.00064197892033770012:0.083194551703992967] [0.010000000002037268:4847.2799999999988] [1.687657469333537e-07:0.053865545209733065] [0:2853.8099999999977] [0:2709.1299999999974] [0:1] [-0.06392068477713575:0.11991470268267301] [-0.06874591913368211:0.12121289228058596] [-0.079615203583715433:0.12324016964288909] [-0.13852618933251082:0.1281729140500143] [-0.20656179582649081:0.18012682534038826] [-0.066055067608681614:0.11325252408776919] [-0.94806582176005261:0.96647983087837874] [0:1] [0:1] [-49.557479223093154:42.119850794411732] [-2596.3215042438969:3122.6028892565373] [-0.051939210812642647:0.033488267366733444] [0:1] [-0.080064711463382857:0.093992858566676371] [-0.1320039222760255:0.11036991523222302] [-818.78982093274772:1169.6714460130504] [-327.88141727023503:612.98987585223176] [0:1] [-746.44218222589257:1062.1407196823261] [-4451.5502226422777:74647.925336867193] [-10665.179999999993:8342.5400000000009] [0:2.9553958669892095] [0:1] [-0.80889167188478395:8.7027863777089784] [0:0.027364409329763521] [0:3.7248595957797415] [0:1] [0:1] [0:99.999999999838437] [0:98.883595895685247] [0:1] [0:1] [0:95.095784100943362] [0:1] [0:107202.68299999999] [-0.11842224866658865:0.11006071071452704] [0:106786.319] [-0.21353636665559603:0.12751438682104085] [0:3] [0:2]
tree_sizes=4649 4351 4204 4036 4000 3860 3770 3213

Tree=0
num_leaves=49
num_cat=0
split_feature=52 20 34 7 7 2 41 4 48 7 27 34 1 19 2 52 2 52 4 2 1 41 52 34 34 44 41 0 52 34 13 1 7 52 4 1 45 7 7 44 20 18 41 41 1 7 48 41
split_gain=0.0141525 0.00671996 0.0127109 0.0152887 0.00603437 0.00965563 0.00544257 0.00964069 0.00739088 0.00651355 0.00822991 0.00891797 0.0065915 0.00530918 0.00400235 0.00701904 0.00400056 0.00458962 0.00767594 0.00406393 0.00379936 0.0032619 0.00273095 0.00231619 0.00317625 0.00212608 0.00205199 0.00206021 0.00205076 0.00264282 0.00196659 0.00162699 0.00156364 0.00147693 0.00342499 0.00322225 0.00145451 0.00123324 0.000857511 0.00082519 0.000579261 0.000513528 0.000649762 0.000435717 0.000195889 0.000172004 0.000154648 0.000209261
threshold=62012.378800000006 -0.035414714222997239 -188.51020166651656 0.014170226152244137 0.0057307719727387576 81736.421662876848 0.95293143248926981 211.69732468835852 17.095882072770781 0.0049328802434798974 0.005031464465723683 110.31887098415424 64736.950845583357 0.016366799432804949 84501.163995546332 79895.751900000017 47994.295801013614 57761.868000000009 -273.49913466567494 60750.484549772715 57712.369148827296 0.91382786338680788 57362.339500000009 -65.295037088234594 80.313997845959435 77.361612411811436 1.0661536971677654 80.253321233473926 46093.714000000007 -11.473544980173044 101.61499999999798 62450.704533231248 0.0040466852881020044 43572.861800000006 20.326903428560975 46392.105547654217 14.545819582497243 0.0038544183705772569 0.0044015306582560762 66.813603089317269 0.033646518605880756 0.00039111683520587365 1.1679382956041666 1.325527058416089 43804.525183481688 0.0045277217295583419 64.582658009340904 1.2348475974157125
decision_type=2 2 2 2 2 2 2 2 2 2 2 2 2 2 2 2 2 2 2 2 2 2 2 2 2 2 2 2 2 2 2 2 2 2 2 2 2 2 2 2 2 2 2 2 2 2 2 2
left_child=16 2 3 46 -4 31 9 8 38 12 11 -11 37 -10 15 -9 28 18 25 23 21 -20 -22 36 -25 -18 39 -28 33 -30 -16 -6 -14 41 44 -36 -19 -3 -8 -21 -12 42 -1 -43 -35 -31 47 -2
right_child=1 6 4 -5 5 -7 7 14 13 10 40 -13 32 -15 30 -17 17 19 20 26 22 -23 -24 24 -26 -27 27 -29 29 45 -32 -33 -34 34 35 -37 -38 -39 -40 -41 -42 43 -44 -45 -46 -47 -48 -49
leaf_value=0.00066960059223440942 0.0006217368123731025 0.00048256616385939223 0.0006217368123731025 -2.6052056709480686e-05 0.0006217368123731025 0.0006217368123731025 0.0006881535044374361 0.00063643408882090437 0.00054311385584685738 0.00094746096495494907 0.00049286816369274104 0.0006217368123731025 0.00063093016280110954 0.00035577473201442168 0.0006217368123731025 0.00094641396353710493 0.0012359036002072307 0.0006217368123731025 0.00074646894178734421 0.00068698905693678357 0.0006217368123731025 0.0006217368123731025 0.0010801583360924435 0.00067764821094215772 0.00054791706631130929 0.0006217368123731025 0.00082451496607063564 0.0006217368123731025 0.0006217368123731025 0.00024297820475490962 0.00053867901145058118 0.0011979966371164752 0.00056354649482509144 0.0006217368123731025 0.0009081095811351394 0.0006217368123731025 0.00049215171914127867 0.0006217368123731025 0.0006217368123731025 0.0006217368123731025 0.0006217368123731025 0.0005718656995268187 0.0006217368123731025 0.0006217368123731025 0.0005631138197480101 0.0006217368123731025 0.0006217368123731025 0.00069879290402013897
leaf_weight=291 22 405 101 36 21 68 249 584 2826 190 49 108 2616 196 291 89 43 42 353 200 41 512 50 660 188 21 210 22 69 29 346 87 350 71 91 41 188 66 145 168 62 310 84 61 51 20 24 55
leaf_count=291 22 405 101 36 21 68 249 584 2826 190 49 108 2616 196 291 89 43 42 353 200 41 512 50 660 188 21 210 22 69 29 346 87 350 71 91 41 188 66 145 168 62 310 84 61 51 20 24 55
internal_value=0.000621737 0.000599837 0.000712841 0.000518138 0.000841602 0.0009486 0.000593327 0.000571734 0.000544739 0.000621737 0.000732863 0.000823671 0.000606407 0.00052796 0.000635259 0.00069092 0.000668745 0.000688518 0.000742034 0.000650608 0.000708833 0.000676139 0.000919827 0.000621737 0.000638262 0.00109529 0.000713515 0.000792742 0.000621737 0.000502924 0.00059057 0.00112588 0.000621737 0.00063499 0.000698665 0.000807948 0.000532039 0.000502149 0.000650576 0.000639033 0.000570045 0.000621737 0.000636569 0.000589762 0.000621737 0.000335171 0.000624606 0.000664297
internal_weight=0 8986 414 137 277 176 8572 4726 3416 3846 409 298 3437 3022 1310 673 3816 2698 1020 1678 956 865 91 1078 848 64 600 232 1118 118 637 108 2966 1000 254 132 230 471 394 368 111 746 375 371 122 49 101 77
internal_count=12802 8986 414 137 277 176 8572 4726 3416 3846 409 298 3437 3022 1310 673 3816 2698 1020 1678 956 865 91 1078 848 64 600 232 1118 118 637 108 2966 1000 254 132 230 471 394 368 111 746 375 371 122 49 101 77
is_linear=0
shrinkage=1


Tree=1
num_leaves=50
num_cat=0
split_feature=40 1 52 19 6 3 8 1 41 50 52 8 40 41 4 40 52 50 1 7 52 50 1 31 52 52 48 8 7 1 50 1 1 1 20 36 36 40 17 9 40 5 9 52 19 18 13 4 41
split_gain=0.0135398 0.0133941 0.0114563 0.00942815 0.0108993 0.00693377 0.00676035 0.0082263 0.00611526 0.00597603 0.00874014 0.00518904 0.00505352 0.00484897 0.00911167 0.00359603 0.00353898 0.006164 0.00482296 0.00274004 0.00258916 0.00683213 0.0022296 0.00222273 0.00408201 0.00188233 0.00186432 0.00181608 0.00534848 0.00164373 0.00255535 0.00158732 0.00388893 0.00133327 0.00129477 0.00112196 0.00108027 0.000863805 0.000832565 0.00142727 0.00082328 0.000816396 0.000491831 0.000409669 0.000399774 0.000345058 0.000333382 0.000311873 1.58765e-05
threshold=0.0058470693400602724 88013.790046628943 62012.378800000006 -0.05911498257064151 201.69500000000338 286.38027541324851 8351.1250000000018 60975.021728796179 1.1643830764203942 68612.312750000026 82275.383200000011 11413.050000000001 0.0049199224193854788 0.9584133063249386 76.08624811948745 0.0045569191908318577 74764.092300000004 82867.380250000017 69489.368102270833 0.0031733422392820764 43044.827600000011 49994.796500000004 62450.704533231248 86.834179054318426 91157.39880000001 60331.926700000004 31.207324414033668 12541.925000000001 0.0050510288035368013 52716.976540390933 56718.552500000013 43804.525183481688 46751.535535398878 65925.996839711617 0.048252046806891886 436.47000000000122 446.04000000000457 0.0074855587629828095 -0.00086454541566488563 347.68500000000137 0.0060917698243919908 -1092.6649999999934 470.86499999999802 42551.2474 0.0095220189470104372 0.005649530431448003 210.37999999999741 272.28922959712935 1.123883828476566
decision_type=2 2 2 2 2 2 2 2 2 2 2 2 2 2 2 2 2 2 2 2 2 2 2 2 2 2 2 2 2 2 2 2 2 2 2 2 2 2 2 2 2 2 2 2 2 2 2 2 2
left_child=2 3 6 -2 8 23 15 31 19 25 -11 12 16 44 -15 20 18 -18 -4 -5 43 -22 35 24 41 -6 38 36 -29 47 -31 48 -33 -10 40 -9 -28 42 46 -40 -7 -3 -25 -1 -14 -26 -13 -17 -8
right_child=1 5 11 4 9 34 7 22 33 10 -12 26 13 14 -16 29 17 -19 -20 -21 21 -23 -24 37 45 -27 27 28 -30 30 -32 32 -34 -35 -36 -37 -38 -39 39 -41 -42 -43 -44 -45 -46 -47 -48 -49 -50
leaf_value=4.130631491891345e-05 -0.00028254155425570354 -0.0001463607072989041 -2.9462133146223454e-05 0 4.3216631931065846e-05 0 1.3097128950340045e-05 0.00029876062258457143 0.00011596254686100959 0.00027171133723850562 -6.1710071458946918e-05 6.2173701967962425e-05 -4.9961820001518332e-05 -0.00043807541028655431 0 -0.00014936968706410263 0.00016397175016993085 -1.7087480877401691e-05 -0.00012730406725438911 0.00030424847746951685 0.00027386982882515368 6.5286466144174541e-05 0 0 0.00023890584399263186 -6.7646130675992809e-05 6.4620395683271184e-05 0.00033167054090704902 0 0.00022959853362704104 0 -0.00026789163432121017 -3.635956660918591e-05 0 0 0 -2.1326439140553855e-05 0 0 -0.00012833488124463371 -0.00038440108980728572 0 -0.00021215107795176922 -7.0640658398091309e-06 0 0 0 0 0
leaf_weight=209 36 34 2763 33 269 23 83 78 90 199 51 83 217 114 98 77 178 2638 683 470 211 1298 47 22 91 260 216 82 101 44 213 115 514 76 40 21 164 45 59 122 64 59 44 232 91 21 41 26 91
leaf_count=209 36 34 2763 33 269 23 83 78 90 199 51 83 217 114 98 77 178 2638 683 470 211 1298 47 22 91 260 216 82 101 44 213 115 514 76 40 21 164 45 59 122 64 59 44 232 91 21 41 26 91
internal_value=0 7.60492e-05 -1.00433e-05 0.00012132 0.000137631 -5.52785e-05 3.57997e-05 -2.50298e-05 0.000230561 4.62162e-05 0.000167744 -3.075e-05 -4.02147e-05 -0.000135504 -0.000254353 6.46855e-05 -3.08585e-05 -2.43076e-06 -5.14754e-05 0.000285654 8.13385e-05 0.000100464 0.000164782 0 7.72984e-05 0 3.28239e-05 6.80827e-05 0.000152087 -5.32155e-07 1.17431e-05 -7.07934e-05 -9.30997e-05 9.29043e-06 -0.000244258 0.000245383 3.87446e-06 -8.33801e-05 -2.78408e-06 -6.34422e-05 -0.000316776 0 -0.00015296 0 -2.43384e-05 0.000208896 1.32911e-05 -0.000118231 0
internal_weight=0 1927 10909 1484 1448 443 3259 949 669 779 250 7650 6782 520 212 2310 6262 2816 3446 503 1950 1509 146 316 205 529 868 563 183 360 257 803 629 166 127 99 380 111 305 181 87 93 66 441 308 112 124 103 174
internal_count=12836 1927 10909 1484 1448 443 3259 949 669 779 250 7650 6782 520 212 2310 6262 2816 3446 503 1950 1509 146 316 205 529 868 563 183 360 257 803 629 166 127 99 380 111 305 181 87 93 66 441 308 112 124 103 174
is_linear=0
shrinkage=0.03


Tree=2
num_leaves=49
num_cat=0
split_feature=40 34 27 7 31 20 0 20 48 0 1 26 1 50 40 7 20 50 1 45 40 20 40 37 4 1 32 48 4 48 7 7 48 41 50 7 53 50 40 31 50 40 36 50 4 34 11 1
split_gain=0.0159626 0.0135228 0.0146284 0.0140763 0.00997717 0.0075627 0.00745561 0.00696615 0.00676507 0.00667134 0.00598958 0.00485805 0.00730656 0.00351095 0.00325991 0.00680592 0.00528947 0.00400588 0.00346461 0.00293641 0.00382148 0.00293029 0.00291505 0.0023529 0.00229474 0.0030461 0.00225496 0.00218131 0.00205425 0.00182523 0.00196254 0.00164471 0.00159291 0.00156606 0.00150586 0.0024884 0.00145944 0.0013291 0.00123291 0.00115383 0.00108466 0.000999325 0.000749803 0.000747925 0.000306032 0.000160949 0.000128311 2.89841e-05
threshold=0.0057532749433251967 -138.70991376390904 -0.0079770777888469955 0.013234187744587282 86.834179054318426 0.012761269561842538 28.506808882547507 0.031191757938609736 45.093486552131331 80.253321233473926 61414.216426141633 -235.9588425648835 88013.790046628943 65388.691000000013 0.0049425857955145086 0.0050134024896528991 -0.038657683659221946 63917.055000000015 97209.847471538771 49.984160011074884 0.003377459031231204 0.0081298768603800271 0.0070056971546335264 0.70168134318660169 -532.98156339072568 83788.957588944642 52.86421268500083 35.06138729932286 1.0000000180025095e-35 53.280772113709368 0.0033610029199098277 0.0051516061518243192 19.606239207303705 1.1004546350082152 56537.96575000001 0.0025326538385589833 0.030166806450279832 58713.195750000006 0.002149922627105668 -127.72805606265823 92721.945750000014 0.0018623653570498258 -2106.7650000000062 60851.70900000001 438.31408530991104 69.114445952726996 99.794999999998268 87296.755806641158
decision_type=2 2 2 2 2 2 2 2 2 2 2 2 2 2 2 2 2 2 2 2 2 2 2 2 2 2 2 2 2 2 2 2 2 2 2 2 2 2 2 2 2 2 2 2 2 2 2 2
left_child=5 3 24 11 8 10 -5 22 23 -9 19 39 -13 28 17 27 -17 21 -19 20 41 -12 -6 -4 25 26 -3 -16 45 31 44 33 -30 -15 35 -21 -33 -36 -34 -2 -14 -1 -32 -22 -31 -7 -10 -27
right_child=1 2 4 6 7 13 -8 9 46 -11 14 12 40 29 15 16 -18 18 -20 34 43 -23 -24 -25 -26 47 -28 -29 32 30 42 36 38 -35 37 -37 -38 -39 -40 -41 -42 -43 -44 -45 -46 -47 -48 -49
leaf_value=0 0.00024371904408369615 0.00052272098899187359 0 -0.00075806089493326895 -0.00017025957545690221 0 0 0.00029396153378682634 -3.8716792931626988e-05 0 -0.00012067806932647719 0 -0.00047762256033917645 3.7393174102109349e-05 -9.9520430209599955e-05 0 -0.00029352103628781079 -9.2938826023631945e-06 -8.6424071858233161e-05 0 -1.8405172641991571e-05 0 0 0.00020193798950316559 0 0 0 7.2153485033804975e-05 0 0 0 0.00018712671683683769 0 -4.9488091097968251e-05 7.5114350571102326e-05 -0.00011286378834440296 0 -2.1487315541991458e-05 0.00010229315535438565 0 0 0.00010572125014728621 -0.00012327000733742115 8.7542141760930383e-05 6.2593174103470615e-05 -6.4560265145944973e-05 5.2085373363988857e-06 2.9341327441432112e-05
leaf_weight=40 67 125 86 38 209 20 21 103 74 58 748 84 39 508 131 37 218 4100 687 209 600 92 215 601 21 20 30 127 65 113 77 94 35 285 190 325 50 265 931 25 20 595 235 61 70 37 151 30
leaf_count=40 67 125 86 38 209 20 21 103 74 58 748 84 39 508 131 37 218 4100 687 209 600 92 215 601 21 20 30 127 65 113 77 94 35 285 190 325 50 265 931 25 20 595 235 61 70 37 151 30
internal_value=0 7.75312e-05 0.000112127 -9.45445e-05 7.04491e-05 -1.43062e-05 -0.000507935 -1.28383e-05 0.000133725 0.0001346 -2.84988e-05 0 -9.93049e-05 2.957e-05 -4.42304e-05 -0.000124229 -0.000234567 -3.53315e-05 -2.22478e-05 9.83539e-06 4.22587e-05 -9.91477e-05 -9.00901e-05 0.000180542 0.000347966 0.000378847 0.000455397 0 7.02025e-05 0 -4.78573e-05 2.32877e-05 8.35656e-05 0 -2.35552e-05 -5.96984e-05 0.000117391 0 9.45334e-05 0.000179052 -0.000367046 9.51712e-05 -9.63749e-05 0 0 -1.36095e-05 0 0
internal_weight=0 2017 1723 294 1497 10945 59 585 912 161 8425 235 143 2520 6140 513 255 5627 4787 2285 1296 840 424 687 226 205 155 258 1088 1432 495 937 1031 793 989 534 144 455 966 92 59 635 312 661 183 57 225 50
internal_count=12962 2017 1723 294 1497 10945 59 585 912 161 8425 235 143 2520 6140 513 255 5627 4787 2285 1296 840 424 687 226 205 155 258 1088 1432 495 937 1031 793 989 534 144 455 966 92 59 635 312 661 183 57 225 50
is_linear=0
shrinkage=0.03


Tree=3
num_leaves=48
num_cat=0
split_feature=52 8 41 45 50 36 10 52 48 3 50 1 7 1 7 52 48 2 7 51 52 31 41 8 52 41 52 34 34 7 1 8 0 8 52 1 1 31 16 48 37 48 7 53 3 7 0
split_gain=0.0100463 0.0108113 0.011447 0.00933994 0.00683567 0.00573324 0.00561019 0.00506349 0.00455457 0.00910621 0.00448794 0.00399951 0.00471534 0.00489134 0.00378267 0.00366102 0.00395942 0.00383535 0.00362615 0.00366451 0.00358065 0.00326455 0.00295115 0.00214176 0.0022232 0.00213118 0.00239345 0.001808 0.00619723 0.0017874 0.00149645 0.00149439 0.00148019 0.0013657 0.0039919 0.00353874 0.00173082 0.00149823 0.000839896 0.000358911 0.000252544 0.000222684 0.000507975 0.000189911 0.000105686 3.13885e-05 1.21855e-06
threshold=62012.378800000006 12263.85 0.81242554807832701 60.422411488102419 88305.243500000011 -1385.9949999999951 0.0059883308954890415 71667.638500000015 53.858641978607857 -90.067008244510347 46853.055000000008 62060.877938662728 0.0078998627870473116 65838.50100701199 0.0062827200415673775 57761.868000000009 47.818977507186879 60750.484549772715 0.0050790540375578635 0.0029336873583766135 46093.714000000007 -26.021608306435439 1.0060319425241702 11114.450000000003 62099.385000000002 0.97421949758389748 51270.099600000009 197.85363431889382 80.313997845959435 0.010796651442254073 62766.367553224736 7412.1750000000002 31.423500441097442 8391.0500000000011 43572.861800000006 46392.105547654217 43804.525183481688 30.649251266582663 0.0051185518149692308 38.621783342026355 1.2348922043127211 50.607956097147834 0.0033347834494363254 0.015619668470793964 -14.091630311417246 0.0049830302129000512 61.122653863010179
decision_type=2 2 2 2 2 2 2 2 2 2 2 2 2 2 2 2 2 2 2 2 2 2 2 2 2 2 2 2 2 2 2 2 2 2 2 2 2 2 2 2 2 2 2 2 2 2 2
left_child=10 5 4 29 7 6 41 -3 9 -8 20 23 14 -14 -13 16 22 27 43 -20 33 -22 32 24 -7 -18 -27 28 -17 38 31 -19 -12 34 40 -36 44 -38 -4 -24 -1 45 -43 -5 -35 -2 -10
right_child=1 2 3 18 -6 11 8 -9 46 -11 15 12 13 -15 -16 17 25 30 19 -21 21 -23 39 -25 -26 26 -28 -29 -30 -31 -32 -33 -34 36 35 -37 37 -39 -40 -41 -42 42 -44 -45 -46 -47 -48
leaf_value=-3.7204256167762754e-06 0 0 0.00016459897846241863 0 0 0 0 0.00066441855909147869 4.9755589313317443e-06 0.00041775985560012945 0 -2.6146144578089497e-05 0.000317132275949506 0 -0.00014612511909694448 1.4339434292925535e-05 0 2.1265691318852631e-05 0 -0.00023506845992450555 0 -0.00033748648220209728 1.8431948532565067e-05 0 -0.00029770186893445546 0 0.00037445483648019471 0.00027558141008645682 -0.00017634382039201639 0 0 0.0001734801082345917 0.00013025398422162872 2.7552030233875163e-05 0.0002984272685912973 0 -0.00020981912079538569 0 0 -5.1401991765812661e-05 3.8519787688590116e-05 0 -6.8462014411800457e-05 7.2743696274687095e-05 0 2.1826250909759533e-05 0
leaf_weight=416 107 28 329 43 37 30 31 61 44 112 28 6971 64 216 287 878 61 293 30 161 36 53 256 25 109 37 124 20 176 21 78 253 458 125 88 24 71 35 72 89 149 26 140 32 90 59 66
leaf_count=416 107 28 329 43 37 30 31 61 44 112 28 6971 64 216 287 878 61 293 30 161 36 53 256 25 109 37 124 20 176 21 78 253 458 125 88 24 71 35 72 89 149 26 140 32 90 59 66
internal_value=0 -1.237e-05 8.97006e-05 2.70208e-05 0.000359816 -2.34849e-05 6.20717e-05 0.000501999 0.000169813 0.000282094 4.52489e-05 -3.11539e-05 -2.65574e-05 8.58242e-05 -3.21362e-05 6.57607e-05 0.000113549 3.0811e-05 -9.39673e-05 -0.000171323 0 -0.000187296 6.74978e-05 -0.000187211 -0.000234895 0.000245121 0.000307731 0 -9.00606e-06 0.000124608 9.00641e-05 0.000108328 0.000115108 9.49301e-06 4.00487e-05 0.000204121 -2.6916e-05 -0.000129784 0.000142647 0 0 0 -3.47152e-05 0 0 0 0
internal_weight=0 9101 814 688 126 8287 585 89 253 143 3838 7702 7538 280 7258 2751 1053 1698 266 191 1087 89 831 164 139 222 161 1074 1054 422 624 546 486 998 677 112 321 106 401 345 565 332 166 75 215 166 110
internal_count=12939 9101 814 688 126 8287 585 89 253 143 3838 7702 7538 280 7258 2751 1053 1698 266 191 1087 89 831 164 139 222 161 1074 1054 422 624 546 486 998 677 112 321 106 401 345 565 332 166 75 215 166 110
is_linear=0
shrinkage=0.03


Tree=4
num_leaves=46
num_cat=0
split_feature=40 34 51 40 52 8 50 52 52 8 40 4 7 8 50 52 7 1 1 40 20 52 31 7 27 8 8 31 53 52 27 17 8 1 36 8 20 52 2 36 10 1 40 4 7
split_gain=0.0142283 0.0148257 0.0131949 0.0124657 0.0076205 0.00766293 0.00794534 0.00678243 0.0263142 0.00672213 0.00471565 0.00653143 0.00546127 0.00442632 0.0039604 0.00338882 0.00406508 0.00294898 0.00480962 0.00291331 0.0031452 0.00269785 0.00326594 0.00303963 0.0024657 0.00191912 0.00433972 0.00189813 0.00184325 0.00176015 0.00158063 0.00157038 0.00135165 0.00125978 0.00195307 0.00106402 0.000656351 0.000645598 0.000487233 0.000294115 0.000283143 0.000265906 0.000197078 5.11541e-05 8.93999e-06
threshold=0.0058470693400602724 -159.34912177339018 0.00051124674003550491 0.0096389780215419777 62012.378800000006 8391.0500000000011 60627.264500000012 82506.834000000017 81835.544900000023 11999.975 0.0049199224193854788 68.236396036614352 0.0049830302129000512 13425.075000000003 68612.312750000026 63771.566600000013 0.0046572609951736265 43804.525183481688 46751.535535398878 0.0045333663240909958 0.012761269561842538 95283.758100000021 -170.55965783674719 0.0031137546421033031 0.0030639273210150259 11319.975 9873.3250000000025 -124.83821663448421 0.0050677638043454317 97495.650700000013 0.0022302352988592673 0.0071612540987134885 5525.8500000000013 62450.704533231248 469.30500000000035 6953.0250000000005 0.014413942270446902 82275.383200000011 92403.140875908939 -962.41000000000338 0.011634515893561468 52716.976540390933 0.0076649555552401206 15.941182995687999 0.0056862637512649057
decision_type=2 2 2 2 2 2 2 2 2 2 2 2 2 2 2 2 2 2 2 2 2 2 2 2 2 2 2 2 2 2 2 2 2 2 2 2 2 2 2 2 2 2 2 2 2
left_child=4 3 21 25 5 19 17 8 14 10 15 12 -12 36 -4 16 -6 43 -19 20 30 22 -3 -24 27 26 -2 -11 42 -17 -1 -29 -22 34 -8 39 -9 44 -39 -21 -13 -37 -27 -7 -26
right_child=1 2 7 -5 9 6 33 13 -10 24 11 40 -14 -15 -16 29 -18 18 -20 35 32 -23 23 -25 37 28 -28 31 -30 -31 -32 -33 -34 -35 -36 41 -38 38 -40 -41 -42 -43 -44 -45 -46
leaf_value=5.5643258231551338e-05 0 0 0 -0.00053511053350610799 -0.00012789400126631131 2.0069577218055682e-05 0.00024062114631966946 5.7323059754826473e-06 0.0011693335575650311 0 -4.4114556164363849e-05 -2.5849007277774689e-05 -0.00035880626064909083 -0.00037718433277824753 0.0001618706736601805 -1.1381416840609618e-05 1.0540559873750624e-05 -0.00031665633085797298 -5.6366384865386294e-05 0 0 0 0 0.0002667901627948324 1.4888003967848638e-05 0.00024826680507948374 -0.00028112545991584582 0.00017900373687349683 0 -6.6038318908170996e-05 -1.6682058137342734e-06 0 0.00017581852171183097 0 0 0 -7.4610161125778361e-05 -0.00015170569720367416 0 -9.6587867632977171e-05 4.7476800717941093e-05 4.1107373807320307e-05 0 0 0
leaf_weight=1318 40 32 532 53 617 114 93 138 20 109 192 262 154 40 183 5110 115 119 467 20 57 61 21 548 36 41 62 240 22 738 221 50 350 46 25 69 105 44 20 129 35 152 20 71 27
leaf_count=1318 40 32 532 53 617 114 93 138 20 109 192 262 154 40 183 5110 115 119 467 20 57 61 21 548 36 41 62 240 22 738 221 50 350 46 25 69 105 44 20 129 35 152 20 71 27
internal_value=0 7.47057e-05 0.000109116 -0.000130253 -1.38154e-05 2.31892e-05 -4.41592e-05 3.06759e-05 8.50013e-05 -3.05019e-05 -3.8847e-05 -0.000121174 -0.000210358 -7.85888e-05 4.16105e-05 -2.94291e-05 -9.38599e-05 -9.15481e-05 -0.000124709 5.42663e-05 6.96476e-05 0.00021608 0.000235511 0.00025248 6.69492e-05 0 -9.97513e-05 0.000107076 9.22762e-05 -1.98209e-05 4.15678e-05 0.000147156 0.000153621 0.000123609 0.000175512 -2.31754e-06 0 0 -9.50598e-05 -7.94136e-05 0 9.0297e-06 0.000196553 0 0
internal_weight=0 1918 1680 238 11000 3251 935 1018 735 7749 7223 643 346 283 715 6580 732 771 586 2316 1946 662 601 569 526 185 102 399 83 5848 1539 290 407 164 118 370 243 127 64 149 297 221 61 185 63
internal_count=12918 1918 1680 238 11000 3251 935 1018 735 7749 7223 643 346 283 715 6580 732 771 586 2316 1946 662 601 569 526 185 102 399 83 5848 1539 290 407 164 118 370 243 127 64 149 297 221 61 185 63
is_linear=0
shrinkage=0.03


Tree=5
num_leaves=44
num_cat=0
split_feature=40 31 51 52 8 52 52 20 8 1 1 32 27 8 40 27 48 50 41 7 48 34 50 20 48 48 34 1 20 52 44 40 52 1 36 41 8 37 53 40 10 27 34
split_gain=0.0144334 0.013686 0.0114931 0.0106378 0.00772289 0.00548244 0.0157228 0.00545111 0.00518219 0.00572307 0.00479755 0.00517102 0.00512565 0.00467995 0.00488044 0.00589278 0.00402597 0.0036879 0.00368138 0.00323146 0.00318437 0.00295094 0.0041304 0.00255702 0.00220226 0.00215315 0.00231261 0.00323871 0.00205231 0.00302205 0.00198781 0.00207315 0.00197108 0.00135805 0.00155265 0.000917896 0.00048854 0.000473296 0.000399259 0.000114297 2.19991e-05 1.07454e-05 4.84921e-06
threshold=0.0058470693400602724 -216.32919986580345 0.0021145207766727447 62099.385000000002 11060.525000000001 82677.727600000013 81835.544900000023 -0.0059205172746444315 8453.0250000000015 61060.247406121423 96493.104733755041 43.810558935282806 -0.0085311607790105725 12061.725 0.0049199224193854788 0.001702577861900067 45.678224010268757 63917.055000000015 1.0264963122725683 0.0046572609951736265 47.566164219592785 -12.968566485945404 43780.977500000008 -0.014179235295689594 23.946842671004681 29.26537502404766 197.85363431889382 80775.262084785194 -0.013860106182282948 43822.462300000007 80.96112327637168 0.0041634097695854811 97495.650700000013 62450.704533231248 469.30500000000035 0.98453383652309012 10303.925000000001 0.98818895284421504 0.0052153744578600078 0.0085295471005082998 0.0037898730051721856 0.0002525644739527271 -135.53186807141324
decision_type=2 2 2 2 2 2 2 2 2 2 2 2 2 2 2 2 2 2 2 2 2 2 2 2 2 2 2 2 2 2 2 2 2 2 2 2 2 2 2 2 2 2 2
left_child=3 4 10 8 7 6 16 -2 20 21 11 12 -3 14 17 18 -4 19 -16 -5 30 37 -23 -7 -25 38 27 -27 40 -30 31 -1 -19 34 -11 -32 -17 -10 41 -6 -22 -15 -13
right_child=1 2 5 13 39 23 -8 -9 9 33 -12 42 -14 25 15 36 -18 32 -20 -21 28 22 -24 24 -26 26 -28 -29 29 -31 35 -33 -34 -35 -36 -37 -38 -39 -40 -41 -42 -43 -44
leaf_value=6.9732685226008709e-05 -0.00057224243940303201 0.00043372283176357234 9.1887900029684268e-05 -0.00011806450516542625 4.4779593223019657e-05 2.0514794563100049e-05 0.00077019859307883424 0 3.9543996914886299e-05 0.00026164933332190266 0 -9.9255519030346674e-06 0.00016296381426532866 0 -6.8131729287642227e-05 -4.1565601970386481e-05 -5.1236454324859542e-05 -8.2407855194986657e-06 -0.00033619793430839703 0 0 0 -0.00016839424151816361 0 -0.0001744119602794117 0 0 0.00023603875915178675 0 0.0002120846369614722 -6.3802214928636801e-05 0 -6.5174522643626006e-05 0 0 1.9736112649770951e-06 4.5108247606877963e-05 -3.1496741451692372e-05 -8.6253154551955993e-05 0 1.3278036638573959e-05 1.6322255380882715e-05 0
leaf_weight=1140 50 152 427 675 51 30 29 25 185 77 48 44 548 54 242 129 219 5081 147 111 47 127 324 42 193 174 21 149 88 303 215 308 728 50 21 166 106 137 48 21 112 36 43
leaf_count=1140 50 152 427 675 51 30 29 25 185 77 48 44 548 54 242 129 219 5081 147 111 47 127 324 42 193 174 21 149 88 303 215 308 728 50 21 166 106 137 48 21 112 36 43
internal_value=0 7.91606e-05 0.000105471 -9.74316e-06 -0.000176999 2.22593e-05 7.49213e-05 -0.000391905 3.40705e-05 -1.93357e-05 0.00018833 0.000207641 0.000234769 -2.96873e-05 -3.64949e-05 -0.000121111 2.94407e-05 -2.7119e-05 -0.000192731 -9.09546e-05 5.85286e-05 -6.04184e-05 -0.000110181 -7.7889e-05 -0.00012871 5.3571e-05 9.82265e-05 0.000129279 0.000128421 0.000167073 3.25737e-05 5.04009e-05 -1.69281e-05 0.000134239 0.000199047 -1.15615e-05 0 0 0 0 0 0 0
internal_weight=0 1922 1775 11001 147 940 675 75 3300 921 835 787 700 7701 7219 624 646 6595 389 786 2379 773 451 265 235 482 344 323 550 391 1829 1448 5809 148 98 381 235 322 138 72 159 90 87
internal_count=12923 1922 1775 11001 147 940 675 75 3300 921 835 787 700 7701 7219 624 646 6595 389 786 2379 773 451 265 235 482 344 323 550 391 1829 1448 5809 148 98 381 235 322 138 72 159 90 87
is_linear=0
shrinkage=0.03


Tree=6
num_leaves=44
num_cat=0
split_feature=40 34 52 51 8 30 8 13 2 35 7 8 4 40 1 40 52 52 39 34 4 48 44 7 52 20 1 40 8 1 31 4 31 16 8 48 1 41 6 48 37 16 7
split_gain=0.0129956 0.0220193 0.0111466 0.00982574 0.00685042 0.00710094 0.00450981 0.00429119 0.00540303 0.0068386 0.0037653 0.00798869 0.0130709 0.00364209 0.00358774 0.0032233 0.00312901 0.00593615 0.00306486 0.00265505 0.00250436 0.00239551 0.00235009 0.00221394 0.00217394 0.00266674 0.00216228 0.00188762 0.00168009 0.0015453 0.00157427 0.00154526 0.00114243 0.00134449 0.00113829 0.00142954 0.00106653 0.000973818 0.000704641 0.000626361 0.000623476 0.000454689 0.000124491
threshold=0.0067702310205894648 -163.92972530532958 61908.17470000001 0.0020464326558215866 12186.175000000001 0.0057302591680712294 8351.1250000000018 250.43500000000498 82881.628664588876 0.74985779828333088 0.0063387087052343642 11319.975 68.236396036614352 0.0096389780215419777 60743.765729618739 0.0054742744004584775 97495.650700000013 74764.092300000004 0.23209508681449656 -36.492858556561636 598.53301620150944 46.864637900786285 81.312483471608019 0.0044015306582560762 43572.861800000006 -0.014179235295689594 62450.704533231248 0.0055700768820014434 8792.6000000000004 51076.07213156997 -165.76097748172117 153.28245435604376 120.35187030846946 0.0041217256969238178 12466.150000000003 56.645060097244702 85239.427454927965 1.0712766125305992 534.03500000000361 64.582658009340904 0.8124242084347072 -0.0031719195676954688 0.0069919272650888868
decision_type=2 2 2 2 2 2 2 2 2 2 2 2 2 2 2 2 2 2 2 2 2 2 2 2 2 2 2 2 2 2 2 2 2 2 2 2 2 2 2 2 2 2 2
left_child=2 13 6 18 10 32 21 34 9 -9 16 12 -12 41 15 19 17 -4 29 -8 27 22 31 -18 -23 -26 40 -7 -17 -3 -31 -1 33 -6 35 -5 -13 -24 -36 -22 -16 -2 -43
right_child=1 3 4 7 5 20 14 8 -10 -11 11 36 -14 -15 26 28 23 -19 -20 -21 39 24 37 -25 25 -27 -28 -29 -30 30 -32 -33 -34 -35 38 -37 -38 -39 -40 -41 -42 42 -44
leaf_value=7.1054533825800771e-05 0 0 -4.3500913176098364e-05 7.1768276814968538e-05 0.0001827728674070074 0 0 0.00062867189117453068 0 0 -0.000479204445087189 0.00015249590665317923 0 -0.00046585887537470885 0 0 -4.1292392756177438e-05 1.3070776799973841e-05 0 -0.0001107136400703988 0.00016664262716497839 0 -5.6754972838379982e-05 -0.00019556037022743698 0 0.00019925340166782605 0 -0.00032010329504873579 0.00014138671941891465 0 0.00032825804691366317 0 0 0 0 -1.7362503953588859e-05 0 1.6636412249526353e-05 -0.00016267260914369964 0 0.00021199859921287056 0 -0.00011000534862755016
leaf_weight=1150 32 35 4047 313 315 91 253 41 25 40 111 41 111 48 20 31 631 2513 39 497 20 112 277 190 140 324 51 45 104 33 340 265 30 83 20 89 59 128 49 20 98 24 44
leaf_count=1150 32 35 4047 313 315 91 253 41 25 40 111 41 111 48 20 31 631 2513 39 497 20 112 277 190 140 324 51 45 104 33 340 265 30 83 20 89 59 128 49 20 98 24 44
internal_value=0 9.73266e-05 -7.26922e-06 0.00015212 -2.67297e-05 6.55019e-05 3.69779e-05 5.00025e-05 0.000223406 0.000353652 -3.51322e-05 -0.000143161 -0.000249108 -0.000220635 -7.53326e-06 -3.94535e-05 -2.91945e-05 -2.0458e-05 0.000263693 -7.02816e-05 -6.25121e-05 6.03127e-05 3.59614e-05 -8.80105e-05 0.00012158 0.000150205 0.000106237 -0.000146939 6.50713e-05 0.000287978 0.000307299 5.58639e-05 0.000139163 0.000152992 0 2.96657e-05 2.35361e-06 -1.13588e-05 -9.83573e-05 1.70668e-07 0.00018056 -1.21557e-05 -7.8794e-05
internal_weight=0 1172 11757 1024 8307 604 3450 577 106 81 7703 322 222 148 1054 885 7381 6560 447 750 176 2396 1820 821 576 464 169 136 135 408 373 1415 428 398 471 402 100 405 69 40 118 100 68
internal_count=12929 1172 11757 1024 8307 604 3450 577 106 81 7703 322 222 148 1054 885 7381 6560 447 750 176 2396 1820 821 576 464 169 136 135 408 373 1415 428 398 471 402 100 405 69 40 118 100 68
is_linear=0
shrinkage=0.03


Tree=7
num_leaves=37
num_cat=0
split_feature=20 34 7 2 1 20 7 8 7 8 48 6 53 3 1 37 37 20 2 1 45 7 8 14 8 8 48 48 1 39 6 3 8 45 3 48
split_gain=0.00673518 0.0142512 0.0165595 0.00749445 0.00694069 0.00551237 0.00586168 0.00756624 0.00474435 0.0124488 0.00418961 0.00444519 0.0131234 0.00346643 0.00340261 0.00317135 0.00310142 0.00304853 0.002625 0.00260741 0.00239971 0.00206288 0.00186049 0.00176556 0.00161155 0.00156966 0.00155906 0.00155644 0.0011577 0.00103458 0.00100699 0.000167142 0.000164335 2.79384e-05 2.33327e-05 8.94738e-05
threshold=-0.033092045125644169 67.757328322891297 0.014170226152244137 62051.688221263772 63660.355484283042 0.012098897561300228 0.0061657640739939115 12342.525000000003 0.0083244054519319276 11319.975 54.836699763864011 3314.099999999999 0.029345551916596803 594.37919229416013 81943.913872548219 1.2192907411702134 1.3465247044580646 0.069376778050239243 97376.930507009398 52716.976540390933 88.018530547224898 0.0032495027188312159 8391.0500000000011 216.1350000000057 12692.225 8424.1000000000004 43.965130613234471 18.621118580015736 81429.976088737327 0.74343279402492468 2047.6199999999956 360.5424060053702 11789.400000000003 28.458020592056268 -675.05602904223622 39.31852451016595
decision_type=2 2 2 2 2 2 2 2 2 2 2 2 2 2 2 2 2 2 2 2 2 2 2 2 2 2 2 2 2 2 2 2 2 2 2 2
left_child=1 2 15 13 -4 6 7 18 9 -8 11 24 -13 16 -3 19 20 30 -5 -1 25 31 -21 29 -7 -2 -22 -9 -23 -18 -15 -12 -10 -6 -17 -36
right_child=3 14 4 5 33 10 8 27 32 -11 21 12 -14 17 -16 34 23 -19 -20 22 26 28 -24 -25 -26 -27 -28 -29 -30 -31 -32 -33 -34 -35 35 -37
leaf_value=0 3.4581166459270318e-05 0.00071220363542078436 -0.00088329465384267148 -2.4056559994432449e-05 -3.4358373475851325e-05 3.5455681386733297e-05 -0.00042116515411390077 0 3.226139928152685e-05 -1.8202178499468319e-05 0 0.00074772743924143186 0 0 0 0 0.00014136601662317682 0 -9.7056693837828853e-05 0 -0.00012875430480763193 -5.2529549057463738e-06 0.0001806103451837096 0 -6.0722528325936194e-05 -7.4938970041455178e-06 0 0.00017996430667684539 -0.00014434200847715853 0 0.00037161771938539525 3.9062971456454077e-05 -3.2091886548416e-05 0 0 -4.2465294412602751e-05
leaf_weight=43 1863 41 21 4942 21 1472 142 20 95 238 68 32 86 25 24 33 337 28 625 36 171 299 367 97 115 887 83 177 196 27 60 106 47 20 20 56
leaf_count=43 1863 41 21 4942 21 1472 142 20 95 238 68 32 86 25 24 33 337 28 625 36 171 299 367 97 115 887 83 177 196 27 60 106 47 20 20 56
internal_value=0 9.08754e-05 3.05014e-05 -5.90766e-06 -0.000408022 -2.16063e-05 -3.67513e-05 -2.60773e-05 -0.000137302 -0.000192662 1.47045e-05 4.24481e-05 0.000229811 2.9572e-05 0.000523366 9.58911e-05 2.12959e-05 0.000203184 -3.38736e-05 0.000133552 6.88087e-06 -4.25426e-05 0.000159864 9.56522e-05 2.28061e-05 1.77383e-05 -7.51614e-05 0.000148338 -7.85515e-05 0.000126283 0.000294958 8.2201e-06 0 0 0 -1.65898e-05
internal_weight=0 682 617 12238 62 8660 6286 5764 522 380 2374 1705 118 3578 65 555 3465 113 5567 446 3004 669 403 461 1587 2750 254 197 495 364 85 174 142 41 109 76
internal_count=12920 682 617 12238 62 8660 6286 5764 522 380 2374 1705 118 3578 65 555 3465 113 5567 446 3004 669 403 461 1587 2750 254 197 495 364 85 174 142 41 109 76
is_linear=0
shrinkage=0.03


end of trees

feature_importances:
ema_fast=39
sma_50=36
volatility=32
volume_ma=29
volatility_ma=24
adx=22
return_24=16
macd_strength=16
volatility_ratio=16
sma_20=16
macd_signal=13
macd_hist=10
ema_slow=9
ema_cross_pct=7
momentum_convergence=7
macd=6
volume_ratio=6
rsi=5
stoch_d=5
price_sma_50_dist=5
momentum_20=4
stoch_k=4
price_sma_20_dist=4
range_pct=3
upper_shadow=3
return_1=3
return_12=3
range=2
return_3=2
return_6=2
macd_hist_change=2
volume_change=2
momentum_10=1
body=1
lower_shadow=1
ema_cross=1
price_ema_slow_dist=1
momentum_ratio=1

parameters:
[boosting: gbdt]
[objective: regression]
[metric: rmse]
[tree_learner: serial]
[device_type: cpu]
[data: ]
[valid: ]
[num_iterations: 500]
[learning_rate: 0.03]
[num_leaves: 50]
[num_threads: 8]
[deterministic: 0]
[force_col_wise: 0]
[force_row_wise: 0]
[histogram_pool_size: -1]
[max_depth: 6]
[min_data_in_leaf: 20]
[min_sum_hessian_in_leaf: 0.001]
[bagging_fraction: 0.8]
[pos_bagging_fraction: 1]
[neg_bagging_fraction: 1]
[bagging_freq: 1]
[bagging_seed: 400]
[feature_fraction: 0.8]
[feature_fraction_bynode: 1]
[feature_fraction_seed: 30056]
[extra_trees: 0]
[extra_seed: 12879]
[early_stopping_round: 0]
[first_metric_only: 0]
[max_delta_step: 0]
[lambda_l1: 0.3]
[lambda_l2: 0.3]
[linear_lambda: 0]
[min_gain_to_split: 0]
[drop_rate: 0.1]
[max_drop: 50]
[skip_drop: 0.5]
[xgboost_dart_mode: 0]
[uniform_drop: 0]
[drop_seed: 17869]
[top_rate: 0.2]
[other_rate: 0.1]
[min_data_per_group: 100]
[max_cat_threshold: 32]
[cat_l2: 10]
[cat_smooth: 10]
[max_cat_to_onehot: 4]
[top_k: 20]
[monotone_constraints: ]
[monotone_constraints_method: basic]
[monotone_penalty: 0]
[feature_contri: ]
[forcedsplits_filename: ]
[refit_decay_rate: 0.9]
[cegb_tradeoff: 1]
[cegb_penalty_split: 0]
[cegb_penalty_feature_lazy: ]
[cegb_penalty_feature_coupled: ]
[path_smooth: 0]
[interaction_constraints: ]
[verbosity: 1]
[saved_feature_importance_type: 0]
[linear_tree: 0]
[max_bin: 255]
[max_bin_by_feature: ]
[min_data_in_bin: 3]
[bin_construct_sample_cnt: 200000]
[data_random_seed: 175]
[is_enable_sparse: 1]
[enable_bundle: 1]
[use_missing: 1]
[zero_as_missing: 0]
[feature_pre_filter: 1]
[pre_partition: 0]
[two_round: 0]
[header: 0]
[label_column: ]
[weight_column: ]
[group_column: ]
[ignore_column: ]
[categorical_feature: ]
[forcedbins_filename: ]
[precise_float_parser: 0]
[parser_config_file: ]
[objective_seed: 16083]
[num_class: 1]
[is_unbalance: 0]
[scale_pos_weight: 1]
[sigmoid: 1]
[boost_from_average: 1]
[reg_sqrt: 0]
[alpha: 0.9]
[fair_c: 1]
[poisson_max_delta_step: 0.7]
[tweedie_variance_power: 1.5]
[lambdarank_truncation_level: 30]
[lambdarank_norm: 1]
[label_gain: ]
[lambdarank_position_bias_regularization: 0]
[eval_at: ]
[multi_error_top_k: 1]
[auc_mu_weights: ]
[num_machines: 1]
[local_listen_port: 12400]
[time_out: 120]
[machine_list_filename: ]
[machines: ]
[gpu_platform_id: -1]
[gpu_device_id: -1]
[gpu_use_dp: 0]
[num_gpu: 1]

end of parameters

pandas_categorical:[]
