tree
version=v4
num_class=1
num_tree_per_iteration=1
label_index=0
max_feature_idx=54
objective=regression
feature_names=ema_fast ema_slow macd macd_signal atr momentum_10 momentum_20 volatility volume_ma range range_pct body body_pct upper_shadow lower_shadow is_bullish return_1 return_3 return_6 return_12 return_24 log_return ema_cross ema_cross_pct ema_cross_signal price_ema_fast_dist price_ema_slow_dist macd_hist macd_hist_change macd_cross_signal macd_strength atr_normalized atr_ma atr_ratio momentum_ratio momentum_convergence volume_ratio volume_spike volume_change volatility_ma volatility_ratio high_volatility low_volatility stoch_k stoch_d stoch_overbought stoch_oversold adx strong_trend sma_20 price_sma_20_dist sma_50 price_sma_50_dist signal_convergence market_regime
feature_infos=[140.00419228244851:161.85491834155184] [140.15959095491192:161.77386577410471] [-1.1327603992711772:0.72525453050678834] [-1.0349543330226298:0.5849833072352123] [0:1.1125714285714321] [-4.1740000000000066:3.6910000000000025] [-4.0190000000000055:3.1930000000000121] [0:0.004651925091918363] [0:14472.4] [0:3.1289999999999907] [0:0.019790486385785944] [0:2.86099999999999] [0:0.018034088903456733] [0:1.1399999999999864] [0:1.5829999999999984] [0:1] [-0.017714621838333167:0.014877782329646427] [-0.022323288195084667:0.021831831417413072] [-0.021306128588913342:0.022410317306895688] [-0.023662010314559945:0.026812644307773414] [-0.030412096542869249:0.024559774311784466] [-0.017873403720390344:0.014768193745818952] [-1.1327603992711772:0.72525453050678834] [-0.0079356633899468083:0.0049124836963239634] [0:1] [-0.015550408266898312:0.015067731023277454] [-0.020498919836102681:0.017349420162368165] [-0.36447759139961056:0.38418737904878653] [-0.18206359703680802:0.13384016716385658] [0:1] [-0.33458035143265025:0.37014659703597824] [0:0.0071373584075662827] [0:0.8504392857142864] [0:3.9214667240956609] [-20500000.000001252:27300000.000002455] [-3.6910000000000025:4.1740000000000066] [0:5.4120637403284393] [0:1] [-0.99739752765126866:135] [0:0.0043580031549319562] [0:8.9920287103106187] [0:1] [0:1] [0:99.99999954128441] [0:99.332322829059265] [0:1] [0:1] [0:92.306826590390614] [0:1] [0:161.81829999999999] [-0.019390125305217113:0.019216354919305893] [0:161.66587999999999] [-0.029932344977646477:0.017446147612938202] [0:2] [0:2]
tree_sizes=1460 1504 1294 1375 1450 1293 1195 1510 1163 1488 993 1027 1196 1270 1607 1468 1361 1497 1463 1063 1063 1331 1417 1343 1557 1519 1437

Tree=0
num_leaves=14
num_cat=0
split_feature=3 0 8 49 3 32 39 51 32 49 8 0 20
split_gain=0.00119348 0.00163563 0.00108289 0.0009965 0.00115372 0.00235737 0.00114587 0.000839695 0.000645067 0.000458776 0.000430075 0.000256828 1.15116e-06
threshold=-0.4060650409295945 143.58042027544707 7164.5500000000002 146.56825000000006 0.069920665562656664 0.38577321428571526 0.0020149548384563033 161.58409000000003 0.20103214285714013 150.79892500000003 9631.1250000000018 156.09115646220582 -0.015269866196044755
decision_type=2 2 2 2 2 2 2 2 2 2 2 2 2
left_child=1 10 12 4 5 -2 7 -5 -6 -4 -1 -8 -3
right_child=3 2 9 6 8 -7 11 -9 -10 -11 -12 -13 -14
leaf_value=-3.3068440548033775e-06 1.6633765715586391e-05 -3.3068440548033775e-06 -0.00020738814224006882 -3.6941786879429476e-06 1.8183059651619146e-05 0.00015172222458280984 -0.00011953912080298863 -0.00011910785961866047 -3.6658438881548285e-05 -3.3068440548033775e-06 0.00015912522490407511 -3.3068440548033775e-06 -7.6668809111978238e-06
leaf_weight=23 1511 25 90 11744 266 138 97 57 470 23 20 37 54
leaf_count=23 1511 25 90 11744 266 138 97 57 470 23 20 37 54
internal_value=-3.30684e-06 -7.05072e-05 -0.00011454 -2.44423e-06 1.54091e-05 2.98012e-05 -5.76119e-06 -4.51073e-06 -1.27636e-05 -0.00017527 5.61559e-05 -9.31673e-05 -3.30684e-06
internal_weight=0 235 192 14320 2385 1649 11935 11801 736 113 43 134 79
internal_count=14555 235 192 14320 2385 1649 11935 11801 736 113 43 134 79
is_linear=0
shrinkage=1


Tree=1
num_leaves=15
num_cat=0
split_feature=1 32 32 52 8 39 30 0 39 32 51 3 23 47
split_gain=0.000962291 0.00277234 0.00168629 0.00274638 0.00120358 0.00162084 0.000975318 0.000923781 0.000919897 0.000803396 0.000765962 0.00067388 0.000428647 0.000100751
threshold=146.55685633530865 0.37306428571428801 0.38577321428571526 0.0019267139175735205 5977.2500000000009 0.000582411067437202 -0.067852429679237256 156.09115646220582 0.0021094181043119905 0.17700357142857123 161.58409000000003 0.046296935642736819 -0.0024023141054997405 23.585679075092546
decision_type=2 2 2 2 2 2 2 2 2 2 2 2 2 2
left_child=2 9 4 6 5 -1 -4 8 -3 10 -2 -11 -6 -5
right_child=1 7 3 13 12 -7 -8 -9 -10 11 -12 -13 -14 -15
leaf_value=0.00013433356245555673 5.5795440381068824e-06 -3.6020442706775723e-05 0 0 -0.00010473855854953391 1.1549810084006925e-05 0.00019666206583304288 0 -0.00022156055654900576 -2.757431218278396e-06 -0.00010213385690206094 -2.9971586159110763e-05 -1.0992998101418371e-05 -3.4651394734377655e-05
leaf_weight=113 7470 103 28 21 65 1455 141 35 84 2967 57 1316 610 81
leaf_count=113 7470 103 28 21 65 1455 141 35 84 2967 57 1316 610 81
internal_value=0 -3.48965e-06 1.69161e-05 8.85801e-05 6.90261e-06 2.2351e-05 0.000164646 -0.000108576 -0.000135733 -1.25575e-06 4.35859e-06 -1.18222e-05 -2.45323e-05 -8.37097e-06
internal_weight=0 12032 2514 271 2243 1568 169 222 187 11810 7527 4283 675 102
internal_count=14546 12032 2514 271 2243 1568 169 222 187 11810 7527 4283 675 102
is_linear=0
shrinkage=0.03


Tree=2
num_leaves=13
num_cat=0
split_feature=3 49 49 3 32 39 33 51 32 8 4 33
split_gain=0.00116527 0.00144477 0.000825165 0.00099973 0.00199162 0.00094116 0.000767933 0.000725764 0.000603616 0.000541254 0.000337677 0.000231438
threshold=-0.37982962541685805 143.63107500000001 146.56825000000006 0.076271234639188015 0.38577321428571526 0.0020149548384563033 1.4119123408622727 161.58409000000003 0.20103214285714013 5358.8250000000016 0.31457142857143044 0.86781936936734028
decision_type=2 2 2 2 2 2 2 2 2 2 2 2
left_child=1 11 3 4 -2 7 9 -4 -5 -3 -7 -1
right_child=2 6 5 8 -6 10 -8 -9 -10 -11 -12 -13
leaf_value=0 1.8154037938875975e-05 0 -3.5334018558144132e-07 2.1993620672532919e-05 0.00014342333373789078 -0.00013224925863429952 0 -0.000105878699269584 -3.1476001483017968e-05 -0.00013952823119822485 0 0.00013204831840034494
leaf_weight=15.999999999999998 1545 32 11799 252 136 68 50 59 488 170 64 23
leaf_count=16 1545 32 11799 252 136 68 50 59 488 170 64 23
internal_value=0 -5.97946e-05 7.25677e-07 1.68539e-05 3.01126e-05 -2.28127e-06 -9.20836e-05 -1.13581e-06 -9.21356e-06 -0.000118263 -8.21479e-05 7.14178e-05
internal_weight=0 291 14411 2421 1681 11990 252 11858 740 202 132 39
internal_count=14702 291 14411 2421 1681 11990 252 11858 740 202 132 39
is_linear=0
shrinkage=0.03


Tree=3
num_leaves=14
num_cat=0
split_feature=3 0 51 1 7 51 0 1 51 4 32 47 20
split_gain=0.000954392 0.00169291 0.000834605 0.00103161 0.000927783 0.000980691 0.000654354 0.000653043 0.000632429 0.000307886 0.000295648 0.000273765 1.19106e-05
threshold=-0.37982962541685805 143.65229052567693 155.95569000000003 156.16114800128801 0.00064297077178382595 142.91463000000002 153.17722641610632 146.65125264373984 161.58409000000003 0.43010714285714419 0.2995535714285702 28.745678038174493 -0.015269866196044755
decision_type=2 2 2 2 2 2 2 2 2 2 2 2 2
left_child=1 9 4 11 7 -6 10 -2 -5 -1 -3 -4 -8
right_child=2 6 3 8 5 -7 12 -9 -10 -11 -12 -13 -14
leaf_value=0 6.3459422070278132e-05 0 0 -3.8672192007435647e-06 3.0971354072890614e-05 -5.6650828191733824e-06 0 1.1977614483370527e-05 -0.00010693374740926978 0.0001278884362739821 -0.00015405730600489829 -0.00011150491316975266 -1.2419251980940078e-05
leaf_weight=24 273 11.999999999999998 52 2751 726 6207 23 4204 58 31 125 121 69
leaf_count=24 273 12 52 2751 726 6207 23 4204 58 31 125 121 69
internal_value=0 -5.42743e-05 1.20507e-06 -1.26427e-05 5.08748e-06 -1.394e-06 -9.61927e-05 1.57936e-05 -7.08179e-06 6.54987e-05 -0.000140454 -8.53629e-05 0
internal_weight=0 284 14392 2982 11410 6933 229 4477 2809 55 137 173 92
internal_count=14676 284 14392 2982 11410 6933 229 4477 2809 55 137 173 92
is_linear=0
shrinkage=0.03


Tree=4
num_leaves=15
num_cat=0
split_feature=1 32 32 52 7 51 51 47 0 32 51 3 2 47
split_gain=0.000966967 0.00203595 0.00125277 0.00208863 0.00115087 0.0016601 0.00120916 0.000989551 0.0007673 0.000690688 0.000604156 0.000525958 0.000394688 7.41816e-05
threshold=146.55685633530865 0.36511785714285688 0.38577321428571526 0.0013180666765529325 0.00065113713422696189 144.73261000000002 144.52959000000004 39.623620110975658 156.09115646220582 0.17623214285714259 155.95569000000003 0.039096883816613637 0.35265980259272572 21.893464375020383
decision_type=2 2 2 2 2 2 2 2 2 2 2 2 2 2
left_child=2 9 4 7 5 -1 -6 -4 12 10 -2 -11 -3 -5
right_child=1 8 3 13 6 -7 -8 -9 -10 11 -12 -13 -14 -15
leaf_value=0 8.9845306542137121e-06 -0.0001328432738073786 0.00021684905257914955 0 1.5093743728691077e-05 0.00017639137403896535 -3.6187515307968291e-05 2.6052430958219402e-06 0 -3.181063513647987e-06 -9.1503700481956878e-06 -2.6965887681965179e-05 0 -2.7781859159787894e-05
leaf_weight=194 5326 171 94 21 1359 85 594 63 40 2916 2270 1424 36 86
leaf_count=194 5326 171 94 21 1359 85 594 63 40 2916 2270 1424 36 86
internal_value=0 -4.00143e-06 1.64635e-05 7.95496e-05 7.64177e-06 6.45931e-05 0 0.000150207 -8.94592e-05 -1.97799e-06 3.16991e-06 -1.16785e-05 -0.000113462 0
internal_weight=0 12183 2496 264 2232 279 1953 157 247 11936 7596 4340 207 107
internal_count=14679 12183 2496 264 2232 279 1953 157 247 11936 7596 4340 207 107
is_linear=0
shrinkage=0.03


Tree=5
num_leaves=13
num_cat=0
split_feature=3 0 51 1 39 0 8 8 51 8 4 47
split_gain=0.000877583 0.0014041 0.000816345 0.000955791 0.000786582 0.00109946 0.000719316 0.000555192 0.000531617 0.000371686 0.000347444 0.000132151
threshold=-0.37982962541685805 143.34086589734756 155.95569000000003 156.16114800128801 0.00060534775064163598 142.37419691718512 6564.5250000000005 4817.3750000000009 161.58409000000003 9302.6750000000011 0.69357142857142928 28.745678038174493
decision_type=2 2 2 2 2 2 2 2 2 2 2 2
left_child=1 9 4 11 7 -6 -3 -2 -5 -1 -8 -4
right_child=2 6 3 8 5 -7 10 -9 -10 -11 -12 -13
leaf_value=0 2.0510951001487989e-05 0 0 -4.0474003741963815e-06 4.7153210185330316e-05 -3.1016828485537253e-06 -0.00013836389443691623 -1.6875500061765911e-05 -9.9918519425947391e-05 0.00015142647579920534 0 -0.00010235941069584945
leaf_weight=20 3345 92 51 2758 413 7289 144 311 57 24 11.999999999999998 124
leaf_count=20 3345 92 51 2758 413 7289 144 311 57 24 12 124
internal_value=0 -5.13037e-05 1.17898e-06 -1.24843e-05 5.04035e-06 -1.45232e-08 -8.52575e-05 1.65083e-05 -7.07159e-06 7.14641e-05 -0.000125214 -8.21889e-05
internal_weight=0 292 14348 2990 11358 7702 248 3656 2815 44 156 175
internal_count=14640 292 14348 2990 11358 7702 248 3656 2815 44 156 175
is_linear=0
shrinkage=0.03


Tree=6
num_leaves=12
num_cat=0
split_feature=3 49 49 33 51 1 8 49 33 8 3
split_gain=0.000927333 0.00139417 0.000904433 0.000764658 0.000645477 0.000901279 0.000786884 0.000534209 0.000213248 0.000139247 4.81856e-06
threshold=-0.37982962541685805 143.63107500000001 140.60510000000002 1.4119123408622727 155.95569000000003 156.16114800128801 4755.4000000000005 154.04107500000006 0.86781936936734028 5904.8250000000007 0.022694298323933739
decision_type=2 2 2 2 2 2 2 2 2 2 2
left_child=1 8 9 7 6 -6 -4 -3 -1 10 -2
right_child=2 3 4 -5 5 -7 -8 -9 -10 -11 -12
leaf_value=0 0.00012686603645481624 -0.00013618200524290631 1.0109224891361253e-05 0 -7.8779468657400959e-05 -6.580918558826183e-06 -5.8943107616083213e-06 0 0.00012615862840189123 0 0
leaf_weight=15.999999999999998 59 162 6991 50 179 2818 4332 45 26 10.999999999999998 9.9999999999999982
leaf_count=16 59 162 6991 50 179 2818 4332 45 26 11 10
internal_value=0 -5.23174e-05 1.015e-06 -8.4639e-05 2.41075e-07 -1.19063e-05 3.7216e-06 -0.000110483 7.35409e-05 0.000101418 0.000117119
internal_weight=0 299 14400 257 14320 2997 11323 207 42 80 69
internal_count=14699 299 14400 257 14320 2997 11323 207 42 80 69
is_linear=0
shrinkage=0.03


Tree=7
num_leaves=15
num_cat=0
split_feature=1 32 32 52 47 32 51 51 0 39 32 51 3 47
split_gain=0.000890034 0.00207917 0.00110817 0.00225096 0.00115193 0.00110177 0.00133008 0.00118424 0.000800689 0.00079975 0.000706422 0.00070441 0.000506552 0.00011185
threshold=146.55685633530865 0.37306428571428801 0.38577321428571526 0.0019267139175735205 27.727666368580319 0.20163928571428888 146.42133000000004 144.73261000000002 156.09115646220582 0.0021094181043119905 0.17623214285714259 161.58409000000003 0.046296935642736819 23.356467235129383
decision_type=2 2 2 2 2 2 2 2 2 2 2 2 2 2
left_child=2 10 5 4 -4 6 -1 -7 9 -3 11 -2 -12 -5
right_child=1 8 3 13 -6 7 -8 -9 -10 -11 12 -13 -14 -15
leaf_value=2.2162392941165268e-05 5.1217380334212488e-06 -2.6332116899046498e-05 0.00027205100422016468 0 5.2433924587721649e-05 8.449410147596182e-06 0.00020967776056853159 -5.1475280260124764e-05 0 -0.00020149015979418024 -3.0653820298915448e-06 -9.9100522687571092e-05 -2.6528527131249597e-05 -3.9004820739195283e-05
leaf_weight=862 7487 102 57 20 115 915 41 407 34 82 3026 56 1374 78
leaf_count=862 7487 102 57 20 115 915 41 407 34 82 3026 56 1374 78
internal_value=0 -3.27188e-06 1.63957e-05 7.51925e-05 0.000143183 7.89753e-06 3.41081e-05 -7.74347e-06 -9.51942e-05 -0.000120986 -1.33889e-06 3.94377e-06 -1.10762e-05 -1.38019e-05
internal_weight=0 12161 2495 270 172 2225 903 1322 218 184 11943 7543 4400 98
internal_count=14656 12161 2495 270 172 2225 903 1322 218 184 11943 7543 4400 98
is_linear=0
shrinkage=0.03


Tree=8
num_leaves=12
num_cat=0
split_feature=3 0 0 49 4 3 8 47 8 2 20
split_gain=0.000796798 0.00150327 0.00085554 0.000744753 0.000564793 0.00133116 0.000811444 0.000534539 0.000427997 3.12403e-05 1.9789e-06
threshold=-0.37982962541685805 144.27531428986958 153.12276470870765 140.60510000000002 0.33632142857143071 0.061330084791806704 5769.5500000000011 48.118630324829731 9888.3250000000025 0.081500966745636574 -0.015269866196044755
decision_type=2 2 2 2 2 2 2 2 2 2 2
left_child=1 8 7 9 6 -6 -5 -3 -1 -2 -4
right_child=3 2 10 4 5 -7 -8 -9 -10 -11 -12
leaf_value=0 0.00010588856251607648 0 0 1.1439227419628556e-06 5.9088964226680041e-05 -2.2699368497151363e-05 -2.0704392689182522e-05 -0.0001784118445559297 0.00014388628562494199 0 -5.0622156208545181e-06
leaf_weight=54 62 27 24 11900 446 233 1730 100 24 9.9999999999999982 69
leaf_count=54 62 27 24 11900 446 233 1730 100 24 10 69
internal_value=0 -4.90107e-05 -9.399e-05 4.06815e-07 0 2.66121e-05 -1.40976e-06 -0.000146003 3.94278e-05 9.63226e-05 0
internal_weight=0 298 220 14381 14309 679 13630 127 78 72 93
internal_count=14679 298 220 14381 14309 679 13630 127 78 72 93
is_linear=0
shrinkage=0.03


Tree=9
num_leaves=15
num_cat=0
split_feature=1 39 32 52 32 51 0 51 47 51 4 32 0 26
split_gain=0.000831893 0.00176231 0.00140548 0.00227673 0.00107771 0.00106472 0.00104832 0.00104513 0.000934272 0.000619484 0.00102266 0.000644216 0.000282452 6.74007e-05
threshold=146.55685633530865 0.0020149548384563033 0.38577321428571526 0.0013180666765529325 0.20163928571428888 146.42133000000004 147.02456384391385 144.73261000000002 27.727666368580319 161.58409000000003 0.076999999999999208 0.17700357142857123 156.09115646220582 0.0033489490631441374
decision_type=2 2 2 2 2 2 2 2 2 2 2 2 2 2
left_child=2 9 4 8 5 -1 -3 -6 -4 11 -11 -2 -8 -5
right_child=1 6 3 13 7 -7 12 -9 -10 10 -12 -13 -14 -15
leaf_value=2.1594028940757953e-05 4.3755854009668615e-06 -0.0003006251004031476 0.00028409725009185199 0 6.1082337265796068e-06 0.00019345197100537244 -7.3884374722888528e-05 -4.9737764505690567e-05 6.0740759988478729e-05 -0.00031053806192451907 0 -1.0054200094657666e-05 0 -2.9333154397813516e-05
leaf_weight=879 7557 25 53 41 914 40 104 408 100 14.999999999999998 36 4353 62 70
leaf_count=879 7557 25 53 41 914 40 104 408 100 15 36 4353 62 70
internal_value=0 -3.04986e-06 1.59282e-05 8.24699e-05 6.73427e-06 3.2438e-05 -9.35892e-05 -8.871e-06 0.00015833 -1.34942e-06 -0.000105604 -6.46696e-07 -4.3582e-05 0
internal_weight=0 12152 2505 264 2241 919 191 1322 153 11961 51 11910 166 111
internal_count=14657 12152 2505 264 2241 919 191 1322 153 11961 51 11910 166 111
is_linear=0
shrinkage=0.03


Tree=10
num_leaves=10
num_cat=0
split_feature=49 47 4 39 52 8 32 51 8
split_gain=0.000634526 0.000607754 0.000764813 0.00151727 0.000613018 0.000593894 0.000649104 0.000373135 9.88868e-05
threshold=140.60510000000002 62.312835643385149 0.33632142857143071 0.0022673275610596206 0.0019267139175735205 6387.2000000000016 0.46469107142857291 154.19669000000002 5904.8250000000007
decision_type=2 2 2 2 2 2 2 2 2
left_child=8 2 3 -2 -4 7 -7 -3 -1
right_child=1 5 4 -5 -6 6 -8 -9 -10
leaf_value=0.00010145449204055048 0 0 4.8629016551628257e-05 -0.00015184005699524003 0 -0.00011063088288584197 0 -3.8017915651239989e-05 0
leaf_weight=63 12712 590 525 59 234 129 24 286 9.9999999999999982
leaf_count=63 12712 590 525 59 234 129 24 286 10
internal_value=0 -6.66596e-07 8.1091e-07 -6.99716e-07 3.01625e-05 -2.29989e-05 -8.0745e-05 -9.45005e-06 8.76456e-05
internal_weight=0 14559 13530 12771 759 1029 153 876 73
internal_count=14632 14559 13530 12771 759 1029 153 876 73
is_linear=0
shrinkage=0.03


Tree=11
num_leaves=10
num_cat=0
split_feature=49 3 1 4 25 32 49 4 3
split_gain=0.000748794 0.000586023 0.00115317 0.000583256 0.0011582 0.000641763 0.000555065 0.000392704 0.000134535
threshold=140.60510000000002 -0.37982962541685805 144.67262111899637 0.33632142857143071 0.0023274049669086919 0.1842732142857135 154.04107500000006 0.43010714285714419 0.032714204248045074
decision_type=2 2 2 2 2 2 2 2 2
left_child=8 2 7 5 -5 -3 -4 -2 -1
right_child=1 3 6 4 -6 -7 -8 -9 -10
leaf_value=0.00010620601719772899 0 4.2182601672490615e-06 -0.00011511479215102618 5.0132695377773518e-05 -3.6627000034921779e-05 -9.1858901761907683e-06 0 0.00011377532083703123 0
leaf_weight=70 40 8455 148 545 145 5123 75 34 11.999999999999998
leaf_count=70 40 8455 148 545 145 5123 75 34 12
internal_value=0 -1.27625e-07 -4.19518e-05 5.34166e-07 2.75426e-05 -6.18361e-07 -8.10523e-05 3.53626e-05 9.03957e-05
internal_weight=0 14565 297 14268 690 13578 223 74 82
internal_count=14647 14565 297 14268 690 13578 223 74 82
is_linear=0
shrinkage=0.03


Tree=12
num_leaves=12
num_cat=0
split_feature=51 39 32 51 51 1 32 39 35 4 36
split_gain=0.000700967 0.000584759 0.000751513 0.000668391 0.00061659 0.000542635 0.00146229 0.000935875 0.000447792 0.000278576 0.000184412
threshold=141.90247000000002 0.00060865069056963551 0.1248875000000006 147.51817000000003 161.58409000000003 145.55603492367138 0.38577321428571526 0.0018191374944067926 -0.35750000000000165 0.18285714285714202 0.7785549440888182
decision_type=2 2 2 2 2 2 2 2 2 2 2
left_child=8 2 4 -4 -2 6 -3 -7 -1 -10 -11
right_child=1 5 3 -5 -6 7 -8 -9 9 10 -12
leaf_value=0 8.4079533466575575e-08 0 9.745260098023647e-05 1.5563310089408367e-05 -0.00012334183465341768 -7.1425027912391973e-06 9.1497040743010984e-05 -6.3403432642007211e-05 0 0 9.6773250418363065e-05
leaf_weight=72 3715 1445 118 1504 36 6968 171 296 70 29 152
leaf_count=72 3715 1445 118 1504 36 6968 171 296 70 29 152
internal_value=0 -1.25502e-06 6.28521e-06 2.33979e-05 -3.17094e-07 -6.15528e-06 8.60479e-06 -9.85225e-06 4.33693e-05 6.34177e-05 8.33923e-05
internal_weight=0 14253 5373 1622 3751 8880 1616 7264 323 251 181
internal_count=14576 14253 5373 1622 3751 8880 1616 7264 323 251 181
is_linear=0
shrinkage=0.03


Tree=13
num_leaves=13
num_cat=0
split_feature=3 0 0 51 1 39 51 47 51 32 47 8
split_gain=0.000770921 0.000915504 0.000687994 0.000657773 0.000884058 0.000611088 0.000962547 0.000556247 0.000527376 0.000491443 0.000200025 0.000176952
threshold=-0.37982962541685805 144.27531428986958 153.12276470870765 155.95569000000003 156.16114800128801 0.00060534775064163598 142.91463000000002 48.118630324829731 161.58409000000003 0.1248875000000006 28.745678038174493 9888.3250000000025
decision_type=2 2 2 2 2 2 2 2 2 2 2 2
left_child=1 11 7 5 10 9 -7 -3 -6 -2 -5 -1
right_child=3 2 -4 4 8 6 -8 -9 -10 -11 -12 -13
leaf_value=0 5.2493262430690665e-06 0 0 0 -2.9351593671370977e-06 3.1645499936977246e-05 -3.8234430474889198e-06 -0.00016365679889165152 -9.5514993289011609e-05 3.059070472942975e-05 -0.00010150262122624554 9.1237126895022086e-05
leaf_weight=53 2454 27 90 54 2754 763 6956 97 60 1233 121 20
leaf_count=53 2454 27 90 54 2754 763 6956 97 60 1233 121 20
internal_value=0 -4.85983e-05 -8.33891e-05 1.01444e-06 -1.12321e-05 4.48706e-06 0 -0.000130208 -5.99167e-06 1.45405e-05 -7.81468e-05 1.24485e-05
internal_weight=0 287 214 14395 2989 11406 7719 124 2814 3687 175 73
internal_count=14682 287 214 14395 2989 11406 7719 124 2814 3687 175 73
is_linear=0
shrinkage=0.03


Tree=14
num_leaves=16
num_cat=0
split_feature=8 51 47 32 2 1 49 51 51 39 2 51 7 47 7
split_gain=0.000610678 0.000951569 0.00083308 0.00104812 0.00140841 0.000826307 0.000631137 0.000715199 0.000548167 0.000746953 0.000622704 0.000441475 0.000201832 0.000180033 0.000171047
threshold=5769.5500000000011 155.95569000000003 40.783435364775642 0.38577321428571526 0.080271404385101178 156.16114800128801 150.79892500000003 147.51817000000003 142.91463000000002 0.00066905953093814279 0.087633945908507385 161.58409000000003 0.00091112903796461571 28.745678038174493 0.0014128759840445024
decision_type=2 2 2 2 2 2 2 2 2 2 2 2 2 2 2
left_child=1 8 3 12 -5 13 7 -4 10 -10 -1 -7 -2 -3 -8
right_child=2 5 6 4 -6 11 14 -9 9 -11 -12 -13 -14 -15 -16
leaf_value=5.792245839764051e-05 3.3752854811475598e-06 0 -2.1501001861955753e-05 0.00011966844575656657 -4.7114439367422393e-06 -3.7184710125299372e-06 -1.4934905613908799e-05 -0.00010016270280105766 1.4494743059324295e-05 -2.6808968201502543e-06 0 -9.4623823138148522e-05 -1.7829051848814137e-05 -9.7677461657440297e-05 3.4961836225245332e-05
leaf_weight=397 325 53 483 143 95 2700 117 219 4244 4422 131 53 1043 125 104
leaf_count=397 325 53 483 143 95 2700 117 219 4244 4422 131 53 1043 125 104
internal_value=0 2.65413e-06 -1.35467e-05 0 5.75366e-05 -1.18365e-05 -3.62564e-05 -5.03651e-05 7.60033e-06 5.38472e-06 3.82489e-05 -6.57494e-06 -1.05999e-05 -7.61596e-05 0
internal_weight=0 12125 2529 1606 238 2931 923 702 9194 8666 528 2753 1368 178 221
internal_count=14654 12125 2529 1606 238 2931 923 702 9194 8666 528 2753 1368 178 221
is_linear=0
shrinkage=0.03


Tree=15
num_leaves=15
num_cat=0
split_feature=1 39 32 52 0 1 32 51 8 30 32 39 0 47
split_gain=0.000621523 0.00172293 0.00126092 0.00201574 0.00107504 0.000945188 0.00131634 0.000757327 0.000535126 0.000441868 0.000584889 0.000366817 0.000263206 7.1825e-05
threshold=146.55685633530865 0.0020149548384563033 0.38577321428571526 0.0013180666765529325 147.02456384391385 146.41718296955614 0.16131785714285893 146.85225000000003 6288.0000000000009 -0.0087609971512047965 0.26392321428571414 0.00060534775064163598 156.09115646220582 20.603365621466271
decision_type=2 2 2 2 2 2 2 2 2 2 2 2 2 2
left_child=2 9 5 7 -3 8 -7 -4 -1 10 -2 -11 -6 -5
right_child=1 4 3 13 12 6 -8 -9 -10 11 -12 -13 -14 -15
leaf_value=9.025203404892719e-06 -4.5390000816935631e-06 -0.00028464484111847063 0.00016319505466629188 0 -6.748992158837307e-05 0.00027087056577989932 0 0 -2.6721282110580729e-05 1.103861713041731e-05 -4.8703198237680399e-05 -1.9407258944300107e-06 0 -2.6579596223185587e-05
leaf_weight=1630 4331 28 152 18 112 28 70 11.999999999999998 488 3348 315 4015 60 91
leaf_count=1630 4331 28 152 18 112 28 70 12 488 3348 315 4015 60 91
internal_value=0 -2.44591e-06 1.39805e-05 7.5662e-05 -8.98086e-05 5.01281e-06 9.59254e-05 0.00014334 0 -7.37476e-07 -8.18391e-06 3.55399e-06 -3.99666e-05 0
internal_weight=0 12209 2489 273 200 2216 98 164 2118 12009 4646 7363 172 109
internal_count=14698 12209 2489 273 200 2216 98 164 2118 12009 4646 7363 172 109
is_linear=0
shrinkage=0.03


Tree=16
num_leaves=14
num_cat=0
split_feature=3 0 8 49 3 32 39 32 49 8 39 36 0
split_gain=0.000691328 0.00098852 0.000768143 0.000505175 0.00081915 0.00163016 0.00070121 0.000525249 0.000442872 0.000401414 0.000378454 0.000207731 8.64223e-06
threshold=-0.37982962541685805 143.65229052567693 7164.5500000000002 146.56825000000006 0.069920665562656664 0.38577321428571526 0.0020149548384563033 0.20103214285714013 150.66010000000003 8683.7500000000018 0.00060865069056963551 0.6728838092990318 152.65271713842156
decision_type=2 2 2 2 2 2 2 2 2 2 2 2 2
left_child=1 9 12 4 5 -2 10 -6 -4 -1 -5 -8 -3
right_child=3 2 8 6 7 -7 11 -9 -10 -11 -12 -13 -14
leaf_value=0 1.4928521780344844e-05 0 -0.00015509721555977693 5.2263698649212572e-06 1.7404166650907153e-05 0.00013100223741054217 0 -3.0314098335547233e-05 0 0.00012651330628009005 -5.482097920869933e-06 -9.2463968740805739e-05 -9.3222889713386925e-06
leaf_weight=28 1506 23 104 5284 278 130 33 494 27 27 6620 98 89
leaf_count=28 1506 23 104 5284 278 130 33 494 27 27 6620 98 89
internal_value=0 -4.5319e-05 -7.64685e-05 7.95158e-07 1.34699e-05 2.60224e-05 -1.49204e-06 -9.24694e-06 -0.000126827 3.77e-05 -4.76751e-07 -7.05856e-05 0
internal_weight=0 298 243 14443 2408 1636 12035 772 131 55 11904 131 112
internal_count=14741 298 243 14443 2408 1636 12035 772 131 55 11904 131 112
is_linear=0
shrinkage=0.03


Tree=17
num_leaves=15
num_cat=0
split_feature=51 8 1 32 3 1 32 52 51 51 4 3 47 18
split_gain=0.000576238 0.000833208 0.000972206 0.00137429 0.00113341 0.000727288 0.00048485 0.000560141 0.000423129 0.000415412 0.000985961 0.000193768 0.000113742 2.52316e-05
threshold=155.95569000000003 4755.4000000000005 145.55603492367138 0.38577321428571526 -0.4060650409295945 156.16114800128801 0.187641071428571 -0.00017330192932312979 147.33222000000004 161.58409000000003 0.076999999999999208 0.072214444612808154 28.745678038174493 0.0020661321221862043
decision_type=2 2 2 2 2 2 2 2 2 2 2 2 2 2
left_child=1 6 3 -3 -4 12 8 -8 -1 11 -11 -7 -2 -14
right_child=5 2 4 -5 -6 9 7 -9 -10 10 -12 -13 13 -15
leaf_value=3.8199909704126859e-05 0 0 -0.00011656113314644532 9.2447474177712968e-05 -1.1676401852475407e-05 0 1.0922105743791661e-05 -2.40151193936315e-05 9.8431223704565146e-06 -0.00029521510653918788 0 -1.7980054980340204e-05 -9.5801112694651299e-05 0
leaf_weight=651 54 1115 104 174 3180 2086 811 747 4844 14.999999999999998 41 693 116 10.999999999999998
leaf_count=651 54 1115 104 174 3180 2086 811 747 4844 15 41 693 116 11
internal_value=0 2.77665e-06 -6.82224e-06 1.40488e-05 -1.59286e-05 -1.19256e-05 9.42571e-06 -3.90633e-06 1.37517e-05 -7.01222e-06 -9.05725e-05 -4.23307e-06 -7.21241e-05 -9.05976e-05
internal_weight=0 11626 4573 1289 3284 3016 7053 1558 5495 2835 56 2779 181 127
internal_count=14642 11626 4573 1289 3284 3016 7053 1558 5495 2835 56 2779 181 127
is_linear=0
shrinkage=0.03


Tree=18
num_leaves=15
num_cat=0
split_feature=1 32 32 52 32 1 51 30 0 51 7 32 2 36
split_gain=0.000643879 0.00142801 0.000978824 0.00176606 0.000765913 0.00107528 0.000945652 0.000711158 0.00065608 0.000418497 0.00093829 0.000467889 0.00033082 7.59118e-05
threshold=146.55685633530865 0.37306428571428801 0.38577321428571526 0.0019267139175735205 0.20163928571428888 145.97563549466659 144.73261000000002 -0.067852429679237256 156.09115646220582 161.58409000000003 0.00032451967301229645 0.17700357142857123 0.35265980259272572 1.0111676830712417
decision_type=2 2 2 2 2 2 2 2 2 2 2 2 2 2
left_child=2 9 4 7 5 -1 -6 -4 12 11 -11 -2 -3 -5
right_child=1 8 3 13 6 -7 -8 -9 -10 10 -12 -13 -14 -15
leaf_value=1.3045109822032558e-05 3.6099352775443126e-06 -0.00012018416014711221 0 -3.9217631898661767e-05 6.9170846994916356e-06 0.00013336009275691029 -4.6571203949125517e-05 0.00015688840499864646 0 -0.00028238649197643803 0 -8.6976764900717054e-06 0 0
leaf_weight=837 7513 156 26 45 915 85 403 142 36 14.999999999999998 42 4336 35 56
leaf_count=837 7513 156 26 45 915 85 403 142 36 15 42 4336 35 56
internal_value=0 -2.96768e-06 1.37236e-05 6.89077e-05 5.74366e-06 2.74554e-05 -7.17398e-06 0.000130451 -7.76669e-05 -1.28829e-06 -8.25192e-05 -6.4089e-07 -0.00010124 -4.04332e-06
internal_weight=0 12133 2509 269 2240 922 1318 168 227 11906 57 11849 191 101
internal_count=14642 12133 2509 269 2240 922 1318 168 227 11906 57 11849 191 101
is_linear=0
shrinkage=0.03


Tree=19
num_leaves=10
num_cat=0
split_feature=49 44 23 0 5 7 22 51 22
split_gain=0.000581411 0.000594133 0.00089768 0.000741032 0.000484704 0.000441421 0.000298285 0.000222023 7.10793e-05
threshold=140.60510000000002 24.457756396106351 -0.0032065110797371813 143.10920204469861 -0.46099999999999847 0.00067866701015832328 -0.0088043934905073212 153.16896000000003 0.081500966745636574
decision_type=2 2 2 2 2 2 2 2 2
left_child=8 2 3 -2 6 -6 -3 -4 -1
right_child=1 4 7 -5 5 -7 -8 -9 -10
leaf_value=9.2473442565339296e-05 0 5.1517386728122082e-05 -6.9968056698389522e-07 -0.00013099755902088795 6.5063105528508692e-06 -5.2934470977148027e-06 0 -2.0776421738211403e-05 0
leaf_weight=67 14.999999999999998 280 1830 103 5880 5428 75 925 12.999999999999998
leaf_count=67 15 280 1830 103 5880 5428 75 925 13
internal_value=0 -8.5582e-07 -1.32152e-05 -9.67475e-05 1.93195e-06 5.76989e-07 3.65919e-05 -8.53179e-06 7.9848e-05
internal_weight=0 14536 2873 118 11663 11308 355 2755 80
internal_count=14616 14536 2873 118 11663 11308 355 2755 80
is_linear=0
shrinkage=0.03


Tree=20
num_leaves=10
num_cat=0
split_feature=49 51 8 7 1 39 3 33 8
split_gain=0.000586543 0.000503132 0.000811047 0.000805667 0.00058969 0.000523478 0.000307736 0.000190113 0.000110147
threshold=140.60510000000002 155.95569000000003 4755.4000000000005 0.0014128759840445024 156.16114800128801 0.00077872102431427923 0.35880655655162058 1.4370757461800505 5904.8250000000007
decision_type=2 2 2 2 2 2 2 2 2
left_child=8 2 5 -4 7 -2 -6 -3 -1
right_child=1 4 3 -5 6 -7 -8 -9 -10
leaf_value=9.626803055573674e-05 1.3753027594733062e-05 -8.1646067916762096e-05 -1.5362195896107244e-05 1.3104436198413019e-05 -5.2444109775152277e-06 -3.226401088820818e-06 -0.00010962929101515328 0 0
leaf_weight=66 4955 146 3444 1101 2817 2062 29 34 10.999999999999998
leaf_count=66 4955 146 3444 1101 2817 2062 29 34 11
internal_value=0 -8.94526e-07 1.7313e-06 -7.80564e-06 -1.19174e-05 8.33611e-06 -7.38106e-06 -6.68018e-05 8.16885e-05
internal_weight=0 14588 11562 4545 3026 7017 2846 180 77
internal_count=14665 14588 11562 4545 3026 7017 2846 180 77
is_linear=0
shrinkage=0.03


Tree=21
num_leaves=14
num_cat=0
split_feature=47 32 49 39 32 4 31 31 47 33 39 27 51
split_gain=0.00048514 0.000523811 0.000495823 0.000392517 0.000727897 0.000425118 0.000300881 0.000373244 0.000253401 0.00016197 0.000116784 0.000112521 4.83826e-05
threshold=62.312835643385149 0.20964642857142915 141.95755000000003 0.00060865069056963551 0.1248875000000006 0.33632142857143071 0.0013085834387199923 0.0039660165587259598 16.285732729409578 0.81176253914052121 0.00070183083038911551 0.011383411493822064 152.94822000000002
decision_type=2 2 2 2 2 2 2 2 2 2 2 2 2
left_child=2 10 8 4 -4 -5 -3 -8 -1 -10 11 -2 -12
right_child=1 6 3 5 -6 -7 7 -9 9 -11 12 -13 -14
leaf_value=0 -2.3648272875496614e-05 0 0 -5.489456042111695e-06 2.4769738764159567e-05 1.7775282636448576e-05 -6.9204994236816869e-05 0 0 6.7158277450714201e-05 2.5578366020755363e-05 0 0
leaf_weight=47 275 70 3666 7544 1529 736 307 28 14.999999999999998 189 146 147 59
leaf_count=47 275 70 3666 7544 1529 736 307 28 15 189 146 147 59
internal_value=0 -1.95489e-05 1.75126e-06 7.45174e-07 7.38433e-06 -3.05823e-06 -4.62131e-05 -5.82098e-05 4.37259e-05 5.88777e-05 0 -1.11793e-05 1.59537e-05
internal_weight=0 1032 13726 13475 5195 8280 405 335 251 204 627 422 205
internal_count=14758 1032 13726 13475 5195 8280 405 335 251 204 627 422 205
is_linear=0
shrinkage=0.03


Tree=22
num_leaves=15
num_cat=0
split_feature=1 32 32 52 1 32 30 49 0 51 7 32 2 36
split_gain=0.000565439 0.00144717 0.000985407 0.00153189 0.000874069 0.0013235 0.000704971 0.00054491 0.000524039 0.000396834 0.00088389 0.000361663 0.000218855 6.98672e-05
threshold=146.55685633530865 0.37306428571428801 0.38577321428571526 0.0019267139175735205 146.41718296955614 0.16131785714285893 -0.067852429679237256 140.60510000000002 156.09115646220582 161.58409000000003 0.00032451967301229645 0.17700357142857123 0.35265980259272572 1.0363909520667955
decision_type=2 2 2 2 2 2 2 2 2 2 2 2 2 2
left_child=2 9 4 6 7 -6 -4 -1 12 11 -11 -2 -3 -5
right_child=1 8 3 13 5 -7 -8 -9 -10 10 -12 -13 -14 -15
leaf_value=8.2143412897659629e-05 3.2525309547031064e-06 -0.00011585291944161253 0 -3.677321305393331e-05 0.00026255415683075538 0 0.00015296347495900736 -1.9671739946384908e-06 0 -0.00027401898044251624 0 -7.5721236119816452e-06 0 0
leaf_weight=71 7560 152 28 46 29 74 139 2059 32 14.999999999999998 40 4320 32 52
leaf_count=71 7560 152 28 46 29 74 139 2059 32 15 40 4320 32 52
internal_value=0 -2.70912e-06 1.29609e-05 6.86381e-05 4.99639e-06 9.02182e-05 0.000125294 0 -7.97871e-05 -1.05953e-06 -8.14661e-05 -4.31345e-07 -0.000100132 0
internal_weight=0 12151 2498 265 2233 103 167 2130 216 11935 55 11880 184 98
internal_count=14649 12151 2498 265 2233 103 167 2130 216 11935 55 11880 184 98
is_linear=0
shrinkage=0.03


Tree=23
num_leaves=13
num_cat=0
split_feature=1 20 20 0 39 7 8 3 8 20 39 33
split_gain=0.000534352 0.000851155 0.000706056 0.00091061 0.000898814 0.000533354 0.000824825 0.000809 0.000354402 0.000276012 0.00020616 5.56839e-05
threshold=157.07554770693767 0.0065406334910190775 -0.011095113837403801 143.58042027544707 0.0013187010685587824 0.0014128759840445024 5802.7250000000013 0.054817530532243176 2633.4000000000001 -0.00014080886778927712 0.0029471873666284689 0.68320680691517155
decision_type=2 2 2 2 2 2 2 2 2 2 2 2
left_child=2 8 3 10 -5 6 -4 -7 9 -2 -1 -10
right_child=1 -3 5 4 -6 7 -8 -9 11 -11 -12 -13
leaf_value=9.9023337537867249e-05 -5.6092906658710685e-05 -0.00019849556338574203 4.5277022415463564e-06 0 -0.00011919301115583148 4.6664843527071251e-05 -1.9539088794476221e-05 -4.1683507477912827e-07 -1.7231082790441469e-05 -7.5465554938920977e-06 0 2.8181115640065766e-06
leaf_weight=27 241 24 9970 72 147 612 1452 452 143 546 12.999999999999998 945
leaf_count=27 241 24 9970 72 147 612 1452 452 143 546 13 945
internal_value=0 -1.49207e-05 2.13387e-06 -4.6086e-05 -7.65603e-05 3.37617e-06 1.2049e-06 2.3855e-05 -1.09191e-05 -2.62484e-05 4.5572e-05 0
internal_weight=0 1899 12745 259 219 12486 11422 1064 1875 787 40 1088
internal_count=14644 1899 12745 259 219 12486 11422 1064 1875 787 40 1088
is_linear=0
shrinkage=0.03


Tree=24
num_leaves=16
num_cat=0
split_feature=39 1 7 0 8 0 47 31 32 32 0 47 0 5 50
split_gain=0.000470737 0.00104477 0.000789657 0.000738322 0.000557773 0.000646045 0.000525317 0.000623425 0.000338612 0.000294999 0.000250172 0.000165983 9.748e-05 3.68637e-06 7.01216e-07
threshold=0.0020149548384563033 146.23238382168293 0.0015891659520855231 156.09115646220582 5977.2500000000009 147.46331240613594 39.401126937009145 0.0035570207482794503 0.2995535714285702 0.61033928571428797 150.95423142047721 23.585679075092546 153.12276470870765 1.0940000000000085 1.0000000180025095e-35
decision_type=2 2 2 2 2 2 2 2 2 2 2 2 2 2 2
left_child=2 9 4 8 5 -1 7 -4 -3 11 -6 -2 -8 -11 -5
right_child=1 3 6 14 10 -7 12 -9 -10 13 -12 -13 -14 -15 -16
leaf_value=1.7113840480287212e-05 4.965489192717623e-05 0 7.6664568558561339e-05 4.5488041716125085e-06 -2.4569976182636229e-05 -1.692262301801837e-06 -5.8857106118612511e-06 -2.9399367698208663e-06 -0.00014193241263406393 0.00011847969015630388 0 -2.5196627896912813e-05 3.2405919089796944e-05 0 0
leaf_weight=1929 27 34 295 30 1199 10271 213 30 115 19.000000000000004 303 128 76 9.9999999999999982 29
leaf_count=1929 27 34 295 30 1199 10271 213 30 115 19 303 128 76 10 29
internal_value=0 -3.27937e-05 4.22291e-07 -8.0689e-05 -8.56883e-07 1.03595e-06 3.38278e-05 6.01066e-05 -0.000116297 5.1606e-06 -1.82233e-05 0 0 9.57419e-05 0
internal_weight=0 392 14316 208 13702 12200 614 325 149 184 1502 155 289 29 59
internal_count=14708 392 14316 208 13702 12200 614 325 149 184 1502 155 289 29 59
is_linear=0
shrinkage=0.03


Tree=25
num_leaves=15
num_cat=0
split_feature=51 8 1 7 0 31 39 51 4 3 7 27 17 31
split_gain=0.00050198 0.000727552 0.000590219 0.000573361 0.000835192 0.000379344 0.000664123 0.000305315 0.000825201 0.000300051 0.000263887 0.000237808 7.36957e-05 2.85465e-05
threshold=155.95569000000003 5802.7250000000013 156.16114800128801 0.0014128759840445024 146.4343572548903 0.001686181373440986 0.0007715042526704951 161.58409000000003 0.076999999999999208 0.35880655655162058 0.0008757959406891267 0.034211443258111741 -0.0034741021069094598 0.0019971876666733004
decision_type=2 2 2 2 2 2 2 2 2 2 2 2 2 2
left_child=1 5 12 10 -5 6 -1 9 -9 -4 -3 -7 -2 -14
right_child=2 3 7 4 -6 11 -8 8 -10 -11 -12 -13 13 -15
leaf_value=1.0869769157331265e-05 0 0 -2.0045456876136405e-06 3.2293475716172032e-05 -2.5072572616545766e-05 4.4034813857110142e-05 -6.0999082004252282e-06 -0.00026600390360240011 0 -0.00010196413132618575 -3.0667166999983479e-05 0 -7.5574061355088861e-05 0
leaf_weight=5585 10.999999999999998 324 2761 508 379 401 3062 14.999999999999998 41 29 1136 226 152 9.9999999999999982
leaf_count=5585 11 324 2761 508 379 401 3062 15 41 29 1136 226 152 10
internal_value=0 2.57403e-06 -1.11415e-05 -1.19016e-05 4.40134e-06 6.56133e-06 4.51369e-06 -6.68055e-06 -7.91626e-05 -4.13671e-06 -2.38584e-05 2.99936e-05 -6.70058e-05 -7.21239e-05
internal_weight=0 11621 3019 2347 887 9274 8647 2846 56 2790 1460 627 173 162
internal_count=14640 11621 3019 2347 887 9274 8647 2846 56 2790 1460 627 173 162
is_linear=0
shrinkage=0.03


Tree=26
num_leaves=15
num_cat=0
split_feature=39 1 0 32 51 20 8 51 8 44 51 2 0 40
split_gain=0.000489163 0.00109586 0.00140686 0.000708122 0.00095791 0.000726996 0.000512583 0.000640254 0.000351028 0.000735628 0.00024539 0.000191756 0.000164999 5.26796e-05
threshold=0.0020149548384563033 146.23238382168293 146.92713167284342 0.39977857142857037 146.28801000000001 -0.0007457674524775636 5802.7250000000013 142.91463000000002 7765.4750000000013 76.097145608453658 154.95752000000002 0.07505749866072621 156.09115646220582 0.85098277630547636
decision_type=2 2 2 2 2 2 2 2 2 2 2 2 2 2
left_child=3 8 11 6 5 -5 7 -1 13 -10 -8 -3 -4 -2
right_child=1 2 12 4 -6 -7 10 -9 9 -11 -12 -13 -14 -15
leaf_value=3.5215711423424051e-05 0 -0.00033255766879539101 -4.9027741471613678e-05 0.00022035118394918491 0 0 -1.7785218991522812e-05 6.7645147691828203e-07 0.00011137608238796314 -4.3462493800018378e-07 1.197120075946067e-05 0 0 -3.7664082129532007e-05
leaf_weight=516 33 24 120 44 62 22 1862 11589 77 28 163 9.9999999999999982 60 50
leaf_count=516 33 24 120 44 62 22 1862 11589 77 28 163 10 60 50
internal_value=0 -3.28102e-05 -8.11331e-05 6.98515e-07 7.08078e-05 0.000150507 0 2.39797e-06 6.34992e-06 5.32631e-05 -1.39065e-05 -0.000271175 -2.7964e-05 -1.70335e-05
internal_weight=0 402 214 14258 128 66 14130 12105 188 105 2025 34 180 83
internal_count=14660 402 214 14258 128 66 14130 12105 188 105 2025 34 180 83
is_linear=0
shrinkage=0.03


end of trees

feature_importances:
atr_ma=44
sma_50=44
ema_fast=30
volume_ma=27
ema_slow=25
volatility_ma=24
macd_signal=23
adx=20
sma_20=18
atr=12
volatility=12
price_sma_50_dist=9
macd=7
return_24=7
atr_ratio=7
atr_normalized=5
macd_strength=4
volume_ratio=4
momentum_10=2
ema_cross=2
ema_cross_pct=2
macd_hist=2
stoch_d=2
return_3=1
return_6=1
price_ema_fast_dist=1
price_ema_slow_dist=1
momentum_convergence=1
volatility_ratio=1
price_sma_20_dist=1

parameters:
[boosting: gbdt]
[objective: regression]
[metric: rmse]
[tree_learner: serial]
[device_type: cpu]
[data: ]
[valid: ]
[num_iterations: 300]
[learning_rate: 0.03]
[num_leaves: 16]
[num_threads: 8]
[deterministic: 0]
[force_col_wise: 0]
[force_row_wise: 0]
[histogram_pool_size: -1]
[max_depth: 4]
[min_data_in_leaf: 10]
[min_sum_hessian_in_leaf: 0.001]
[bagging_fraction: 0.9]
[pos_bagging_fraction: 1]
[neg_bagging_fraction: 1]
[bagging_freq: 1]
[bagging_seed: 400]
[feature_fraction: 0.9]
[feature_fraction_bynode: 1]
[feature_fraction_seed: 30056]
[extra_trees: 0]
[extra_seed: 12879]
[early_stopping_round: 0]
[first_metric_only: 0]
[max_delta_step: 0]
[lambda_l1: 0.1]
[lambda_l2: 0.5]
[linear_lambda: 0]
[min_gain_to_split: 0]
[drop_rate: 0.1]
[max_drop: 50]
[skip_drop: 0.5]
[xgboost_dart_mode: 0]
[uniform_drop: 0]
[drop_seed: 17869]
[top_rate: 0.2]
[other_rate: 0.1]
[min_data_per_group: 100]
[max_cat_threshold: 32]
[cat_l2: 10]
[cat_smooth: 10]
[max_cat_to_onehot: 4]
[top_k: 20]
[monotone_constraints: ]
[monotone_constraints_method: basic]
[monotone_penalty: 0]
[feature_contri: ]
[forcedsplits_filename: ]
[refit_decay_rate: 0.9]
[cegb_tradeoff: 1]
[cegb_penalty_split: 0]
[cegb_penalty_feature_lazy: ]
[cegb_penalty_feature_coupled: ]
[path_smooth: 0]
[interaction_constraints: ]
[verbosity: 1]
[saved_feature_importance_type: 0]
[linear_tree: 0]
[max_bin: 255]
[max_bin_by_feature: ]
[min_data_in_bin: 3]
[bin_construct_sample_cnt: 200000]
[data_random_seed: 175]
[is_enable_sparse: 1]
[enable_bundle: 1]
[use_missing: 1]
[zero_as_missing: 0]
[feature_pre_filter: 1]
[pre_partition: 0]
[two_round: 0]
[header: 0]
[label_column: ]
[weight_column: ]
[group_column: ]
[ignore_column: ]
[categorical_feature: ]
[forcedbins_filename: ]
[precise_float_parser: 0]
[parser_config_file: ]
[objective_seed: 16083]
[num_class: 1]
[is_unbalance: 0]
[scale_pos_weight: 1]
[sigmoid: 1]
[boost_from_average: 1]
[reg_sqrt: 0]
[alpha: 0.9]
[fair_c: 1]
[poisson_max_delta_step: 0.7]
[tweedie_variance_power: 1.5]
[lambdarank_truncation_level: 30]
[lambdarank_norm: 1]
[label_gain: ]
[lambdarank_position_bias_regularization: 0]
[eval_at: ]
[multi_error_top_k: 1]
[auc_mu_weights: ]
[num_machines: 1]
[local_listen_port: 12400]
[time_out: 120]
[machine_list_filename: ]
[machines: ]
[gpu_platform_id: -1]
[gpu_device_id: -1]
[gpu_use_dp: 0]
[num_gpu: 1]

end of parameters

pandas_categorical:[]
