tree
version=v4
num_class=1
num_tree_per_iteration=1
label_index=0
max_feature_idx=56
objective=regression
feature_names=rsi bb_middle bb_upper bb_lower atr momentum_10 momentum_20 volatility volume_ma range range_pct body body_pct upper_shadow lower_shadow is_bullish return_1 return_3 return_6 return_12 return_24 log_return rsi_normalized rsi_overbought rsi_oversold rsi_divergence bb_width bb_position bb_position_normalized price_bb_upper_dist price_bb_lower_dist bb_breakout_upper bb_breakout_lower atr_normalized atr_ma atr_ratio momentum_ratio momentum_convergence volume_ratio volume_spike volume_change volatility_ma volatility_ratio high_volatility low_volatility stoch_k stoch_d stoch_overbought stoch_oversold adx strong_trend sma_20 price_sma_20_dist sma_50 price_sma_50_dist signal_convergence market_regime
feature_infos=[0:99.999985872857692] [0:161.81829999999999] [0:163.49872234254795] [0:161.6340769086128] [0:1.1125714285714321] [-4.1740000000000066:3.6910000000000025] [-4.0190000000000055:3.1930000000000121] [0:0.004651925091918363] [0:14472.4] [0:3.1289999999999907] [0:0.019790486385785944] [0:2.86099999999999] [0:0.018034088903456733] [0:1.1399999999999864] [0:1.5829999999999984] [0:1] [-0.017714621838333167:0.014877782329646427] [-0.022323288195084667:0.021831831417413072] [-0.021306128588913342:0.022410317306895688] [-0.023662010314559945:0.026812644307773414] [-0.030412096542869249:0.024559774311784466] [-0.017873403720390344:0.014768193745818952] [-0.93857804316327842:0.99999971745715388] [0:1] [0:1] [-46.462567102264515:46.652687094333061] [0:0.040801763298405708] [-0.55579002868326455:1.5382809875739039] [-2.1115800573665293:2.0765619751478077] [-0.0075319905790354963:0.035914588403848639] [-0.009333748992502458:0.033676416175928932] [0:1] [0:1] [0:0.0071373584075662827] [0:0.8504392857142864] [0:3.9214667240956609] [-20500000.000001252:27300000.000002455] [-3.6910000000000025:4.1740000000000066] [0:5.4120637403284393] [0:1] [-0.99739752765126866:135] [0:0.0043580031549319562] [0:8.9920287103106187] [0:1] [0:1] [0:99.99999954128441] [0:99.332322829059265] [0:1] [0:1] [0:92.306826590390614] [0:1] [0:161.81829999999999] [-0.019390125305217113:0.019216354919305893] [0:161.66587999999999] [-0.029932344977646477:0.017446147612938202] [0:1] [0:2]
tree_sizes=3973 3325 2483 3381 3520 3507 3568 3552 3798 2470 3315 2569 2820 3046 3288

Tree=0
num_leaves=40
num_cat=0
split_feature=2 34 34 54 34 34 8 49 53 1 37 7 41 45 1 49 38 1 42 1 8 33 53 26 36 30 7 20 49 25 8 0 0 33 33 0 20 6 7
split_gain=0.000833886 0.00160614 0.000643457 0.000898116 0.000499281 0.000410161 0.000343143 0.000384462 0.000302838 0.000337229 0.000252137 0.000223183 0.000188077 0.000184102 0.00017279 0.000238855 0.000164719 0.000156583 0.000135254 0.000126031 0.000110819 6.8506e-05 5.25063e-05 7.69357e-05 5.2052e-05 4.80921e-05 4.04052e-05 3.93537e-05 3.71611e-05 3.42394e-05 3.33019e-05 2.81145e-05 3.12805e-05 2.80246e-05 2.98703e-05 2.48918e-05 1.59275e-05 7.82999e-06 6.13569e-06
threshold=147.14827321699929 0.37306428571428801 0.38577321428571526 0.0017554500219924705 0.17623214285714259 0.20163928571428888 5769.5500000000011 15.655242243472051 155.95569000000003 151.72847500000003 -0.81050000000000455 0.0015891659520855231 0.00066905953093814279 89.729523587466645 144.45242500000003 26.981291656593879 0.36200399235516095 146.56825000000006 0.78209648705546975 145.96350000000004 2633.4000000000001 0.00078523577343098756 149.60898000000003 0.0033336989471256309 3.17225341344892 -0.00038630902130771985 0.00021840407433531794 -0.0023372200068706435 69.094802879606803 -13.274964750678576 3501.6750000000006 68.776038455352776 28.442936264770214 0.00194809794328807 0.0011594959721775179 27.690801270000843 0.0022801082551759948 0.67600000000000204 0.0020862724740697857
decision_type=2 2 2 2 2 2 2 2 2 2 2 2 2 2 2 2 2 2 2 2 2 2 2 2 2 2 2 2 2 2 2 2 2 2 2 2 2 2 2
left_child=2 4 5 -4 8 6 7 -1 9 22 -3 13 24 16 31 -16 -6 -9 -17 35 26 -18 23 36 28 -23 -10 -28 -11 -29 -24 32 -7 34 -34 -20 -2 -32 -13
right_child=1 10 3 -5 11 14 -8 17 20 12 -12 38 -14 -15 15 18 21 -19 19 -21 -22 25 30 -25 -26 -27 27 29 -30 -31 37 -33 33 -35 -36 -37 -38 -39 -40
leaf_value=-3.3068440548033775e-06 1.3119479396269329e-05 -3.3068440548033775e-06 0.00012592922433400636 -3.3068440548033775e-06 -3.3068440548033775e-06 -3.3068440548033775e-06 -3.3068440548033775e-06 4.313390753002555e-05 -3.3068440548033775e-06 2.5529565887636618e-05 -0.00010714822901619678 2.3185798828131273e-06 -3.3068440548033775e-06 -3.3068440548033775e-06 -3.3068440548033775e-06 -3.3068440548033775e-06 -3.3068440548033775e-06 -3.3068440548033775e-06 -3.3068440548033775e-06 -3.3068440548033775e-06 -3.3068440548033775e-06 -3.3068440548033775e-06 -3.3068440548033775e-06 -3.3068440548033775e-06 -3.3068440548033775e-06 -2.4299749917887295e-05 -3.3068440548033775e-06 -3.3068440548033775e-06 -3.3068440548033775e-06 -2.1297325307515486e-05 -1.1676843802356019e-05 -3.3068440548033775e-06 -3.3068440548033775e-06 -3.3068440548033775e-06 1.5143930467559898e-05 -6.9455030312465691e-05 -3.3068440548033775e-06 -3.3068440548033775e-06 -3.3068440548033775e-06
leaf_weight=59 468 60 113 54 282 58 69 573 43 1009 169 174 335 349 93 39 48 81 34 48 877 114 748 609 59 2347 53 33 39 735 591 99 41 170 310 143 66 41 73
leaf_count=59 468 60 113 54 282 58 69 573 43 1009 169 174 335 349 93 39 48 81 34 48 877 114 748 609 59 2347 53 33 39 735 591 99 41 170 310 143 66 41 73
internal_value=-3.30684e-06 -7.58042e-06 1.37924e-05 7.72646e-05 -4.59052e-06 2.98627e-06 2.04363e-05 2.91137e-05 -3.60684e-07 5.19114e-06 -8.68243e-05 -1.43726e-05 1.69151e-05 -1.73084e-05 -3.30684e-06 -2.41538e-05 -2.00373e-05 3.7614e-05 -4.07253e-05 -5.00199e-05 -7.8354e-06 -2.25536e-05 -3.30684e-06 2.81363e-06 2.28744e-05 -2.33744e-05 -1.58241e-05 -1.77688e-05 2.44188e-05 -1.97282e-05 -5.09617e-06 -2.84773e-06 3.31964e-06 6.83108e-06 1.16678e-05 -6.17126e-05 1.11737e-05 -1.06807e-05 -3.30684e-06
internal_weight=0 9322 1984 167 9093 1817 782 713 5706 3965 229 3387 1442 3140 1035 357 2791 654 264 225 1741 2509 2523 1143 1107 2461 864 821 1048 768 1380 678 579 521 351 177 534 632 247
internal_count=11306 9322 1984 167 9093 1817 782 713 5706 3965 229 3387 1442 3140 1035 357 2791 654 264 225 1741 2509 2523 1143 1107 2461 864 821 1048 768 1380 678 579 521 351 177 534 632 247
is_linear=0
shrinkage=1


Tree=1
num_leaves=41
num_cat=0
split_feature=2 34 53 34 54 53 34 41 5 49 34 53 42 3 54 53 1 49 42 37 1 41 4 7 1 41 49 29 2 46 53 1 41 26 1 22 37 26 49 1
split_gain=0.000639015 0.00120626 0.000927256 0.000586836 0.000987299 0.000385937 0.000291619 0.000285858 0.000246054 0.0002174 0.000281621 0.00017038 0.000106925 0.000113905 9.14953e-05 8.07021e-05 7.02889e-05 0.000156463 7.78564e-05 6.76e-05 5.91998e-05 0.000113601 5.2028e-05 0.00022386 0.000215605 0.000116204 4.05286e-05 3.58508e-05 3.40845e-05 3.08651e-05 2.8452e-05 3.29609e-05 2.80853e-05 2.33373e-05 1.85232e-05 1.2682e-05 6.17774e-06 1.73731e-07 5.78341e-09 7.35284e-07
threshold=147.14827321699929 0.26392321428571414 150.09859000000003 0.38577321428571526 0.0016936084151939594 155.95569000000003 0.21642678571428683 0.00060534775064163598 0.36449999999999255 16.285732729409578 0.11199464285714519 151.69233 1.3220778401694606 146.4790389968995 -0.0051829652181391867 150.09859000000003 143.97222500000001 26.981291656593879 0.80564307517382294 0.57050000000000989 158.65337500000001 0.00030359794020134198 0.15514285714285594 0.0010417971510665064 149.52552500000002 0.00098699674710512231 59.93034519301915 0.0018253178121320675 147.68033489319762 94.731701734713809 147.87719000000001 155.51252500000004 0.0012832137340154633 0.011094872780735036 146.09730000000005 -0.4072752619553473 -0.48050000000000631 0.01366549687012829 64.838403715273145 151.72847500000003
decision_type=2 2 2 2 2 2 2 2 2 2 2 2 2 2 2 2 2 2 2 2 2 2 2 2 2 2 2 2 2 2 2 2 2 2 2 2 2 2 2 2
left_child=3 5 8 6 -5 7 9 11 -3 -1 -11 15 13 19 -7 26 37 -18 -19 -12 21 -16 27 24 -24 -26 35 30 -25 32 -9 -32 -23 -30 -20 -2 -13 -8 39 -17
right_child=1 2 -4 4 -6 14 16 22 -10 10 12 36 -14 -15 20 38 17 18 34 -21 -22 29 23 28 25 -27 -28 -29 33 -31 31 -33 -34 -35 -36 -37 -38 -39 -40 -41
leaf_value=0 0 -8.6491029293086669e-05 0 0.00012692362679370402 0 0 5.7708736166184925e-07 0 0 0 3.8315705664760249e-05 0 0 0 0 -9.0214350383286881e-07 0 0 -3.7437062983814711e-05 0 0 -2.0072584580986635e-05 0 0 -2.16860686323816e-05 0 0 0 1.1694729245884526e-05 0 1.3978492907275413e-05 0 0 0 0 1.3269225505979981e-05 2.3774950932142545e-05 0 0 0
leaf_weight=86 50 299 485 114 54 88 469 93 98 49 694 36 58 60 160 819 86 39 207 59 479 1335 567 45 1116 235 71 392 445 51 512 36 30 164 30 684 913 43 52 32
leaf_count=86 50 299 485 114 54 88 469 93 98 49 694 36 58 60 160 819 86 39 207 59 479 1335 567 45 1116 235 71 392 445 51 512 36 30 164 30 684 913 43 52 32
internal_value=0 -3.26255e-06 -3.6636e-05 1.52476e-05 7.53225e-05 0 5.07466e-06 3.99961e-06 -7.12692e-05 1.75749e-05 2.34583e-05 1.15977e-05 2.95307e-05 3.24428e-05 -1.07382e-05 0 0 -1.32102e-05 -2.71675e-05 3.56707e-05 -1.26612e-05 -1.55823e-05 0 -3.64727e-06 -1.08643e-05 -1.76388e-05 9.49579e-06 3.49223e-06 3.75936e-06 -1.85044e-05 8.36333e-06 1.13353e-05 -1.9379e-05 8.09358e-06 -3.39751e-05 1.2188e-05 2.3194e-05 0 0 -7.81846e-08
internal_weight=0 9287 882 2048 168 8405 1880 6262 397 1006 920 2657 871 813 2143 1708 874 362 276 753 2055 1576 3605 2572 1918 1351 805 1033 654 1416 641 548 1365 609 237 734 949 512 903 851
internal_count=11335 9287 882 2048 168 8405 1880 6262 397 1006 920 2657 871 813 2143 1708 874 362 276 753 2055 1576 3605 2572 1918 1351 805 1033 654 1416 641 548 1365 609 237 734 949 512 903 851
is_linear=0
shrinkage=0.03


Tree=2
num_leaves=30
num_cat=0
split_feature=3 34 2 54 53 8 4 4 20 41 54 35 2 9 8 34 2 22 38 7 7 27 38 54 34 45 53 38 38
split_gain=0.000675572 0.000688847 0.000380648 0.000373646 0.00035171 0.000399073 0.000218802 0.000211323 0.000197861 0.000192613 0.000416992 0.000185755 0.000178553 0.0001397 0.0001369 9.80879e-05 0.000110671 8.72097e-05 6.41999e-05 5.91713e-05 5.35612e-05 4.80561e-05 4.53312e-05 6.38076e-05 3.11354e-05 2.17874e-05 2.07939e-05 2.04093e-05 2.2752e-06
threshold=141.95849828627283 0.18329642857143222 145.88044470602296 0.0068036145322689931 155.95569000000003 4798.1250000000009 0.15357142857143 0.16821428571429006 -0.00066741117724994348 0.001537965231677699 0.0013180666765529325 0.80812714609006464 156.5905514604078 0.08900000000001286 2678.4000000000005 0.072860714285715444 143.94631131862727 -0.29074433704333352 1.9134505899783461 0.00063436200043532644 0.00022662424402407084 -0.088456732850583461 0.63774998028419294 0.00081365876452478309 0.17539464285714371 95.157834421114742 144.73261000000002 1.7008835514346936 0.37407661468523717
decision_type=2 2 2 2 2 2 2 2 2 2 2 2 2 2 2 2 2 2 2 2 2 2 2 2 2 2 2 2 2
left_child=3 4 9 7 5 8 -4 -1 -2 26 -11 -9 13 -8 19 -10 -17 -18 21 20 -6 -15 -22 -24 25 27 -3 28 -7
right_child=1 2 6 -5 14 24 12 11 15 10 -12 -13 -14 18 -16 16 17 -19 -20 -21 22 -23 23 -25 -26 -27 -28 -29 -30
leaf_value=0 0 0 0 0 0 0 0 0 0 7.8295024342746496e-05 0 6.3935925467666345e-05 0 0 0 0 0 2.1315772753927435e-05 0 0 0 -2.4535010978718671e-05 -3.1672354320639314e-05 0 0 0 -1.2163105305848396e-05 0 -1.6189429191918835e-05
leaf_weight=42 1115 575 411 39 53 31 212 37 338 89 51 310 449 63 928 78 113 2496 64 77 94 2489 364 315 108 32 126 35 350
leaf_count=42 1115 575 411 39 53 31 212 37 338 89 51 310 449 63 928 78 113 2496 64 77 94 2489 364 315 108 32 126 35 350
internal_value=0 -1.71195e-06 -1.1234e-05 3.66513e-05 3.51683e-06 8.6883e-06 -1.57434e-05 4.83858e-05 1.29079e-05 0 3.51258e-05 5.63157e-05 -1.84125e-05 -2.1205e-05 -4.83127e-06 1.69374e-05 1.88628e-05 2.01149e-05 -2.31114e-05 -1.35531e-05 -1.62859e-05 -2.38781e-05 -1.85937e-05 -2.12977e-05 -6.54223e-06 -1.07511e-05 0 -1.30976e-05 -1.53438e-05
internal_weight=0 11056 4529 428 6527 4696 3688 389 4140 841 140 347 3277 2828 1831 3025 2687 2609 2616 903 826 2552 773 679 556 448 701 416 381
internal_count=11484 11056 4529 428 6527 4696 3688 389 4140 841 140 347 3277 2828 1831 3025 2687 2609 2616 903 826 2552 773 679 556 448 701 416 381
is_linear=0
shrinkage=0.03


Tree=3
num_leaves=42
num_cat=0
split_feature=34 3 53 8 54 4 49 4 8 1 41 54 46 49 46 33 8 8 26 54 27 26 10 4 22 34 3 8 53 4 6 37 46 9 35 38 42 54 4 41 9
split_gain=0.000501879 0.00114442 0.000464753 0.000496469 0.000199775 0.000266541 0.000263663 0.000269424 0.000234891 0.000284433 0.000196692 0.000182207 0.000217127 0.000165483 0.000151078 0.000169861 0.000132426 0.000117933 0.000110802 8.80973e-05 8.00091e-05 7.94977e-05 7.23077e-05 7.17778e-05 0.000154928 6.2104e-05 5.6616e-05 4.77861e-05 5.56068e-05 4.20476e-05 3.08248e-05 3.04308e-05 3.16828e-05 2.94759e-05 2.86808e-05 2.79361e-05 2.34639e-05 1.69959e-05 1.66009e-05 6.57134e-06 1.6567e-06
threshold=0.1842732142857135 144.26195633488143 155.95569000000003 4698.6750000000002 0.001170197380079647 0.15357142857143 40.783435364775642 0.21457142857143299 4060.3250000000003 156.84257500000004 0.00080958775742822296 0.0038660061068124768 16.118408968345872 43.140201851714068 95.499736602241853 0.0024157616872471548 4234.7000000000007 2633.4000000000001 0.015473202390348497 -0.004772375103231326 0.62309262539756227 0.0061284857513936135 0.00047552389157081901 0.1696785714285696 0.34017554388898058 0.072860714285715444 156.99557937970027 1781.0250000000003 144.41736 0.064964285714287348 -0.3589999999999946 -0.25350000000000245 92.122661304255232 0.088000000000008086 1.0466688159648825 0.65213617916882749 1.2073300749277183 -0.0058683997277606294 0.22164285714285373 0.00078696281541212074 0.10700000000001354
decision_type=2 2 2 2 2 2 2 2 2 2 2 2 2 2 2 2 2 2 2 2 2 2 2 2 2 2 2 2 2 2 2 2 2 2 2 2 2 2 2 2 2
left_child=2 11 3 10 6 -6 21 -8 -9 20 19 12 -2 16 15 18 -14 26 22 -1 -10 33 -7 -18 -25 -21 -4 -27 -29 -28 40 -5 37 -3 38 -31 -37 -33 -35 -39 -23
right_child=1 4 17 31 5 14 7 8 9 -11 -12 -13 13 -15 -16 -17 23 -19 -20 25 -22 30 -24 24 -26 27 29 28 -30 35 -32 32 -34 34 -36 36 -38 39 -40 -41 -42
leaf_value=0 0 0 0 0 0 0 0 0 -4.9238643222729893e-05 0 0 0 0 0 0 0 0 0 0 0 0 0 -4.6645279173232266e-05 5.0867257124472639e-05 0 0 0 0 2.1179058244954068e-05 0 0 0 0 -1.3229414566990464e-05 0 -2.551951326559969e-05 0 -1.4934051112490975e-05 0 0 1.5575270474578592e-05
leaf_weight=70 175 123 305 143 141 46 269 43 466 43 344 233 78 164 35 95 41 934 31 402 31 35 824 420 50 51 58 90 3155 41 311 31 35 528 224 423 36 404 129 55 311
leaf_count=70 175 123 305 143 141 46 269 43 466 43 344 233 78 164 35 95 41 934 31 402 31 35 824 420 50 51 58 90 3155 41 311 31 35 528 224 423 36 404 129 55 311
internal_value=0 -7.30938e-06 5.41346e-06 1.09809e-05 -1.67371e-05 -3.06351e-05 -6.67004e-06 -2.02368e-05 -3.18416e-05 -3.85444e-05 1.56726e-05 1.486e-05 2.12802e-05 2.85895e-05 -3.60466e-05 -3.84895e-05 3.60194e-05 -4.38773e-06 -4.25104e-05 1.7749e-05 -4.61371e-05 0 -4.45651e-05 4.15722e-05 4.49016e-05 1.85047e-05 -1.27669e-05 2.00284e-05 2.05108e-05 -1.85267e-05 8.39456e-06 -4.42695e-06 -8.77772e-06 -5.01018e-06 -7.66153e-06 -2.14156e-05 -2.35428e-05 -1.18609e-05 -1.08607e-05 -1.35447e-05 1.46213e-05
internal_weight=0 4846 6577 4780 3685 1172 2513 852 583 540 4112 1161 928 753 1031 996 589 1797 901 3768 497 1661 870 511 470 3698 863 3296 3245 558 657 668 525 1004 881 500 459 490 657 459 346
internal_count=11423 4846 6577 4780 3685 1172 2513 852 583 540 4112 1161 928 753 1031 996 589 1797 901 3768 497 1661 870 511 470 3698 863 3296 3245 558 657 668 525 1004 881 500 459 490 657 459 346
is_linear=0
shrinkage=0.03


Tree=4
num_leaves=43
num_cat=0
split_feature=2 34 53 34 54 36 53 34 41 1 8 7 3 4 18 53 8 53 1 42 8 7 3 33 8 2 8 54 3 46 8 36 36 33 8 38 35 0 2 7 14 53
split_gain=0.000601805 0.000855798 0.00108414 0.000623697 0.000806963 0.000301748 0.000301424 0.000291106 0.00025301 0.000324246 0.000228885 0.00020494 0.000224185 0.000131813 0.000166947 0.000122815 8.50758e-05 9.42921e-05 7.47825e-05 7.64226e-05 6.92806e-05 0.000191762 0.0002775 0.000162917 5.54125e-05 0.00011866 5.29121e-05 4.57366e-05 3.5387e-05 3.30301e-05 2.71701e-05 2.41092e-05 1.80329e-05 1.58394e-05 1.55306e-05 1.29995e-05 4.97399e-05 6.02708e-05 1.08709e-05 9.66916e-06 4.08605e-06 3.34081e-06
threshold=147.14827321699929 0.26159464285714235 150.03473000000002 0.38577321428571526 0.0019267139175735205 -0.49999993893820566 155.95569000000003 0.20163928571428888 0.00060865069056963551 151.72847500000003 5802.7250000000013 0.00070429063014502112 146.38024545580569 0.23432142857142885 0.0035160252441485134 144.52959000000004 4507.5500000000002 158.63795000000002 146.32367500000001 0.78209648705546975 3369.3250000000003 0.0010417971510665064 148.73261485436416 0.0010103369322573359 5680.4500000000007 148.48469609487447 4527.3500000000013 -0.0051829652181391867 149.98408364589346 9.6860165852597309 1601.5000000000002 1.6601025452720377 3.17225341344892 0.0011459311609606448 1781.0250000000003 0.83230649015030977 1.1458566578942841 68.540183242934134 148.35330298836249 0.00082023898290359211 0.054999999999992617 151.59948000000003
decision_type=2 2 2 2 2 2 2 2 2 2 2 2 2 2 2 2 2 2 2 2 2 2 2 2 2 2 2 2 2 2 2 2 2 2 2 2 2 2 2 2 2 2
left_child=3 6 5 7 -5 -3 8 10 9 28 11 12 -1 -7 -15 35 17 27 19 -17 33 22 -22 -24 25 -23 32 -8 -2 -21 -29 -32 34 38 -11 -9 37 39 -10 -37 -40 -30
right_child=1 2 -4 4 -6 13 16 15 20 26 -12 -13 -14 14 -16 18 -18 -19 -20 29 21 24 23 -25 -26 -27 -28 30 41 -31 31 -33 -34 -35 -36 36 -38 -39 40 -41 -42 -43
leaf_value=5.9597376037452389e-05 5.2164836158239965e-06 0 0 0.00011809297011201079 0 0 0 0 0 0 0 0 0 -0.00010139959083101098 0 0 0 0 0 0 0 0 0 -2.294784303363692e-05 0 2.0461748609951453e-05 0 0 -3.791602376622905e-06 -3.2633009874956705e-05 -2.0430863466575675e-05 0 0 0 2.6295073724763661e-05 0 0 0 8.5754651088588045e-06 2.5303668297392481e-05 0 0
leaf_weight=246 914 55 529 118 48 62 35 254 62 54 65 417 52 237 33 32 233 448 67 30 662 57 350 1203 219 374 52 112 693 259 1174 180 50 149 901 31 118 53 393 186 124 93
leaf_count=246 914 55 529 118 48 62 35 254 62 54 65 417 52 237 33 32 233 448 67 30 662 57 350 1203 219 374 52 112 693 259 1174 180 50 149 901 31 118 53 393 186 124 93
internal_value=0 -4.05747e-06 -3.17822e-05 1.39807e-05 7.45891e-05 -7.00505e-05 -2.4446e-08 3.43209e-06 2.16522e-06 9.59138e-06 1.90526e-05 2.61511e-05 4.75096e-05 -8.08426e-05 -9.20438e-05 0 -1.05195e-05 -1.27735e-05 -1.68675e-05 -2.35191e-05 -1.02909e-06 -4.76044e-06 -1.03514e-05 -1.77081e-05 4.49472e-07 1.07648e-05 2.2712e-05 -1.63818e-05 0 -2.91869e-05 -1.74022e-05 -1.85992e-05 2.42873e-05 1.29445e-06 2.52532e-05 0 5.48768e-06 1.4448e-05 5.16779e-06 2.25612e-05 6.98653e-06 -2.97547e-06
internal_weight=0 9448 916 1976 166 387 8532 1810 6350 2757 780 715 298 332 270 1030 2182 1949 388 321 3593 2865 2215 1553 650 431 1057 1501 1700 289 1466 1354 1005 728 955 642 388 270 579 217 517 786
internal_count=11424 9448 916 1976 166 387 8532 1810 6350 2757 780 715 298 332 270 1030 2182 1949 388 321 3593 2865 2215 1553 650 431 1057 1501 1700 289 1466 1354 1005 728 955 642 388 270 579 217 517 786
is_linear=0
shrinkage=0.03


Tree=5
num_leaves=43
num_cat=0
split_feature=2 34 34 54 34 41 2 1 49 34 1 46 7 49 49 20 1 37 3 42 26 41 3 20 27 13 20 53 42 54 7 54 53 33 20 9 49 26 4 3 3 1
split_gain=0.000523681 0.000991232 0.000637637 0.000818147 0.000293292 0.000256239 0.000218872 0.000250559 0.000185837 0.000329527 0.000158792 0.000145734 0.000168985 0.000129991 0.000121226 0.000173154 0.000124269 0.000112565 9.84616e-05 9.051e-05 7.4286e-05 6.97262e-05 5.26467e-05 7.11659e-05 4.47142e-05 3.30244e-05 2.58094e-05 2.54683e-05 2.4694e-05 2.07852e-05 1.71904e-05 3.52081e-05 7.29471e-05 0.000117843 1.4678e-05 1.2569e-05 1.21354e-05 9.44131e-06 1.38892e-05 5.53278e-08 4.17525e-05 1.29043e-05
threshold=147.14827321699929 0.37306428571428801 0.38577321428571526 0.0019267139175735205 0.20705892857142794 0.00060865069056963551 156.44683786117159 151.72847500000003 15.655242243472051 0.1145571428571437 143.97222500000001 78.304043529772542 0.0015891659520855231 40.601036690552327 21.893464375020383 0.0089528928900226585 146.32367500000001 -0.92800000000001137 146.4790389968995 0.80564307517382294 0.0032347857256489654 0.0005788323409359592 149.98408364589346 -0.00066741117724994348 -0.088456732850583461 0.11650000000000206 0.0052732934415814512 150.09859000000003 1.2646661638471535 0.0047089566934895377 0.0003702694123474684 0.00094520929288336721 157.14495000000002 0.00040237614054746377 0.0041911403819314694 0.030499999999989317 55.522584070816485 0.0037514083143019802 0.27696428571428361 150.03262681855256 156.41603829447118 154.04107500000006
decision_type=2 2 2 2 2 2 2 2 2 2 2 2 2 2 2 2 2 2 2 2 2 2 2 2 2 2 2 2 2 2 2 2 2 2 2 2 2 2 2 2 2 2
left_child=2 5 4 13 8 6 7 22 -1 -10 29 12 20 -4 -12 16 19 -3 28 -16 -7 26 23 -2 -22 -26 35 -25 -11 36 31 32 -8 -34 -24 -9 37 -6 -39 -13 41 -41
right_child=1 17 3 -5 10 11 30 21 9 18 14 39 -14 -15 15 -17 -18 -19 -20 -21 24 -23 34 27 25 -27 -28 -29 -30 -31 -32 -33 33 -35 -36 -37 -38 38 -40 40 -42 -43
leaf_value=0 0 0 0.00014558471646449419 0 0 0 0 0 0 3.7512397579047303e-05 0 0 0 0 0 0 0 -7.9771800659261065e-05 0 -5.1198568497294616e-05 0 0 -4.8396758227051517e-06 1.5469334901221718e-05 -1.4945988391936117e-05 0 0 0 0 0 0 0 0 -3.9096391820286367e-05 0 2.6211173412830797e-05 0 1.3363197666770792e-05 0 0 0 1.2169348590324995e-05
leaf_weight=63 343 50 84 54 30 673 150 31 59 609 63 520 170 35 32 31 44 169 59 229 114 91 757 542 2655 233 33 40 72 91 764 246 47 144 30 841 32 283 136 289 135 332
leaf_count=63 343 50 84 54 30 673 150 31 59 609 63 520 170 35 32 31 44 169 59 229 114 91 757 542 2655 233 33 40 72 91 764 246 47 144 30 841 32 283 136 289 135 332
internal_value=0 -3.06087e-06 1.38204e-05 7.35139e-05 3.25935e-06 -5.58151e-07 3.85577e-06 9.70935e-06 1.81143e-05 2.37314e-05 -6.6652e-07 -5.81404e-06 -8.89535e-06 0.000118356 -1.89423e-05 -2.73901e-05 -3.65575e-05 -6.67267e-05 3.17578e-05 -4.45984e-05 -1.1143e-05 2.19665e-05 0 6.80433e-06 -1.32009e-05 -1.39669e-05 2.45015e-05 1.35469e-05 3.50129e-05 0 -1.21737e-06 -5.45375e-06 -1.19982e-05 -2.44857e-05 -2.39903e-06 2.54882e-05 6.23304e-06 8.11877e-06 9.5333e-06 0 2.5656e-07 7.7809e-06
internal_weight=0 9399 2006 173 1833 9180 4059 2708 862 799 971 5121 3845 119 399 336 305 219 740 261 3675 996 1712 925 3002 2888 905 582 681 572 1351 587 341 191 787 872 481 449 419 1276 756 621
internal_count=11405 9399 2006 173 1833 9180 4059 2708 862 799 971 5121 3845 119 399 336 305 219 740 261 3675 996 1712 925 3002 2888 905 582 681 572 1351 587 341 191 787 872 481 449 419 1276 756 621
is_linear=0
shrinkage=0.03


Tree=6
num_leaves=44
num_cat=0
split_feature=2 34 2 34 54 41 8 34 49 2 53 3 46 53 33 53 37 42 41 7 2 13 34 1 30 1 49 0 1 1 36 8 8 2 2 8 7 36 2 3 1 6 8
split_gain=0.000527071 0.00120117 0.000654254 0.000475289 0.000929533 0.000253572 0.00023732 0.000204283 0.000254928 0.00019498 0.000210196 0.00019329 0.000138171 0.00014129 0.000167462 0.000145577 0.000117094 8.95258e-05 6.56349e-05 6.99204e-05 4.82123e-05 4.69064e-05 3.05959e-05 2.94902e-05 3.45782e-05 2.41196e-05 2.0938e-05 3.11231e-05 5.51203e-05 3.51506e-05 1.59406e-05 9.10279e-06 2.9516e-05 3.04144e-05 2.76471e-05 8.44553e-06 1.15463e-05 6.242e-06 1.71032e-06 4.09456e-06 1.47577e-06 7.04913e-07 4.46789e-07
threshold=147.14827321699929 0.30741428571428769 153.763892503422 0.38577321428571526 0.0019267139175735205 0.00060534775064163598 5904.8250000000007 0.20163928571428888 16.285732729409578 156.44683786117159 151.69233 146.4790389968995 78.304043529772542 153.21651000000003 0.0019971876666733004 156.74524000000005 -0.40649999999999403 1.329402139177537 0.0005788323409359592 0.00044420618298114933 150.06329314594058 0.11949999999998796 0.25644821428571252 150.95817500000001 0.0041844372054397469 143.86805000000004 18.26544548416042 81.72628264256079 141.95755000000003 146.09730000000005 -0.74924371816243196 5528.4500000000016 2615.8250000000003 148.10067407729483 158.16160404266563 2726.6250000000005 0.00021840407433531794 -3.2995384278818483 152.02337589314916 149.98408364589346 148.19762500000004 0.1744999999999948 1531.3500000000001
decision_type=2 2 2 2 2 2 2 2 2 2 2 2 2 2 2 2 2 2 2 2 2 2 2 2 2 2 2 2 2 2 2 2 2 2 2 2 2 2 2 2 2 2 2
left_child=3 5 16 6 -5 9 7 8 -1 10 20 17 13 22 15 21 -3 -10 19 -12 40 -15 41 24 -24 -9 -8 28 -28 30 -30 32 -14 -34 -35 36 -11 -38 39 -22 -2 -7 -39
right_child=1 2 -4 4 -6 12 26 25 11 35 18 -13 31 14 -16 -17 -18 -19 -20 -21 38 -23 23 -25 -26 -27 27 -29 29 -31 -32 -33 33 34 -36 -37 37 42 -40 -41 -42 -43 -44
leaf_value=0 0 0 0 0.00011512417598184843 0 6.8137178304843448e-07 0 5.4675136059708445e-06 3.9800213597064371e-05 0 0 0 0 -2.7319232672931456e-05 0 0 -9.5844126092865247e-05 0 0 3.614609983194231e-05 0 0 -2.4198188892752146e-05 0 0 -7.1104072891092107e-06 0 0 0 0 -2.1677261691063177e-05 0 0 1.0342166742656432e-05 0 0 0 0 0 -2.6812096778773268e-06 1.0120300800609425e-05 0 -6.2158219980617168e-06
leaf_weight=67 214 71 196 121 47 1366 62 302 569 39 487 58 85 959 142 478 204 33 90 439 256 76 145 48 37 250 52 30 50 38 312 201 72 813 31 550 35 71 47 728 436 443 621
leaf_count=67 214 71 196 121 47 1366 62 302 569 39 487 58 85 959 142 478 204 33 90 439 256 76 145 48 37 250 52 30 50 38 312 201 72 813 31 550 35 71 47 728 436 443 621
internal_value=0 -3.31824e-06 -5.01185e-05 1.36503e-05 6.77633e-05 0 3.7107e-06 1.3532e-05 2.39745e-05 4.67097e-06 9.87501e-06 3.13121e-05 -5.35951e-06 -8.46929e-06 -1.53911e-05 -1.89391e-05 -8.02259e-05 3.69265e-05 2.10923e-05 2.34917e-05 0 -2.55107e-05 0 -1.09299e-05 -1.72138e-05 0 -2.84257e-06 -6.94074e-06 -1.06428e-05 -1.58695e-05 -1.91184e-05 0 2.86011e-06 6.15821e-06 8.5773e-06 0 -3.14904e-06 -4.97314e-06 -1.11002e-07 -1.25556e-06 8.16607e-06 0 -5.83905e-06
internal_weight=0 9380 471 1991 168 8909 1823 1279 727 4013 2697 660 4896 3694 1655 1513 275 602 1016 926 1681 1035 2039 230 182 552 544 482 452 400 362 1202 1001 916 844 1316 766 727 1031 984 650 1809 692
internal_count=11371 9380 471 1991 168 8909 1823 1279 727 4013 2697 660 4896 3694 1655 1513 275 602 1016 926 1681 1035 2039 230 182 552 544 482 452 400 362 1202 1001 916 844 1316 766 727 1031 984 650 1809 692
is_linear=0
shrinkage=0.03


Tree=7
num_leaves=44
num_cat=0
split_feature=2 34 2 34 53 34 8 26 53 37 53 8 3 8 53 37 42 41 51 8 53 34 53 51 26 54 41 17 54 54 42 45 2 34 0 42 35 53 4 33 41 9 45
split_gain=0.000560874 0.00116407 0.000691868 0.000463142 0.000631567 0.000409992 0.000263643 0.00020242 0.000196704 0.000194718 0.000164718 0.00024294 0.000145089 8.59285e-05 8.35664e-05 8.25052e-05 7.4817e-05 0.000160227 0.000160706 9.16501e-05 7.65048e-05 7.82412e-05 7.40647e-05 6.77006e-05 8.35014e-05 0.00013072 6.21534e-05 0.000195335 5.16405e-05 5.6132e-05 5.09822e-05 4.44727e-05 3.56875e-05 4.06828e-05 3.67026e-05 2.6911e-05 3.41288e-05 2.52298e-05 1.04477e-05 5.96353e-05 5.25226e-05 1.95642e-05 1.85202e-06
threshold=147.14827321699929 0.2995535714285702 153.763892503422 0.38577321428571526 143.76918000000003 0.20163928571428888 5769.5500000000011 0.0063770092286628754 144.73261000000002 -0.33100000000000301 155.95569000000003 3369.3250000000003 146.4790389968995 4507.5500000000002 146.53068000000005 0.1674999999999898 1.2538084220753525 0.00081844838142781375 154.18042500000004 5620.4000000000005 147.63199 0.13586071428571753 147.33222000000004 158.65337500000001 0.0029301841360416113 -0.0050227094773129463 0.00081583961123834982 0.0019221048594790793 -0.00049245002355743494 0.0028415668799402411 1.2646661638471535 90.692416302670964 148.35330298836249 0.080224999999998881 26.802732964665186 0.80885368078777742 0.83965415031656121 150.51431000000002 0.30285714285714554 0.0015899731301207908 0.00091191456345739077 0.1295000000000073 9.8351646870519023
decision_type=2 2 2 2 2 2 2 2 2 2 2 2 2 2 2 2 2 2 2 2 2 2 2 2 2 2 2 2 2 2 2 2 2 2 2 2 2 2 2 2 2 2 2
left_child=3 10 7 5 -5 6 12 -3 38 -9 11 15 26 23 35 32 17 28 22 20 -18 -22 -19 24 -12 -26 27 30 37 -30 -1 -27 -2 -34 -35 -10 -37 -13 39 -7 -41 -42 -38
right_child=1 2 -4 4 -6 8 -8 9 14 -11 13 16 -14 -15 -16 -17 19 18 -20 -21 21 -23 -24 -25 25 31 -28 -29 29 -31 -32 -33 33 34 -36 36 42 -39 -40 40 41 -43 -44
leaf_value=6.1029726047170357e-05 0 0 0 0 0.0001105419764029346 0 0 0 0 -0.00010060601767480161 0 0 0 0 0 0 0 0 0 0 0 2.6859090621950439e-05 -1.8722874187724848e-05 0 0 -2.7009518199830053e-05 0 0 9.8910520529372803e-06 0 0 0 0 0 1.7966662894160449e-05 0 0 -9.7428124644160851e-06 0 0 0 2.6773534141506114e-05 -4.3866558096324807e-05
leaf_weight=285 99 35 227 49 114 279 64 63 31 204 690 361 66 275 70 342 31 131 333 215 195 350 1117 488 51 638 279 40 947 319 30 122 421 60 1388 32 34 284 154 39 38 178 160
leaf_count=285 99 35 227 49 114 279 64 63 31 204 690 361 66 275 70 342 31 131 333 215 195 350 1117 488 51 638 279 40 947 319 30 122 421 60 1388 32 34 284 154 39 38 178 160
internal_value=0 -2.11757e-06 -4.53661e-05 1.54354e-05 7.12804e-05 5.24245e-06 2.33801e-05 -7.52393e-05 0 -8.41586e-05 0 2.84965e-06 3.05827e-05 -6.46693e-06 -2.325e-05 1.08538e-05 0 -3.22114e-06 -1.06815e-05 6.26818e-06 1.40364e-05 1.82877e-05 -1.61361e-05 -9.29913e-06 -1.24563e-05 -1.94857e-05 3.51907e-05 4.86584e-05 0 5.77085e-06 5.67894e-05 -2.36612e-05 1.32663e-05 1.423e-05 1.693e-05 -3.12983e-05 -3.49369e-05 -2.58058e-06 0 4.19429e-06 1.5712e-05 2.2576e-05 -3.97408e-05
internal_weight=0 9386 529 1942 163 1779 764 302 1015 267 8857 6593 700 2264 327 2310 4283 3492 1581 791 576 545 1248 1989 1501 811 634 355 1911 1266 315 760 1968 1869 1448 257 226 645 688 534 255 216 194
internal_count=11328 9386 529 1942 163 1779 764 302 1015 267 8857 6593 700 2264 327 2310 4283 3492 1581 791 576 545 1248 1989 1501 811 634 355 1911 1266 315 760 1968 1869 1448 257 226 645 688 534 255 216 194
is_linear=0
shrinkage=0.03


Tree=8
num_leaves=47
num_cat=0
split_feature=2 34 2 34 54 34 8 49 49 34 53 1 41 54 46 3 3 49 49 8 1 29 53 7 1 46 2 18 54 7 1 41 37 53 20 8 8 49 10 8 26 26 34 49 26 20
split_gain=0.000421852 0.00110832 0.000729194 0.000385828 0.000593622 0.000208564 0.000231377 0.00027925 0.000163127 0.000149427 0.000180792 0.000239692 0.00021321 0.000148435 0.000147512 0.000135086 9.08515e-05 8.38288e-05 0.000102934 7.73888e-05 5.89671e-05 5.93975e-05 3.92035e-05 8.37622e-05 0.000108535 7.01009e-05 6.17561e-05 4.05484e-05 3.87606e-05 3.54892e-05 3.16785e-05 2.3733e-05 2.6286e-05 1.72109e-05 3.42037e-05 5.30081e-05 2.73109e-05 1.59083e-05 1.50498e-05 1.50247e-05 3.78782e-06 2.91627e-06 8.4216e-06 1.03312e-05 1.09994e-05 1.11179e-06
threshold=147.14827321699929 0.30304999999999954 153.763892503422 0.37306428571428801 0.0019267139175735205 0.20163928571428888 5769.5500000000011 17.50736684357215 40.783435364775642 0.17700357142857123 155.95569000000003 151.72847500000003 0.0006651503398872171 0.0012569403011623743 78.026047345440034 146.4790389968995 143.57580892335466 21.893464375020383 52.782382507902732 2678.4000000000005 148.03490000000002 0.0041392561540338031 153.11244000000002 0.00098254720039728303 156.24790000000004 77.729564228415001 148.48469609487447 -0.0038723680687612334 -0.00017330192932312979 0.00021840407433531794 146.32367500000001 0.0007349031941901186 -0.14399999999999122 149.60898000000003 -0.0010753226877870945 4798.1250000000009 3482.7500000000005 69.094802879606803 0.00043263951810561507 1781.0250000000003 0.0065347613325254543 0.012566711172189868 0.34911785714285609 61.733813135178131 0.0040615084425664307 0.0055262970920588747
decision_type=2 2 2 2 2 2 2 2 2 2 2 2 2 2 2 2 2 2 2 2 2 2 2 2 2 2 2 2 2 2 2 2 2 2 2 2 2 2 2 2 2 2 2 2 2 2
left_child=3 9 40 5 8 6 7 -1 -5 10 11 33 37 22 20 -9 41 -18 30 29 -15 38 26 24 25 -24 -11 -28 -29 -12 -19 32 -31 34 -2 -36 -35 39 -22 -13 -3 42 43 44 -7 -38
right_child=1 2 -4 4 -6 16 -8 15 -10 13 19 12 -14 14 -16 -17 17 18 -20 -21 21 -23 23 -25 -26 -27 27 28 -30 31 -32 -33 -34 36 35 -37 45 -39 -40 -41 -42 -43 -44 -45 -46 -47
leaf_value=0 0 0 0 0.00012110956029459007 0 0 0 3.6783594122346308e-05 0 0 0 0 0 0 0 0 0 -3.7830843386716288e-05 0 0 0 0 -2.7288958018720073e-05 0 0 0 0 1.5418706094063397e-05 0 0 0 0 -1.6430155671373314e-05 0 1.0953939410974132e-05 0 -6.4709151714817536e-06 0 -3.5320841656980358e-05 2.4425512160385825e-05 -8.2790869786224109e-05 0 0 0 7.9219315025671763e-06 0
leaf_weight=92 273 33 223 90 55 35 66 578 41 294 43 53 362 54 465 61 62 194 76 842 30 41 353 420 171 34 81 568 175 187 42 67 576 738 778 143 624 39 385 1054 251 73 32 30 468 36
leaf_count=92 273 33 223 90 55 35 66 578 41 294 43 53 362 54 465 61 62 194 76 842 30 41 353 420 171 34 81 568 175 187 42 67 576 738 778 143 624 39 385 1054 251 73 32 30 468 36
internal_value=0 -2.66462e-06 -4.5792e-05 1.25235e-05 5.88694e-05 2.76956e-06 1.58989e-05 2.36697e-05 9.47519e-05 0 2.6218e-06 6.87245e-06 1.64739e-05 -5.54706e-06 -1.52915e-05 3.21537e-05 0 -1.47762e-05 -2.24294e-05 -2.29287e-06 -2.65872e-05 -3.01123e-05 0 -5.26154e-06 -1.35455e-05 -2.27273e-05 2.70674e-06 8.79489e-06 1.16129e-05 -9.49007e-06 -3.25032e-05 -1.15405e-05 -1.31471e-05 0 3.53429e-06 7.04254e-06 -6.37906e-07 2.29009e-05 -3.35393e-05 2.35764e-05 -7.77643e-05 0 2.15436e-06 4.37341e-06 6.2236e-06 -6.17054e-06
internal_weight=0 9393 507 1995 186 1809 797 731 131 8886 5815 4100 1508 3071 975 639 1012 374 312 1715 510 456 2096 978 558 387 1118 824 743 873 236 830 763 2592 1194 921 1398 1146 415 1107 284 638 565 533 503 660
internal_count=11388 9393 507 1995 186 1809 797 731 131 8886 5815 4100 1508 3071 975 639 1012 374 312 1715 510 456 2096 978 558 387 1118 824 743 873 236 830 763 2592 1194 921 1398 1146 415 1107 284 638 565 533 503 660
is_linear=0
shrinkage=0.03


Tree=9
num_leaves=30
num_cat=0
split_feature=3 34 6 2 0 53 4 4 1 49 9 53 42 22 20 33 53 22 33 19 1 53 42 12 46 49 53 7 9
split_gain=0.000486853 0.000455232 0.000332497 0.000293487 0.000223541 0.00019577 0.000162979 0.000149984 0.000162027 0.000110126 0.000116697 9.76563e-05 0.000122474 9.22846e-05 7.74836e-05 7.4771e-05 3.85222e-05 3.22534e-05 2.85222e-05 2.94969e-05 1.84244e-05 4.71287e-05 5.84558e-05 1.33154e-05 1.26802e-05 9.74475e-06 9.11739e-05 8.5105e-06 4.96838e-06
threshold=141.95849828627283 0.187641071428571 0.023499999999984315 145.88044470602296 67.058022663315668 155.89764000000005 0.18285714285714202 0.15292857142856878 156.09482500000001 23.745198291053775 0.08900000000001286 150.42840000000004 1.3459450908928723 0.51792112351724939 -0.00014080886778927712 0.0012050577164536092 144.41736 -0.50824862014510719 0.0003921802440675169 0.0013968131878928649 143.97222500000001 147.78661000000002 1.1759760754413182 0.0015459016761907316 24.457756396106351 27.274489761138263 143.68193000000005 0.0013367119433100874 0.095000000000013088
decision_type=2 2 2 2 2 2 2 2 2 2 2 2 2 2 2 2 2 2 2 2 2 2 2 2 2 2 2 2 2
left_child=4 2 11 25 6 15 -1 -5 9 27 -11 20 14 -12 18 16 -4 -8 -13 -20 -2 22 -22 24 -18 26 -3 28 -9
right_child=1 3 5 7 -6 -7 17 8 -10 10 13 12 -14 -15 -16 -17 23 -19 19 -21 21 -23 -24 -25 -26 -27 -28 -29 -30
leaf_value=0 0 0 0 0 0 0 0 0 0 0 -2.6125628734117231e-05 0 0 0 0 0 0 5.9217700887131616e-05 -1.7224778701697928e-05 0 2.5362833459237751e-05 0 0 0 1.7260718187549478e-05 0 2.8164644371036963e-05 0 -4.9731156518243164e-06
leaf_weight=65 92 161 82 356 80 971 32 49 396 166 1763 56 265 144 427 412 68 228 1141 38 173 749 36 35 2128 501 114 146 490
leaf_count=65 92 161 82 356 80 971 32 49 396 166 1763 56 265 144 427 412 68 228 1141 38 173 749 36 35 2128 501 114 146 490
internal_value=0 -1.12108e-06 2.79019e-06 -9.30989e-06 3.23511e-05 9.48556e-06 4.38395e-05 -1.34564e-05 -1.56302e-05 -1.82274e-05 -2.21313e-05 -2.49976e-06 -7.4331e-06 -2.4238e-05 -1.14175e-05 1.3663e-05 1.578e-05 5.44475e-05 -1.52268e-05 -1.62674e-05 0 4.15931e-06 1.67813e-05 1.65438e-05 1.68379e-05 0 5.64217e-06 0 -3.76793e-06
internal_weight=0 10959 6673 4286 405 3696 325 3510 3154 2758 2073 2977 1927 1907 1662 2725 2313 260 1235 1179 1050 958 209 2231 2196 776 275 685 539
internal_count=11364 10959 6673 4286 405 3696 325 3510 3154 2758 2073 2977 1927 1907 1662 2725 2313 260 1235 1179 1050 958 209 2231 2196 776 275 685 539
is_linear=0
shrinkage=0.03


Tree=10
num_leaves=41
num_cat=0
split_feature=53 8 49 34 54 3 3 30 8 3 34 8 53 37 38 20 49 18 3 34 22 1 54 42 34 53 53 38 46 35 49 53 34 53 8 13 14 36 53 42
split_gain=0.000282465 0.000461586 0.000494584 0.000456283 0.000779161 0.000320204 0.000269742 0.000325604 0.000293957 0.000206061 0.000118436 0.000171872 0.000156793 0.000173138 0.000109761 0.000101938 9.11466e-05 8.79878e-05 8.63776e-05 0.00013775 9.59121e-05 6.30263e-05 5.79418e-05 0.000105452 0.000147827 7.26387e-05 0.000193199 5.94905e-05 4.27737e-05 4.06411e-05 3.79955e-05 3.46806e-05 3.10834e-05 3.09589e-05 1.75264e-05 1.76793e-05 2.98182e-05 1.41066e-05 9.77779e-06 1.25442e-05
threshold=155.95569000000003 5802.7250000000013 42.486053728437078 0.38577321428571526 0.0026223263035022523 149.84494536973816 141.84014398956538 0.0085465170162439836 6335.9500000000007 145.40717942420986 0.16948928571428681 4755.4000000000005 142.91463000000002 -0.41650000000001336 0.68511814102779989 -0.00089779236912768113 18.06939711281353 -0.0052320106693983784 144.52459157313703 0.072860714285715444 -0.30033757342477768 142.19975000000002 -4.6369629133699302e-05 1.1052790116742106 0.187641071428571 152.94822000000002 148.64364000000003 0.24718412956045105 7.8311410686183613 1.7150751430045903 54.703785809472777 153.77756000000002 0.21056250000000024 152.40166000000002 1531.3500000000001 0.0014999999999929516 0.0019999999999953393 -5.0287867665088006 154.32285000000002 1.190732287294648
decision_type=2 2 2 2 2 2 2 2 2 2 2 2 2 2 2 2 2 2 2 2 2 2 2 2 2 2 2 2 2 2 2 2 2 2 2 2 2 2 2 2
left_child=1 10 3 21 9 6 -4 8 -8 -5 11 15 13 -12 -2 -1 -15 -16 -17 -20 -21 -3 25 24 -24 26 -14 -26 -23 34 -18 32 -30 -28 -19 -36 -37 -38 39 -27
right_child=14 2 5 4 -6 -7 7 -9 -10 -11 12 -13 22 16 17 18 30 29 19 20 -22 28 23 -25 27 38 33 -29 31 -31 -32 -33 -34 -35 35 36 37 -39 -40 -41
leaf_value=0 0 0 0 0.00011285273291696514 0 0 0 0 -8.096693114813826e-05 0 0 0 0 0 0 0 4.3990966788239814e-05 0 0 0 2.1271798896228993e-05 0 0 0 0 -1.0638704401986925e-05 2.558123950912823e-05 -2.1648009850711565e-05 0 0 0 0 -1.640821628294437e-05 0 0 0 0 -1.8168946603814908e-05 0 0
leaf_weight=862 627 72 49 99 80 121 89 83 252 32 52 328 463 31 39 97 213 70 338 122 2262 42 302 299 57 177 408 711 182 35 36 62 685 89 103 112 32 1366 253 33
leaf_count=862 627 72 49 99 80 121 89 83 252 32 52 328 463 31 39 97 213 70 338 122 2262 42 302 299 57 177 408 711 182 35 36 62 685 89 103 112 32 1366 253 33
internal_value=0 3.14597e-06 -8.1113e-06 0 4.24156e-05 -3.08757e-05 -4.24917e-05 -5.08513e-05 -6.38157e-05 9.06986e-05 7.3245e-06 1.10469e-05 0 2.0601e-05 -8.32672e-06 1.32258e-05 3.25362e-05 -1.22588e-05 1.61536e-05 1.72856e-05 1.98277e-05 -5.37517e-06 0 -6.15854e-06 -1.17123e-05 3.80164e-07 8.26302e-06 -1.90842e-05 -9.4563e-06 -1.41339e-05 3.89733e-05 -1.16137e-05 -1.34349e-05 2.19391e-05 -1.50216e-05 -1.56593e-05 -1.65066e-05 -1.77053e-05 0 -6.4657e-06
internal_weight=0 8981 1848 1254 211 594 473 424 341 131 7133 4009 3124 332 2384 3681 280 1757 2819 2722 2384 1043 2792 1369 1070 1423 960 768 971 1718 249 929 867 497 1683 1613 1510 1398 463 210
internal_count=11365 8981 1848 1254 211 594 473 424 341 131 7133 4009 3124 332 2384 3681 280 1757 2819 2722 2384 1043 2792 1369 1070 1423 960 768 971 1718 249 929 867 497 1683 1613 1510 1398 463 210
is_linear=0
shrinkage=0.03


Tree=11
num_leaves=31
num_cat=0
split_feature=3 8 53 49 41 2 26 20 13 20 35 34 41 4 8 0 53 1 53 49 4 4 46 26 38 18 14 36 4 14
split_gain=0.000395647 0.000365535 0.00046062 0.000355215 0.000232469 0.000171096 0.000178418 0.000170979 0.000161899 0.000152078 0.000158179 0.000171472 0.000119402 0.000105235 9.17955e-05 7.56092e-05 7.30774e-05 6.31698e-05 0.000318065 5.98993e-05 8.91875e-05 0.000159439 5.01101e-05 4.89147e-05 4.45732e-05 5.36262e-05 3.18959e-05 1.97045e-05 1.12309e-05 1.10602e-05
threshold=141.95849828627283 4755.4000000000005 155.95569000000003 23.90515827127297 0.0007715042526704951 156.65504683332372 0.0055481904727818021 -0.00089779236912768113 0.02449999999998909 0.0085780554439195428 0.83965415031656121 0.17868035714285721 0.00033271170121673736 0.16664285714285806 4366.6000000000013 33.569983515056329 144.73261000000002 146.75610000000003 143.68193000000005 30.055834730714036 0.15514285714285594 0.23560714285714318 94.367684061163615 0.0064221511681048947 0.76324714289167805 -0.0038723680687612334 0.0035000000000025015 0.4625072003172836 0.063250000000000542 0.069500000000005016
decision_type=2 2 2 2 2 2 2 2 2 2 2 2 2 2 2 2 2 2 2 2 2 2 2 2 2 2 2 2 2 2
left_child=9 2 4 17 7 6 -5 -2 -8 10 -1 -12 -9 -10 -13 -14 -17 18 -3 20 -6 23 -15 -22 -4 -26 -27 -21 -28 -30
right_child=1 3 24 5 19 -7 8 12 13 -11 11 14 15 22 -16 16 -18 -19 -20 27 21 -23 -24 -25 25 26 28 -29 29 -31
leaf_value=0 0 0 0 0 0 0 0 0 0 0 0 0 0 -3.3578056548812294e-05 6.030832487147085e-05 0 2.0747723430533756e-05 0 4.4728635407348471e-05 6.9999999913687367e-06 -2.9767214794918788e-05 0 0 0 0 0 0 0 -1.6111886982835946e-05 0
leaf_weight=89 930 94 605 672 140 209 578 496 47 30 30 38 63 1065 239 87 2217 656 171 498 355 72 33 44 54 151 32 420 963 250
leaf_count=89 930 94 605 672 140 209 578 496 47 30 30 38 63 1065 239 87 2217 656 171 498 355 72 33 44 54 151 32 420 963 250
internal_value=0 -3.27683e-07 2.56641e-06 -8.93667e-06 8.11125e-06 -1.51938e-05 -1.7756e-05 1.21434e-05 -2.30515e-05 2.8847e-05 3.5218e-05 4.5412e-05 1.57827e-05 -3.04416e-05 5.33041e-05 1.86191e-05 1.96387e-05 0 1.46333e-05 0 -8.7872e-06 -1.64433e-05 -3.24432e-05 -2.60442e-05 -7.41349e-06 -1.02733e-05 -1.20076e-05 2.69932e-06 -1.35908e-05 -1.4068e-05
internal_weight=0 10902 7377 3525 5322 2604 2395 3793 1723 426 396 307 2863 1145 277 2367 2304 921 265 1529 611 471 1098 399 2055 1450 1396 918 1245 1213
internal_count=11328 10902 7377 3525 5322 2604 2395 3793 1723 426 396 307 2863 1145 277 2367 2304 921 265 1529 611 471 1098 399 2055 1450 1396 918 1245 1213
is_linear=0
shrinkage=0.03


Tree=12
num_leaves=34
num_cat=0
split_feature=49 7 1 2 54 41 41 34 26 54 37 26 30 34 9 2 41 54 46 36 53 36 42 26 34 26 6 20 2 34 10 45 42
split_gain=0.000415043 0.000371825 0.000279611 0.000226404 0.000250123 0.000428227 0.000214124 0.000186881 0.000180258 0.000176038 0.000158827 0.000153698 0.000167736 0.000161603 0.000115054 0.000112093 9.64933e-05 9.09308e-05 6.84535e-05 5.54751e-05 4.52369e-05 4.21337e-05 3.80288e-05 3.39378e-05 2.80105e-05 1.62686e-05 1.28511e-05 6.23676e-06 3.2711e-06 2.96433e-05 1.74829e-05 1.3683e-06 2.04464e-08
threshold=43.59301078852954 0.00064297077178382595 144.77380000000002 146.82677858586018 0.0027948449040415156 0.0014742657383168308 0.00081844838142781375 0.1248875000000006 0.013258478418390413 -0.00017330192932312979 0.15300000000000583 0.0045602331365954497 0.014511479257437053 0.15850714285714282 0.085499999999996149 153.62577578867004 0.00079366414882696954 0.0028415668799402411 64.236621849244429 -4.2923568892119164 157.42954000000006 3.17225341344892 0.79963441041588457 0.0022297855045492997 0.17200357142857023 0.0047459725344682407 0.023499999999984315 0.00074559786350258961 155.45723159173903 0.083971428571425227 0.00037180313756117597 60.587778457109373 0.85709658241488407
decision_type=2 2 2 2 2 2 2 2 2 2 2 2 2 2 2 2 2 2 2 2 2 2 2 2 2 2 2 2 2 2 2 2 2
left_child=3 28 -3 4 5 16 7 26 18 -8 17 -4 13 -13 -15 19 25 22 -7 -11 -16 24 -9 -24 -21 -1 27 31 29 -2 -31 -5 -18
right_child=1 2 11 6 -6 8 9 10 -10 15 -12 12 -14 14 20 -17 32 -19 -20 21 -22 -23 23 -25 -26 -27 -28 -29 -30 30 -32 -33 -34
leaf_value=2.5517001222008507e-05 0 0 0 -5.3322824537522893e-06 0 0.00010400045870792991 0 0 0 0 0 0 0 0 -3.6817935466754539e-05 0 0 0 0 0 0 0 0 2.1162391646562673e-05 -3.1317374185047271e-05 0 0 0 0 0 9.1861942819902418e-06 0 -1.9776532574779275e-07
leaf_weight=161 124 318 106 647 232 104 1121 240 38 32 571 246 62 82 1064 410 173 301 31 47 56 37 120 1253 470 59 1315 60 497 70 537 201 470
leaf_count=161 124 318 106 647 232 104 1121 240 38 32 571 246 62 82 1064 410 173 301 31 47 56 37 120 1253 470 59 1315 60 497 70 537 201 470
internal_value=0 -9.37084e-06 -1.77916e-05 3.44101e-06 1.53682e-05 2.24995e-05 0 4.69141e-06 7.22803e-05 -6.48605e-06 1.04577e-05 -2.3119e-05 -2.57599e-05 -2.82169e-05 -3.28638e-05 -1.57602e-05 2.06153e-06 1.47189e-05 8.88082e-05 -2.43727e-05 -3.53762e-05 -2.68021e-05 1.75437e-05 1.96591e-05 -2.90343e-05 2.02606e-05 0 -3.56803e-06 0 2.00614e-06 6.98298e-06 -4.4996e-06 0
internal_weight=0 3162 1934 8093 1268 1036 6825 4708 173 2117 2485 1616 1510 1448 1202 996 863 1914 135 586 1120 554 1613 1373 517 220 2223 908 1228 731 607 848 643
internal_count=11255 3162 1934 8093 1268 1036 6825 4708 173 2117 2485 1616 1510 1448 1202 996 863 1914 135 586 1120 554 1613 1373 517 220 2223 908 1228 731 607 848 643
is_linear=0
shrinkage=0.03


Tree=13
num_leaves=37
num_cat=0
split_feature=41 2 3 7 41 2 2 54 49 4 3 42 2 8 6 37 9 35 8 26 20 35 37 37 26 42 4 8 7 41 1 2 49 42 1 8
split_gain=0.000348035 0.000639677 0.000287919 0.000234959 0.000353954 0.000351167 0.000259567 0.000248502 0.000192389 0.000179797 0.000178001 0.000160795 0.000211077 0.000210425 0.0001786 0.000118014 9.11549e-05 0.0001408 0.000116104 8.39368e-05 6.01997e-05 7.47945e-05 4.86316e-05 4.66314e-05 4.42745e-05 2.67099e-05 1.83821e-05 0.000120523 5.23232e-05 5.49651e-05 9.75213e-06 9.67437e-06 3.30845e-06 2.64959e-05 2.66118e-05 5.11778e-08
threshold=0.0020149548384563033 147.14827321699929 155.443251860049 0.0014128759840445024 0.00081271243767105006 154.24079623935594 145.07033761352275 -0.00046307895910704721 46.225689012540592 0.48996428571428657 153.38488277888203 1.1728713084200302 147.84423866053575 5620.4000000000005 0.62049999999999284 -0.76800000000000057 0.12649999999999298 0.74326178311742119 8683.7500000000018 0.015473202390348497 -0.00066741117724994348 1.1045174748944617 -0.2385000000000019 -0.92800000000001137 0.0064657229579411354 1.4156544514560567 0.19871428571428754 6234.8000000000011 0.00088883252636792786 0.00090318501999323052 155.08392500000002 154.67779785574672 48.447296998201224 0.95552594882954967 154.62372500000001 4737.2250000000013
decision_type=2 2 2 2 2 2 2 2 2 2 2 2 2 2 2 2 2 2 2 2 2 2 2 2 2 2 2 2 2 2 2 2 2 2 2 2
left_child=3 -2 23 4 5 11 26 22 9 15 16 12 13 14 -1 -5 -8 -18 -19 24 -14 -22 -7 -3 -17 -24 -6 28 -28 -30 31 -12 33 -9 -35 -13
right_child=1 2 -4 8 6 7 10 32 -10 -11 30 35 20 -15 -16 19 17 18 -20 -21 21 -23 25 -25 -26 -27 27 -29 29 -31 -32 -33 -34 34 -36 -37
leaf_value=5.0249366063564308e-05 0 0 0 0 0 0 0 0 0 0 0 0 0 0 0 0 0 -2.8201955274940192e-05 0 0 1.1399224608351004e-05 0 -2.3086496584363076e-05 -0.00010492446679340372 4.841157923145314e-05 0 0 0 0 3.4015369509819361e-05 -3.845580170728948e-06 6.202120421742286e-06 0 0 7.7265507815321924e-06 -3.6354701288308109e-07
leaf_weight=395 121 40 37 36 322 33 453 802 261 36 119 535 741 39 39 46 198 1178 53 37 1530 361 571 107 330 75 80 121 57 191 564 237 343 109 850 348
leaf_count=395 121 40 37 36 322 33 453 802 261 36 119 535 741 39 39 46 198 1178 53 37 1530 361 571 107 330 75 80 121 57 191 564 237 343 109 850 348
internal_value=0 -3.16837e-05 -6.91562e-05 7.68714e-07 0 3.61115e-06 -8.02709e-06 -2.17291e-06 1.70895e-05 2.83848e-05 -1.28654e-05 9.90377e-06 1.31367e-05 3.70084e-05 4.39137e-05 3.50745e-05 -1.82074e-05 -2.22251e-05 -2.60052e-05 3.99273e-05 5.4217e-06 8.33991e-06 -1.86677e-05 -8.79721e-05 4.41758e-05 -2.0832e-05 0 6.06671e-06 1.9508e-05 2.63169e-05 0 1.09674e-06 0 1.30015e-06 5.28735e-06 0
internal_weight=0 305 184 11090 10344 6771 3573 2783 746 485 2802 3988 3105 473 434 449 1882 1429 1231 413 2632 1891 679 147 376 646 771 449 328 248 920 356 2104 1761 959 883
internal_count=11395 305 184 11090 10344 6771 3573 2783 746 485 2802 3988 3105 473 434 449 1882 1429 1231 413 2632 1891 679 147 376 646 771 449 328 248 920 356 2104 1761 959 883
is_linear=0
shrinkage=0.03


Tree=14
num_leaves=40
num_cat=0
split_feature=2 8 7 54 41 53 8 41 53 53 0 3 8 37 38 30 13 18 26 30 7 41 49 4 9 3 8 49 1 4 46 49 41 25 49 49 7 41 41
split_gain=0.000389402 0.000614596 0.00047944 0.000295516 0.000353062 0.00027484 0.000264083 0.000312874 0.00023165 0.000204711 0.000158702 0.000145858 0.000131277 0.000128094 8.13753e-05 5.90395e-05 5.68871e-05 5.66589e-05 5.57003e-05 6.07154e-05 5.44434e-05 0.00014157 6.47865e-05 4.96592e-05 4.76553e-05 4.43807e-05 3.45468e-05 3.40272e-05 5.77709e-05 2.14266e-05 1.79487e-05 1.71559e-05 1.75315e-05 2.14725e-05 1.08577e-05 1.01605e-05 5.52265e-06 1.559e-05 1.60966e-06
threshold=147.14827321699929 5585.2750000000005 0.00091978438197663011 0.0020603952507445666 0.0014742657383168308 154.95752000000002 5802.7250000000013 0.00077523862977364494 155.95569000000003 146.28801000000001 33.247414786937739 146.38024545580569 3715.9250000000006 0.1674999999999898 0.68511814102779989 0.0036683631627748114 0.0014999999999929516 -0.0052320106693983784 0.0042729077259515318 0.011221748435794916 0.0010294859576031005 0.0006651503398872171 45.239525591783739 0.12621428571428847 0.10000000000000854 158.60204424049337 5187.3500000000013 27.160794739749655 141.95755000000003 0.17657142857142613 95.088223186172527 12.207284348609534 0.00027690022509249869 11.469244254359486 13.897702172372261 17.089183477197299 0.00048475794329339977 0.00060534775064163598 0.00090318501999323052
decision_type=2 2 2 2 2 2 2 2 2 2 2 2 2 2 2 2 2 2 2 2 2 2 2 2 2 2 2 2 2 2 2 2 2 2 2 2 2 2 2
left_child=3 8 -3 4 6 16 7 11 12 10 -6 15 13 31 -10 -1 -4 -16 -18 24 21 36 29 -23 -20 26 30 -8 -29 -22 -19 -2 -33 -34 -25 -31 -14 -38 -9
right_child=1 2 5 -5 9 -7 27 38 14 -11 -12 -13 20 -15 17 -17 18 25 19 -21 22 23 -24 34 -26 -27 -28 28 -30 35 -32 32 33 -35 -36 -37 37 -39 -40
leaf_value=6.3347808928675443e-05 0 0 0 0 0 0 0 0 0 0 8.9841368486028822e-05 0 0 0 0 0 0 -1.5888399988622594e-05 0 0 0 0 0 0 -4.5950454772146528e-05 0 0 0 -2.015783950739085e-05 0 0 0 1.3891303180758745e-05 0 -1.3348852857897035e-05 1.9343970410277719e-05 6.3214566554146687e-06 0 1.9538084066851654e-06
leaf_weight=182 65 345 37 565 38 142 128 217 559 40 148 43 252 450 33 31 45 1216 50 95 44 124 146 47 693 366 40 30 203 32 34 303 2058 114 1090 329 475 231 379
leaf_count=182 65 345 37 565 38 142 128 217 559 40 148 43 252 450 33 31 45 1216 50 95 44 124 146 47 693 366 40 30 203 32 34 303 2058 114 1090 329 475 231 379
internal_value=0 -1.89677e-06 -2.04144e-05 1.25673e-05 2.01169e-05 -3.09545e-05 4.86876e-06 1.76764e-05 2.34035e-07 6.20312e-05 7.52398e-05 4.62199e-05 4.43389e-06 8.79644e-06 -6.5231e-06 5.64038e-05 -3.70771e-05 -9.99891e-06 -3.86036e-05 -4.03732e-05 0 -2.36745e-06 8.14189e-06 -1.05291e-05 -4.37237e-05 -1.15219e-05 -1.419e-05 -4.4512e-07 -1.14656e-05 1.52954e-05 -1.52532e-05 1.16817e-05 1.20947e-05 1.31889e-05 -1.27373e-05 1.77699e-05 0 2.6524e-06 0
internal_weight=0 9415 1407 2004 1439 1062 1213 852 8008 226 186 256 5760 2990 2248 213 920 1689 883 838 2770 2219 551 1261 743 1656 1290 361 233 405 1250 2540 2475 2172 1137 361 958 706 596
internal_count=11419 9415 1407 2004 1439 1062 1213 852 8008 226 186 256 5760 2990 2248 213 920 1689 883 838 2770 2219 551 1261 743 1656 1290 361 233 405 1250 2540 2475 2172 1137 361 958 706 596
is_linear=0
shrinkage=0.03


end of trees

feature_importances:
sma_50=50
volume_ma=45
atr_ma=45
adx=36
bb_upper=35
bb_middle=34
volatility_ma=32
price_sma_50_dist=29
bb_lower=26
volatility=22
atr=21
bb_width=21
volatility_ratio=20
return_24=15
momentum_convergence=15
stoch_d=14
atr_normalized=11
volume_ratio=11
range=10
momentum_ratio=10
rsi=9
atr_ratio=8
momentum_20=6
rsi_normalized=6
price_bb_lower_dist=6
upper_shadow=5
return_6=5
stoch_k=5
lower_shadow=4
range_pct=3
bb_position=3
rsi_divergence=2
price_bb_upper_dist=2
sma_20=2
momentum_10=1
body_pct=1
return_3=1
return_12=1

parameters:
[boosting: gbdt]
[objective: regression]
[metric: rmse]
[tree_learner: serial]
[device_type: cpu]
[data: ]
[valid: ]
[num_iterations: 300]
[learning_rate: 0.03]
[num_leaves: 70]
[num_threads: 8]
[deterministic: 0]
[force_col_wise: 0]
[force_row_wise: 0]
[histogram_pool_size: -1]
[max_depth: 8]
[min_data_in_leaf: 30]
[min_sum_hessian_in_leaf: 0.001]
[bagging_fraction: 0.7]
[pos_bagging_fraction: 1]
[neg_bagging_fraction: 1]
[bagging_freq: 1]
[bagging_seed: 400]
[feature_fraction: 0.9]
[feature_fraction_bynode: 1]
[feature_fraction_seed: 30056]
[extra_trees: 0]
[extra_seed: 12879]
[early_stopping_round: 0]
[first_metric_only: 0]
[max_delta_step: 0]
[lambda_l1: 0.3]
[lambda_l2: 0.5]
[linear_lambda: 0]
[min_gain_to_split: 0]
[drop_rate: 0.1]
[max_drop: 50]
[skip_drop: 0.5]
[xgboost_dart_mode: 0]
[uniform_drop: 0]
[drop_seed: 17869]
[top_rate: 0.2]
[other_rate: 0.1]
[min_data_per_group: 100]
[max_cat_threshold: 32]
[cat_l2: 10]
[cat_smooth: 10]
[max_cat_to_onehot: 4]
[top_k: 20]
[monotone_constraints: ]
[monotone_constraints_method: basic]
[monotone_penalty: 0]
[feature_contri: ]
[forcedsplits_filename: ]
[refit_decay_rate: 0.9]
[cegb_tradeoff: 1]
[cegb_penalty_split: 0]
[cegb_penalty_feature_lazy: ]
[cegb_penalty_feature_coupled: ]
[path_smooth: 0]
[interaction_constraints: ]
[verbosity: 1]
[saved_feature_importance_type: 0]
[linear_tree: 0]
[max_bin: 255]
[max_bin_by_feature: ]
[min_data_in_bin: 3]
[bin_construct_sample_cnt: 200000]
[data_random_seed: 175]
[is_enable_sparse: 1]
[enable_bundle: 1]
[use_missing: 1]
[zero_as_missing: 0]
[feature_pre_filter: 1]
[pre_partition: 0]
[two_round: 0]
[header: 0]
[label_column: ]
[weight_column: ]
[group_column: ]
[ignore_column: ]
[categorical_feature: ]
[forcedbins_filename: ]
[precise_float_parser: 0]
[parser_config_file: ]
[objective_seed: 16083]
[num_class: 1]
[is_unbalance: 0]
[scale_pos_weight: 1]
[sigmoid: 1]
[boost_from_average: 1]
[reg_sqrt: 0]
[alpha: 0.9]
[fair_c: 1]
[poisson_max_delta_step: 0.7]
[tweedie_variance_power: 1.5]
[lambdarank_truncation_level: 30]
[lambdarank_norm: 1]
[label_gain: ]
[lambdarank_position_bias_regularization: 0]
[eval_at: ]
[multi_error_top_k: 1]
[auc_mu_weights: ]
[num_machines: 1]
[local_listen_port: 12400]
[time_out: 120]
[machine_list_filename: ]
[machines: ]
[gpu_platform_id: -1]
[gpu_device_id: -1]
[gpu_use_dp: 0]
[num_gpu: 1]

end of parameters

pandas_categorical:[]
