tree
version=v4
num_class=1
num_tree_per_iteration=1
label_index=0
max_feature_idx=54
objective=regression
feature_names=ema_fast ema_slow macd macd_signal atr momentum_10 momentum_20 volatility volume_ma range range_pct body body_pct upper_shadow lower_shadow is_bullish return_1 return_3 return_6 return_12 return_24 log_return ema_cross ema_cross_pct ema_cross_signal price_ema_fast_dist price_ema_slow_dist macd_hist macd_hist_change macd_cross_signal macd_strength atr_normalized atr_ma atr_ratio momentum_ratio momentum_convergence volume_ratio volume_spike volume_change volatility_ma volatility_ratio high_volatility low_volatility stoch_k stoch_d stoch_overbought stoch_oversold adx strong_trend sma_20 price_sma_20_dist sma_50 price_sma_50_dist signal_convergence market_regime
feature_infos=[393.78039597925124:516.19050637889245] [394.23095608416145:515.56941879713395] [-3.7843608113351479:4.9124877890472476] [-3.4421243135740478:4.2997943675253758] [0:4.3464285714285733] [-17.25:18.550000000000011] [-18.950000000000045:18.300000000000011] [0:0.010936378070948268] [0:1295.8499999999999] [0:28.199999999999989] [0:0.067407673001075627] [0:20.449999999999989] [0:0.04888251464085093] [0:7.4000000000000341] [0:6.1500000000000341] [0:1] [-0.046712999886065809:0.037101048507892642] [-0.043627227044312544:0.037151702786377694] [-0.038395807223424949:0.042290850426365489] [-0.040701673927998172:0.04109116022099446] [-0.04466218525692156:0.042651296829971264] [-0.047839266296518912:0.036429367612840491] [-3.7843608113351479:4.9124877890472476] [-0.0088258630886247341:0.010264287064453087] [0:1] [-0.035676378944641852:0.029123986701014376] [-0.038063384774058365:0.03410996193567073] [-1.7856090633421566:1.9741201889542976] [-1.2287011414126909:0.97834973995522934] [0:1] [-1.5995113318141976:1.8043205953337147] [0:0.010204081632653071] [0:3.6758928571428604] [0:2.8358371218692864] [-414999999.99999774:269999999.99999887] [-18.550000000000011:17.25] [0:10.328947367741517] [0:1] [-0.99641577060931896:611] [0:0.01086280726866261] [0:7.028555025285689] [0:1] [0:1] [0:99.999999918699174] [0:99.999999828387146] [0:1] [0:1] [0:96.569188193361313] [0:1] [0:515.995] [-0.038998446277040882:0.036075179657269328] [0:515.072] [-0.039361778415202678:0.038076285240464407] [0:2] [0:2]
tree_sizes=4630 3520 3320 4128

Tree=0
num_leaves=47
num_cat=0
split_feature=49 32 39 30 44 39 28 40 8 36 39 52 3 1 40 4 30 20 51 34 8 20 40 30 3 40 39 31 32 27 0 31 30 27 1 39 4 4 31 30 50 50 34 34 34 34
split_gain=0.000445023 0.000657612 0.000391003 0.000447128 0.000302408 0.000303848 0.000265253 0.000260445 0.000229943 0.000363462 0.00060353 0.00113446 0.000350657 0.000293264 0.000236397 0.0001655 0.00013451 0.000159327 0.000135396 0.000150065 0.00012754 0.000111655 0.000264976 0.000265114 0.000426516 5.51353e-05 6.86673e-05 8.8449e-05 1.88119e-05 3.63401e-05 1.32219e-05 1.05226e-05 9.17603e-06 1.25781e-05 7.38491e-06 7.34226e-06 2.79077e-05 5.32176e-05 7.01536e-06 6.64538e-06 6.1321e-07 1.50756e-05 1.65173e-06 1.05715e-06 5.46085e-08 8.07047e-07
threshold=466.01500000000004 1.3661250000000049 0.0020346199585785578 -0.2123535686253904 25.530663275847647 0.0010195376734499701 0.18560940704281839 0.52039723454267894 108.27500000000002 1.0876893702822503 0.0015340179165484614 0.0062462070147040515 0.74170395009011003 464.76885134622734 0.41674747642066634 0.88571428571429434 -0.27464692067920643 0.007850822565467876 404.33150000000006 4.0000006000001012 61.525000000000013 -0.0014402179065369223 1.2121422630419896 0.16756388254692012 0.65146157184620035 0.6930145733012617 0.0012059021424248768 0.0040960950030874905 1.262857142857156 -0.14935472433037536 400.53777543940788 0.0025961206851276924 0.61609606395987482 -0.37270947224687778 464.97563662207409 0.0016958226093513312 1.582142857142862 1.0392857142857295 0.0011891550422321667 -0.22993821844834469 -0.0020986562233697701 0.0017391563035068526 1.5333333486666936 -3.5000001458333627 1.0227272696281002 -1.3051724118115369
decision_type=2 2 2 2 2 2 2 2 2 2 2 2 2 2 2 2 2 2 2 2 2 2 2 2 2 2 2 2 2 2 2 2 2 2 2 2 2 2 2 2 2 2 2 2 2 2
left_child=8 2 3 -2 -5 -6 7 -7 15 28 21 12 13 14 -12 -1 -17 18 -18 20 -20 25 23 24 -23 -11 -27 -28 29 -10 -31 -30 33 -33 -35 -13 37 -37 -32 -40 44 42 43 -42 45 -3
right_child=1 40 -4 4 5 6 -8 -9 9 10 11 35 -14 -15 -16 16 17 -19 19 -21 -22 22 -24 -25 -26 26 27 -29 31 30 38 32 -34 34 -36 36 -38 -39 39 -41 41 -43 -44 -45 -46 -47
leaf_value=6.0692537469246112e-06 6.0692537469246112e-06 6.0692537469246112e-06 6.0692537469246112e-06 6.0692537469246112e-06 6.0692537469246112e-06 6.0692537469246112e-06 6.0692537469246112e-06 -0.00011281500638365288 6.0692537469246112e-06 6.0692537469246112e-06 6.0692537469246112e-06 6.0692537469246112e-06 6.0692537469246112e-06 6.0692537469246112e-06 0.00011676534968195284 6.0692537469246112e-06 6.0692537469246112e-06 6.0692537469246112e-06 6.0692537469246112e-06 6.0692537469246112e-06 -6.8116494578021098e-05 0.00012150372913254249 6.0692537469246112e-06 6.0692537469246112e-06 6.0692537469246112e-06 6.0692537469246112e-06 -4.9444917571108039e-05 6.0692537469246112e-06 6.0692537469246112e-06 6.0692537469246112e-06 6.0692537469246112e-06 6.0692537469246112e-06 6.0692537469246112e-06 -1.6568876670455683e-06 6.0692537469246112e-06 6.0692537469246112e-06 6.0692537469246112e-06 -4.4850639105366088e-05 6.0692537469246112e-06 2.3155392339754439e-05 6.0692537469246112e-06 6.0692537469246112e-06 6.0692537469246112e-06 1.604373056169995e-05 6.0692537469246112e-06 3.4595740461123242e-06
leaf_weight=777 224 25 81 72 62 63 15.999999999999998 532 241 25 28 43 45 57 658 40 24 37 18 30 418 192 319 108 41 304 207 45 1214 17 12.999999999999998 177 81 1696 50 25 104 85 12.999999999999998 695 21 439 45 462 91 316
leaf_count=777 224 25 81 72 62 63 16 532 241 25 28 43 45 57 658 40 24 37 18 30 418 192 319 108 41 304 207 45 1214 17 13 177 81 1696 50 25 104 85 13 695 21 439 45 462 91 316
internal_value=6.06925e-06 -1.36665e-05 -4.36661e-05 -5.46661e-05 -7.32861e-05 -8.38949e-05 -9.47129e-05 -0.000101374 1.057e-05 1.57861e-05 3.18602e-05 5.99053e-05 9.23307e-05 0.000101311 0.000110437 -3.42902e-06 -2.46409e-05 -3.45803e-05 -4.48177e-05 -5.26561e-05 -6.13523e-05 6.06925e-06 2.21574e-05 5.54826e-05 8.61499e-05 -7.57592e-06 -1.49625e-05 -3.46213e-05 6.06925e-06 1.28424e-05 1.96304e-05 5.26083e-06 2.30435e-06 9.02154e-07 -8.16376e-07 6.06925e-06 -3.18569e-06 -2.21966e-05 2.13684e-05 2.22903e-05 6.06925e-06 7.32816e-06 1.46856e-05 1.55402e-05 6.06925e-06 5.4368e-06
internal_weight=0 2449 1050 969 745 673 611 595 7827 6483 2286 1045 788 743 686 1344 567 527 490 466 436 1241 660 341 233 581 556 252 4197 979 738 3218 2004 1923 1746 257 214 110 721 708 1399 967 528 483 432 341
internal_count=10276 2449 1050 969 745 673 611 595 7827 6483 2286 1045 788 743 686 1344 567 527 490 466 436 1241 660 341 233 581 556 252 4197 979 738 3218 2004 1923 1746 257 214 110 721 708 1399 967 528 483 432 341
is_linear=0
shrinkage=1


Tree=1
num_leaves=43
num_cat=0
split_feature=49 33 40 30 33 30 8 40 25 47 47 7 51 51 3 47 7 16 9 44 51 0 47 47 8 27 8 27 27 9 16 8 52 28 3 25 6 6 44 44 3 3
split_gain=0.000284309 0.000328497 0.000336578 0.000459085 0.000323659 0.000431371 0.000388395 0.000339471 0.00034671 0.000204562 0.000202662 0.000160977 0.000132043 0.000214128 0.000189632 0.000137277 0.000117747 9.89006e-05 0.000101441 0.000112503 9.85612e-05 0.00022858 0.000130084 9.53123e-05 7.08754e-05 7.06779e-05 7.42741e-05 6.64998e-05 9.66966e-05 4.99122e-05 4.40842e-05 4.03156e-05 2.51218e-05 8.40664e-05 2.18626e-05 4.46504e-06 2.43633e-05 1.70868e-05 3.74183e-06 3.07738e-06 2.38336e-07 1.28316e-06
threshold=466.01500000000004 1.4395242799796037 1.4834467428912823 0.11997830245527223 0.9694680846212137 -0.2123535686253904 349.22500000000008 0.52039723454267894 0.0058971787412472046 81.60454892110225 18.733618234508182 0.0029789619348194788 420.76500000000004 422.78750000000008 0.51842545502241222 25.369455754971458 0.0017999229219201483 0.0030157466717216645 1.1999999999999604 11.301058462380741 442.09250000000003 454.07383096636914 77.035525544963079 31.333192572809683 58.775000000000006 0.33508589782340731 235.85000000000005 -0.16849725004899471 0.17294547219972869 0.34999999999999437 -0.0024798177877521361 347.3250000000001 0.0044968422684707405 0.060772569024517172 0.93047732762737856 -0.00031980831931140342 2.0749999999999891 -4.3499999999999934 94.682401080626491 32.610678709818423 -0.13007842925272803 1.6365028008057771
decision_type=2 2 2 2 2 2 2 2 2 2 2 2 2 2 2 2 2 2 2 2 2 2 2 2 2 2 2 2 2 2 2 2 2 2 2 2 2 2 2 2 2 2
left_child=1 12 3 10 35 40 7 -7 9 11 -3 -9 14 15 16 -14 24 18 -12 -20 27 22 23 -22 -1 26 -26 -15 30 -17 -29 34 33 -23 -31 -2 37 -37 39 -39 -6 -42
right_child=4 2 -4 -5 5 6 -8 8 -10 -11 17 -13 13 20 -16 29 -18 -19 19 -21 21 32 -24 -25 25 -27 -28 28 -30 31 -32 -33 -34 -35 -36 36 -38 38 -40 -41 41 -43
leaf_value=0 0 0 0 0 0 0 0 -0.00012157749535134804 0 0 0 0 0 0 0 0 0 0 0 0.00012118583165398438 0 1.9771373468159889e-05 0 -4.0844081106975523e-05 5.4097614456295843e-05 0 0 0 0 -0.00010063561558941754 2.2130987885772233e-05 0 0 0 0 0 0 0 0 1.9128665110066158e-05 5.0816478919091602e-06 0
leaf_weight=20 507 23 648 217 264 21 358 401 43 9.9999999999999982 35 9.9999999999999982 50 409 422 9.9999999999999982 416 50 20 297 429 698 80 761 546 33 206 35 459 118 1285 34 321 135 9.9999999999999982 19 281 9.9999999999999982 17 360 147 11.999999999999998
leaf_count=20 507 23 648 217 264 21 358 401 43 10 35 10 50 409 422 10 416 50 20 297 429 698 80 761 546 33 206 35 459 118 1285 34 321 135 10 19 281 10 17 360 147 12
internal_value=0 5.86283e-06 2.90412e-05 5.48116e-05 -1.34306e-05 -3.14555e-05 -5.25792e-05 -8.2491e-05 -9.45537e-05 -0.000109134 8.50635e-05 -0.000115945 0 -2.85299e-06 1.33017e-05 -5.08439e-05 2.5025e-05 9.43868e-05 0.000104284 0.000113463 0 -7.46479e-06 -2.35839e-05 -2.94414e-05 3.6267e-05 3.9679e-05 4.334e-05 7.13215e-06 1.24898e-05 -7.2987e-05 1.98324e-05 -8.01508e-05 0 8.6815e-06 -9.44042e-05 0 4.03004e-06 1.33185e-05 1.72157e-05 1.83098e-05 0 1.934e-06
internal_weight=0 7767 1290 642 2460 1266 843 485 464 421 425 411 6477 4834 1643 222 1221 402 352 317 4612 2424 1270 1190 805 785 752 2188 1779 172 1320 162 1154 833 128 1194 687 406 387 370 423 159
internal_count=10227 7767 1290 642 2460 1266 843 485 464 421 425 411 6477 4834 1643 222 1221 402 352 317 4612 2424 1270 1190 805 785 752 2188 1779 172 1320 162 1154 833 128 1194 687 406 387 370 423 159
is_linear=0
shrinkage=0.05


Tree=2
num_leaves=40
num_cat=0
split_feature=39 25 49 36 7 39 36 51 4 8 12 49 39 30 36 2 2 36 23 30 7 44 8 49 50 43 34 3 8 51 44 8 23 39 50 33 30 25 18
split_gain=0.00036183 0.000324383 0.000404256 0.000296872 0.000265418 0.000258957 0.000460835 0.000327127 0.000188859 0.000245409 0.000213161 0.000166878 0.0002095 0.00044991 0.000470408 0.00030389 0.000261084 0.000188169 0.000269534 0.000277656 0.000153333 0.000118936 0.000131419 9.24541e-05 8.6956e-05 0.000121012 7.01424e-05 6.17618e-05 5.9382e-05 4.81963e-05 4.57394e-05 4.53353e-05 1.48137e-05 1.82443e-05 7.10484e-08 2.43054e-06 3.51087e-06 5.12005e-06 4.57388e-06
threshold=0.001401774337577253 -0.003601691117882925 463.4812500000001 1.3734781978013897 0.0013263631674863112 0.00083339151660806346 1.4459143166908992 404.33150000000006 0.9535714285714324 343.87500000000006 0.00011857473214141826 442.88375000000002 0.0015985176965225166 -0.11796607317503664 0.98084022550560701 0.82723385857099185 -0.99861303363903164 0.89722932699171842 0.0014814766720334667 -0.20161339990635571 0.00203653308413819 92.508821516480097 78.625000000000014 449.86750000000001 -0.0021474127333228916 86.956521571098577 1.5688467914987385 -1.3274528583467862 77.075000000000003 460.75650000000007 15.970892005621485 70.225000000000009 0.0029676029467677026 0.00080496136284983707 0.00034458803957616347 1.489851826443465 0.039090353352187593 0.000226441972337938 0.0005657708646115146
decision_type=2 2 2 2 2 2 2 2 2 2 2 2 2 2 2 2 2 2 2 2 2 2 2 2 2 2 2 2 2 2 2 2 2 2 2 2 2 2 2
left_child=5 2 3 -2 -5 28 34 -8 -9 10 -10 17 13 -13 -15 16 -16 -3 19 -19 -12 22 -21 27 -25 29 -6 -14 -1 -26 -29 -32 33 -30 35 36 37 38 -7
right_child=1 11 -4 4 26 6 7 8 9 -11 20 12 23 14 15 -17 -18 18 -20 21 -22 -23 -24 24 25 -27 -28 30 32 -31 31 -33 -34 -35 -36 -37 -38 -39 -40
leaf_value=0 0 0 0 0 0.00016168425233068672 -7.9370606981064857e-06 0 0 0 0 -8.2426113427455335e-05 0 0 0 0 0 -0.0001453247569975504 0 0 0 0 0 6.5979958516927301e-05 0 0 0 0 0 4.7621589631099517e-05 2.7193106003040552e-05 0 -3.5111022630038004e-05 0 0 0 0 0 0 0
leaf_weight=37 174 1751 247 17 140 623 52 235 51 63 771 204 36 241 9.9999999999999982 60 203 139 277 80 77 38 649 547 280 565 11.999999999999998 15.999999999999998 109 986 15.999999999999998 425 9.9999999999999982 32 766 134 149 52 84
leaf_count=37 174 1751 247 17 140 623 52 235 51 63 771 204 36 241 10 60 203 139 277 80 77 38 649 547 280 565 12 16 109 986 16 425 10 32 766 134 149 52 84
internal_value=0 6.12368e-06 4.26938e-05 7.79622e-05 0.000129262 -1.40193e-05 -2.03689e-05 -4.40172e-05 -5.20069e-05 -6.20957e-05 -6.93413e-05 5.14682e-07 -3.97012e-06 -2.84238e-05 -5.75793e-05 -0.000102674 -0.000130649 1.11125e-05 2.65287e-05 4.07722e-05 -7.56669e-05 5.35553e-05 5.85262e-05 0 6.1147e-06 1.29331e-05 0.000151429 -1.6979e-05 9.43781e-06 2.19273e-05 -2.54681e-05 -3.05165e-05 3.30462e-05 3.78343e-05 0 -4.12811e-07 -2.624e-06 -4.44928e-06 -6.27285e-06
internal_weight=0 7113 590 343 169 3245 3057 1249 1197 962 899 6523 3589 718 514 273 213 2934 1183 906 848 767 729 2871 2378 1831 152 493 188 1266 457 441 151 141 1808 1042 908 759 707
internal_count=10358 7113 590 343 169 3245 3057 1249 1197 962 899 6523 3589 718 514 273 213 2934 1183 906 848 767 729 2871 2378 1831 152 493 188 1266 457 441 151 141 1808 1042 908 759 707
is_linear=0
shrinkage=0.05


Tree=3
num_leaves=51
num_cat=0
split_feature=39 51 39 27 9 40 49 39 30 6 52 30 27 9 44 4 3 9 4 7 31 6 20 39 30 7 1 1 3 5 47 47 51 22 3 4 49 7 50 44 34 44 30 30 30 30 44 20 39 39
split_gain=0.000325594 0.000308749 0.000306451 0.000238284 0.000254567 0.000206543 0.000194034 0.000272895 0.000293319 0.000218217 0.000276096 0.000201029 0.000226241 0.00015739 0.000154867 0.000201196 0.000264862 0.000131499 0.000164084 0.000128153 0.00011325 0.000110992 9.60782e-05 0.000100774 7.9174e-05 0.000273651 0.000167647 0.000154129 7.76056e-05 7.35301e-05 7.34035e-05 0.000117069 0.000148118 0.000124128 0.000150513 0.000172153 5.93545e-05 6.41664e-05 6.1572e-05 2.57653e-05 4.29592e-05 7.32285e-05 4.46062e-05 4.78458e-05 9.92512e-06 3.78207e-05 1.62448e-05 1.77006e-05 4.1092e-08 2.83177e-08
threshold=0.0014248480804786674 460.34900000000005 0.00098271496442861139 -0.23858241598222832 1.3550000000000184 0.62085608767906908 442.88375000000002 0.0016181976186067652 -0.066205652041331123 -2.2999999999999825 0.0084432351456438896 0.17094607212564011 -0.16849725004899471 0.35500000000001825 90.959148489380709 1.8000000000000014 0.30427552872448632 0.52499999999997737 0.757142857142869 0.0029789619348194788 0.0037713342672823246 -6.7250000000000218 -0.016100340029330747 0.0014982414223280044 0.048208772399633289 0.0012763391076999373 502.68016442612708 455.00905171844039 1.6365028008057771 -7.8249999999999877 31.657534673828746 56.843349780060144 403.84950000000003 0.87989223341395484 -0.17124020837042639 0.93214285714286416 473.62125000000009 0.0045683172523810897 0.0046040456024947383 15.489797684008847 -0.44997999379733716 87.589631515398438 0.39978545738289822 -0.13958514709792738 -0.048427270148180913 0.19105798561753981 80.11079297974986 -0.0083822397714695667 0.0016588998106882322 0.003079958456634739
decision_type=2 2 2 2 2 2 2 2 2 2 2 2 2 2 2 2 2 2 2 2 2 2 2 2 2 2 2 2 2 2 2 2 2 2 2 2 2 2 2 2 2 2 2 2 2 2 2 2 2 2
left_child=1 30 -3 4 -2 -6 11 8 -8 -10 13 12 -5 -11 15 16 20 -14 -19 -20 21 -4 -7 -24 36 26 27 -26 29 -25 39 32 -32 34 -34 -36 37 38 -9 -1 -41 42 43 -42 -33 46 47 -46 -13 -50
right_child=3 2 14 6 5 22 7 24 9 10 -12 48 17 -15 -16 -17 -18 18 19 -21 -22 -23 23 28 25 -27 -28 -29 -30 -31 31 44 33 -35 35 -37 -38 -39 -40 40 41 -43 -44 -45 45 -47 -48 -49 49 -51
leaf_value=0 0 0 0 0 0 0 0 -2.677771251352298e-05 0 0 0 0 0 -0.00010085538554102545 0 0 0 0 5.1041703738533744e-05 0 0 -0.000126846029966924 0 0 0 0 0 8.8926142168505398e-05 0 9.5900089586215873e-05 0 0 0 0 0 -6.9822053411640816e-05 0 0 0 0 0 0 0 3.6150059565594988e-05 0 0 0 3.5805517425635663e-05 -5.5800164994784844e-07 0
leaf_weight=67 599 77 9.9999999999999982 240 117 96 161 766 40 31 75 243 419 313 48 107 183 104 948 80 11.999999999999998 262 59 10.999999999999998 28 1016 20 202 21 311 56 315 507 110 145 399 368 24 28 102 116 143 9.9999999999999982 461 44 51 55 159 557 51
leaf_count=67 599 77 10 240 117 96 161 766 40 31 75 243 419 313 48 107 183 104 948 80 12 262 59 11 28 1016 20 202 21 311 56 315 507 110 145 399 368 24 28 102 116 143 10 461 44 51 55 159 557 51
internal_value=0 -1.28676e-05 -4.37963e-05 5.94079e-06 2.63049e-05 4.89886e-05 0 -6.79934e-06 -3.64531e-05 -5.82338e-05 -7.08221e-05 1.13943e-05 2.17272e-05 -9.0073e-05 -5.81943e-05 -6.59074e-05 -8.00923e-05 3.01613e-05 3.92004e-05 4.57275e-05 -0.000113459 -0.000120333 6.32424e-05 7.45056e-05 0 9.37075e-06 5.63691e-05 7.26174e-05 8.5082e-05 9.11734e-05 0 -9.51442e-06 -1.94256e-05 -2.67285e-05 -3.29294e-05 -5.27797e-05 -8.55091e-06 -1.6951e-05 -2.23154e-05 4.32559e-06 9.87972e-06 1.60718e-05 2.51577e-05 2.89317e-05 0 8.9567e-06 2.14969e-05 2.80517e-05 0 -4.1095e-07
internal_weight=0 3439 699 6928 1214 615 5714 3072 620 459 419 2642 1791 344 622 574 467 1551 1132 1028 284 272 498 402 2452 1266 250 230 343 322 2740 1841 1217 1161 1051 544 1186 818 794 899 832 730 587 577 624 309 258 203 851 608
internal_count=10367 3439 699 6928 1214 615 5714 3072 620 459 419 2642 1791 344 622 574 467 1551 1132 1028 284 272 498 402 2452 1266 250 230 343 322 2740 1841 1217 1161 1051 544 1186 818 794 899 832 730 587 577 624 309 258 203 851 608
is_linear=0
shrinkage=0.05


end of trees

feature_importances:
macd_strength=17
volatility_ma=15
macd_signal=10
volume_ma=10
stoch_d=10
sma_50=8
atr=7
volatility=7
macd_hist=7
momentum_ratio=7
volatility_ratio=7
adx=7
sma_20=7
range=5
volume_ratio=5
price_sma_20_dist=5
ema_slow=4
momentum_20=4
return_24=4
price_ema_fast_dist=4
atr_normalized=4
atr_ratio=3
price_sma_50_dist=3
ema_fast=2
macd=2
return_1=2
ema_cross_pct=2
macd_hist_change=2
atr_ma=2
momentum_10=1
body_pct=1
return_6=1
ema_cross=1
stoch_k=1

parameters:
[boosting: gbdt]
[objective: regression]
[metric: rmse]
[tree_learner: serial]
[device_type: cpu]
[data: ]
[valid: ]
[num_iterations: 500]
[learning_rate: 0.05]
[num_leaves: 70]
[num_threads: 8]
[deterministic: 0]
[force_col_wise: 0]
[force_row_wise: 0]
[histogram_pool_size: -1]
[max_depth: 8]
[min_data_in_leaf: 10]
[min_sum_hessian_in_leaf: 0.001]
[bagging_fraction: 0.9]
[pos_bagging_fraction: 1]
[neg_bagging_fraction: 1]
[bagging_freq: 1]
[bagging_seed: 400]
[feature_fraction: 0.7]
[feature_fraction_bynode: 1]
[feature_fraction_seed: 30056]
[extra_trees: 0]
[extra_seed: 12879]
[early_stopping_round: 0]
[first_metric_only: 0]
[max_delta_step: 0]
[lambda_l1: 0.3]
[lambda_l2: 0.3]
[linear_lambda: 0]
[min_gain_to_split: 0]
[drop_rate: 0.1]
[max_drop: 50]
[skip_drop: 0.5]
[xgboost_dart_mode: 0]
[uniform_drop: 0]
[drop_seed: 17869]
[top_rate: 0.2]
[other_rate: 0.1]
[min_data_per_group: 100]
[max_cat_threshold: 32]
[cat_l2: 10]
[cat_smooth: 10]
[max_cat_to_onehot: 4]
[top_k: 20]
[monotone_constraints: ]
[monotone_constraints_method: basic]
[monotone_penalty: 0]
[feature_contri: ]
[forcedsplits_filename: ]
[refit_decay_rate: 0.9]
[cegb_tradeoff: 1]
[cegb_penalty_split: 0]
[cegb_penalty_feature_lazy: ]
[cegb_penalty_feature_coupled: ]
[path_smooth: 0]
[interaction_constraints: ]
[verbosity: 1]
[saved_feature_importance_type: 0]
[linear_tree: 0]
[max_bin: 255]
[max_bin_by_feature: ]
[min_data_in_bin: 3]
[bin_construct_sample_cnt: 200000]
[data_random_seed: 175]
[is_enable_sparse: 1]
[enable_bundle: 1]
[use_missing: 1]
[zero_as_missing: 0]
[feature_pre_filter: 1]
[pre_partition: 0]
[two_round: 0]
[header: 0]
[label_column: ]
[weight_column: ]
[group_column: ]
[ignore_column: ]
[categorical_feature: ]
[forcedbins_filename: ]
[precise_float_parser: 0]
[parser_config_file: ]
[objective_seed: 16083]
[num_class: 1]
[is_unbalance: 0]
[scale_pos_weight: 1]
[sigmoid: 1]
[boost_from_average: 1]
[reg_sqrt: 0]
[alpha: 0.9]
[fair_c: 1]
[poisson_max_delta_step: 0.7]
[tweedie_variance_power: 1.5]
[lambdarank_truncation_level: 30]
[lambdarank_norm: 1]
[label_gain: ]
[lambdarank_position_bias_regularization: 0]
[eval_at: ]
[multi_error_top_k: 1]
[auc_mu_weights: ]
[num_machines: 1]
[local_listen_port: 12400]
[time_out: 120]
[machine_list_filename: ]
[machines: ]
[gpu_platform_id: -1]
[gpu_device_id: -1]
[gpu_use_dp: 0]
[num_gpu: 1]

end of parameters

pandas_categorical:[]
