tree
version=v4
num_class=1
num_tree_per_iteration=1
label_index=0
max_feature_idx=63
objective=regression
feature_names=rsi ema_fast ema_slow bb_middle bb_upper bb_lower atr momentum_10 momentum_20 volatility volume_ma range range_pct body body_pct upper_shadow lower_shadow is_bullish return_1 return_3 return_6 return_12 return_24 log_return rsi_normalized rsi_overbought rsi_oversold rsi_divergence ema_cross ema_cross_pct ema_cross_signal price_ema_fast_dist price_ema_slow_dist bb_width bb_position bb_position_normalized price_bb_upper_dist price_bb_lower_dist bb_breakout_upper bb_breakout_lower atr_normalized atr_ma atr_ratio momentum_ratio momentum_convergence volume_ratio volume_spike volume_change volatility_ma volatility_ratio high_volatility low_volatility stoch_k stoch_d stoch_overbought stoch_oversold adx strong_trend sma_20 price_sma_20_dist sma_50 price_sma_50_dist signal_convergence market_regime
feature_infos=[0:99.145297958945207] [178.43567715091189:433.68571375795216] [179.16899978712291:431.92552352305103] [0:433.77300000000002] [0:445.7902884830076] [0:429.47706752940064] [0:5.6750000000000158] [-25.279999999999973:28.700000000000045] [-31.779999999999973:25.949999999999989] [0:0.013760960557476004] [0:2115.0500000000002] [0:13.050000000000011] [0:0.03421614934772834] [0:10.25] [0:0.026920687512942638] [0:4.8700000000000045] [0:4.5] [0:1] [-0.050838840874428026:0.045717965228589952] [-0.057869419839267966:0.061171925305859576] [-0.062313273580879347:0.055282817502668058] [-0.068215417106652576:0.083728761671513885] [-0.090496047799838109:0.085476025017373169] [-0.052176674847336416:0.04470369757293631] [-0.94594594696859302:0.98290595917890411] [0:1] [0:1] [-30.685579898938528:30.655894189272409] [-7.5253030847692912:6.6334773479187561] [-0.022156052067626355:0.018822304634963066] [0:1] [-0.036308308357206574:0.036066957016052281] [-0.049417861370993924:0.049832234635270263] [0:0.1185808689057089] [-0.39000481601162978:1.4312802625283376] [-1.7800096320232597:1.8625605250566752] [-0.014907105856414044:0.10111453388061334] [-0.013692039624379688:0.095935693106670827] [0:1] [0:1] [0:0.01518304181026075] [0:5.0375357142857249] [0:1.7958743291669197] [-387999999.99999952:259999999.99999943] [-28.700000000000045:25.279999999999973] [0:3.4909160086846587] [0:1] [-0.99886813808715336:944] [0:0.013272101953949508] [0:2.8686155747316899] [0:1] [0:1] [0:99.999999925373132] [0:99.128093654670806] [0:1] [0:1] [0:86.579415337112295] [0:1] [0:433.77300000000002] [-0.051861963793781926:0.050205850487540539] [0:429.52199999999999] [-0.084765493890769872:0.066042024013722056] [0:2] [0:2]
tree_sizes=3035 2758 2742 2725 2680 1604 2449 2669 2750 2628 2690 2758 2112 2421 2178 2784

Tree=0
num_leaves=31
num_cat=0
split_feature=41 42 42 10 3 28 56 56 41 28 7 22 10 56 44 4 1 28 1 10 43 6 31 28 22 41 53 42 1 44
split_gain=0.0178592 0.0127415 0.00539125 0.00520061 0.00696405 0.00492593 0.00483273 0.00609668 0.00552393 0.00438938 0.0033014 0.00296153 0.00294187 0.00260386 0.00232891 0.0025179 0.00210686 0.00201816 0.00197966 0.00165674 0.00157527 0.00149895 0.00135934 0.00118904 0.00111049 0.000934959 0.000863325 0.000650955 0.000556901 2.14313e-05
threshold=3.4683392857142903 1.0081201436563094 1.318322456708515 1640.4500000000003 333.34500000000008 0.76450971875070206 47.675174919159666 20.839556206158566 1.6348571428571466 1.345570423469397 0.95000000000000295 0.053492933131359839 901.70000000000016 54.021816473277774 -3.0750000000000166 388.71707055039889 190.89555848525819 3.154801848167438 419.65441975593029 1133.0500000000002 -0.28479262582541393 2.0964285714285684 0.0145679094312704 -5.8470072208932029 0.0056894671579557085 2.2541964285714298 41.196206779725131 0.90813831504774678 293.7876027549234 -2.0499999999999683
decision_type=2 2 2 2 2 2 2 2 2 2 2 2 2 2 2 2 2 2 2 2 2 2 2 2 2 2 2 2 2 2
left_child=1 5 6 4 -2 10 7 19 -9 13 14 20 21 16 28 -16 -7 -13 23 -3 -8 -11 -14 -6 27 26 -4 -12 -1 -26
right_child=3 2 25 -5 18 9 11 8 -10 12 24 17 22 -15 15 -17 -18 -19 -20 -21 -22 -23 -24 -25 29 -27 -28 -29 -30 -31
leaf_value=0.001197389520406834 0.0012233620026263334 0.0012233620026263334 0.0012233620026263334 0.0012233620026263334 0.0012233620026263334 0.0012233620026263334 0.0012233620026263334 0.0012233620026263334 0.0011734555317992742 0.0011941002354360132 0.0012233620026263334 0.0012233620026263334 0.0012900154069626878 0.0012233620026263334 0.0012564507061496404 0.0012207000671358398 0.0013187867163146644 0.0011427928482574011 0.0012233620026263334 0.0013026466619228826 0.0012632034058250871 0.0012445981990341531 0.0012233620026263334 0.0010658289571357812 0.0012233620026263334 0.0012233620026263334 0.0010984338102128174 0.0011838964929210649 0.0012233620026263334 0.0012273868013835754
leaf_weight=83 20 214 11.999999999999998 49 10.999999999999998 10.999999999999998 53 472 641 143 164 21 104 15.999999999999998 807 68 238 38 28 39 329 60 11.999999999999998 132 14.999999999999998 9.9999999999999982 62 140 67 132
leaf_count=83 20 214 12 49 11 11 53 472 641 143 164 21 104 16 807 68 238 38 28 39 329 60 12 132 15 10 62 140 67 132
internal_value=0.00122336 0.0012266 0.00120877 0.00113803 0.00111443 0.00124441 0.00121428 0.00120392 0.00119273 0.00127041 0.00123209 0.00123956 0.00123357 0.00130338 0.00124312 0.00125025 0.00131201 0.00119527 0.00109177 0.00124128 0.00125427 0.00122336 0.00127642 0.00107476 0.00121367 0.0011264 0.00111416 0.00120091 0.00122154 0.00122336
internal_weight=0 3951 1891 240 191 2060 1807 1366 1113 584 1476 441 319 265 1025 875 249 59 171 253 382 203 116 143 451 84 74 304 150 147
internal_count=4191 3951 1891 240 191 2060 1807 1366 1113 584 1476 441 319 265 1025 875 249 59 171 253 382 203 116 143 451 84 74 304 150 147
is_linear=0
shrinkage=1


Tree=1
num_leaves=31
num_cat=0
split_feature=40 29 3 10 6 10 10 41 56 40 2 41 1 3 22 56 29 53 33 29 44 40 29 2 5 5 29 29 9 29
split_gain=0.0181552 0.00824645 0.0055365 0.00721656 0.00533964 0.00479734 0.0102971 0.00815823 0.00533945 0.00478297 0.00462103 0.00673253 0.00458356 0.0167481 0.00337438 0.00313681 0.0042796 0.00292688 0.00254703 0.00185369 0.00161807 0.00155248 0.00136216 0.00136204 0.00121758 0.00112889 0.00106965 0.000568308 0.00047027 0.000120663
threshold=0.0077724759551764337 0.01339375388771287 385.41550000000007 1045.1750000000004 2.4210714285714259 1330.575 1522.6500000000003 3.114339285714292 44.581824003651782 0.0086999363928598351 254.84823913556065 3.4683392857142903 225.79650090961806 204.94500000000002 -0.029472286887244733 17.780465069240645 -0.0030615319654970735 88.190084723405064 0.027126912544851025 -0.0023081220420376205 -3.0499999999999683 0.0062221731441787203 0.0047778557350151721 241.73709840303306 380.26212416130971 223.75320722100847 0.0041260956917752905 0.002826157333742277 0.0035004102538611008 -0.0095183217116919985
decision_type=2 2 2 2 2 2 2 2 2 2 2 2 2 2 2 2 2 2 2 2 2 2 2 2 2 2 2 2 2 2
left_child=2 5 3 12 -3 8 7 -7 9 18 25 -12 13 21 -15 22 -17 19 -2 -5 -4 -1 -14 -11 -22 -10 -9 29 -21 -26
right_child=1 4 20 17 -6 6 -8 26 10 23 11 -13 15 14 -16 16 -18 -19 -20 28 24 -23 -24 -25 27 -27 -28 -29 -30 -31
leaf_value=1.7774538885687429e-05 0 0 0 0 -0.0002329960727415156 0 0 -0.00022070915937102455 3.9711726987035837e-07 2.7098728517891084e-05 9.7780170028400975e-05 0 5.4008680378904423e-05 0 0.00011766505289190477 2.9870089436602649e-05 -1.3369301189797531e-05 0 -6.7176115643601312e-05 0 0 -1.2972764296028637e-05 0 -1.3820270948922168e-05 0 -3.3154186959969405e-05 0 0 0.00011838925280749025 -7.8308833736765021e-05
leaf_weight=365 145 25 66 17 35 24 138 60 111 131 130 42 153 9.9999999999999982 210 278 1031 41 276 9.9999999999999982 29 238 11.999999999999998 208 9.9999999999999982 103 25 22 132 84
leaf_count=365 145 25 66 17 35 24 138 60 111 131 130 42 153 10 210 278 1031 41 276 10 29 238 12 208 10 103 25 22 132 84
internal_value=0 -2.81774e-05 1.56302e-05 2.05129e-05 -0.00015141 -2.06848e-05 -6.31069e-05 -0.000135763 -8.91029e-06 -2.59969e-05 1.69598e-05 5.76448e-05 1.38901e-05 3.30564e-05 0.000108097 1.14934e-06 -1.89026e-06 8.1463e-05 -4.85277e-05 0.000100904 -2.79009e-05 6.65721e-07 4.3372e-05 0 -4.73885e-05 -1.77615e-06 -0.000182159 -6.2069e-05 0.000112697 -7.31712e-05
internal_weight=0 1453 2708 2497 60 1393 247 109 1146 760 386 172 2297 823 220 1474 1309 200 421 159 211 603 165 339 145 214 85 116 142 94
internal_count=4161 1453 2708 2497 60 1393 247 109 1146 760 386 172 2297 823 220 1474 1309 200 421 159 211 603 165 339 145 214 85 116 142 94
is_linear=0
shrinkage=0.01


Tree=2
num_leaves=31
num_cat=0
split_feature=40 42 10 10 41 41 9 60 48 29 24 41 48 4 6 3 60 60 56 56 60 61 3 33 8 56 1 61 48 40
split_gain=0.0201141 0.00590185 0.00579599 0.0129948 0.0060198 0.00435903 0.00537387 0.0100238 0.00425586 0.00731611 0.00463279 0.00420003 0.00911844 0.00397217 0.00351705 0.00348941 0.00340548 0.00285695 0.0027806 0.00277343 0.00255246 0.00282472 0.00247772 0.00231405 0.00181846 0.00169764 0.00168299 0.00164365 0.00118185 0.0015427
threshold=0.0080338756736951875 1.02908184474342 1330.575 1522.6500000000003 3.114339285714292 2.7240000000000038 0.0057768542364460291 230.14300000000003 0.0051503065556614651 0.0023282161209881931 0.22580642854665509 3.4683392857142903 0.0057216080268676726 238.17641468957396 2.5414285714285767 333.34500000000008 223.98600000000002 225.99200000000002 67.465851292071889 19.406814456161417 220.01050000000006 0.034142296700011648 385.72125000000011 0.044401044666252852 -6.3499999999999792 17.939539432544304 187.83710485003724 -0.043373650411086616 0.0036582376494378533 0.0069972974684334782
decision_type=2 2 2 2 2 2 2 2 2 2 2 2 2 2 2 2 2 2 2 2 2 2 2 2 2 2 2 2 2 2
left_child=1 8 5 4 -4 6 13 -8 9 17 16 12 -7 -2 -15 -13 -10 -1 26 -9 -12 -22 -18 28 -17 -19 -11 -14 -3 -30
right_child=2 23 3 -5 -6 11 7 19 10 18 20 15 27 14 -16 24 22 25 -20 -21 21 -23 -24 -25 -26 -27 -28 -29 29 -31
leaf_value=3.6666024938341259e-05 -4.142162196488214e-05 -3.3419167302512528e-05 0 0 -0.00018862179478752064 -6.4439820844561207e-06 0 0 -1.9641403726794191e-05 0 0 0 0 7.0005453105211559e-05 0 0 4.8023714359309144e-05 3.7588863148735246e-05 0 -0.00010179740746559002 -8.7762924000956048e-05 0 0 2.0505778927196077e-05 -0.00012892302245631155 -5.6927535629435827e-06 7.7881189813407107e-05 0.0001133302946182991 1.6643415186185538e-05 -1.9739490771065251e-05
leaf_weight=348 124 270 15.999999999999998 140 100 118 176 20 86 13.999999999999998 20 27 11.999999999999998 109 47 24 296 107 24 255 113 25 35 176 41 560 414 104 175 271
leaf_count=348 124 270 16 140 100 118 176 20 86 14 20 27 12 109 47 24 296 107 24 255 113 25 35 176 41 560 414 104 175 271
internal_value=0 1.34164e-05 -3.3615e-05 -8.06486e-05 -0.00015971 -1.93666e-05 -3.36585e-05 -5.5014e-05 2.31227e-05 3.21594e-05 0 3.48821e-06 3.384e-05 0 3.43059e-05 -4.10673e-05 1.75359e-05 1.34093e-05 6.75945e-05 -9.27494e-05 -4.59995e-05 -6.53265e-05 3.62595e-05 -5.44185e-06 -8.79063e-05 0 7.39883e-05 0.000100525 -1.60141e-05 0
internal_weight=0 2934 1313 256 116 1057 731 451 2042 1467 575 326 234 280 156 92 417 1015 452 275 158 138 331 892 65 667 428 116 716 446
internal_count=4247 2934 1313 256 116 1057 731 451 2042 1467 575 326 234 280 156 92 417 1015 452 275 158 138 331 892 65 667 428 116 716 446
is_linear=0
shrinkage=0.01


Tree=3
num_leaves=31
num_cat=0
split_feature=40 29 61 4 10 6 59 42 41 37 48 48 20 37 2 44 0 33 29 33 9 60 42 2 48 10 29 6 22 6
split_gain=0.0180543 0.0107064 0.0065063 0.00614454 0.00980727 0.00607816 0.00523002 0.00522282 0.00498286 0.00468581 0.0044241 0.00369818 0.00344885 0.00365523 0.0033575 0.00332196 0.00315659 0.00291852 0.00277715 0.00240826 0.00228841 0.00174203 0.00178122 0.00147914 0.00167282 0.00142337 0.00165455 0.00136314 0.00129826 0.00107526
threshold=0.0077724759551764337 0.01339375388771287 0.0058286693545270508 389.43443905888978 685.37500000000011 1.6857142857142884 0.014423287542017887 1.1439828050538197 1.6152678571428598 0.024034851121302884 0.004752575266782356 0.0036746775116062269 -0.0098519299655744335 0.012583043074239872 202.89307929250302 -2.2000000000000024 39.370078089156202 0.02101531505630919 0.0085055315704902646 0.052487688869787233 0.0051843570836527996 384.85930000000008 0.74706666007552414 321.26467575436521 0.00598400060434141 1416.8000000000002 -0.0092556719190071326 1.0357142857142889 0.010343641184846876 2.30285714285715
decision_type=2 2 2 2 2 2 2 2 2 2 2 2 2 2 2 2 2 2 2 2 2 2 2 2 2 2 2 2 2 2
left_child=3 2 7 4 5 11 12 10 -3 21 -2 27 -4 -14 -13 -5 -7 -12 28 -20 -18 22 -6 24 -11 26 -17 -1 -8 -10
right_child=1 8 6 15 9 16 18 -9 29 23 17 14 13 -15 -16 25 20 -19 19 -21 -22 -23 -24 -25 -26 -27 -28 -29 -30 -31
leaf_value=1.9869427740331448e-05 0 0 -7.1204535769625818e-06 0 0 0 0 0 0 6.4493122306228155e-05 0 0 0 6.0788369802295138e-05 4.0341817318164786e-05 0 -6.6322447210703602e-05 -6.8647460117781734e-05 5.9411883136133149e-05 -3.5203875767954549e-05 0 0 8.4101331386678976e-05 -3.9843694416228004e-06 0 0 -8.0177211966800627e-05 -1.5094585818084644e-05 -8.1277276008671283e-05 -0.00024594425445986816
leaf_weight=133 83 11.999999999999998 76 84 24 70 19 153 11.999999999999998 75 19 320 51 267 704 28 185 515 45 65 54 31 402 126 10.999999999999998 10.999999999999998 126 367 98 37
leaf_count=133 83 12 76 84 24 70 19 153 12 75 19 320 51 267 704 28 185 515 45 65 54 31 402 126 11 11 126 367 98 37
internal_value=0 -2.75332e-05 -1.93547e-05 1.60045e-05 2.14123e-05 7.51042e-06 1.86231e-07 -3.90028e-05 -0.000164084 5.49994e-05 -5.23864e-05 1.70025e-05 2.67048e-05 4.4213e-05 2.81291e-05 -2.62602e-05 -2.95768e-05 -6.3235e-05 -3.26178e-05 0 -4.94952e-05 7.3837e-05 7.91012e-05 2.13856e-07 4.11197e-05 -5.5224e-05 -6.47269e-05 0 -6.65521e-05 -0.000208768
internal_weight=0 1452 1391 2751 2502 1833 621 770 61 669 617 1524 394 318 1024 249 309 534 227 110 239 457 426 212 86 165 154 500 117 49
internal_count=4203 1452 1391 2751 2502 1833 621 770 61 669 617 1524 394 318 1024 249 309 534 227 110 239 457 426 212 86 165 154 500 117 49
is_linear=0
shrinkage=0.01


Tree=4
num_leaves=31
num_cat=0
split_feature=40 29 61 56 41 56 41 60 10 1 1 52 40 60 10 24 31 56 3 10 48 22 56 10 60 47 10 10 22 28
split_gain=0.0230421 0.0133152 0.00869946 0.0077647 0.00470902 0.00383989 0.00363783 0.00331277 0.00761012 0.00650704 0.00940952 0.00612198 0.00533932 0.0027782 0.00285026 0.00191571 0.0034976 0.00204838 0.001899 0.00176833 0.00166203 0.00147917 0.00127575 0.0011592 0.00111991 0.00106131 0.00099218 0.000756531 0.000687894 0.000684547
threshold=0.0080338756736951875 0.01339375388771287 0.0053888130663461032 17.780465069240645 1.6395357142857123 54.410929452959785 1.5565178571428577 384.51160000000004 685.37500000000011 225.58807626895978 206.05123258044736 73.55203709779606 0.0068730239255708593 200.22000000000006 1640.4500000000003 0.22580642854665509 -0.0033261042594829675 44.581824003651782 423.50350000000009 1313.9250000000002 0.0077200277138249227 -0.01553101657072403 36.475895815182049 1469.2 382.44860000000006 0.7086391468310288 1203.7 1483.7000000000003 0.01715397169370492 -3.5799109012044137
decision_type=2 2 2 2 2 2 2 2 2 2 2 2 2 2 2 2 2 2 2 2 2 2 2 2 2 2 2 2 2 2
left_child=3 2 5 6 -3 13 -1 8 9 10 -5 24 -11 -2 -15 16 22 27 -18 20 -7 -8 -4 -21 -10 28 29 -17 -23 -9
right_child=1 4 15 7 -6 19 21 26 11 12 -12 -13 -14 14 -16 17 18 -19 -20 23 -22 25 -24 -25 -26 -27 -28 -29 -30 -31
leaf_value=0 0 0 0 0 -0.00022675957688331663 6.8287046119050045e-05 0 0 7.2013397685998109e-05 0 8.361995815043127e-05 0 -5.260696682533897e-05 -7.1397163573231397e-05 0 -5.1938921641480984e-05 5.8036049744421857e-05 0 0 -0.00010441356413582112 0 9.7028295874582003e-05 -6.2274858911942499e-05 0 0 0 0 0 0 -4.697249047176174e-05
leaf_weight=101 30 11.999999999999998 25 547 52 53 13.999999999999998 9.9999999999999982 338 730 188 270 292 526 25 126 195 133 10.999999999999998 19.000000000000004 17 203 36 10.999999999999998 23 13.999999999999998 49 13.999999999999998 30 151
leaf_count=101 30 12 25 547 52 53 14 10 338 730 188 270 292 526 25 126 195 133 11 19 17 203 36 11 23 14 49 14 30 151
internal_value=0 -3.69298e-05 -2.66295e-05 1.36918e-05 -0.000185742 -5.04785e-05 5.82035e-05 6.32903e-06 1.06167e-05 0 2.26041e-05 4.03966e-05 -1.64014e-05 -6.03904e-05 -6.59499e-05 0 2.21673e-05 -1.48443e-05 4.76244e-05 0 3.42241e-05 7.80338e-05 -1.46753e-05 -5.58439e-05 6.74228e-05 8.38578e-05 -2.81087e-05 -4.34654e-05 8.89327e-05 -4.05615e-05
internal_weight=0 1285 1221 2960 64 681 362 2598 2388 1757 735 631 1022 581 551 540 267 273 206 100 70 261 61 30 361 247 210 140 233 161
internal_count=4245 1285 1221 2960 64 681 362 2598 2388 1757 735 631 1022 581 551 540 267 273 206 100 70 261 61 30 361 247 210 140 233 161
is_linear=0
shrinkage=0.01


Tree=5
num_leaves=18
num_cat=0
split_feature=29 41 56 41 22 42 49 2 16 48 41 59 42 59 34 15 45
split_gain=0.0201969 0.0115773 0.00852524 0.00626387 0.00593415 0.00756512 0.00577403 0.00417637 0.00314741 0.00275264 0.00270963 0.00263946 0.0025828 0.00236099 0.00111727 0.000788096 0.000876034
threshold=0.01339375388771287 3.5154642857142848 17.624447496762752 1.6152678571428598 0.031922819404586418 1.0006453773124175 1.1026179783123642 204.41125973853318 0.080000000000012519 0.0047115985484659523 1.6296250000000012 0.0093084494621410718 1.1462600979021953 0.0051986904963274233 0.027315277139199873 1.5899999999999752 0.53931680956775041
decision_type=2 2 2 2 2 2 2 2 2 2 2 2 2 2 2 2 2
left_child=1 2 7 -2 5 9 8 -1 -3 -4 -7 14 13 -6 -9 16 -10
right_child=3 6 4 -5 12 10 -8 11 15 -11 -12 -13 -14 -15 -16 -17 -18
leaf_value=0 0 0 2.4486241611472354e-05 -0.00021787650991824019 0 0 0 0 0 0 -3.1651838821692132e-05 0 0 6.2564431211054581e-05 7.8329813434121278e-05 0 -0.00013910482049593747
leaf_weight=63 12.999999999999998 21 763 55 42 606 47 15.999999999999998 9.9999999999999982 833 875 49 119 270 297 21 106
leaf_count=63 13 21 763 55 42 606 47 16 10 833 875 49 119 270 297 21 106
internal_value=0 2.25131e-06 6.7712e-06 -0.000171066 7.68251e-07 -3.216e-06 -6.97348e-05 4.92309e-05 -9.97713e-05 1.06892e-05 -2.02253e-05 6.32287e-05 3.61508e-05 5.13019e-05 7.39297e-05 -0.000117342 -0.000130127
internal_weight=0 4138 3933 68 3508 3077 205 425 158 1596 1481 362 431 312 313 137 116
internal_count=4206 4138 3933 68 3508 3077 205 425 158 1596 1481 362 431 312 313 137 116
is_linear=0
shrinkage=0.01


Tree=6
num_leaves=27
num_cat=0
split_feature=48 42 29 56 56 60 60 6 60 49 60 49 6 41 56 56 61 53 1 22 41 24 21 33 33 42
split_gain=0.0143496 0.013486 0.00564858 0.00761149 0.00587301 0.0054231 0.00457762 0.00533101 0.00424247 0.00390045 0.00500229 0.00386948 0.00468114 0.00347982 0.00255114 0.00159355 0.00139899 0.00144534 0.00127405 0.00112243 0.00198906 0.00100851 0.000734981 1.31185e-05 0.000101467 1.08733e-05
threshold=0.0086813722412234281 0.99058604431643338 0.01339375388771287 46.328947166887055 17.624447496762752 384.05610000000007 281.98710000000005 1.5892857142857164 240.21950000000004 1.204023918461419 385.9187 0.81531907334995113 4.237142857142854 1.6200892857142868 45.000759468755781 28.774800014209585 -0.021668672965957345 92.903132833117397 227.65672529759698 -0.013391029689365895 3.0274821428571403 0.18567096565397792 -0.03157821740051802 0.02333623360250088 0.050753643168581032 0.85581302017995664
decision_type=2 2 2 2 2 2 2 2 2 2 2 2 2 2 2 2 2 2 2 2 2 2 2 2 2 2
left_child=1 5 3 4 21 6 7 14 -2 10 -5 -10 -13 -6 -1 -9 -8 -18 -4 20 -7 -3 -11 25 -25 -21
right_child=8 2 18 9 13 19 16 15 11 22 -12 12 -14 -15 -16 -17 17 -19 -20 23 -22 -23 -24 24 -26 -27
leaf_value=4.0049219449531357e-05 0 3.8970367144720152e-05 0 5.5282678377164342e-05 -2.7814190818749188e-06 0 0 3.5535099729981501e-06 0 0 -2.7992270986386795e-05 -0.00022155853592950171 0 -4.1461901930714347e-05 0 -2.7256495932302628e-05 7.0864645348630401e-05 0 -0.0001516704604074641 0 -8.3499862270095692e-05 0 -2.6400888481277148e-05 1.3146463054306752e-05 0 -4.9542696488512446e-06
leaf_weight=672 29 143 11.999999999999998 358 565 38 62 142 12.999999999999998 14.999999999999998 38 54 14.999999999999998 865 138 249 392 25 38 14.999999999999998 51 34 122 66 10.999999999999998 44
leaf_count=672 29 143 12 358 565 38 62 142 13 15 38 54 15 865 138 249 392 25 38 15 51 34 122 66 11 44
internal_value=0 3.45125e-06 -1.25966e-05 -8.61249e-06 -2.04685e-05 2.34736e-05 3.0329e-05 1.6264e-05 -0.000111599 2.14996e-05 3.97065e-05 -0.000148317 -0.000178068 -2.82803e-05 3.18738e-05 -8.40629e-06 5.93029e-05 6.61407e-05 -0.000122405 -1.43703e-05 -4.21655e-05 2.56641e-05 -9.24924e-06 0 4.11957e-06 0
internal_weight=0 4095 2190 2140 1607 1905 1680 1201 111 533 396 82 69 1430 810 391 479 417 50 225 89 177 137 136 77 59
internal_count=4206 4095 2190 2140 1607 1905 1680 1201 111 533 396 82 69 1430 810 391 479 417 50 225 89 177 137 136 77 59
is_linear=0
shrinkage=0.01


Tree=7
num_leaves=31
num_cat=0
split_feature=41 42 4 10 61 40 60 21 1 60 3 10 3 10 24 9 6 10 47 33 61 49 15 2 3 9 11 33 24 49
split_gain=0.0161922 0.00950437 0.00652336 0.0063884 0.00569867 0.00663944 0.00507122 0.00392437 0.00295032 0.0024125 0.00327916 0.00537412 0.00318097 0.00241005 0.00216438 0.00264797 0.00337863 0.00356532 0.00154174 0.00120575 0.00117127 0.000957459 0.000895883 0.000813453 0.00364094 0.0010216 0.000663628 0.000550007 0.000771444 0.000545512
threshold=3.355928571428572 1.0923733830911269 348.51615184457694 1522.6500000000003 0.012057967226461805 0.0077724759551764337 246.37550000000002 0.0046394625239216678 198.8591444560561 185.46300000000002 217.86250000000004 1036.8750000000002 204.94500000000002 680.22500000000014 0.17766855754162639 0.0052136110111598187 2.438571428571422 924.30000000000007 -0.25770238629434028 0.025829488413688203 0.0052134586887915323 1.0341708291395821 2.0550000000000073 229.66442254860249 228.28125000000003 0.0054955266213452796 1.97999999999999 0.043262014020166044 0.33333331946018524 1.2281396556120678
decision_type=2 2 2 2 2 2 2 2 2 2 2 2 2 2 2 2 2 2 2 2 2 2 2 2 2 2 2 2 2 2
left_child=1 4 -2 18 5 7 8 13 -7 -6 12 -12 -11 -1 19 27 29 -18 -4 20 21 -3 26 24 -21 -25 -20 28 -16 -17
right_child=2 14 3 -5 9 6 -8 -9 -10 10 11 -13 -14 -15 15 16 17 -19 22 23 -22 -23 -24 25 -26 -27 -28 -29 -30 -31
leaf_value=1.2937201082364055e-05 0 0 0 0 0 0 0 -2.4865058473105773e-06 -8.3373628049613431e-05 0 6.5002508729923397e-06 7.760687546412661e-05 0.00017030082690608681 5.1530180611615104e-05 0 0 -0.00019836443566265279 0 0 0 0 -6.6853292743493229e-05 0 1.3165080066991193e-05 0.00011878533001222157 -2.4403012728169108e-05 -0.00015986022973742044 0 -4.3695027866732726e-05 -3.1695836140048686e-05
leaf_weight=904 37 19 28 79 30 22 254 457 154 46 495 196 55 373 72 50 37 40 11.999999999999998 94 42 72 10.999999999999998 138 32 131 116 123 69 54
leaf_count=904 37 19 28 79 30 22 254 457 154 46 495 196 55 373 72 50 37 40 12 94 42 72 11 138 32 131 116 123 69 54
internal_value=0 8.29984e-06 -6.95601e-05 -9.06313e-05 1.76562e-05 7.39793e-06 -2.50684e-05 1.71817e-05 -6.64099e-05 4.10012e-05 4.52686e-05 3.1034e-05 0.00011266 2.6568e-05 -1.73277e-05 -3.37981e-05 -6.53094e-05 -0.000119895 -0.00012614 0 -2.87607e-05 -4.99056e-05 -0.000142184 5.10756e-06 2.69391e-05 0 -0.000150492 -7.93395e-07 -1.97592e-05 0
internal_weight=0 3959 283 246 2986 2164 430 1734 176 822 792 691 101 1277 973 445 181 77 167 528 133 91 139 395 126 269 128 264 141 104
internal_count=4242 3959 283 246 2986 2164 430 1734 176 822 792 691 101 1277 973 445 181 77 167 528 133 91 139 395 126 269 128 264 141 104
is_linear=0
shrinkage=0.01


Tree=8
num_leaves=31
num_cat=0
split_feature=40 29 22 60 10 29 3 3 21 33 3 57 33 49 31 4 10 4 27 10 10 5 45 33 44 4 43 22 52 52
split_gain=0.0201047 0.00821374 0.00766239 0.00588707 0.0110563 0.00371362 0.00438208 0.00924987 0.00354323 0.00336007 0.00304043 0.00291865 0.00286862 0.00280584 0.00279885 0.00275861 0.00241929 0.00240446 0.0021315 0.00194636 0.00125837 0.00157925 0.00122693 0.000857449 0.00082136 0.000651141 0.000735261 0.000498505 9.67855e-05 0.000188705
threshold=0.0077724759551764337 0.01240146261830804 0.034189987628538206 385.27500000000003 1018.8750000000001 -0.0033267827581000124 226.08500000000006 204.94500000000002 -0.039100143499861621 0.05431843537855633 216.92750000000004 1.0000000180025095e-35 0.030408977681403066 1.204023918461419 0.0145679094312704 232.85633029812928 667.67500000000007 232.85633029812928 8.8111208385322559 1079.0500000000002 1416.8000000000002 380.56791425073033 0.70688364993481989 0.060677823201665752 5.9500000000000179 389.05072429878027 -1.4076367281393034 0.041562843012754931 68.470543720814106 93.749999736327894
decision_type=2 2 2 2 2 2 2 2 2 2 2 2 2 2 2 2 2 2 2 2 2 2 2 2 2 2 2 2 2 2
left_child=3 2 8 4 5 10 7 -7 19 13 -1 22 -12 15 24 -4 -8 -3 -13 -2 21 -5 -10 -19 27 -23 -27 -6 -11 -30
right_child=1 17 9 20 14 6 16 -9 11 28 12 18 -14 -15 -16 -17 -18 23 -20 -21 -22 25 -24 -25 -26 26 -28 -29 29 -31
leaf_value=0 6.855437371324089e-05 0 0 0 0.00010492605749221248 0 -1.6278849279809814e-05 8.7779011411217851e-05 1.7628961830561714e-05 0 0 -5.1713468703248994e-05 7.9201627095999832e-05 0 0 0.00011034504944613649 1.1965283684178179e-05 0 0 0 0 0 -1.9844734337419477e-05 -0.00017952235159801006 0 0 -6.9570996377855805e-05 0 -2.8044184055384612e-05 0
leaf_weight=125 43 11.999999999999998 10.999999999999998 40 208 491 802 179 87 19 113 770 208 23 19 88 382 10.999999999999998 66 33 14.999999999999998 10.999999999999998 243 55 9.9999999999999982 18 123 9.9999999999999982 36 9.9999999999999982
leaf_count=125 43 12 11 40 208 491 802 179 87 19 113 770 208 23 19 88 382 11 66 33 15 11 243 55 10 18 123 10 36 10
internal_value=0 -2.89227e-05 -2.09317e-05 1.6497e-05 2.13757e-05 1.29896e-05 4.85754e-06 2.60981e-05 -3.12061e-05 3.12313e-05 4.00464e-05 -3.65169e-05 5.63376e-05 6.51245e-05 8.72226e-05 8.97172e-05 -4.63244e-06 -0.000136366 -4.69932e-05 1.07769e-05 -2.90038e-05 -3.95123e-05 -8.75615e-07 -0.000159962 9.72979e-05 -5.48469e-05 -6.08539e-05 0.000101375 0 -1.44582e-05
internal_weight=0 1507 1429 2754 2547 2300 1854 670 1242 187 446 1166 321 122 247 99 1184 78 836 76 207 192 330 66 228 152 141 218 65 46
internal_count=4261 1507 1429 2754 2547 2300 1854 670 1242 187 446 1166 321 122 247 99 1184 78 836 76 207 192 330 66 228 152 141 218 65 46
is_linear=0
shrinkage=0.01


Tree=9
num_leaves=30
num_cat=0
split_feature=41 42 56 56 29 41 29 10 4 41 18 7 9 56 9 24 60 10 45 24 41 33 29 19 6 33 56 4 53
split_gain=0.0139102 0.00945934 0.00638549 0.0051928 0.00751524 0.00484174 0.0039213 0.00369398 0.00410379 0.00322877 0.00317537 0.0029994 0.00271467 0.00270702 0.00262522 0.0025787 0.00212322 0.00186921 0.00169603 0.00163628 0.00142568 0.00132799 0.0012925 0.00155776 0.00115507 0.000711828 0.000402566 0.000351001 0.000123501
threshold=3.4683392857142903 0.99058604431643338 20.096924228464523 48.790878520623941 0.01339375388771287 1.6244642857142881 0.002826157333742277 1522.6500000000003 344.71940993102413 1.6395357142857123 0.0060018010806484065 0.95000000000000295 0.007481196179944625 66.211871136039775 0.0054815922161799207 -0.010587466698403105 382.44860000000006 1350.4250000000004 0.66584048846188459 0.24878047074836304 1.3905357142857155 0.021626754387105717 -0.001004524661370581 0.016767850532589005 1.3678571428571444 0.015492441862963214 24.608546671041868 256.7844983012543 41.818020739069389
decision_type=2 2 2 2 2 2 2 2 2 2 2 2 2 2 2 2 2 2 2 2 2 2 2 2 2 2 2 2 2
left_child=1 6 22 5 17 20 11 8 -2 -6 -7 12 16 14 15 -8 -1 -5 -10 -16 -4 26 -3 25 -23 -24 -13 -14 -9
right_child=7 2 3 4 9 10 13 28 18 -11 -12 21 27 -15 19 -17 -18 -19 -20 -21 -22 24 23 -25 -26 -27 -28 -29 -30
leaf_value=3.2920649819896382e-05 0 0 -1.7265853293237583e-05 3.54029062027494e-05 0 -5.1285697482436825e-05 0 0 0 -0.00015175790661734151 0 0 -5.8088394435514331e-05 0 5.447431366745357e-05 7.8606598511080526e-05 0 0 -0.00013662206439174439 -2.7254010415881089e-05 1.3087559964190449e-05 0 0 0 -3.8287402955110503e-05 6.7952170077420222e-05 2.0122628858993587e-05 0 -1.7957083647462784e-05
leaf_weight=826 17 80 337 401 14.999999999999998 657 24 39 21 34 92 80 23 41 42 318 101 32 118 51 245 49 15.999999999999998 14.999999999999998 180 147 100 11.999999999999998 38
leaf_count=826 17 80 337 401 15 657 24 39 21 34 92 80 23 41 42 318 101 32 118 51 245 49 16 15 180 147 100 12 38
internal_value=0 5.8509e-06 -7.76384e-06 -1.55676e-05 8.09417e-06 -2.63896e-05 2.27396e-05 -7.34537e-05 -0.000102063 -9.73344e-05 -4.33993e-05 1.11887e-05 2.17505e-05 4.96826e-05 5.76431e-05 7.0657e-05 2.71433e-05 2.70076e-05 -0.000120972 0 0 -6.32182e-06 3.54141e-05 5.04161e-05 -2.54741e-05 6.1067e-05 1.40703e-06 -3.51122e-05 0
internal_weight=0 3918 2071 1813 482 1331 1847 233 156 49 749 1371 962 476 435 342 927 433 139 93 582 409 258 178 229 163 180 35 77
internal_count=4151 3918 2071 1813 482 1331 1847 233 156 49 749 1371 962 476 435 342 927 433 139 93 582 409 258 178 229 163 180 35 77
is_linear=0
shrinkage=0.01


Tree=10
num_leaves=31
num_cat=0
split_feature=40 28 61 59 3 3 20 29 0 40 28 36 28 33 32 3 5 3 8 52 20 44 28 20 49 61 49 19 28 37
split_gain=0.0242409 0.00565001 0.0061285 0.00645371 0.00492428 0.00415243 0.00411608 0.00398582 0.0039312 0.00355388 0.00468894 0.00412626 0.00367904 0.00324139 0.00322594 0.00260942 0.00232422 0.00229458 0.00185927 0.00180032 0.00176341 0.00170377 0.0017233 0.0016819 0.0016294 0.0013814 0.00129237 0.00109535 0.00084169 0.000436836
threshold=0.0077724759551764337 4.0699147667675115 0.0058286693545270508 0.014423287542017887 385.72125000000011 278.61050000000006 -0.0098519299655744335 0.0090987848798096318 63.319619577145367 0.0071756832844268393 0.76450971875070206 0.0087957463003808627 -0.76140382662640593 0.061254857387741148 -0.027510891313885153 320.63625000000008 402.16287908986624 200.12625000000003 4.1000000000000094 34.708951029023019 0.019631119146994672 -2.9399999999999973 1.7993936949515901 0.011433402036456155 0.84449775140984451 -0.039346837603937236 1.2488985345924777 0.0074962643898032208 1.064945904279327 0.046955749452644226
decision_type=2 2 2 2 2 2 2 2 2 2 2 2 2 2 2 2 2 2 2 2 2 2 2 2 2 2 2 2 2 2
left_child=4 2 14 6 5 9 28 18 24 10 12 -12 -1 -3 -2 -10 -8 -16 -5 -11 -19 -6 25 -21 -7 -23 -26 -17 -4 -9
right_child=1 13 3 7 21 8 16 29 15 19 11 -13 -14 -15 17 27 -18 20 -20 23 -22 22 -24 -25 26 -27 -28 -29 -30 -31
leaf_value=3.7145679739275518e-05 0 0 0 0 0 0 5.1963957851827467e-05 2.7114705433528e-05 5.785347670431322e-05 0 7.2539293373559608e-05 0 -2.2382120392138408e-06 -0.00019272480005052723 0 -3.5703158069672938e-05 0 -6.1635471030910594e-05 -9.9140214321004875e-05 -5.7360999951411326e-05 0 0 0 0 6.9366382933721746e-05 -7.2562368223419801e-05 0 0 -4.7800654543772159e-05 -1.5188358051345266e-05
leaf_weight=280 81 19 19 19 63 71 283 38 68 94 244 106 929 42 35 111 23 644 108 135 22 9.9999999999999982 19 49 401 117 14.999999999999998 52 56 67
leaf_count=280 81 19 19 19 63 71 283 38 68 94 244 106 929 42 35 111 23 644 108 135 22 10 19 49 401 117 15 52 56 67
internal_value=0 -3.50436e-05 -2.81594e-05 0 1.52608e-05 1.97769e-05 2.08288e-05 -4.54541e-05 4.16431e-05 9.59216e-06 1.65575e-05 4.99177e-05 4.40913e-06 -0.000142628 -4.68796e-05 0 4.16975e-05 -5.39586e-05 -8.30738e-05 -1.86649e-05 -5.83853e-05 -2.55631e-05 -4.58197e-05 -3.87674e-05 5.79908e-05 -6.1372e-05 6.57866e-05 -1.40728e-05 -2.43019e-05 0
internal_weight=0 1456 1395 613 2764 2555 381 232 718 1837 1559 350 1209 61 782 231 306 701 127 278 666 209 146 184 487 127 416 163 75 105
internal_count=4220 1456 1395 613 2764 2555 381 232 718 1837 1559 350 1209 61 782 231 306 701 127 278 666 209 146 184 487 127 416 163 75 105
is_linear=0
shrinkage=0.01


Tree=11
num_leaves=31
num_cat=0
split_feature=40 29 28 10 10 41 21 41 3 10 56 10 37 20 40 2 8 28 41 28 10 9 2 9 44 15 10 40 41 28
split_gain=0.017144 0.00991807 0.00702099 0.0082579 0.0135635 0.00606723 0.00406925 0.0039991 0.00386437 0.00582929 0.00450028 0.00370128 0.0035501 0.00422334 0.00361755 0.00276497 0.00222847 0.00217759 0.00189058 0.001842 0.00224952 0.00180828 0.00177548 0.00172795 0.00179361 0.00151872 0.00127182 0.00126406 0.00110628 0.00084678
threshold=0.0072412396479188592 0.01339375388771287 1.8653849422952222 1330.575 1522.6500000000003 3.114339285714292 -0.037310003309825084 1.6395357142857123 385.41550000000007 486.25000000000006 34.588341178290271 685.37500000000011 0.043049727495371573 -0.0088559389145022021 0.0077342859348726997 250.82080355883809 -1.2000000000000026 0.88402605995275974 2.612517857142854 2.0130364538927101 1018.8750000000001 0.0033892224648892585 190.21197186707073 0.0048263980268363673 -5.1000000000000076 0.78999999999999215 1149.8500000000001 0.0085905373613122445 3.355928571428572 -0.99580548840027905
decision_type=2 2 2 2 2 2 2 2 2 2 2 2 2 2 2 2 2 2 2 2 2 2 2 2 2 2 2 2 2 2
left_child=8 2 3 6 5 -5 28 -3 9 15 19 -8 13 -4 -15 17 -17 -1 26 20 -11 -18 -19 24 -12 -14 -10 -9 -2 -25
right_child=1 7 12 4 -6 -7 11 27 18 10 23 -13 25 14 -16 16 21 22 -20 -21 -22 -23 -24 29 -26 -27 -28 -29 -30 -31
leaf_value=1.0801019183696778e-06 6.5991225412940387e-05 0 -5.9541808134528232e-06 0 0 -0.0002039645675046791 -3.7927532265245142e-05 0 -8.0550320078987911e-05 4.519319389918873e-05 0 0 -4.2286683180113645e-05 0 8.0809902456533173e-05 0 0 0 0 0 0.000140053435411144 -8.5828609116040015e-05 7.2263882523025398e-05 0 3.5230841236606552e-05 0 0 -0.00021907042309452418 0 -3.4809947382859511e-05
leaf_weight=786 59 14.999999999999998 46 12.999999999999998 71 85 667 10.999999999999998 59 461 81 578 96 63 186 27 15.999999999999998 14.999999999999998 81 18 77 78 96 43 325 48 9.9999999999999982 41 11.999999999999998 76
leaf_count=786 59 15 46 13 71 85 667 11 59 461 81 578 96 63 186 27 16 15 81 18 77 78 96 43 325 48 10 41 12 76
internal_value=0 -2.18594e-05 -1.59178e-05 -2.70925e-05 -9.67742e-05 -0.000172996 -1.58449e-05 -0.000147074 1.84165e-05 2.26901e-05 3.91651e-05 -2.17625e-05 1.50464e-05 3.83426e-05 5.8557e-05 2.24312e-06 -3.7779e-05 1.09961e-05 -2.13515e-05 6.06937e-05 6.44134e-05 -6.48003e-05 5.40654e-05 1.06327e-05 2.35014e-05 -1.1869e-05 -6.09659e-05 -0.000188364 4.55008e-05 -8.07406e-06
internal_weight=0 1991 1924 1485 169 98 1316 67 2249 2099 1081 1245 439 295 249 1018 121 897 150 556 538 94 111 525 406 144 69 52 71 119
internal_count=4240 1991 1924 1485 169 98 1316 67 2249 2099 1081 1245 439 295 249 1018 121 897 150 556 538 94 111 525 406 144 69 52 71 119
is_linear=0
shrinkage=0.01


Tree=12
num_leaves=23
num_cat=0
split_feature=48 29 42 60 28 48 37 60 49 10 41 29 33 21 10 4 48 52 5 42 10 14
split_gain=0.0172853 0.00928533 0.00680234 0.00660704 0.0050616 0.00631784 0.0038491 0.00354416 0.00341771 0.00389125 0.00319693 0.00259367 0.00308575 0.00257114 0.00370387 0.00235316 0.00208094 0.00176937 0.00176806 0.000879679 0.000825675 0.000271081
threshold=0.0084936449355245847 0.01339375388771287 1.0081201436563094 240.21950000000004 0.71495524064103233 0.005257109878684379 0.01666441065893404 384.05610000000007 0.81170486552851362 1522.6500000000003 1.6152678571428598 0.0071693317034799446 0.052975463487764891 -0.039100143499861621 1330.575 371.8440737390917 0.0048732724226445258 95.918178191411855 220.22615073869827 1.0599236097296576 1052.8250000000003 0.0013285505747980153
decision_type=2 2 2 2 2 2 2 2 2 2 2 2 2 2 2 2 2 2 2 2 2 2
left_child=1 2 4 -2 6 15 7 -1 -5 -10 -3 13 17 14 -4 -6 -15 -13 -8 -12 -7 -14
right_child=3 10 11 8 5 20 18 -9 9 -11 19 12 21 16 -16 -17 -18 -19 -20 -21 -22 -23
leaf_value=2.4287618444353268e-05 0 0 0.0001223044319468113 0 8.1975634680004231e-05 -1.4881874714303453e-05 0 -1.9056824503381027e-05 -0.00020873145272016027 0 0 5.6707543866405773e-05 0 -4.7460464717619024e-06 0 0 -3.469771675083146e-05 0 -3.7811535532031726e-05 -0.00018443473397636114 2.8644515181954889e-05 -1.6564588894210502e-05
leaf_weight=1039 32 11.999999999999998 31 11.999999999999998 308 138 72 152 70 19 9.9999999999999982 175 29 1036 15.999999999999998 96 495 19 220 36 63 106
leaf_count=1039 32 12 31 12 308 138 72 152 70 19 10 175 29 1036 16 96 495 19 220 36 63 106
internal_value=0 3.758e-06 6.30152e-06 -0.000111972 1.91488e-05 4.46118e-05 6.73156e-06 1.62342e-05 -0.000151726 -0.000173036 -0.000119111 -6.19304e-06 1.56125e-05 -1.26422e-05 4.54739e-05 6.73968e-05 -1.6394e-05 4.46167e-05 -2.17408e-05 -0.000157383 0 -3.9011e-06
internal_weight=0 4053 3995 133 2088 605 1483 1191 101 89 58 1907 329 1578 47 404 1531 194 292 46 201 135
internal_count=4186 4053 3995 133 2088 605 1483 1191 101 89 58 1907 329 1578 47 404 1531 194 292 46 201 135
is_linear=0
shrinkage=0.01


Tree=13
num_leaves=27
num_cat=0
split_feature=48 42 29 22 20 48 28 10 33 41 6 24 48 10 36 49 3 43 49 7 6 28 41 10 1 63
split_gain=0.0123136 0.0104626 0.00433888 0.00559376 0.00396799 0.00394888 0.00374376 0.00349672 0.00348188 0.00293982 0.00270386 0.00269939 0.00305497 0.00281817 0.00241085 0.00227619 0.00204389 0.00388608 0.00193107 0.00169703 0.00131191 0.00110901 0.000929304 0.0008802 0.00390562 0.00200302
threshold=0.0084936449355245847 1.0081201436563094 0.01339375388771287 0.039081443262964595 0.019389533944862761 0.0047115985484659523 0.62332122688515323 853.12500000000011 0.019181123988666889 1.6152678571428598 4.431071428571431 0.17766855754162639 0.0049734106980721489 1072.3000000000002 0.0094861303886026715 0.84449775140984451 368.26925000000006 -1.0000000180025095e-35 0.74010237438806359 7.3100000000000032 1.2214285714285722 -0.70183984355462303 1.4218749999999973 667.67500000000007 368.06030144266401 1.5000000000000002
decision_type=2 2 2 2 2 2 2 2 2 2 2 2 2 2 2 2 2 2 2 2 2 2 2 2 2 2
left_child=1 5 3 11 19 6 14 -2 20 -4 15 12 -3 -13 22 -9 17 -8 -16 -5 -7 -22 -1 25 -25 -10
right_child=7 2 9 4 -6 8 16 10 23 -11 -12 13 -14 -15 18 -17 -18 -19 -20 -21 21 -23 -24 24 -26 -27
leaf_value=7.2828307535607333e-06 0 7.6554523242402313e-06 0 9.3753133717773936e-05 0 0 0 0 0 -0.00014473159353983045 0 -4.3093750811835822e-05 -2.5040138867760299e-05 0 0 -0.00018232510055898564 0 9.927988005555806e-05 3.9851179841304522e-05 0 0 7.8200560299002483e-05 -2.7358772856981986e-05 3.7155757218347289e-05 -1.4209427652107851e-05 -3.5640464835874237e-05
leaf_weight=167 46 698 12.999999999999998 100 58 13.999999999999998 38 11.999999999999998 244 42 10.999999999999998 478 430 99 39 60 49 203 404 24 22 99 112 258 254 213
leaf_count=167 46 698 13 100 58 14 38 12 244 42 11 478 430 99 39 60 49 203 404 24 22 99 112 258 254 213
internal_value=0 4.32152e-06 -1.14723e-05 -7.18512e-06 4.15748e-05 2.02337e-05 3.50602e-05 -9.45884e-05 3.92029e-06 -0.000103474 -0.000134482 -1.41556e-05 -2.15277e-06 -3.24105e-05 1.69649e-05 -0.00015677 6.9713e-05 8.18157e-05 3.18243e-05 7.56787e-05 5.19509e-05 6.39682e-05 0 0 5.82447e-06 -1.24287e-05
internal_weight=0 4058 1942 1887 182 2116 1012 129 1104 55 83 1705 1128 577 722 72 290 241 443 124 135 121 279 969 512 457
internal_count=4187 4058 1942 1887 182 2116 1012 129 1104 55 83 1705 1128 577 722 72 290 241 443 124 135 121 279 969 512 457
is_linear=0
shrinkage=0.01


Tree=14
num_leaves=24
num_cat=0
split_feature=48 42 10 29 60 10 60 10 22 59 5 9 10 19 24 32 4 42 53 42 41 11 41
split_gain=0.0172718 0.00930719 0.0066277 0.00582715 0.00554717 0.00588266 0.0073516 0.00464441 0.00423595 0.00665765 0.00313865 0.00304708 0.00246309 0.00215313 0.00288925 0.00180098 0.00159445 0.00138371 0.00126878 0.000737164 0.00104873 0.000471919 0.000355898
threshold=0.0086813722412234281 0.98053316784976052 832.95000000000016 0.01339375388771287 384.05610000000007 709.85000000000002 229.78800000000004 574.47500000000014 0.037101062264559344 0.020831945414263302 229.63986117831362 0.0078899692385607217 1522.6500000000003 -0.0056045882308342057 0.25238979896240121 0.018003557134318542 234.2762716307835 1.1889459586148285 6.7221168562215778 0.86939587394449747 3.9383035714285763 4.5099999999999918 1.5308928571428593
decision_type=2 2 2 2 2 2 2 2 2 2 2 2 2 2 2 2 2 2 2 2 2 2 2
left_child=1 4 -2 8 5 6 7 -1 13 17 -8 15 -4 18 -15 -7 -5 -10 -3 -6 21 -21 -11
right_child=2 3 12 16 19 11 10 -9 9 22 -12 -13 -14 14 -16 -17 -18 -19 -20 20 -22 -23 -24
leaf_value=5.3448734852399153e-05 0 0 -0.00021138330213953205 0 0 7.3623245224539889e-05 -7.3182451249722557e-05 -1.3336725669819577e-06 0.00010185748638927846 0 0 0 0 4.3958968842687922e-06 -2.4070933955586325e-05 0 -0.00015506519419051316 0 -3.4536328302604235e-05 -4.850605446560731e-05 0 0 -2.0515634758143548e-05
leaf_weight=466 38 66 58 9.9999999999999982 57 392 66 82 99 32 506 14.999999999999998 19 1006 486 28 36 27 507 130 13.999999999999998 13.999999999999998 85
leaf_count=466 38 66 58 10 57 392 66 82 99 32 506 15 19 1006 486 28 36 27 507 130 14 14 85
internal_value=0 2.75266e-06 -0.00012128 -9.41471e-06 2.06281e-05 2.80901e-05 1.2458e-05 3.97837e-05 -5.81287e-06 3.05053e-05 -8.4863e-06 6.14102e-05 -0.000174682 -1.1543e-05 -2.86947e-06 6.80499e-05 -0.00012413 8.40325e-05 -2.88814e-05 -1.93716e-05 -3.12419e-05 -4.23972e-05 -1.63137e-06
internal_weight=0 4124 115 2354 1770 1555 1120 548 2308 243 572 435 77 2065 1492 420 46 126 573 215 158 144 117
internal_count=4239 4124 115 2354 1770 1555 1120 548 2308 243 572 435 77 2065 1492 420 46 126 573 215 158 144 117
is_linear=0
shrinkage=0.01


Tree=15
num_leaves=31
num_cat=0
split_feature=40 29 48 28 56 41 56 1 48 37 31 41 1 1 10 42 48 22 8 41 29 31 45 48 41 22 16 60 60 56
split_gain=0.0175941 0.00845542 0.0060378 0.00568367 0.00476373 0.0046892 0.00345876 0.0032164 0.00338422 0.00297536 0.0036857 0.00344579 0.0022466 0.0106454 0.00213212 0.00192036 0.00180919 0.00167317 0.0014734 0.00130958 0.00112963 0.00149262 0.00106588 0.000820524 0.000721477 0.000863948 0.000581085 0.000363822 0.000528909 0.000491773
threshold=0.0072412396479188592 0.01339375388771287 0.0036746775116062269 1.8653849422952222 17.624447496762752 1.6395357142857123 46.328947166887055 371.29828705634299 0.0063884239160812203 0.042526671732545589 -0.0011331191861310608 2.1366071428571396 205.21683931789275 225.09561750877171 1640.4500000000003 1.0163474367000613 0.0061420107316851559 0.012890074531981434 -16.690000000000023 1.1604464285714304 0.006479962566275089 0.0025860119750414552 0.8985768510896065 0.0053425438293407115 2.6234642857142894 -0.00090804229733693054 1.0000000180025095e-35 239.13750000000002 1.0000000180025095e-35 18.799893812615682
decision_type=2 2 2 2 2 2 2 2 2 2 2 2 2 2 2 2 2 2 2 2 2 2 2 2 2 2 2 2 2 2
left_child=2 3 15 4 16 -3 14 8 12 10 23 -12 19 -14 -6 27 17 -2 -8 -4 21 -17 -11 -5 25 -9 -23 28 -1 -30
right_child=1 5 7 9 6 -7 18 24 -10 22 11 -13 13 -15 -16 20 -18 -19 -20 -21 -22 26 -24 -25 -26 -27 -28 -29 29 -31
leaf_value=0 5.595397796615011e-05 0 3.3181734998981653e-05 0 -4.6445399446174413e-05 -0.00018574902206352055 -4.7675585228950539e-05 0 -6.5791921538168018e-06 -5.2005394647049748e-05 0 7.7741731512829233e-05 0.00014263972585089088 3.0382830419876975e-05 0 0 -1.6475689152873023e-05 0 4.6845530315927473e-06 -5.1706264928511225e-06 0 0 0 -5.0422375522202167e-05 2.474500368801797e-06 -6.6820994855851874e-05 -6.6518501062717809e-05 0 0 3.5499577874213623e-05
leaf_weight=27 113 11.999999999999998 115 25 983 51 62 23 60 50 61 169 120 894 24 164 35 37 261 150 33 12.999999999999998 104 32 151 35 113 159 27 124
leaf_count=27 113 12 115 25 983 51 62 23 60 50 61 169 120 894 24 164 35 37 261 150 33 13 104 32 151 35 113 159 27 124
internal_value=0 -2.25955e-05 1.81803e-05 -1.71507e-05 -2.69646e-05 -0.000143367 -3.42669e-05 2.92706e-05 3.50802e-05 9.76103e-06 3.28552e-05 5.42838e-05 3.93806e-05 4.66636e-05 -4.35214e-05 -3.28948e-06 9.31305e-06 3.53114e-05 0 1.83599e-07 -2.36603e-05 -3.18209e-05 -1.38157e-05 -1.08651e-06 0 -3.49519e-05 -5.92385e-05 7.34459e-06 1.74956e-05 2.66514e-05
internal_weight=0 2019 2208 1956 1515 63 1330 1548 1339 441 287 230 1279 1014 1007 660 185 150 323 265 323 290 154 57 209 58 126 337 178 151
internal_count=4227 2019 2208 1956 1515 63 1330 1548 1339 441 287 230 1279 1014 1007 660 185 150 323 265 323 290 154 57 209 58 126 337 178 151
is_linear=0
shrinkage=0.01


end of trees

feature_importances:
volume_ma=43
atr_ma=34
ema_cross_pct=27
adx=25
sma_50=22
volatility_ma=20
atr_ratio=19
bb_middle=18
ema_cross=18
bb_width=16
atr_normalized=16
return_24=14
ema_fast=13
atr=12
bb_upper=11
volatility_ratio=11
volatility=10
rsi_normalized=9
price_sma_50_dist=9
ema_slow=8
momentum_convergence=7
bb_lower=6
return_6=6
price_bb_lower_dist=6
return_12=5
price_ema_fast_dist=5
stoch_k=5
stoch_d=5
price_sma_20_dist=5
momentum_20=4
volume_ratio=4
momentum_10=3
upper_shadow=3
return_3=3
momentum_ratio=3
rsi=2
range=2
lower_shadow=2
price_ema_slow_dist=2
price_bb_upper_dist=2
volume_change=2
body_pct=1
return_1=1
rsi_divergence=1
bb_position=1
strong_trend=1
market_regime=1

parameters:
[boosting: gbdt]
[objective: regression]
[metric: rmse]
[tree_learner: serial]
[device_type: cpu]
[data: ]
[valid: ]
[num_iterations: 800]
[learning_rate: 0.01]
[num_leaves: 31]
[num_threads: 8]
[deterministic: 0]
[force_col_wise: 0]
[force_row_wise: 0]
[histogram_pool_size: -1]
[max_depth: 6]
[min_data_in_leaf: 10]
[min_sum_hessian_in_leaf: 0.001]
[bagging_fraction: 0.7]
[pos_bagging_fraction: 1]
[neg_bagging_fraction: 1]
[bagging_freq: 1]
[bagging_seed: 400]
[feature_fraction: 0.7]
[feature_fraction_bynode: 1]
[feature_fraction_seed: 30056]
[extra_trees: 0]
[extra_seed: 12879]
[early_stopping_round: 0]
[first_metric_only: 0]
[max_delta_step: 0]
[lambda_l1: 0.3]
[lambda_l2: 0.3]
[linear_lambda: 0]
[min_gain_to_split: 0]
[drop_rate: 0.1]
[max_drop: 50]
[skip_drop: 0.5]
[xgboost_dart_mode: 0]
[uniform_drop: 0]
[drop_seed: 17869]
[top_rate: 0.2]
[other_rate: 0.1]
[min_data_per_group: 100]
[max_cat_threshold: 32]
[cat_l2: 10]
[cat_smooth: 10]
[max_cat_to_onehot: 4]
[top_k: 20]
[monotone_constraints: ]
[monotone_constraints_method: basic]
[monotone_penalty: 0]
[feature_contri: ]
[forcedsplits_filename: ]
[refit_decay_rate: 0.9]
[cegb_tradeoff: 1]
[cegb_penalty_split: 0]
[cegb_penalty_feature_lazy: ]
[cegb_penalty_feature_coupled: ]
[path_smooth: 0]
[interaction_constraints: ]
[verbosity: 1]
[saved_feature_importance_type: 0]
[linear_tree: 0]
[max_bin: 255]
[max_bin_by_feature: ]
[min_data_in_bin: 3]
[bin_construct_sample_cnt: 200000]
[data_random_seed: 175]
[is_enable_sparse: 1]
[enable_bundle: 1]
[use_missing: 1]
[zero_as_missing: 0]
[feature_pre_filter: 1]
[pre_partition: 0]
[two_round: 0]
[header: 0]
[label_column: ]
[weight_column: ]
[group_column: ]
[ignore_column: ]
[categorical_feature: ]
[forcedbins_filename: ]
[precise_float_parser: 0]
[parser_config_file: ]
[objective_seed: 16083]
[num_class: 1]
[is_unbalance: 0]
[scale_pos_weight: 1]
[sigmoid: 1]
[boost_from_average: 1]
[reg_sqrt: 0]
[alpha: 0.9]
[fair_c: 1]
[poisson_max_delta_step: 0.7]
[tweedie_variance_power: 1.5]
[lambdarank_truncation_level: 30]
[lambdarank_norm: 1]
[label_gain: ]
[lambdarank_position_bias_regularization: 0]
[eval_at: ]
[multi_error_top_k: 1]
[auc_mu_weights: ]
[num_machines: 1]
[local_listen_port: 12400]
[time_out: 120]
[machine_list_filename: ]
[machines: ]
[gpu_platform_id: -1]
[gpu_device_id: -1]
[gpu_use_dp: 0]
[num_gpu: 1]

end of parameters

pandas_categorical:[]
