tree
version=v4
num_class=1
num_tree_per_iteration=1
label_index=0
max_feature_idx=58
objective=regression
feature_names=ema_fast ema_slow bb_middle bb_upper bb_lower atr momentum_10 momentum_20 volatility volume_ma range range_pct body body_pct upper_shadow lower_shadow is_bullish return_1 return_3 return_6 return_12 return_24 log_return ema_cross ema_cross_pct ema_cross_signal price_ema_fast_dist price_ema_slow_dist bb_width bb_position bb_position_normalized price_bb_upper_dist price_bb_lower_dist bb_breakout_upper bb_breakout_lower atr_normalized atr_ma atr_ratio momentum_ratio momentum_convergence volume_ratio volume_spike volume_change volatility_ma volatility_ratio high_volatility low_volatility stoch_k stoch_d stoch_overbought stoch_oversold adx strong_trend sma_20 price_sma_20_dist sma_50 price_sma_50_dist signal_convergence market_regime
feature_infos=[38967.729318929021:107396.26389944887] [39220.71373165102:107049.79494400365] [0:107202.68299999999] [0:108503.14528069981] [0:106362.39873835164] [0:1913.6478571428556] [-8342.5400000000009:10665.179999999993] [-12486.150000000001:14155.739999999991] [0:0.027665265364936176] [0:15071.1] [41.610000000000582:7445.0200000000041] [0.00064197892033770012:0.083194551703992967] [0.010000000002037268:4847.2799999999988] [1.687657469333537e-07:0.053865545209733065] [0:2853.8099999999977] [0:2709.1299999999974] [0:1] [-0.06392068477713575:0.11991470268267301] [-0.06874591913368211:0.12121289228058596] [-0.079615203583715433:0.12324016964288909] [-0.13852618933251082:0.1281729140500143] [-0.20656179582649081:0.18012682534038826] [-0.066055067608681614:0.11325252408776919] [-2596.3215042438969:3122.6028892565373] [-0.051939210812642647:0.033488267366733444] [0:1] [-0.080064711463382857:0.093992858566676371] [-0.1320039222760255:0.11036991523222302] [0:0.23507214819731151] [-0.47895853378551589:1.5139666392771387] [-1.9579170675710318:2.0279332785542774] [-0.051695806611816018:0.2348085863011253] [-0.031298755752849884:0.18048430889612765] [0:1] [0:1] [0:0.030615925217490077] [0:1459.5823571428562] [0:2.5193794912994942] [-4451.5502226422777:74647.925336867193] [-10665.179999999993:8342.5400000000009] [0:2.9553958669892095] [0:1] [-0.80889167188478395:8.7027863777089784] [0:0.027364409329763521] [0:3.7248595957797415] [0:1] [0:1] [0:99.999999999838437] [0:98.883595895685247] [0:1] [0:1] [0:95.095784100943362] [0:1] [0:107202.68299999999] [-0.11842224866658865:0.11006071071452704] [0:106786.319] [-0.21353636665559603:0.12751438682104085] [0:1] [0:2]
tree_sizes=3417 3075 3611 2587 3367

Tree=0
num_leaves=35
num_cat=0
split_feature=4 36 9 32 9 28 0 28 4 4 28 43 51 51 44 30 43 51 43 15 30 40 43 51 31 9 44 48 32 9 23 51 39 23
split_gain=0.00309855 0.00183374 0.00192004 0.0037104 0.0022267 0.00140375 0.00258351 0.0011666 0.00115279 0.00167188 0.00112118 0.00119819 0.00109515 0.00108486 0.00311219 0.00102218 0.00101112 0.00263071 0.00116552 0.000976191 0.000923715 0.000857101 0.000844808 0.00127036 0.000678248 0.00106712 0.00057917 0.000482189 0.000452962 5.15417e-05 5.01236e-05 4.95004e-05 1.03812e-05 8.99366e-06
threshold=61667.411628725589 904.10125000000107 12184.225000000002 0.021541339978037179 7926.7500000000009 0.10386273165926393 95871.328984029024 0.053498248770352856 45735.527307756223 57110.680615721671 0.10386273165926393 0.0027460839604492907 20.588132477265749 41.095083522965027 1.047191761523157 0.76819523307497328 0.0049199224193854788 21.951981792273273 0.0042576741390743305 24.755000000001022 0.26849607010637139 0.72466168080328208 0.0022532531717795903 25.561591670287832 0.005552957205696353 11270.675000000001 0.53032695969261934 49.180572571755093 0.032720813931835242 8300.3500000000022 -230.88610204296853 32.307580508263044 142.96000000000279 -1.0000000180025095e-35
decision_type=2 2 2 2 2 2 2 2 2 2 2 2 2 2 2 2 2 2 2 2 2 2 2 2 2 2 2 2 2 2 2 2 2 2
left_child=8 2 4 7 22 6 12 19 29 10 11 -10 -3 14 31 20 18 -18 -6 -4 -5 -14 23 -2 -15 -26 -13 -24 -16 32 -31 -11 33 -1
right_child=1 5 3 15 16 -7 -8 -9 9 13 -12 26 21 24 28 -17 17 -19 -20 -21 -22 -23 27 -25 25 -27 -28 -29 -30 30 -32 -33 -34 -35
leaf_value=0.00037396711819126836 0.00037396711819126836 0.00037396711819126836 0.00037396711819126836 0.00037396711819126836 0.00034330342585386112 0.00037396711819126836 0.00037396711819126836 0.00037396711819126836 0.00037396711819126836 0.00036228242998448889 0.00037396711819126836 0.00037396711819126836 0.00037396711819126836 0.00037396711819126836 0.00048336396445346338 0.00037396711819126836 0.00037396711819126836 0.00027645823029996745 0.00037396711819126836 0.0005169626903600811 0.00020017664438096294 0.00053209550389216606 0.00037396711819126836 0.00030371519976570048 0.00031487972493784522 0.00037396711819126836 0.00046033838150725268 0.00039852433616337587 0.00037396711819126836 0.00037396711819126836 0.0003543721061666886 0.00037396711819126836 0.00037396711819126836 0.00038157460889579005
leaf_weight=133 118 30 32 35 2985 59 100 54 117 326 34 34 32 131 335 66 137 773 575 261 66 236 799 351 499 56 887 1001 40 67 238 161 154 301
leaf_count=133 118 30 32 35 2985 59 100 54 117 326 34 34 32 131 335 66 137 773 575 261 66 236 799 351 499 56 887 1001 40 67 238 161 154 301
internal_value=0.000373967 0.000360785 0.000355675 0.000399155 0.000350132 0.000409055 0.000441683 0.000473121 0.000394412 0.000404893 0.000435124 0.000443497 0.000491939 0.000374261 0.000404505 0.000335221 0.000337845 0.000299967 0.000351746 0.000497342 0.000266445 0.000512341 0.000373967 0.000338496 0.000358118 0.000336421 0.000455324 0.000383681 0.000471977 0.000373967 0.000361641 0.000373967 0.000373967 0.000378605
internal_weight=0 7710 7253 514 6739 457 398 347 3513 2620 1072 1038 298 1548 862 167 4470 910 3560 293 101 268 2269 469 686 555 921 1800 375 893 305 487 588 434
internal_count=11223 7710 7253 514 6739 457 398 347 3513 2620 1072 1038 298 1548 862 167 4470 910 3560 293 101 268 2269 469 686 555 921 1800 375 893 305 487 588 434
is_linear=0
shrinkage=1


Tree=1
num_leaves=37
num_cat=0
split_feature=43 55 55 32 40 43 44 8 56 40 15 37 39 1 44 15 1 43 3 44 20 19 36 36 29 37 56 35 1 55 51 44 55 37 7 44
split_gain=0.00444732 0.00387295 0.0036515 0.00348089 0.0016333 0.00138496 0.00115067 0.00122901 0.00189096 0.000851681 0.00165587 0.00188169 0.000773053 0.000689069 0.000559396 0.00050046 0.000722554 0.000419849 0.00051535 0.00035456 0.000553845 0.000271556 0.000799444 0.000569401 0.000251964 0.000401366 0.00016875 0.000142534 0.000124446 0.000329461 0.000104832 0.0006624 4.13377e-05 1.35995e-05 2.34161e-06 9.93401e-07
threshold=0.0066018965334760813 83028.859200000021 61908.17470000001 0.032171441310806632 1.0727690320554764 0.0045786795843875926 1.325527058416089 0.0049328802434798974 0.020209962542845971 1.1902524562917354 216.1350000000057 1.0067816021640628 -1343.419999999998 64215.635268789527 1.1745004415957394 56.800000000002917 44251.20051046108 0.0053396872108458912 61691.983105860789 0.8123824082974892 0.029169355691933022 0.0060665726320429112 480.83241071428569 530.4214464285734 0.60299649721477988 0.68355492994561418 0.024506767831623425 0.0043787504430769014 59268.577207308954 56343.026900000004 53.858641978607857 1.0495355519554075 89104.909300000014 1.3029798748653298 -688.12500000000352 1.1607505438583055
decision_type=2 2 2 2 2 2 2 2 2 2 2 2 2 2 2 2 2 2 2 2 2 2 2 2 2 2 2 2 2 2 2 2 2 2 2 2
left_child=2 3 5 6 13 9 7 -2 -9 15 11 -11 -6 14 27 16 -1 18 26 34 -21 23 -23 -15 33 -26 -7 -4 29 -19 31 -5 -27 -3 -14 -17
right_child=1 24 4 30 12 17 -8 8 -10 10 -12 -13 19 21 -16 35 -18 28 -20 20 -22 22 -24 -25 25 32 -28 -29 -30 -31 -32 -33 -34 -35 -36 -37
leaf_value=0 0 8.3321284503272934e-06 0 8.7776051940746349e-05 0 -5.9536611180415177e-05 0 0.0002129496799824951 0 0 0 0.00013392421479349037 0 0 0 -1.3096028711481286e-06 4.7012093412125525e-05 0 0 -5.0239617558908686e-05 0 0 -4.7317775244222273e-05 2.7964252509136476e-05 0 -0.00012612857643465105 0 -6.6777237016843206e-05 0 6.2285982200003924e-05 -1.9531571533318122e-05 0 0 0 -2.0164512327242989e-06 0
leaf_weight=288 118 176 152 85 133 280 30 315 54 191 110 357 97 2179 131 521 578 128 42 1997 59 380 367 836 42 39 37 283 98 105 87 79 31 33 518 279
leaf_count=288 118 176 152 85 133 280 30 315 54 191 110 357 97 2179 131 521 578 128 42 1997 59 380 367 836 42 39 37 283 98 105 87 79 31 33 518 279
internal_value=0 5.93428e-05 -4.11776e-06 9.76204e-05 -1.70334e-05 2.14667e-05 0.000142161 0.000153555 0.000184685 3.36734e-05 6.99886e-05 9.27315e-05 -3.54688e-05 -1.62233e-06 -3.3395e-05 1.03184e-05 2.69206e-05 0 -3.24294e-05 -3.97634e-05 -4.70021e-05 0 -1.1733e-05 6.85096e-06 0 -4.49366e-05 -5.15037e-05 -5.10629e-05 0 2.19106e-05 0 1.92756e-05 -9.14555e-05 0 0 0
internal_weight=0 1089 10146 768 7132 3014 517 487 369 2324 658 548 2804 4328 566 1666 866 690 359 2671 2056 3762 747 3015 321 112 317 435 331 233 251 164 70 209 615 800
internal_count=11235 1089 10146 768 7132 3014 517 487 369 2324 658 548 2804 4328 566 1666 866 690 359 2671 2056 3762 747 3015 321 112 317 435 331 233 251 164 70 209 615 800
is_linear=0
shrinkage=0.03


Tree=2
num_leaves=44
num_cat=0
split_feature=55 9 32 9 55 2 42 24 9 7 4 55 9 37 37 28 31 9 39 2 28 37 14 9 5 37 28 4 55 55 38 42 0 11 37 28 55 9 0 28 4 39 17
split_gain=0.00255415 0.00294795 0.00221271 0.00249809 0.00180807 0.00286072 0.00185018 0.00142022 0.00134628 0.00119858 0.00115437 0.000887777 0.00165748 0.000836999 0.000652367 0.00101886 0.000614189 0.000636494 0.000591085 0.000565388 0.000540568 0.000528484 0.000521915 0.00046135 0.0012227 0.00118014 0.000519604 0.00046783 0.000368223 0.0005418 0.00066678 0.00045811 0.000262668 0.00021626 0.000153615 0.000116195 0.000106134 0.000124432 3.80926e-05 2.03205e-05 0.000134387 2.94598e-06 3.79285e-05
threshold=61801.777200000004 11024.500000000002 0.022488257770183404 12184.225000000002 81873.156800000012 94228.290250000005 -0.11667915040971681 0.0018918968710019313 8371.4500000000025 989.66500000000099 74115.728041905953 84750.165300000008 9874.2500000000018 0.72750511029552156 1.1332819913986583 0.085472865855881014 0.0085107453345559837 10368.425000000001 2339.5849999999996 61420.573750000018 0.010002911921379082 1.3857811666632462 30.314999999998694 9769.8750000000018 488.06035714285673 1.0477111027235171 0.025413169732949978 63163.990180272813 43044.827600000011 59494.83430000001 0.1906846811878882 -0.20492826338976264 43160.197491915198 0.0037453248838786621 0.7244706227149883 0.018930138968915353 60667.875700000004 5313.0000000000009 58526.868681969419 0.025065116999011289 96786.657060222133 -184.67000000000186 -0.0018398288652783921
decision_type=2 2 2 2 2 2 2 2 2 2 2 2 2 2 2 2 2 2 2 2 2 2 2 2 2 2 2 2 2 2 2 2 2 2 2 2 2 2 2 2 2 2 2
left_child=8 7 3 39 14 6 -6 10 28 21 13 34 -13 -2 -4 -16 19 41 22 32 -15 -5 -19 26 -25 -26 35 -28 -1 30 38 -32 -10 -34 -12 -9 -31 -38 -30 -3 -41 42 -18
right_child=1 2 4 9 5 -7 -8 23 16 -11 11 12 -14 20 15 -17 17 18 -20 -21 -22 -23 -24 24 25 -27 27 -29 29 36 31 -33 33 -35 -36 -37 37 -39 -40 40 -42 -43 -44
leaf_value=0 0 0 0 0.00013592760599553551 0 0 -0.00020340963181291616 0 0 0 0 0 -7.0895784116555124e-05 0 0.00012490320631211349 0 0 0 0 0 -5.3890227973587444e-05 0 0.00012099376788043252 0 0 0.00011277235644119146 0 -4.2939115382827441e-05 1.0081692443638599e-05 0 0 8.3425450562504036e-05 0 -8.0276472593629258e-05 3.8526515704302189e-05 1.7555877009929472e-05 0 2.7016607422739606e-05 0 2.0882259590803264e-05 0 0 -1.5644715361026656e-05
leaf_weight=440 335 315 188 366 30 86 141 492 54 60 57 1123 394 197 98 36 95 33 31 49 1951 63 114 290 92 198 102 512 337 221 102 704 39 216 302 339 58 284 64 319 32 277 150
leaf_count=440 335 315 188 366 30 86 141 492 54 60 57 1123 394 197 98 36 95 33 31 49 1951 63 114 290 92 198 102 512 337 221 102 704 39 216 302 339 58 284 64 319 32 277 150
internal_value=0 -7.36921e-06 2.38019e-05 5.0662e-05 -3.88422e-06 -7.90181e-05 -0.000156233 -1.8186e-05 2.38477e-05 0.000103223 -2.78851e-05 -9.10469e-07 -1.79725e-05 -4.22225e-05 9.56014e-06 6.77578e-05 0 1.18748e-05 6.13731e-05 -3.55971e-05 -4.91058e-05 0.000121066 9.03929e-05 0 2.48845e-05 7.0912e-05 -6.21749e-06 -2.91927e-05 3.72709e-05 4.38358e-05 5.67588e-05 7.46191e-05 -5.57948e-05 -6.85383e-05 2.93945e-05 0 0 1.6705e-05 0 0 7.21522e-06 0 -3.28767e-06
internal_weight=0 8118 1734 1155 579 257 171 6384 3268 489 4359 1876 1517 2483 322 134 1058 700 178 358 2148 429 147 2025 580 290 1445 614 2210 1770 1207 806 309 255 359 831 563 342 401 666 351 522 245
internal_count=11386 8118 1734 1155 579 257 171 6384 3268 489 4359 1876 1517 2483 322 134 1058 700 178 358 2148 429 147 2025 580 290 1445 614 2210 1770 1207 806 309 255 359 831 563 342 401 666 351 522 245
is_linear=0
shrinkage=0.03


Tree=3
num_leaves=31
num_cat=0
split_feature=43 32 4 24 0 0 3 43 51 43 40 56 38 26 0 1 53 37 44 44 14 56 22 24 51 24 32 24 56 56
split_gain=0.00395334 0.0037008 0.00237022 0.00193507 0.00171969 0.00142665 0.00114167 0.00138752 0.00103223 0.00133989 0.000930637 0.000779484 0.000766156 0.000736647 0.000627839 0.000608614 0.000528944 0.000507356 0.000443826 0.000436678 0.000594176 0.000429176 0.000371017 0.000262349 0.000152333 0.000545838 0.000147408 0.000148078 3.27503e-05 7.43982e-06
threshold=0.0066018965334760813 0.027349796201941334 86763.302463920452 0.0098357085364682798 87130.651217612452 51076.07213156997 60001.793118119815 0.003377459031231204 23.208594007457897 0.0026370599993264326 1.0676886737615956 0.0098761597596900442 3.1398547623598909 -0.012090497599375449 52126.263501370166 64104.573648589263 81895.958250000011 0.8670538801057931 1.047191761523157 0.83153499502379291 116.38999999999943 -0.01501618038017921 0.0036777590999930014 0.013857322164878909 28.439953010267612 -0.0034467695957855981 0.061105573518416535 0.0059662916679879855 -0.009877598653062352 0.016234850521873852
decision_type=2 2 2 2 2 2 2 2 2 2 2 2 2 2 2 2 2 2 2 2 2 2 2 2 2 2 2 2 2 2
left_child=3 2 5 6 14 -2 7 8 -1 -10 15 13 16 -12 -5 22 -7 -16 19 -3 -21 -17 -8 -19 28 -26 27 -20 -9 -22
right_child=1 18 -4 4 -6 12 10 24 9 -11 11 -13 -14 -15 17 21 -18 23 26 20 29 -23 -24 -25 25 -27 -28 -29 -30 -31
leaf_value=0 0 0 0 0 0 0.00017369769750521518 -2.9598400459294547e-05 0 0 9.728036989700802e-05 0 0 0 -3.7756839625209456e-05 0 3.2451018427327906e-05 0 0.00017728229000792714 -7.8578385927147179e-05 0 0 0 0 0 0 -3.1474213380872159e-05 0 0 1.0461905992057115e-05 0.00017875513783857769
leaf_weight=295 43 68 131 34 38 384 955 35 197 390 259 796 30 2195 30 409 105 138 102 67 36 3242 83 43 208 634 74 30 269 30
leaf_count=295 43 68 131 34 38 384 955 35 197 390 259 796 30 2195 30 409 105 138 102 67 36 3242 83 43 208 634 74 30 269 30
internal_value=0 5.78413e-05 0.000100567 -9.60387e-07 7.37556e-05 0.000127529 -4.58893e-06 1.23611e-05 4.20311e-05 6.50831e-05 -1.08084e-05 -2.33033e-05 0.000141714 -3.17019e-05 0.000112215 0 0.000150743 0.000131501 0 1.29432e-05 5.65801e-05 3.50134e-06 -2.20099e-05 0.000150574 0 -1.27581e-05 -4.21041e-05 -6.13767e-05 0 0.000120425
internal_weight=0 1100 693 10250 283 562 9967 2028 882 587 7939 3250 519 2454 245 4689 489 211 407 201 133 3651 1038 181 1146 842 206 132 304 66
internal_count=11350 1100 693 10250 283 562 9967 2028 882 587 7939 3250 519 2454 245 4689 489 211 407 201 133 3651 1038 181 1146 842 206 132 304 66
is_linear=0
shrinkage=0.03


Tree=4
num_leaves=40
num_cat=0
split_feature=43 28 0 9 1 9 8 5 36 23 43 23 9 31 51 39 51 56 44 48 5 51 7 43 1 0 4 2 56 44 1 9 51 9 48 35 51 8 2
split_gain=0.00239285 0.00499482 0.00464331 0.00225678 0.00244954 0.00211174 0.00170771 0.001648 0.00186833 0.00164508 0.00237876 0.00264918 0.00139475 0.00274808 0.00120099 0.00118154 0.000711434 0.000618854 0.000602534 0.000598837 0.000567331 0.000449463 0.000445312 0.000355984 0.000482691 0.000344009 0.00033341 0.000350669 0.000329618 0.000301167 0.000216385 0.000322198 0.000213276 0.000184457 0.000159456 4.74246e-05 0.000381311 2.2767e-06 7.15091e-07
threshold=0.0058470693400602724 0.11393503964507061 88020.90749146686 8351.1250000000018 61472.065271398787 11270.675000000001 0.014170226152244137 324.13250000000107 334.96614285714276 186.01880624196932 0.0046857367342695621 -128.20573364276058 8794.2250000000022 0.017561776774543843 55.155294695341169 2945.0250000000019 33.919682701712851 -0.0053860613502080086 0.91639956421611346 88.966691568201426 695.72250000000042 70.827969192640197 2831.1449999999973 0.0038188157892206664 58714.829791849894 102373.30405658593 84074.416642474782 93117.771750000029 0.010015944415339581 1.1040395199119011 66297.117393114939 7926.7500000000009 28.926693335124469 7692.4500000000016 70.902309912318472 0.0080618412609144915 26.025534963012809 0.0050134024896528991 60496.820500000009
decision_type=2 2 2 2 2 2 2 2 2 2 2 2 2 2 2 2 2 2 2 2 2 2 2 2 2 2 2 2 2 2 2 2 2 2 2 2 2 2 2
left_child=3 2 12 4 7 9 -3 23 19 10 11 -5 33 29 -12 -15 30 -4 -18 -9 21 25 32 24 -1 -7 -22 -28 -20 -14 34 -32 -19 -2 -6 36 -11 -37 -25
right_child=1 6 17 5 16 20 -8 8 -10 35 14 -13 13 15 -16 -17 18 22 28 -21 26 -23 -24 38 -26 -27 27 -29 -30 -31 31 -33 -34 -35 -36 37 -38 -39 -40
leaf_value=3.2186812040431052e-05 3.1690734372518657e-05 0 0 0 -2.1505579629864124e-05 4.9388555362705085e-05 -0.00024058860214668827 0.00018145892226550516 0 0 -0.00013887529141900742 -5.3539338274385672e-05 3.0794229411267561e-05 0.00018723618383082049 0 0 0 0 -5.3492716432355243e-05 0 0 0 0 -1.3515922208830959e-06 0 0 -9.2279528513071566e-05 0 0 0 2.3750810644494102e-05 0 -0.00010177297338909345 0 0 0 -2.0622317674357631e-05 1.3150419784656054e-05 0
leaf_weight=791 165 32 153 1038 310 538 59 182 251 168 375 1288 356 381 42 52 582 61 550 31 119 43 35 352 224 47 72 88 236 94 859 212 114 186 145 59 856 137 37
leaf_count=791 165 32 153 1038 310 538 59 182 251 168 375 1288 356 381 42 52 582 61 550 31 119 43 35 352 224 47 72 88 236 94 859 212 114 186 145 59 856 137 37
internal_value=0 3.35262e-05 5.3063e-05 -5.15438e-06 7.3151e-06 -2.04269e-05 -0.000144088 3.55711e-05 9.02554e-05 -3.11449e-05 -4.40578e-05 -2.37176e-05 8.36765e-05 0.000105855 -0.00012147 0.000168511 -5.74262e-06 -9.7012e-06 -2.31883e-05 0.000160047 9.86599e-06 3.08744e-05 -5.30192e-05 6.80197e-06 1.94821e-05 4.14051e-05 0 -4.32657e-05 -4.03156e-05 1.21818e-05 7.05436e-08 1.3483e-05 -7.52232e-05 0 0 0 -4.52653e-06 1.05128e-05 0
internal_weight=0 1688 1597 9632 4762 4870 91 1868 464 3963 2743 2326 1234 883 417 433 2894 363 1368 213 907 628 210 1404 1015 585 279 160 786 450 1526 1071 175 351 455 1220 1024 196 389
internal_count=11320 1688 1597 9632 4762 4870 91 1868 464 3963 2743 2326 1234 883 417 433 2894 363 1368 213 907 628 210 1404 1015 585 279 160 786 450 1526 1071 175 351 455 1220 1024 196 389
is_linear=0
shrinkage=0.03


end of trees

feature_importances:
volume_ma=16
volatility_ma=13
adx=13
volatility_ratio=11
sma_50=10
bb_width=9
atr_ratio=9
ema_fast=8
bb_lower=8
price_sma_50_dist=8
ema_slow=7
price_bb_lower_dist=6
ema_cross_pct=5
momentum_convergence=5
bb_middle=4
ema_cross=4
atr_ma=4
volume_ratio=4
atr=3
momentum_20=3
volatility=3
lower_shadow=3
price_bb_upper_dist=3
stoch_d=3
bb_upper=2
upper_shadow=2
bb_position_normalized=2
atr_normalized=2
momentum_ratio=2
volume_change=2
range_pct=1
return_1=1
return_6=1
return_12=1
log_return=1
price_ema_fast_dist=1
bb_position=1
sma_20=1

parameters:
[boosting: gbdt]
[objective: regression]
[metric: rmse]
[tree_learner: serial]
[device_type: cpu]
[data: ]
[valid: ]
[num_iterations: 800]
[learning_rate: 0.03]
[num_leaves: 50]
[num_threads: 8]
[deterministic: 0]
[force_col_wise: 0]
[force_row_wise: 0]
[histogram_pool_size: -1]
[max_depth: 6]
[min_data_in_leaf: 30]
[min_sum_hessian_in_leaf: 0.001]
[bagging_fraction: 0.7]
[pos_bagging_fraction: 1]
[neg_bagging_fraction: 1]
[bagging_freq: 1]
[bagging_seed: 400]
[feature_fraction: 0.7]
[feature_fraction_bynode: 1]
[feature_fraction_seed: 30056]
[extra_trees: 0]
[extra_seed: 12879]
[early_stopping_round: 0]
[first_metric_only: 0]
[max_delta_step: 0]
[lambda_l1: 0.5]
[lambda_l2: 0.3]
[linear_lambda: 0]
[min_gain_to_split: 0]
[drop_rate: 0.1]
[max_drop: 50]
[skip_drop: 0.5]
[xgboost_dart_mode: 0]
[uniform_drop: 0]
[drop_seed: 17869]
[top_rate: 0.2]
[other_rate: 0.1]
[min_data_per_group: 100]
[max_cat_threshold: 32]
[cat_l2: 10]
[cat_smooth: 10]
[max_cat_to_onehot: 4]
[top_k: 20]
[monotone_constraints: ]
[monotone_constraints_method: basic]
[monotone_penalty: 0]
[feature_contri: ]
[forcedsplits_filename: ]
[refit_decay_rate: 0.9]
[cegb_tradeoff: 1]
[cegb_penalty_split: 0]
[cegb_penalty_feature_lazy: ]
[cegb_penalty_feature_coupled: ]
[path_smooth: 0]
[interaction_constraints: ]
[verbosity: 1]
[saved_feature_importance_type: 0]
[linear_tree: 0]
[max_bin: 255]
[max_bin_by_feature: ]
[min_data_in_bin: 3]
[bin_construct_sample_cnt: 200000]
[data_random_seed: 175]
[is_enable_sparse: 1]
[enable_bundle: 1]
[use_missing: 1]
[zero_as_missing: 0]
[feature_pre_filter: 1]
[pre_partition: 0]
[two_round: 0]
[header: 0]
[label_column: ]
[weight_column: ]
[group_column: ]
[ignore_column: ]
[categorical_feature: ]
[forcedbins_filename: ]
[precise_float_parser: 0]
[parser_config_file: ]
[objective_seed: 16083]
[num_class: 1]
[is_unbalance: 0]
[scale_pos_weight: 1]
[sigmoid: 1]
[boost_from_average: 1]
[reg_sqrt: 0]
[alpha: 0.9]
[fair_c: 1]
[poisson_max_delta_step: 0.7]
[tweedie_variance_power: 1.5]
[lambdarank_truncation_level: 30]
[lambdarank_norm: 1]
[label_gain: ]
[lambdarank_position_bias_regularization: 0]
[eval_at: ]
[multi_error_top_k: 1]
[auc_mu_weights: ]
[num_machines: 1]
[local_listen_port: 12400]
[time_out: 120]
[machine_list_filename: ]
[machines: ]
[gpu_platform_id: -1]
[gpu_device_id: -1]
[gpu_use_dp: 0]
[num_gpu: 1]

end of parameters

pandas_categorical:[]
