tree
version=v4
num_class=1
num_tree_per_iteration=1
label_index=0
max_feature_idx=63
objective=regression
feature_names=rsi ema_fast ema_slow bb_middle bb_upper bb_lower atr momentum_10 momentum_20 volatility volume_ma range range_pct body body_pct upper_shadow lower_shadow is_bullish return_1 return_3 return_6 return_12 return_24 log_return rsi_normalized rsi_overbought rsi_oversold rsi_divergence ema_cross ema_cross_pct ema_cross_signal price_ema_fast_dist price_ema_slow_dist bb_width bb_position bb_position_normalized price_bb_upper_dist price_bb_lower_dist bb_breakout_upper bb_breakout_lower atr_normalized atr_ma atr_ratio momentum_ratio momentum_convergence volume_ratio volume_spike volume_change volatility_ma volatility_ratio high_volatility low_volatility stoch_k stoch_d stoch_overbought stoch_oversold adx strong_trend sma_20 price_sma_20_dist sma_50 price_sma_50_dist signal_convergence market_regime
feature_infos=[0:98.323991543918936] [38967.729318929021:107396.26389944887] [39220.71373165102:107049.79494400365] [0:107202.68299999999] [0:108503.14528069981] [0:106362.39873835164] [0:1913.6478571428556] [-8342.5400000000009:10665.179999999993] [-12486.150000000001:14155.739999999991] [0:0.027665265364936176] [0:15071.1] [41.610000000000582:7445.0200000000041] [0.00064197892033770012:0.083194551703992967] [0.010000000002037268:4847.2799999999988] [1.687657469333537e-07:0.053865545209733065] [0:2853.8099999999977] [0:2709.1299999999974] [0:1] [-0.06392068477713575:0.11991470268267301] [-0.06874591913368211:0.12121289228058596] [-0.079615203583715433:0.12324016964288909] [-0.13852618933251082:0.1281729140500143] [-0.20656179582649081:0.18012682534038826] [-0.066055067608681614:0.11325252408776919] [-0.94806582176005261:0.96647983087837874] [0:1] [0:1] [-49.557479223093154:42.119850794411732] [-2596.3215042438969:3122.6028892565373] [-0.051939210812642647:0.033488267366733444] [0:1] [-0.080064711463382857:0.093992858566676371] [-0.1320039222760255:0.11036991523222302] [0:0.23507214819731151] [-0.47895853378551589:1.5139666392771387] [-1.9579170675710318:2.0279332785542774] [-0.051695806611816018:0.2348085863011253] [-0.031298755752849884:0.18048430889612765] [0:1] [0:1] [0:0.030615925217490077] [0:1459.5823571428562] [0:2.5193794912994942] [-4451.5502226422777:74647.925336867193] [-10665.179999999993:8342.5400000000009] [0:2.9553958669892095] [0:1] [-0.80889167188478395:8.7027863777089784] [0:0.027364409329763521] [0:3.7248595957797415] [0:1] [0:1] [0:99.999999999838437] [0:98.883595895685247] [0:1] [0:1] [0:95.095784100943362] [0:1] [0:107202.68299999999] [-0.11842224866658865:0.11006071071452704] [0:106786.319] [-0.21353636665559603:0.12751438682104085] [0:2] [0:2]
tree_sizes=3243 3954 3506 3946 3972 3791 3344 3574 4262 3822

Tree=0
num_leaves=34
num_cat=0
split_feature=5 7 41 10 41 61 49 10 3 6 22 28 61 5 5 28 22 41 37 37 41 53 41 5 49 1 1 53 10 42 6 40 10
split_gain=0.033608 0.0157707 0.0177402 0.0156647 0.0228551 0.0254537 0.0220517 0.0162951 0.0152326 0.0114724 0.016143 0.0187739 0.00972989 0.00793293 0.0183075 0.0122184 0.00786298 0.00975834 0.00766804 0.00725694 0.00505083 0.0068395 0.00448247 0.00366733 0.00336415 0.00263991 0.00325258 0.00217252 0.00115681 0.000986825 0.000478276 0.000194352 0.000140639
threshold=61405.034626730536 -3263.4500000000039 757.22617857142836 12059.675000000001 939.67226785714286 0.029345551916596803 0.76572773722340648 11111.525000000003 83966.382500000007 658.74071428571301 0.0070244091275814 -621.86602462184226 0.024506767831623425 73892.837322705906 81266.392582502798 197.08384332109566 0.0032360057563051163 517.56737499999917 0.0077252933276600721 0.022239396609577192 659.405767857142 60.788060145380193 461.60989285714243 42675.044497047922 1.4437116854246936 89203.955380200641 76106.71452195906 70.902309912318472 10602.525000000001 1.4132647841108483 813.82392857142997 0.0090857848921401044 9199.0500000000011
decision_type=2 2 2 2 2 2 2 2 2 2 2 2 2 2 2 2 2 2 2 2 2 2 2 2 2 2 2 2 2 2 2 2 2
left_child=1 -1 16 4 9 7 25 8 -6 13 11 -11 -4 15 -15 -2 17 18 -3 24 -21 -22 23 -18 29 26 -5 -19 -12 -8 -26 -9 -24
right_child=3 2 12 6 5 -7 19 31 -10 10 28 -13 -14 14 -16 -17 22 27 -20 20 21 -23 32 -25 30 -27 -28 -29 -30 -31 -32 -33 -34
leaf_value=0.00030211008818025549 0.00089003208050154393 0.0010366524866574688 0.0017333085858209974 0.00099297133756824662 0.0022455921345496278 0.00079865024350082858 0.0011321118387196136 0.00099297133756824662 0.0011792705307087279 0.00099297133756824662 0.00094599390286506093 0.00061465636355768493 0.00099297133756824662 0.0012805125194019333 0.00096696795043382973 0.00099930897597072695 0.00099297133756824662 0.0012541148581121024 0.00091382527170838501 0.00099297133756824662 0.00099297133756824662 0.00067036050488693049 0.00097711246646969927 0.0011448489342376941 0.00099297133756824662 0.00099297133756824662 0.0017707334011443211 0.00099297133756824662 0.0010638443232946753 0.00099297133756824662 0.00087417296265229305 0.0010424322910210437 0.0010204929512054968
leaf_weight=20 3013 1051 60 20 36 62 413 21 95 137 197 394 35 177 2669 970 239 163 781 83 69 126 173 1269 23 28 50 57 120 38 30 71 109
leaf_count=20 3013 1051 60 20 36 62 413 21 95 137 197 394 35 177 2669 970 239 163 781 83 69 126 173 1269 23 28 50 57 120 38 30 71 109
internal_value=0.000992971 0.00106283 0.00107059 0.000957756 0.000943303 0.00119508 0.00107144 0.0013726 0.00159002 0.00093199 0.000821196 0.000720133 0.00149847 0.000947956 0.000991785 0.000920408 0.00105604 0.00100715 0.000992468 0.000998369 0.000898901 0.000803609 0.00110369 0.00112421 0.00108301 0.00149923 0.0016189 0.00119718 0.000992971 0.00111852 0.000992971 0.000992971 0.000992971
internal_weight=0 3957 3937 8842 7962 285 880 223 131 7677 848 531 95 6829 2846 3983 3842 2052 1832 782 278 195 1790 1508 504 98 70 220 317 451 53 92 282
internal_count=12799 3957 3937 8842 7962 285 880 223 131 7677 848 531 95 6829 2846 3983 3842 2052 1832 782 278 195 1790 1508 504 98 70 220 317 451 53 92 282
is_linear=0
shrinkage=1


Tree=1
num_leaves=46
num_cat=0
split_feature=60 41 4 6 10 10 49 8 6 4 60 2 2 36 33 4 9 22 56 10 1 29 29 41 3 59 41 33 41 60 2 4 10 1 33 4 10 27 5 41 7 56 33 49 29
split_gain=0.0300412 0.0228013 0.0440209 0.0262338 0.0231149 0.0208454 0.0186924 0.0109545 0.0122931 0.0112478 0.010262 0.008228 0.012629 0.0109756 0.00999756 0.00654368 0.00728079 0.00654292 0.00767724 0.00651825 0.00902154 0.00755478 0.00489346 0.00484079 0.00432673 0.00358214 0.00478172 0.00342799 0.00340468 0.00793429 0.00868041 0.00285903 0.00264652 0.002421 0.00217368 0.0020964 0.00202253 0.00189974 0.00170543 0.00132228 0.00122075 0.000941509 0.000640944 0.000280521 4.7609e-06
threshold=62099.385000000002 939.67226785714286 86250.913215466935 789.90821428571473 12059.675000000001 11471.125000000002 0.77260035392492721 989.66500000000099 676.17107142857151 65406.380963383424 74690.807000000015 47994.295801013614 57783.982214244395 0.037001673057443875 0.024223738989679468 61570.102791278281 0.0059752582590260435 0.0018165822902770359 22.317273650105111 8424.1000000000004 43804.525183481688 0.0072727775212873998 0.0084541185871689177 304.5893750000003 88277.255500000014 0.0069702333068937762 659.405767857142 0.045278188206502389 315.07728571428544 43572.861800000006 45976.382884328632 63325.524499018378 11607.900000000003 99019.086569732463 0.0092422201357436739 90662.795610912508 10858.050000000001 15.31143213225389 59444.897293257185 433.11701785714246 -1233.7149999999999 29.695823731755805 0.01443310956611297 0.91937929950111064 0.0016566038151174794
decision_type=2 2 2 2 2 2 2 2 2 2 2 2 2 2 2 2 2 2 2 2 2 2 2 2 2 2 2 2 2 2 2 2 2 2 2 2 2 2 2 2 2 2 2 2 2
left_child=11 4 3 -3 7 -5 24 8 10 -10 -2 19 13 34 17 16 -16 38 -19 28 44 23 32 -22 -6 40 -27 36 29 42 -31 -17 35 -29 -13 -4 -9 -36 -14 -15 -8 -30 -1 -34 -21
right_child=1 2 22 5 6 -7 25 27 9 -11 -12 12 14 39 15 31 -18 18 -20 20 21 -23 -24 -25 -26 26 -28 33 41 30 -32 -33 43 -35 37 -37 -38 -39 -40 -41 -42 -43 -44 -45 -46
leaf_value=4.855744783918217e-05 -9.1823756306050059e-05 0 0 0.0015883517193875899 0.0007064822874814033 0.00023508308659741324 0 -3.3164288161652292e-05 0.0001333102556626971 -0.00026322399902061182 -1.5468229839575894e-06 0 8.9644423281289872e-05 0 -0.00018869478347618079 0.00011346163384936682 0 0 0.00026337425955674998 5.2324936314398191e-06 -0.00068227297238384688 0 -0.00025237285739116599 0 0 1.3753981834537733e-05 -0.00020489233696719596 0.00013881040285436229 0 0.00046477234415785484 0 0 0 0 0.00015717757861521546 0.00025822506896737549 5.9095081883747805e-05 0 -1.5448329382580945e-05 0.00072287407615599598 0.00011602778289243691 -0.00011302168032021394 0 -5.2528286240155211e-05 0
leaf_weight=263 3357 42 35 36 58 65 129 1060 20 529 2239 37 183 20 334 265 129 93 348 156 49 30 65 68 27 93 105 272 26 92 27 135 47 43 893 67 202 22 252 55 370 73 282 91 47
leaf_count=263 3357 42 35 36 58 65 129 1060 20 529 2239 37 183 20 334 265 129 93 348 156 49 30 65 68 27 93 105 272 26 92 27 135 47 43 893 67 202 22 252 55 370 73 282 91 47
internal_value=0 -2.75671e-05 0.000174865 0.000609638 -4.00048e-05 0.000870668 0.000108957 -5.70385e-05 -7.54058e-05 -0.000221373 -5.83869e-05 7.22667e-05 0.000100001 0.000188065 3.93318e-05 -1.90355e-05 -0.000107511 0.000113924 0.000197748 0 -0.000103666 -0.000283872 0 -0.000398779 0.000544019 3.40433e-05 -2.68521e-05 5.02492e-06 5.2442e-05 8.73698e-05 0.00031911 4.59278e-05 3.1078e-05 9.86713e-05 0.000139017 0.000159699 -6.4982e-06 0.000149143 0 0.000606928 8.8239e-05 -3.03288e-05 9.02567e-06 0 0
internal_weight=0 8952 448 143 8504 101 782 7722 6145 549 5596 3879 2766 1027 1739 863 463 876 441 1113 350 147 305 117 85 697 198 1577 763 664 119 400 240 315 952 102 1262 915 435 75 499 99 545 138 203
internal_count=12831 8952 448 143 8504 101 782 7722 6145 549 5596 3879 2766 1027 1739 863 463 876 441 1113 350 147 305 117 85 697 198 1577 763 664 119 400 240 315 952 102 1262 915 435 75 499 99 545 138 203
is_linear=0
shrinkage=0.03


Tree=2
num_leaves=40
num_cat=0
split_feature=48 60 59 61 10 5 5 42 0 1 41 4 10 40 9 41 42 2 48 33 4 61 41 4 2 1 31 60 1 48 40 56 10 60 56 41 10 1 41
split_gain=0.0353811 0.0301408 0.0258974 0.0270561 0.0176791 0.0156304 0.0226857 0.0214614 0.0143688 0.0119858 0.0121023 0.0105305 0.0093432 0.00884932 0.00993851 0.0086224 0.0194092 0.00651186 0.00635356 0.00610455 0.00878101 0.00626471 0.00460188 0.00433867 0.00420102 0.0159912 0.00381378 0.00323614 0.00308905 0.00299011 0.00244057 0.00205831 0.00149627 0.00139259 0.00282586 0.00127859 0.0022338 0.00220614 0.00111683
threshold=0.0067702310205894648 62099.385000000002 -0.045874445273092083 0.038864117162068577 11471.125000000002 80598.123190118713 67359.652543278135 0.67962402453970561 58.404428793201291 63879.525739504556 695.78960714285734 90662.795610912508 8424.1000000000004 0.0099503876857300246 0.004655990780180099 867.90525000000048 0.88555267398090975 97725.234177080492 0.0045786795843875926 0.045813036339321288 61318.030657437739 0.0031976181044361266 746.20100000000082 62865.905101507647 43435.222260558709 49747.292189821223 0.0031875697938629345 98382.747500000012 52716.976540390933 0.0051610590893675793 0.0085693081612907823 56.645060097244702 5157.2000000000016 56343.026900000004 37.055317393713885 644.44892857142816 13425.075000000003 79718.406253420908 283.01089285714244
decision_type=2 2 2 2 2 2 2 2 2 2 2 2 2 2 2 2 2 2 2 2 2 2 2 2 2 2 2 2 2 2 2 2 2 2 2 2 2 2 2
left_child=1 12 -2 5 9 6 8 -8 -4 13 17 -12 18 14 -3 16 -7 -11 24 20 21 -14 -5 -22 32 -26 27 29 38 -6 -30 -17 -1 -21 -35 37 -37 -28 -20
right_child=2 4 3 22 26 15 7 -9 -10 10 11 -13 19 -15 -16 31 -18 -19 28 33 23 -23 -24 -25 25 -27 35 -29 30 -31 -32 -33 -34 34 -36 36 -38 -39 -40
leaf_value=0.00014562634323580617 -0.00055264812418381155 -0.00019252885043700087 0.00028347083207514443 0 1.6523447703901652e-05 0 0 0.00075925559893931982 0 -2.3885121760102502e-05 -0.00055404575257483174 -6.6340663557474923e-05 -0.00020448055717269928 -0.00095917728735224863 2.6220491483294661e-05 0.00017324245789213411 -0.001012795259959476 -0.00013382285587883823 0 0 0.00022093722797327919 0 -0.00029750855559796676 0 0.00045389867327786732 8.8578506875016655e-05 0 0 0 0.00021185591198003578 0.00019804857912890308 0 0 0 0.00021530785866820349 0 -0.00024451824104679482 0.0001285482388225824 -0.00018174876679240783
leaf_weight=63 34 695 367 33 374 30 38 171 181 5348 88 265 376 20 103 167 21 646 22 101 103 241 85 49 152 1365 93 88 281 271 64 33 442 49 130 90 52 121 104
leaf_count=63 34 695 367 33 374 30 38 171 181 5348 88 265 376 20 103 167 21 646 22 101 103 241 85 49 152 1365 93 88 281 271 64 33 442 49 130 90 52 121 104
internal_value=0 -1.81913e-05 0.000155243 0.000190169 -5.05473e-05 0.000247273 0.000316188 0.000616206 0.00017396 -6.86296e-05 -5.1345e-05 -0.000230966 5.29709e-05 -0.000184304 -0.00014551 0 -0.000298393 -3.82461e-05 8.5531e-05 -1.01211e-05 -6.59666e-05 -0.000127918 -0.000170034 8.67395e-05 0.000108842 0.000135205 5.46333e-05 9.54617e-05 0 0.000121932 3.10636e-05 0.000125833 0 8.96228e-05 0.000139765 0 -8.89909e-05 1.01772e-05 -0.000139075
internal_weight=0 11796 1160 1126 8254 1008 757 209 548 7165 6347 353 3542 818 798 251 51 5994 2493 1049 769 617 118 152 2022 1517 1089 733 471 645 345 200 505 280 179 356 142 214 126
internal_count=12956 11796 1160 1126 8254 1008 757 209 548 7165 6347 353 3542 818 798 251 51 5994 2493 1049 769 617 118 152 2022 1517 1089 733 471 645 345 200 505 280 179 356 142 214 126
is_linear=0
shrinkage=0.03


Tree=3
num_leaves=46
num_cat=0
split_feature=48 60 61 10 41 42 10 22 40 4 58 10 43 37 48 10 48 29 41 4 60 58 0 4 4 41 40 42 22 33 33 32 22 5 12 40 10 60 24 4 45 2 45 20 61
split_gain=0.0411078 0.0280618 0.0216248 0.0153624 0.0144357 0.0191517 0.0138247 0.00926455 0.0111764 0.0138329 0.0115318 0.00816641 0.00736013 0.00696738 0.00645333 0.00715699 0.00705533 0.00705516 0.00601819 0.00586586 0.0135138 0.00579117 0.00557406 0.00501821 0.00406977 0.00404448 0.00358915 0.00358021 0.00356614 0.00326368 0.00311627 0.00275917 0.00242325 0.00237815 0.00323478 0.00236733 0.00319535 0.0024517 0.00171485 0.00170072 0.00135174 0.000996399 0.000917952 0.000749121 5.45274e-05
threshold=0.0067702310205894648 62099.385000000002 0.038864117162068577 12184.225000000002 922.10264285714322 0.91340649817704966 11560.1 0.0096958121901042933 0.007950120575296005 65320.634014160227 63917.055000000015 8967.6750000000011 0.43380884590632313 0.01958462262470426 0.0045333663240909958 8351.1250000000018 0.005606122887380327 -0.00059471591605266634 849.80896428571361 47153.055143309088 45050.202100000002 78772.862500000017 31.818141541396255 46877.963733497207 61447.677047969133 746.20100000000082 0.0049371412828269389 1.5918530801541337 0.031191757938609736 0.036930650427992144 0.0092422201357436739 0.0020560392329699952 -0.0066912509448253102 81385.852419331917 0.006096096730856833 0.0072976757524463292 7998.2000000000007 97179.058900000018 -0.007790859623730312 65108.796997790159 0.8699825027296727 61543.173706289934 0.8378466673389473 0.0074529581844768886 0.035767615388064021
decision_type=2 2 2 2 2 2 2 2 2 2 2 2 2 2 2 2 2 2 2 2 2 2 2 2 2 2 2 2 2 2 2 2 2 2 2 2 2 2 2 2 2 2 2 2 2
left_child=1 14 4 7 5 18 11 8 10 -10 -3 -6 38 27 15 17 24 32 23 20 -17 29 -13 -2 28 -4 -21 42 -16 -8 -19 43 -1 40 -35 36 -9 -37 -7 -14 -15 -26 -5 -18 -33
right_child=2 3 25 13 6 12 21 35 9 -11 -12 22 39 33 16 19 31 30 -20 26 -22 -23 -24 -25 41 -27 -28 -29 -30 -31 -32 44 -34 34 -36 37 -38 -39 -40 -41 -42 -43 -44 -45 -46
leaf_value=6.5218524976174916e-05 0 -0.00017904688123822609 0 0 0 0.00015012620960151517 0 2.3808724677838791e-05 3.8677634695163508e-05 -0.00027776747926885979 -3.5212570417534443e-05 0 0 0 -0.00015961713024855429 0 0.00020377504578949408 0 0 0.00032782505047529968 -0.00063209728141097187 0 0.00076395764109860964 0.00031935669494346884 0.0001135914232380849 -0.00026970723472529828 0 0 0 0.00045845291518495596 0.00016913485489919835 -1.3144056769731908e-06 -3.8569172607799232e-05 0 -0.0002253388807529936 0.00010994392407354469 -5.1876412431436086e-05 0 0 -0.00032113239340750234 0.00014522739342685739 0 0.00023191322870730479 0 2.9945398740675473e-05
leaf_weight=435 37 674 37 57 20 68 21 608 63 491 4309 24 30 42 402 191 147 132 43 45 39 125 138 330 69 80 427 26 47 50 1153 117 238 35 92 320 1112 38 54 87 74 44 289 20 54
leaf_count=435 37 674 37 57 20 68 21 608 63 491 4309 24 30 42 402 191 147 132 43 45 39 125 138 330 69 80 427 26 47 50 1153 117 238 35 92 320 1112 38 54 87 74 44 289 20 54
internal_value=0 -1.14581e-05 0.000176509 -4.29505e-05 0.00022691 0.000106792 0.000393101 -5.58541e-05 -7.61323e-05 -0.000214728 -5.76935e-05 0.000612502 -6.02447e-05 9.23685e-05 5.71287e-05 8.09369e-05 0 0.000110398 0.000240657 0 -0.000125314 0.000111995 0.000683053 0.000281835 -7.75449e-05 -0.000137321 5.92656e-05 0.000175874 -0.000125194 0.000327669 0.000153256 9.36281e-05 6.2419e-06 0 -0.000118342 0 -1.64051e-05 6.82019e-05 1.98504e-06 -0.000252526 5.51792e-05 0 0.000206281 0.000180391 0
internal_weight=0 11790 1144 8230 1027 649 378 7615 5537 554 4983 182 239 615 3560 2660 900 1958 410 702 230 196 162 367 562 117 472 372 449 71 1285 338 673 243 127 2078 1720 358 122 117 116 113 346 167 171
internal_count=12934 11790 1144 8230 1027 649 378 7615 5537 554 4983 182 239 615 3560 2660 900 1958 410 702 230 196 162 367 562 117 472 372 449 71 1285 338 673 243 127 2078 1720 358 122 117 116 113 346 167 171
is_linear=0
shrinkage=0.03


Tree=4
num_leaves=47
num_cat=0
split_feature=48 1 60 7 10 56 41 37 60 42 10 48 10 1 60 60 3 60 1 56 61 56 42 60 1 41 28 6 6 6 3 56 56 44 10 29 53 41 56 56 7 10 40 60 61 52
split_gain=0.0274193 0.0321412 0.0220488 0.0193878 0.0144283 0.0142133 0.0122298 0.0145477 0.0139225 0.019805 0.0116904 0.00923056 0.00873525 0.00810223 0.00793991 0.0191587 0.012066 0.0118965 0.0101809 0.00665932 0.0107105 0.00594015 0.0055563 0.00503653 0.0170816 0.00443782 0.00337021 0.00353105 0.00307432 0.0028666 0.0028042 0.0022329 0.00282051 0.00185161 0.00174529 0.00168308 0.00167845 0.00148556 0.00145815 0.0010409 0.000612615 0.000357878 0.000817055 0.000156515 0.000154735 4.86134e-05
threshold=0.0058892764872640821 87996.20477808961 62099.385000000002 -3263.4500000000039 8886.8250000000025 56.286791809038753 939.67226785714286 0.022239396609577192 84127.981299999999 0.79211255996040808 8424.1000000000004 0.0045333663240909958 11999.35 60626.495008243888 74690.807000000015 84740.68700000002 85953.012499999997 69298.658700000015 63965.975059307391 47.566164219592785 0.0024221649147505883 46.610468794069597 0.59192884224055853 43572.861800000006 49747.292189821223 335.93024999999989 594.37919229416013 968.64142857143054 789.90821428571473 1354.3689285714293 62260.98575 50.336551921704576 28.439953010267612 539.6899999999988 5265.2500000000009 0.0046428688326512176 21.10392885955385 809.71273214285645 20.394223233779268 46.610468794069597 1583.6749999999995 12688.85 0.013225694574206812 58660.029500000011 -0.045455977258779916 46.242416331948171
decision_type=2 2 2 2 2 2 2 2 2 2 2 2 2 2 2 2 2 2 2 2 2 2 2 2 2 2 2 2 2 2 2 2 2 2 2 2 2 2 2 2 2 2 2 2 2 2
left_child=2 3 10 5 21 -2 7 22 9 -8 11 23 14 19 17 25 -17 18 -4 20 -12 -3 -5 34 -25 -16 27 39 36 -29 33 32 -13 -15 -1 -19 -14 -9 -38 -6 -28 -30 -43 -21 -10 -33
right_child=1 4 12 6 26 -7 8 37 44 -11 13 31 28 30 15 16 -18 35 -20 43 -22 -23 -24 24 -26 -27 40 29 41 -31 -32 45 -34 -35 -36 -37 38 -39 -40 -41 -42 42 -44 -45 -46 -47
leaf_value=0.0001355415717759905 0 -0.00078320480054244399 -0.00014641973960052702 0 0.00013730456172729981 -0.00090248233570558271 0 3.9144211116490504e-05 0 0.00080286905657311035 -0.00027585720736253845 0 0 0.00023069286414798587 0.00030396843575876685 -0.00033795516517022979 -3.5300328570625911e-05 -0.00021518672292739234 -1.4819741728447303e-05 2.7336503632026366e-05 0 0 0.0002674897312016249 0.00050079264681512057 9.140400761823835e-05 4.1317293341251291e-05 -0.00032710791843484585 -0.00021209781710628317 0 0 0 0 -0.00015209768042629988 0 0 0 0 -8.830230686782829e-05 0.00016083991689334114 0 0 -0.00012804064867195 0 0 4.3827485985620398e-05 2.6352971473224755e-05
leaf_weight=85 39 37 853 89 184 20 46 381 24 119 291 76 71 117 138 144 2476 736 2280 188 225 21 559 126 1323 473 33 71 58 33 51 38 208 25 435 97 46 96 274 29 20 64 26 52 72 63
leaf_count=85 39 37 853 89 184 20 46 381 24 119 291 76 71 117 138 144 2476 736 2280 188 225 21 559 126 1323 473 33 71 58 33 51 38 208 25 435 97 46 96 274 29 20 64 26 52 72 63
internal_value=0 0.000102821 -2.11125e-05 0.000174593 -0.00010441 -0.000256176 0.000203834 0.000139616 0.000422479 0.000598109 4.13331e-05 7.94027e-05 -4.97144e-05 -3.72932e-05 -5.94887e-05 -1.84411e-05 -5.77202e-05 -8.9141e-05 -5.54542e-05 -9.30466e-05 -0.000155835 -0.000549386 0.000232422 0.000107775 0.000137512 0.000125369 0 4.35116e-07 5.29281e-05 -7.80457e-05 0.000103255 -2.67406e-05 -8.96178e-05 0.00017941 0 -0.000197735 0.000104536 0 0.000134395 0.000109105 -0.000238105 0 -5.96574e-05 0 0 1.84999e-06
internal_weight=0 1873 11039 1445 428 59 1386 1125 261 165 3303 2354 7736 949 7197 3231 2620 3966 3133 756 516 58 648 1969 1449 611 370 317 539 104 193 385 284 142 520 833 391 477 320 213 53 148 90 240 96 101
internal_count=12912 1873 11039 1445 428 59 1386 1125 261 165 3303 2354 7736 949 7197 3231 2620 3966 3133 756 516 58 648 1969 1449 611 370 317 539 104 193 385 284 142 520 833 391 477 320 213 53 148 90 240 96 101
is_linear=0
shrinkage=0.03


Tree=5
num_leaves=44
num_cat=0
split_feature=48 60 2 49 5 42 5 10 41 48 3 60 2 0 56 9 9 48 48 5 7 6 5 5 56 33 3 60 53 60 56 2 60 2 60 29 3 6 2 34 2 41 2
split_gain=0.0338251 0.0303477 0.0241301 0.0204646 0.0181616 0.0227291 0.0176344 0.0137665 0.0101519 0.00880579 0.0121776 0.0103917 0.0103519 0.00839172 0.00792659 0.00892865 0.00668411 0.00649887 0.0082649 0.00645719 0.00610598 0.00512826 0.00472531 0.00413497 0.00404243 0.00402808 0.00392227 0.00366902 0.00350741 0.00274819 0.00253949 0.00569425 0.00238723 0.0023376 0.00232681 0.00181487 0.00238296 0.00175162 0.00128847 0.000655065 0.000400425 0.000386564 1.63793e-05
threshold=0.0067702310205894648 62099.385000000002 87060.688219989868 1.230074736509924 67359.652543278135 0.67962402453970561 80598.123190118713 12059.675000000001 867.90525000000048 0.0046857367342695621 63917.055000000015 62951.90140000001 67602.482135582322 59.880425875385576 48.386193115529927 0.0041137610735020409 0.0046816813280078336 0.0056553020878706258 0.0045569191908318577 63268.885308993347 -2902.4599999999987 801.68035714285691 43236.184832725667 56622.217368477905 20.798049648359019 0.032087531278385123 58898.107500000006 59644.190500000004 37.250545680503571 50110.410200000006 28.926693335124469 79903.992329806279 45050.202100000002 59366.164421459376 82662.250000000015 0.0074152352092026986 91097.28750000002 308.582500000001 95924.598437460038 0.75276000232488005 64215.635268789527 612.13167857142764 77470.668293041788
decision_type=2 2 2 2 2 2 2 2 2 2 2 2 2 2 2 2 2 2 2 2 2 2 2 2 2 2 2 2 2 2 2 2 2 2 2 2 2 2 2 2 2 2 2
left_child=1 14 3 4 13 -6 -7 9 -4 10 16 37 -13 24 15 23 -3 18 -17 -12 -5 30 -16 32 -2 -25 29 -28 41 -24 42 -32 -1 -19 -30 36 -10 -11 -38 -22 -15 -23 -9
right_child=2 7 8 20 5 6 -8 21 35 11 19 12 -14 40 22 17 -18 33 -20 -21 39 28 26 25 -26 -27 27 -29 34 -31 31 -33 -34 -35 -36 -37 38 -39 -40 -41 -42 -43 -44
leaf_value=5.8325459249700255e-05 0 -0.00019353916813065602 -0.00054451739928737595 -0.00037347275183147074 0 0.00082207551904927905 0 1.5609564771009838e-05 0 0 0.000270742945332566 -0.0003423724986084119 -8.8063032738527642e-05 1.1883240549235529e-05 0 0 0 0.00016976259028214359 -0.00025942522868448631 -2.8400202536198244e-05 9.5605654939792521e-05 0 0 0.00013665610088724081 0.00029003734590303998 0 -3.9068915120540014e-05 0.00011937738485082668 0 0.00031945573023825724 0 0.00035627826429757636 -2.4135020702527419e-05 0 -0.0002156633623539463 -0.00015972368623900772 0.0003602215680846218 0.00027653925311030216 0 0 -7.7101048021374833e-05 0.00010783069887866248 0
leaf_weight=570 74 661 35 39 66 160 40 60 85 20 57 290 868 131 150 445 86 108 209 5524 64 20 117 816 267 38 80 254 27 266 158 124 449 45 100 43 29 35 30 47 57 79 96
leaf_count=570 74 661 35 39 66 160 40 60 85 20 57 290 868 131 150 445 86 108 209 5524 64 20 117 816 267 38 80 254 27 266 158 124 449 45 100 43 29 35 30 47 57 79 96
internal_value=0 -1.32944e-05 0.000155896 0.000226957 0.000290444 0.000520283 0.000679578 -4.60237e-05 -7.90106e-05 -5.87084e-05 -4.10454e-05 -0.000138437 -0.000164818 0.000146161 5.81832e-05 2.55872e-05 -0.00015843 -4.76745e-05 -0.000100884 -2.26336e-05 -9.69831e-06 7.53972e-05 0.000141577 6.51634e-05 0.000235031 0.000116627 0.000173671 3.65815e-05 0 0.000253905 0.000138348 0.000194422 7.28395e-06 8.16388e-05 -0.000142256 0 6.01972e-05 0.000143217 0.000211767 0 0 7.61165e-05 0
internal_weight=0 11752 1167 945 795 266 200 8205 222 7541 6328 1213 1158 529 3547 2680 747 807 654 5581 150 664 867 1873 341 854 717 334 226 383 438 282 1019 153 127 187 144 55 59 111 188 99 156
internal_count=12919 11752 1167 945 795 266 200 8205 222 7541 6328 1213 1158 529 3547 2680 747 807 654 5581 150 664 867 1873 341 854 717 334 226 383 438 282 1019 153 127 187 144 55 59 111 188 99 156
is_linear=0
shrinkage=0.03


Tree=6
num_leaves=38
num_cat=0
split_feature=48 60 61 7 41 33 6 2 41 56 33 1 60 22 49 60 5 22 8 3 1 48 1 41 41 3 41 53 49 60 60 0 48 1 48 56 41
split_gain=0.0376774 0.0268041 0.022814 0.0215559 0.0164044 0.0168669 0.0167078 0.0134143 0.0079107 0.00763238 0.00715624 0.00573869 0.00635798 0.00540344 0.00572628 0.00536664 0.00533108 0.0052516 0.00830637 0.00468924 0.00515495 0.00462846 0.00459752 0.00769541 0.00430386 0.00429913 0.00391961 0.00302873 0.00505776 0.00222796 0.00180816 0.00177734 0.00136726 0.00101009 0.000665084 0.00175011 0.00174056
threshold=0.0067702310205894648 62099.385000000002 0.038864117162068577 -3263.4500000000039 939.67226785714286 0.024850176922183845 737.92892857142999 95731.24143200634 1045.296339285715 47.287398507137929 0.024223738989679468 54731.302194290452 59494.83430000001 0.012761269561842538 1.2502644127123983 63564.251100000001 79066.3139135581 0.014678882076929469 -972.09499999999741 63917.055000000015 97189.715860377401 0.004335258035775137 44322.5860552866 228.65637500000034 746.20100000000082 59066.191500000008 593.61926785714093 63.974079329520301 1.1066285818102075 57523.249000000003 45050.202100000002 56.84942782572606 0.0042374462150669206 87996.20477808961 0.002149922627105668 31.771706178164091 439.6456428571426
decision_type=2 2 2 2 2 2 2 2 2 2 2 2 2 2 2 2 2 2 2 2 2 2 2 2 2 2 2 2 2 2 2 2 2 2 2 2 2
left_child=1 9 3 8 5 15 -6 -8 -2 10 11 30 -13 14 19 -5 -7 18 -12 21 -21 -3 -11 -24 -4 -25 27 33 -29 -19 -1 -28 -33 -15 35 -16 -36
right_child=2 13 24 4 6 16 7 -9 -10 22 17 12 -14 26 34 -17 -18 29 -20 20 -22 -23 23 25 -26 -27 31 28 -30 -31 -32 32 -34 -35 36 -37 -38
leaf_value=3.8968917120852179e-05 -0.00050227438632208742 -0.00019361862071716609 0 1.6575603028525226e-05 0 7.4991460370697158e-05 0.00063595956545857012 0 0 0 0 0.00020184291864442513 2.6399251650136944e-06 -6.8978122856363079e-05 0 0.00060602763348177146 -0.0002145865843298712 0.00011022641977830927 -0.00020481164052088376 -3.584808126677231e-05 -0.00014465814030178696 0 0.00054432891984647922 0.00017398176592665148 -0.00029291881724599411 0 0 0.00010991590804529899 0 0 -4.761026101957088e-05 0 -0.00015339807662631815 0 5.608694322916056e-05 -0.00014351268511046116 -5.9272939323535435e-06
leaf_weight=536 39 555 35 89 68 439 235 25 20 174 158 415 479 252 72 88 52 170 325 3950 603 124 65 389 82 317 122 655 447 154 358 43 230 61 545 97 457
leaf_count=536 39 555 35 89 68 439 235 25 20 174 158 415 479 252 72 88 52 170 325 3950 603 124 65 389 82 317 122 655 447 154 358 43 230 61 545 97 457
internal_value=0 -1.26518e-05 0.00016546 0.000216398 0.00025732 0.000137337 0.000455432 0.000565053 -0.000218682 5.4502e-05 2.07884e-05 5.81326e-05 0.000111941 -4.34245e-05 -5.6375e-05 0.000395025 1.36174e-05 -4.33608e-05 -0.000113041 -6.98163e-05 -5.35674e-05 -0.000156578 0.000131156 0.000162619 -0.00016516 0.000105884 0 2.56859e-05 5.52664e-05 1.43034e-05 0 -8.09824e-05 -0.000123823 -3.05352e-05 0 -5.05428e-05 1.28516e-05
internal_weight=0 11753 1172 1055 996 668 328 260 59 3540 2595 1788 894 8213 6403 177 491 807 483 5232 4553 679 945 771 117 706 1810 1415 1102 324 894 395 273 313 1171 169 1002
internal_count=12925 11753 1172 1055 996 668 328 260 59 3540 2595 1788 894 8213 6403 177 491 807 483 5232 4553 679 945 771 117 706 1810 1415 1102 324 894 395 273 313 1171 169 1002
is_linear=0
shrinkage=0.03


Tree=7
num_leaves=41
num_cat=0
split_feature=48 4 41 60 49 31 37 10 10 10 1 41 10 32 6 40 33 48 22 1 60 41 22 41 37 3 4 2 42 1 49 53 61 1 48 45 41 21 59 56
split_gain=0.0259126 0.0268738 0.0343445 0.0258172 0.0224128 0.016748 0.0139507 0.0123165 0.00939288 0.00921939 0.00896543 0.0117715 0.00757369 0.00731717 0.00717306 0.007361 0.00676606 0.00516771 0.00534762 0.00514807 0.0182992 0.00824779 0.00476816 0.00564303 0.00417667 0.00356108 0.00321205 0.00294762 0.00289351 0.0024231 0.00223573 0.00191405 0.00428698 0.00190505 0.00186338 0.00143323 0.00137176 0.00098446 0.000890533 0.000724274
threshold=0.0066880417649510483 86250.913215466935 939.67226785714286 62099.385000000002 0.85012147069787003 -0.02376601501460435 0.022488257770183404 10248.200000000003 8886.8250000000025 12184.225000000002 63879.525739504556 695.78960714285734 8424.1000000000004 -0.015161446518469743 633.34178571428731 0.0065823749411566138 0.038486800741921769 0.0045786795843875926 0.012761269561842538 46751.535535398878 45050.202100000002 304.5893750000003 -0.028327983862172165 459.37978571428545 0.024961355060848123 97422.598000000013 46877.963733497207 43057.716152749585 1.6386594062522684 52716.976540390933 1.2834345102116573 25.716510973744601 0.031043795763879143 57842.617630366054 0.0073483261717661183 0.82761489113354003 659.405767857142 0.010448392173501244 0.0060473826075507289 29.426355216435692
decision_type=2 2 2 2 2 2 2 2 2 2 2 2 2 2 2 2 2 2 2 2 2 2 2 2 2 2 2 2 2 2 2 2 2 2 2 2 2 2 2 2
left_child=3 2 5 12 -4 -2 26 -6 16 10 14 25 17 -13 15 -5 -3 18 30 20 -14 -22 -21 -24 28 -12 -7 -20 35 39 -1 -10 34 -31 -33 -11 -26 -8 -38 -19
right_child=1 8 4 9 7 6 37 -9 31 24 11 13 19 -15 -16 -17 -18 29 27 22 21 -23 23 -25 36 -27 -28 -29 -30 33 -32 32 -34 -35 -36 -37 38 -39 -40 -41
leaf_value=7.7167210435617474e-05 -0.00056338969237950385 -0.00075440551099171366 0 -0.00016223897855978535 0.00154890153395093 0 6.2838059747176984e-05 0.00040221213008703781 -0.00019141067716258543 0 -1.4173612864233153e-05 0 0 -0.00025431687904794949 -0.00084993148768439932 0 0 0 0 0.00027439551257462362 -0.00090147488902363431 0 5.131516594956303e-05 -0.00014829375856598831 0 -9.0818308153178739e-05 0.00029023855632945257 0.00024659705181943582 0 0.00012920795247315384 0 0 -7.8419335144233989e-05 0 0.00022490478895147533 0.00016349092104845405 0 -4.8294275307224306e-05 -0.0001869830694900324 -0.00015444126246712993
leaf_weight=1369 24 28 56 674 34 29 109 101 40 68 5592 67 229 357 20 147 21 20 62 63 34 35 521 168 67 762 350 373 23 124 180 68 46 207 108 363 21 194 58 103
leaf_count=1369 24 28 56 674 34 29 109 101 40 68 5592 67 229 357 20 147 21 20 62 63 34 35 521 168 67 762 350 373 23 124 180 68 46 207 108 363 21 194 58 103
internal_value=0 0.000132746 0.000220925 -1.31543e-05 0.0005956 9.79794e-05 0.000143627 0.000806359 -7.33752e-05 -4.31976e-05 -5.31975e-05 -3.86957e-05 5.33349e-05 -0.000197371 -0.000152156 -0.000116392 -0.000452394 8.28516e-05 0.000103819 -9.28184e-07 -0.000117831 -0.000544609 2.55116e-05 0 5.87445e-05 -2.57321e-05 0.000264922 0.000214619 0.00011318 0 6.29639e-05 0 3.27607e-05 3.31342e-05 0.000146945 0.000139741 -7.94726e-06 0 -0.000125083 -0.00012129
internal_weight=0 1208 897 11707 191 706 682 135 311 8219 7619 6778 3488 424 841 821 49 2438 1984 1050 298 69 752 689 600 6354 379 435 454 454 1549 262 222 331 176 431 146 303 79 123
internal_count=12915 1208 897 11707 191 706 682 135 311 8219 7619 6778 3488 424 841 821 49 2438 1984 1050 298 69 752 689 600 6354 379 435 454 454 1549 262 222 331 176 431 146 303 79 123
is_linear=0
shrinkage=0.03


Tree=8
num_leaves=50
num_cat=0
split_feature=60 10 49 37 42 6 60 60 33 60 4 33 8 5 10 7 45 60 59 4 9 5 6 4 9 4 60 5 60 28 29 29 22 8 43 60 10 10 5 49 60 60 10 45 49 42 5 28 10
split_gain=0.0180793 0.0126108 0.0111616 0.0108331 0.0108689 0.0217297 0.00718884 0.00914271 0.0163096 0.00894396 0.00719685 0.00698776 0.00975916 0.00913839 0.00658413 0.00612421 0.0056611 0.00549307 0.0126833 0.0266531 0.00628203 0.00592142 0.00506646 0.00495283 0.00484087 0.007529 0.00474161 0.00461734 0.00420845 0.0061333 0.00412693 0.00364938 0.0035733 0.00518182 0.00357304 0.00304355 0.00387816 0.00224056 0.00189451 0.00157208 0.00105432 0.000727631 0.00140587 0.000493719 0.000235523 0.00018755 0.00016869 0.000163882 7.5331e-05
threshold=61801.777200000004 11318.025000000001 0.76945909275963975 0.034651023950106129 1.1332343290391909 801.68035714285691 46914.068200000002 45050.202100000002 0.019729261353425072 57761.868000000009 61318.030657437739 0.02280632350020112 -1038.8499999999983 59444.897293257185 11834.000000000002 -173.77000000000405 0.89341446281430714 64352.257900000004 -0.013518693230661962 65320.634014160227 0.004655990780180099 97406.885562708587 695.1432142857152 52660.59240103083 0.0054203827094152978 84081.381466740204 82662.250000000015 64029.646896805032 51473.467200000006 78.73407775296802 0.0011288798283141807 -0.0026572203992479677 0.0056345549942743442 1297.3200000000036 1.1362525805194481 43572.861800000006 8424.1000000000004 5216.5000000000009 57240.144108350905 0.7913988464916355 70324.50470000002 67331.628000000012 9608.0250000000015 1.1794398750540789 1.1706805776176481 1.1891253745411972 74652.33375723254 -107.65694414048993 10518.925000000001
decision_type=2 2 2 2 2 2 2 2 2 2 2 2 2 2 2 2 2 2 2 2 2 2 2 2 2 2 2 2 2 2 2 2 2 2 2 2 2 2 2 2 2 2 2 2 2 2 2 2 2
left_child=6 3 14 17 5 44 7 35 30 23 11 13 -13 -11 -3 24 -16 18 19 -2 -20 27 40 28 -4 -26 -24 -19 29 -8 -9 -23 45 -34 38 37 -37 39 -25 -1 -17 48 -43 -39 -5 -12 -18 -30 -6
right_child=1 2 15 4 41 -7 9 8 -10 10 32 12 -14 -15 16 22 46 21 20 -21 -22 31 26 34 25 -27 -28 -29 47 -31 -32 -33 33 -35 -36 36 -38 43 -40 -41 -42 42 -44 -45 -46 -47 -48 -49 -50
leaf_value=0 0 0 0 4.3026450330058038e-05 7.0535668788792251e-05 0.00095408603220489114 0.00030666250086332144 -0.00070581775244542397 0 0.00015251761088541668 -3.3584909982361175e-06 1.3982947464570722e-05 -0.00021815130955332951 -8.5101018920454068e-05 0 0 0 0.00011769220810582826 -0.00010636078492877133 -0.0012739551258518507 5.680733585202436e-05 0 0 0.00026967609909389812 0.00028605080771502918 0 -0.00022032991493436312 -2.8869398826668479e-05 0 0 0 -0.00015935215088854851 0.00026600331778072047 0 0 0.00030273974181677858 0 -3.2168980897210036e-05 0 0.0002434440986992507 6.6049002391368601e-05 -0.00013048956328059517 0 0 0 4.0588123644151604e-05 0.00062815056483107282 -3.8220767065505254e-05 0
leaf_weight=28 76 61 223 114 38 36 100 51 131 339 140 129 299 174 25 203 25 166 854 28 151 73 153 470 195 240 198 5248 29 105 20 528 217 191 130 78 86 509 21 56 222 105 95 172 22 101 63 158 21
leaf_count=28 76 61 223 114 38 36 100 51 131 339 140 129 299 174 25 203 25 166 854 28 151 73 153 470 195 240 198 5248 29 105 20 528 217 191 130 78 86 509 21 56 222 105 95 172 22 101 63 158 21
internal_value=0 -2.22793e-05 4.99941e-05 -3.96495e-05 9.4905e-05 0.000281492 5.60275e-05 0 -0.00018939 8.35933e-05 2.71901e-05 -1.23164e-05 -0.000113245 4.27061e-05 0.00028206 1.12903e-05 0.000417762 -4.99015e-05 -0.000117635 -0.000461604 -6.6911e-05 -3.49109e-05 -3.27085e-05 0.000157266 8.59439e-05 0.000145508 -0.000123588 -2.15948e-05 2.40848e-05 0.000138312 -0.000553968 -0.000129811 0.000107532 0.000162042 0.000217113 3.22225e-05 0.000150062 0 0.000257194 0.000151271 7.15149e-06 0 -5.14681e-05 -1.10296e-05 0 0 0.000530468 -2.1172e-05 4.56053e-05
internal_weight=0 9163 1608 7555 431 172 3734 1131 202 2603 1590 941 428 513 174 1434 113 7124 1109 104 1005 6015 776 1013 658 435 351 5414 392 205 71 601 649 408 621 929 164 765 491 84 425 259 200 681 136 241 88 187 59
internal_count=12897 9163 1608 7555 431 172 3734 1131 202 2603 1590 941 428 513 174 1434 113 7124 1109 104 1005 6015 776 1013 658 435 351 5414 392 205 71 601 649 408 621 929 164 765 491 84 425 259 200 681 136 241 88 187 59
is_linear=0
shrinkage=0.03


Tree=9
num_leaves=45
num_cat=0
split_feature=48 7 60 60 10 9 5 42 1 10 48 22 4 56 48 48 4 5 4 32 56 1 41 1 8 53 48 6 53 45 56 9 8 9 5 10 6 49 56 41 41 29 1 45
split_gain=0.0242182 0.0246358 0.0200571 0.0188752 0.0140625 0.0110137 0.00921759 0.0199804 0.0120465 0.00859316 0.00879399 0.0135697 0.0108018 0.00713415 0.00679176 0.0115883 0.00635244 0.00761393 0.00614322 0.00597478 0.00543317 0.00506489 0.00657369 0.00428673 0.00375081 0.00374078 0.00328485 0.00244866 0.00393103 0.00260476 0.00361571 0.00243951 0.00240748 0.00231415 0.00228852 0.00195895 0.00118506 0.00108045 0.000851909 0.000643763 0.0005528 0.000170032 9.40302e-05 4.1499e-05
threshold=0.0066880417649510483 -4240.9849999999997 62099.385000000002 83000.498800000016 9815.9500000000025 0.014170226152244137 74652.33375723254 0.68355492994561418 63965.975059307391 11471.125000000002 0.0049199224193854788 -0.00064835497740195469 91161.734014238362 47.818977507186879 0.0044861768924654337 0.0054279892681324193 65108.796997790159 63268.885308993347 61570.102791278281 0.0064690637117629226 26.025534963012809 44322.5860552866 228.65637500000034 93949.988914569971 150.58499999999916 86.212452594131761 0.0038176046805978464 789.90821428571473 35.82434382183137 0.95828806326597926 30.246065190926199 0.0078998627870473116 3108.839999999997 0.0034735020843153111 81385.852419331917 7576.2750000000005 383.2503571428565 0.87835332196462568 40.30640479349497 598.87482142857186 849.80896428571361 0.0069699194842995126 42709.275455047478 0.85327544524313492
decision_type=2 2 2 2 2 2 2 2 2 2 2 2 2 2 2 2 2 2 2 2 2 2 2 2 2 2 2 2 2 2 2 2 2 2 2 2 2 2 2 2 2 2 2 2
left_child=2 5 13 4 35 -2 8 -8 -6 10 16 12 -12 14 24 18 20 -18 -16 23 -4 42 -23 40 33 -26 -24 29 39 -11 -31 32 -21 -1 -30 41 -17 -25 -13 -29 -5 -3 -15 -37
right_child=1 3 9 19 6 -7 7 -9 -10 27 11 38 -14 21 15 36 17 -19 -20 31 -22 22 26 37 25 -27 -28 28 34 30 -32 -33 -34 -35 -36 43 -38 -39 -40 -41 -42 -43 -44 -45
leaf_value=3.5211250322103871e-05 0 0.00017755004735920196 0 -0.00012986562977410789 0.00038412111052451718 -0.0008931587066720514 0 0.00082560490912093388 0 0 -0.00040775817949805041 0 0 0 -0.00024748739902152162 0 0.00027478631631352172 -3.0062416178313682e-05 0 -0.00045422155340725366 -0.00016372311985370005 0.00049980986621196851 0 0.00045095056681981622 0.00011943069941659438 0 0.00014964948824574897 0 0 0 0.00017820452917717401 0 0 -5.6193965853817046e-05 -0.00019889381969283545 0 9.8158313184887018e-05 0 -6.6290854914388242e-05 9.3831353262622595e-05 0 0 -2.9461346510708186e-05 -1.6077035656569452e-05
leaf_weight=751 20 63 231 29 189 25 22 102 207 335 245 235 107 80 297 94 66 5364 62 44 644 68 270 26 732 194 400 26 35 157 274 24 22 364 134 63 162 34 174 99 148 22 97 144
leaf_count=751 20 63 231 29 189 25 22 102 207 335 245 235 107 80 297 94 66 5364 62 44 644 68 270 26 732 194 400 26 35 157 274 24 22 364 134 63 162 34 174 99 148 22 97 144
internal_value=0 0.000127998 -1.42942e-05 0.000165334 0.000243402 -0.000478777 0.000341514 0.000645553 0.000207785 -4.12926e-05 -5.40649e-05 -0.000157476 -0.000297015 4.29394e-05 1.15725e-05 -6.69958e-05 -3.9193e-05 -2.35699e-05 -0.000187902 0 -0.000118943 0.000117549 0.00015265 4.84921e-05 4.26051e-05 8.74256e-05 9.46977e-05 2.96886e-05 -8.1794e-06 6.37882e-05 0.00011252 -0.000230752 -0.000324776 0 -0.000138704 1.71158e-05 4.41131e-05 0.000270186 -5.37821e-07 4.86178e-05 0 0.000147047 0 0
internal_weight=0 1184 11697 1139 812 45 520 124 396 8126 7066 761 352 3571 2656 615 6305 5430 359 327 875 915 738 237 2041 926 670 1060 294 766 431 90 66 1115 169 292 256 60 409 125 177 85 177 207
internal_count=12881 1184 11697 1139 812 45 520 124 396 8126 7066 761 352 3571 2656 615 6305 5430 359 327 875 915 738 237 2041 926 670 1060 294 766 431 90 66 1115 169 292 256 60 409 125 177 85 177 207
is_linear=0
shrinkage=0.03


end of trees

feature_importances:
sma_50=41
volume_ma=37
atr_ma=37
ema_fast=24
volatility_ma=24
bb_upper=22
bb_lower=22
adx=21
ema_slow=15
atr=15
bb_width=13
volatility_ratio=13
return_24=12
atr_ratio=12
bb_middle=10
price_sma_50_dist=10
volatility=9
ema_cross_pct=9
momentum_10=8
atr_normalized=8
stoch_d=8
price_bb_lower_dist=7
volume_ratio=7
momentum_20=6
ema_cross=5
rsi=4
price_sma_20_dist=4
price_ema_slow_dist=3
price_ema_fast_dist=2
momentum_ratio=2
sma_20=2
range_pct=1
return_6=1
return_12=1
rsi_normalized=1
rsi_divergence=1
bb_position=1
price_bb_upper_dist=1
momentum_convergence=1
stoch_k=1

parameters:
[boosting: gbdt]
[objective: regression]
[metric: rmse]
[tree_learner: serial]
[device_type: cpu]
[data: ]
[valid: ]
[num_iterations: 500]
[learning_rate: 0.03]
[num_leaves: 50]
[num_threads: 8]
[deterministic: 0]
[force_col_wise: 0]
[force_row_wise: 0]
[histogram_pool_size: -1]
[max_depth: 6]
[min_data_in_leaf: 20]
[min_sum_hessian_in_leaf: 0.001]
[bagging_fraction: 0.8]
[pos_bagging_fraction: 1]
[neg_bagging_fraction: 1]
[bagging_freq: 1]
[bagging_seed: 400]
[feature_fraction: 0.8]
[feature_fraction_bynode: 1]
[feature_fraction_seed: 30056]
[extra_trees: 0]
[extra_seed: 12879]
[early_stopping_round: 0]
[first_metric_only: 0]
[max_delta_step: 0]
[lambda_l1: 0.5]
[lambda_l2: 0.5]
[linear_lambda: 0]
[min_gain_to_split: 0]
[drop_rate: 0.1]
[max_drop: 50]
[skip_drop: 0.5]
[xgboost_dart_mode: 0]
[uniform_drop: 0]
[drop_seed: 17869]
[top_rate: 0.2]
[other_rate: 0.1]
[min_data_per_group: 100]
[max_cat_threshold: 32]
[cat_l2: 10]
[cat_smooth: 10]
[max_cat_to_onehot: 4]
[top_k: 20]
[monotone_constraints: ]
[monotone_constraints_method: basic]
[monotone_penalty: 0]
[feature_contri: ]
[forcedsplits_filename: ]
[refit_decay_rate: 0.9]
[cegb_tradeoff: 1]
[cegb_penalty_split: 0]
[cegb_penalty_feature_lazy: ]
[cegb_penalty_feature_coupled: ]
[path_smooth: 0]
[interaction_constraints: ]
[verbosity: 1]
[saved_feature_importance_type: 0]
[linear_tree: 0]
[max_bin: 255]
[max_bin_by_feature: ]
[min_data_in_bin: 3]
[bin_construct_sample_cnt: 200000]
[data_random_seed: 175]
[is_enable_sparse: 1]
[enable_bundle: 1]
[use_missing: 1]
[zero_as_missing: 0]
[feature_pre_filter: 1]
[pre_partition: 0]
[two_round: 0]
[header: 0]
[label_column: ]
[weight_column: ]
[group_column: ]
[ignore_column: ]
[categorical_feature: ]
[forcedbins_filename: ]
[precise_float_parser: 0]
[parser_config_file: ]
[objective_seed: 16083]
[num_class: 1]
[is_unbalance: 0]
[scale_pos_weight: 1]
[sigmoid: 1]
[boost_from_average: 1]
[reg_sqrt: 0]
[alpha: 0.9]
[fair_c: 1]
[poisson_max_delta_step: 0.7]
[tweedie_variance_power: 1.5]
[lambdarank_truncation_level: 30]
[lambdarank_norm: 1]
[label_gain: ]
[lambdarank_position_bias_regularization: 0]
[eval_at: ]
[multi_error_top_k: 1]
[auc_mu_weights: ]
[num_machines: 1]
[local_listen_port: 12400]
[time_out: 120]
[machine_list_filename: ]
[machines: ]
[gpu_platform_id: -1]
[gpu_device_id: -1]
[gpu_use_dp: 0]
[num_gpu: 1]

end of parameters

pandas_categorical:[]
