tree
version=v4
num_class=1
num_tree_per_iteration=1
label_index=0
max_feature_idx=56
objective=regression
feature_names=rsi bb_middle bb_upper bb_lower atr momentum_10 momentum_20 volatility volume_ma range range_pct body body_pct upper_shadow lower_shadow is_bullish return_1 return_3 return_6 return_12 return_24 log_return rsi_normalized rsi_overbought rsi_oversold rsi_divergence bb_width bb_position bb_position_normalized price_bb_upper_dist price_bb_lower_dist bb_breakout_upper bb_breakout_lower atr_normalized atr_ma atr_ratio momentum_ratio momentum_convergence volume_ratio volume_spike volume_change volatility_ma volatility_ratio high_volatility low_volatility stoch_k stoch_d stoch_overbought stoch_oversold adx strong_trend sma_20 price_sma_20_dist sma_50 price_sma_50_dist signal_convergence market_regime
feature_infos=[0:99.99999802816906] [0:515.995] [0:519.35259465880495] [0:515.16754446967616] [0:4.3464285714285733] [-17.25:18.550000000000011] [-18.950000000000045:18.300000000000011] [0:0.010936378070948268] [0:1295.8499999999999] [0:28.199999999999989] [0:0.067407673001075627] [0:20.449999999999989] [0:0.04888251464085093] [0:7.4000000000000341] [0:6.1500000000000341] [0:1] [-0.046712999886065809:0.037101048507892642] [-0.043627227044312544:0.037151702786377694] [-0.038395807223424949:0.042290850426365489] [-0.040701673927998172:0.04109116022099446] [-0.04466218525692156:0.042651296829971264] [-0.047839266296518912:0.036429367612840491] [-1:0.99999996056338114] [0:1] [0:1] [-50.422589203230672:57.142847619048588] [0:0.073304577880474078] [-0.50106521650598013:1.5560963962314149] [-2.0021304330119603:2.1121927924628299] [-0.017339809312814661:0.062077626462115836] [-0.019519971936887471:0.059344195675750409] [0:1] [0:1] [0:0.010204081632653071] [0:3.6758928571428604] [0:2.8358371218692864] [-414999999.99999774:269999999.99999887] [-18.550000000000011:17.25] [0:10.328947367741517] [0:1] [-0.99641577060931896:611] [0:0.01086280726866261] [0:7.028555025285689] [0:1] [0:1] [0:99.999999918699174] [0:99.999999828387146] [0:1] [0:1] [0:96.569188193361313] [0:1] [0:515.995] [-0.038998446277040882:0.036075179657269328] [0:515.072] [-0.039361778415202678:0.038076285240464407] [0:1] [0:2]
tree_sizes=1679 1716 1360 1831 2316 1855 1844 1565 1356 1753 1769 1556 1866 1368 1403 1832 1836 1571 1845 1837 1472 1222 1861 1372 1389 1350 1775 1948 1845 1349 1389 1311 1732 1242 1820 935 1365 1808 1760 1468 1601 1035 1836 1348

Tree=0
num_leaves=16
num_cat=0
split_feature=41 2 17 41 34 38 20 49 8 35 6 41 29 45 37
split_gain=0.000131873 0.000258936 0.000164282 0.000144082 0.000150735 0.000110904 0.00032764 0.000403839 0.000221982 0.000244632 0.000113168 8.8006e-05 7.83745e-05 3.13413e-05 2.97279e-05
threshold=0.0015445147052953866 462.5827514208043 0.0021262270128404874 0.00098271496442861139 1.4118750000000082 1.0031704203258709 0.0033624394501921011 62.111021217573146 93.27500000000002 0.60391663056382872 -8.1249999999999982 0.0016047466810566661 0.021031431451568692 94.834427822951483 -3.7250000000000223
decision_type=2 2 2 2 2 2 2 2 2 2 2 2 2 2 2
left_child=1 -1 3 -3 12 -2 7 8 -7 -10 -11 -12 13 14 -5
right_child=5 2 -4 4 -6 6 -8 -9 9 10 11 -13 -14 -15 -16
leaf_value=6.0692537469246112e-06 6.0692537469246112e-06 6.0692537469246112e-06 6.0692537469246112e-06 6.0692537469246112e-06 6.0692537469246112e-06 6.0692537469246112e-06 6.0692537469246112e-06 6.0692537469246112e-06 6.0692537469246112e-06 6.0692537469246112e-06 6.0692537469246112e-06 5.3105370813556253e-05 6.0692537469246112e-06 6.0692537469246112e-06 -3.9552912084397595e-05
leaf_weight=2601 2933 51 154 9.9999999999999982 106 92 587 202 49 11.999999999999998 80 616 26 18 425
leaf_count=2601 2933 51 154 10 106 92 587 202 49 12 80 616 26 18 425
internal_value=6.06925e-06 2.74161e-07 -1.48804e-05 -2.1812e-05 -2.65889e-05 7.09272e-06 1.40593e-05 2.55606e-05 3.60375e-05 4.17191e-05 4.69295e-05 4.90176e-05 -3.3746e-05 -3.67288e-05 -3.83397e-05
internal_weight=0 3391 790 636 585 4571 1638 1051 849 757 708 696 479 453 435
internal_count=7962 3391 790 636 585 4571 1638 1051 849 757 708 696 479 453 435
is_linear=0
shrinkage=1


Tree=1
num_leaves=20
num_cat=0
split_feature=3 41 41 20 35 33 41 33 53 35 41 22 41 35 26 35 35 41 2
split_gain=8.73255e-05 0.000179965 0.00010146 0.00017294 0.000210276 9.8198e-05 8.69273e-05 7.56303e-05 6.73041e-05 3.71824e-05 3.71331e-05 3.53782e-05 2.69629e-05 2.02184e-05 1.97993e-05 3.96577e-06 1.64004e-05 1.96137e-05 2.69693e-05
threshold=461.1544172803421 0.0017687608287599106 0.001401774337577253 0.0040561096308096021 0.86962081552333115 0.003583416681870968 0.00097224542318476886 0.0020700284902537697 462.47200000000004 0.84879058881922265 0.001419678330552731 -0.66839378719429232 0.0038193920162027679 1.6504735635569674 0.0032406805861630874 1.4290767306708676 0.7809994555155334 0.00080496136284983707 405.70148413620427
decision_type=2 2 2 2 2 2 2 2 2 2 2 2 2 2 2 2 2 2 2
left_child=2 5 15 4 -4 6 -2 -6 10 -8 -9 -11 -12 14 -13 16 -1 -18 -19
right_child=1 -3 3 -5 7 -7 9 8 -10 11 12 13 -14 -15 -16 -17 17 18 -20
leaf_value=0 0 0 0 0 0 0 0 0 0 0 2.4785715496461206e-05 0 0 0 -3.1918870481604246e-05 0 0 0 -7.45382440027431e-06
leaf_weight=356 49 1011 1200 1292 23 294 256 40 112 19 1052 9.9999999999999982 31 11.999999999999998 475 541 51 32 1084
leaf_count=356 49 1011 1200 1292 23 294 256 40 112 19 1052 10 31 12 475 541 51 32 1084
internal_value=0 -5.06457e-06 2.0337e-06 5.54611e-06 1.04992e-05 -1.39318e-05 -1.9265e-05 1.91238e-05 2.0679e-05 -2.22701e-05 2.28946e-05 -2.84001e-05 2.39658e-05 -3.00228e-05 -3.1002e-05 0 -1.53061e-06 -3.9623e-06 -5.67692e-06
internal_weight=0 2126 5814 3750 2458 1115 821 1258 1235 772 1123 516 1083 497 485 2064 1523 1167 1116
internal_count=7940 2126 5814 3750 2458 1115 821 1258 1235 772 1123 516 1083 497 485 2064 1523 1167 1116
is_linear=0
shrinkage=0.03


Tree=2
num_leaves=16
num_cat=0
split_feature=3 35 1 4 10 20 13 26 53 26 26 20 35 10 35
split_gain=0.000127907 0.00013223 0.0001403 0.000116218 8.70829e-05 0.000106344 5.2269e-05 6.98989e-05 2.85091e-05 2.57444e-05 2.16804e-05 2.17483e-05 1.94689e-05 2.49058e-05 3.64476e-07
threshold=461.1544172803421 0.9694680846212137 466.01500000000004 2.3257142857142985 0.0024994319795458172 0.0040561096308096021 0.1050000000000182 0.026245286105650089 514.36150000000009 0.0041071803992467175 0.0027237096326994561 -0.01891383014526193 1.6654706982982719 0.0081637515051488311 0.51620303697850833
decision_type=2 2 2 2 2 2 2 2 2 2 2 2 2 2 2
left_child=4 -2 -3 8 -1 6 -6 10 9 -4 -8 -12 13 -11 -13
right_child=1 2 3 -5 5 -7 7 -9 -10 12 11 14 -14 -15 -16
leaf_value=0 0 0 0 0 0 0 0 0 0 -2.5607495559548882e-05 0 0 0 0 1.5498996889136052e-05
leaf_weight=2116 1071 101 20 81 1042 1151 22 70 17 800 19 31 50 23 1466
leaf_count=2116 1071 101 20 81 1042 1151 22 70 17 800 19 31 50 23 1466
internal_value=0 -6.31518e-06 -1.3708e-05 -1.82867e-05 2.20735e-06 5.31048e-06 8.74973e-06 1.24659e-05 -2.18868e-05 -2.27346e-05 1.42604e-05 1.48046e-05 -2.35631e-05 -2.47024e-05 1.53306e-05
internal_weight=0 2163 1092 991 5917 3801 2650 1608 910 893 1538 1516 873 823 1497
internal_count=8080 2163 1092 991 5917 3801 2650 1608 910 893 1538 1516 873 823 1497
is_linear=0
shrinkage=0.03


Tree=3
num_leaves=22
num_cat=0
split_feature=1 41 38 41 22 8 54 38 41 4 3 49 49 22 26 1 33 5 49 54 40
split_gain=0.000103513 0.000325355 0.000300636 0.000208283 0.000126353 9.89806e-05 0.000191339 0.000269394 0.000300528 0.000130662 8.17661e-05 5.06608e-05 4.81832e-05 3.21876e-05 0.000147281 9.05331e-06 5.60785e-05 7.04656e-05 4.893e-05 5.377e-05 3.75584e-05
threshold=466.01500000000004 0.0017687608287599106 1.029567254219903 0.00099354394816411943 -0.56879649855356695 111.825 0.0055343448404432567 0.65941943355321408 0.0014248480804786674 0.8107142857142895 462.41625730969025 80.719136761959746 61.651126094721754 0.54583646545159203 0.016295984670534749 416.80750000000006 0.0018013647588322405 -1.3249999999999884 16.909772719413017 0.0084432351456438896 -0.55590672847310008
decision_type=2 2 2 2 2 2 2 2 2 2 2 2 2 2 2 2 2 2 2 2 2
left_child=5 2 -2 -4 -5 15 7 -7 -9 -10 12 13 -11 14 -6 -1 -17 -18 -19 20 -20
right_child=1 -3 3 4 11 6 -8 8 9 10 -12 -13 -14 -15 -16 16 17 18 19 -21 -22
leaf_value=0 0 0 0 0 -5.4012638401124909e-05 0 0 0 0 3.4615797891965104e-05 0 0 0 0 0 0 0 0 0 0 -2.4713369439570761e-05
leaf_weight=135 457 914 39 32 394 1900 1133 887 83 853 51 9.9999999999999982 110 51 57 389 106 9.9999999999999982 22 20 406
leaf_count=135 457 914 39 32 394 1900 1133 887 83 853 51 10 110 51 57 389 106 10 22 20 406
internal_value=0 -6.36648e-06 -1.89092e-05 -3.31859e-05 -3.90443e-05 1.5111e-06 4.53133e-06 8.41744e-06 1.61513e-05 2.67981e-05 2.98799e-05 -4.2913e-05 3.18817e-05 -4.43724e-05 -4.74919e-05 0 -2.92324e-06 -1.01903e-05 -1.63146e-05 -1.92429e-05 -2.2372e-05
internal_weight=0 1954 1040 583 544 6105 5017 3884 1984 1097 1014 512 963 502 451 1088 953 564 458 448 428
internal_count=8059 1954 1040 583 544 6105 5017 3884 1984 1097 1014 512 963 502 451 1088 953 564 458 448 428
is_linear=0
shrinkage=0.03


Tree=4
num_leaves=28
num_cat=0
split_feature=41 34 38 49 8 3 34 49 53 41 19 42 38 33 5 2 29 49 45 2 4 3 41 3 41 41 41
split_gain=0.000119032 0.000222339 0.000499141 0.000271982 0.000203675 0.000129298 0.000154748 0.000124571 9.73499e-05 0.000100654 8.39642e-05 0.000113926 9.39913e-05 9.42673e-05 7.92294e-05 1.45377e-05 3.46362e-05 2.18247e-05 2.45234e-05 2.13849e-05 1.30394e-05 7.58329e-06 9.09379e-06 7.95487e-06 2.7184e-05 3.90803e-06 2.73678e-06
threshold=0.0014248480804786674 0.94428571428571895 1.4997869922244795 71.217401297852746 417.57500000000005 440.83344923731994 1.3690714285714343 65.300638037639118 404.91700000000009 0.00095921041204180275 0.0064209385558655638 0.37270511402250528 0.5326911803562282 0.0018013647588322405 -5.2250000000000218 455.43887706230106 0.013652990179140014 14.602720038582371 17.770467814694417 444.35880169866385 0.65714285714284826 461.1544172803421 0.0015804274898077611 474.95655950741963 0.0019608801760305395 0.0033098886028312476 0.0014417505359428596
decision_type=2 2 2 2 2 2 2 2 2 2 2 2 2 2 2 2 2 2 2 2 2 2 2 2 2 2 2
left_child=1 -1 -3 4 8 6 7 10 -4 -10 11 -2 -13 -14 -11 16 17 -7 -19 -20 -21 22 -17 24 26 -24 -23
right_child=5 2 3 -5 -6 15 -8 -9 9 14 -12 12 13 -15 -16 21 -18 18 19 20 -22 23 25 -25 -26 -27 -28
leaf_value=0 0 0 0 0 0 0 0 0 0 0 0 0 0 3.5162018964259918e-05 -5.7302109905758568e-05 0 0 0 0 0 -1.7839166195068283e-05 0 5.7959560166775473e-06 0 0 0 -9.2838450043872687e-06
leaf_weight=733 44 1405 9.9999999999999982 54 12.999999999999998 50 1260 132 23 19 150 164 71 584 434 103 34 32 27 33 367 10.999999999999998 551 813 410 99 395
leaf_count=733 44 1405 10 54 13 50 1260 132 23 19 150 164 71 584 434 103 34 32 27 33 367 11 551 813 410 99 395
internal_value=0 -6.0881e-06 -1.23738e-05 -3.67882e-05 -4.46065e-05 1.17572e-06 7.1721e-06 1.51526e-05 -4.91904e-05 -5.15204e-05 1.92387e-05 2.28459e-05 2.59822e-05 3.11933e-05 -5.46693e-05 0 -4.90648e-06 -9.32002e-06 -1.17924e-05 -1.41809e-05 -1.62084e-05 0 3.0096e-06 0 -2.96114e-06 4.8035e-06 -8.82033e-06
internal_weight=0 2691 1958 553 499 5330 2405 1145 486 476 1013 863 819 655 453 2925 543 509 459 427 400 2382 753 1629 816 650 406
internal_count=8021 2691 1958 553 499 5330 2405 1145 486 476 1013 863 819 655 453 2925 543 509 459 427 400 2382 753 1629 816 650 406
is_linear=0
shrinkage=0.03


Tree=5
num_leaves=22
num_cat=0
split_feature=41 34 38 49 35 41 0 37 30 49 0 35 42 54 53 3 1 3 1 2 2
split_gain=0.000116658 0.000200247 0.000472866 0.000206268 0.000254397 0.00019473 0.000145669 0.000162308 0.00010057 7.00064e-05 8.09795e-05 7.8645e-05 8.46987e-05 7.00247e-05 7.18753e-05 4.35255e-06 3.35837e-05 1.42604e-05 2.27568e-06 2.11012e-06 7.57235e-07
threshold=0.0014248480804786674 0.93901785714286168 1.4459143166908992 70.60338181541259 1.6108784574673074 0.00095921041204180275 81.195634507962851 -2.3499999999999939 0.0021645033318206941 29.65735131549204 12.560494446500387 0.67161825349447202 1.4161707899468527 0.0023620899397438192 500.54000000000002 439.52017323008573 473.62125000000009 405.6713891424576 442.88375000000002 477.99976848964621 442.27337177833402
decision_type=2 2 2 2 2 2 2 2 2 2 2 2 2 2 2 2 2 2 2 2 2
left_child=1 -1 -3 4 5 -4 7 -7 9 -2 -11 -12 13 14 -13 17 19 -10 -19 20 -17
right_child=8 2 3 -5 -6 6 -8 -9 15 10 11 12 -14 -15 -16 16 -18 18 -20 -21 -22
leaf_value=0 0 0 0 0 0 0 0 -6.2409602173153414e-05 0 0 0 3.3783957806499469e-05 0 0 0 0 0 3.1244501995880003e-06 0 0 -4.8310029868002272e-06
leaf_weight=702 218 1380 19 72 71 27 14.999999999999998 403 292 49 267 444 41 60 13.999999999999998 9.9999999999999982 785 1524 20 25 1573
leaf_count=702 218 1380 19 72 71 27 15 403 292 49 267 444 41 60 14 10 785 1524 20 25 1573
internal_value=0 -6.06034e-06 -1.18481e-05 -3.40559e-05 -4.07727e-05 -4.90859e-05 -5.39034e-05 -5.75444e-05 1.08045e-06 9.40508e-06 1.35073e-05 1.67763e-05 2.32865e-05 2.70584e-05 3.10712e-05 0 -1.27931e-06 0 2.88266e-06 -4.60721e-06 -4.77083e-06
internal_weight=0 2689 1987 607 535 464 445 430 5322 1093 875 826 559 518 458 4229 2393 1836 1544 1608 1583
internal_count=8011 2689 1987 607 535 464 445 430 5322 1093 875 826 559 518 458 4229 2393 1836 1544 1608 1583
is_linear=0
shrinkage=0.03


Tree=6
num_leaves=22
num_cat=0
split_feature=1 41 6 26 10 6 41 35 34 0 41 35 34 10 3 34 35 8 41 0 26
split_gain=0.000140612 0.000342168 0.000154037 0.000142046 0.000184911 0.000214717 0.000236143 0.000183012 0.000135554 0.00010463 0.00010114 0.000102083 6.25141e-05 5.1625e-05 3.67357e-05 8.51557e-05 0.00013549 9.19384e-05 6.97946e-05 4.5233e-05 1.36707e-05
threshold=466.01500000000004 0.0017626847858398637 -1.9250000000000111 0.0061884169329474515 0.0029434210491131826 2.6750000000000118 0.0013699878421920815 0.87420869025785419 1.3219642857142928 15.194936269433315 0.0010836184937202317 1.6420572242796043 0.8760714285714325 0.00091748967156245892 416.04756329644056 0.85321428571429336 0.77271263220309272 244.82500000000002 0.0022397795099277562 75.496687691767917 0.0032406805861630874
decision_type=2 2 2 2 2 2 2 2 2 2 2 2 2 2 2 2 2 2 2 2 2
left_child=3 2 -2 14 -5 6 -6 -8 10 -9 -4 13 -11 -12 -1 -16 -17 18 19 -18 -15
right_child=1 -3 8 4 5 -7 7 9 -10 12 11 -13 -14 20 15 16 17 -19 -20 -21 -22
leaf_value=0 0 0 0 0 0 0 0 0 0 0 0 0 3.6779056641763248e-05 0 0 0 -3.1985026847807865e-05 0 0 0 -5.3144140451442893e-05
leaf_weight=260 303 942 61 2252 628 569 312 37 256 12.999999999999998 29 22 765 19 169 551 408 37 25 9.9999999999999982 324
leaf_count=260 303 942 61 2252 628 569 312 37 256 13 29 22 765 19 169 551 408 37 25 10 324
internal_value=0 -7.36878e-06 -2.02056e-05 1.8345e-06 5.68976e-06 1.16332e-05 1.70081e-05 2.52763e-05 -2.78743e-05 3.29439e-05 -3.84901e-05 -4.40602e-05 3.5466e-05 -4.79854e-05 0 -5.24789e-06 -1.03127e-05 -2.19565e-05 -2.66248e-05 -3.0022e-05 -5.13056e-05
internal_weight=0 1956 1014 6036 4576 2324 1755 1127 711 815 455 394 778 372 1460 1200 1031 480 443 418 343
internal_count=7992 1956 1014 6036 4576 2324 1755 1127 711 815 455 394 778 372 1460 1200 1031 480 443 418 343
is_linear=0
shrinkage=0.03


Tree=7
num_leaves=18
num_cat=0
split_feature=53 41 41 41 41 26 19 3 53 53 3 53 19 3 51 19 41
split_gain=0.000106573 0.000290681 0.000188431 7.63411e-05 0.000110672 7.41944e-05 7.23301e-05 1.57133e-05 3.92006e-05 1.4194e-05 1.17572e-05 1.01414e-05 9.05952e-06 8.85674e-06 7.7753e-06 2.89363e-06 7.37199e-07
threshold=442.69100000000009 0.0016181976186067652 0.00089375260619694132 0.0013135439637260962 0.0023676264565137555 0.01770093594169812 0.0062430547814479329 452.49398198531679 467.54500000000002 454.94850000000008 442.20701346340689 514.36150000000009 -0.017128371015187212 439.81624846916355 465.74625000000009 0.0078584650844409926 0.0013239679732135799
decision_type=2 2 2 2 2 2 2 2 2 2 2 2 2 2 2 2 2
left_child=3 2 -2 -1 6 11 10 -3 9 -9 12 13 -5 -4 -11 -15 -14
right_child=1 7 5 4 -6 -7 -8 8 -10 14 -12 -13 16 15 -16 -17 -18
leaf_value=0 0 0 0 0 0 0 0 0 0 1.1431521799882733e-05 0 0 0 -2.051158947061704e-05 0 0 1.2840270829074085e-05
leaf_weight=1113 99 587 9.9999999999999982 21 552 258 340 44 1038 529 29 14.999999999999998 22 1345 130 62 1821
leaf_count=1113 99 587 10 21 552 258 340 44 1038 529 29 15 22 1345 130 62 1821
internal_value=0 -3.42878e-06 -1.31622e-05 3.49087e-06 6.45921e-06 -1.68436e-05 9.82998e-06 0 2.84966e-06 8.38166e-06 1.21802e-05 -1.953e-05 1.25037e-05 -1.97963e-05 9.71131e-06 -2.00086e-05 1.27493e-05
internal_weight=0 4117 1789 3898 2785 1690 2233 2328 1741 703 1893 1432 1864 1417 659 1407 1843
internal_count=8015 4117 1789 3898 2785 1690 2233 2328 1741 703 1893 1432 1864 1417 659 1407 1843
is_linear=0
shrinkage=0.03


Tree=8
num_leaves=16
num_cat=0
split_feature=41 38 3 8 20 42 37 54 34 38 49 8 53 46 37
split_gain=9.07152e-05 0.000163961 0.000227973 0.000296122 0.000410449 0.000210181 0.000157143 0.000129851 0.00011328 0.000267019 0.000168837 0.000107596 0.000114284 7.49564e-05 5.0469e-05
threshold=0.0014248480804786674 0.84548850008808885 462.41625730969025 108.27500000000002 0.0057521911342319773 0.45691413858562552 3.0249999999999777 0.007234890637360822 0.98187500000000527 1.2491269168084023 77.035525544963079 433.5750000000001 404.91700000000009 14.659340640699639 -2.6750000000000109
decision_type=2 2 2 2 2 2 2 2 2 2 2 2 2 2 2
left_child=8 -2 3 -3 5 -5 7 -7 -1 -10 11 12 -11 -14 -15
right_child=1 2 -4 4 -6 6 -8 -9 9 10 -12 -13 13 14 -16
leaf_value=0 0 0 0 0 0 4.4169667510241e-05 0 0 0 0 0 0 0 0 -4.1496958255353611e-05
leaf_weight=848 2966 405 713 56 361 766 69 20 1193 17 38 17 38 14.999999999999998 481
leaf_count=848 2966 405 713 56 361 766 69 20 1193 17 38 17 38 15 481
internal_value=0 3.32722e-06 9.30245e-06 1.56725e-05 2.3092e-05 3.39073e-05 3.80273e-05 4.1866e-05 -2.90519e-06 -8.31103e-06 -2.45189e-05 -3.01438e-05 -3.33504e-05 -3.66067e-05 -3.97302e-05
internal_weight=0 5356 2390 1677 1272 911 855 786 2647 1799 606 568 551 534 496
internal_count=8003 5356 2390 1677 1272 911 855 786 2647 1799 606 568 551 534 496
is_linear=0
shrinkage=0.03


Tree=9
num_leaves=21
num_cat=0
split_feature=53 41 41 49 37 3 41 20 41 49 0 33 49 37 37 3 49 49 1 3
split_gain=7.32571e-05 0.000129946 0.000155542 0.00015615 0.000150422 9.54957e-05 8.81693e-05 0.000116333 0.000102418 5.56198e-05 5.34137e-05 5.18412e-05 7.79796e-05 5.07456e-05 3.31292e-05 1.69749e-06 4.34012e-05 2.27373e-05 3.15928e-06 3.56709e-06
threshold=442.09250000000003 0.0016181976186067652 0.00095921041204180275 75.99752791548589 -1.0999999999999941 441.83340680785545 0.001328467678710328 0.0054708754015879721 0.0028328453252393702 65.892677375450134 66.233764628099067 0.001893557658326212 17.256302367307267 -3.5749999999999882 3.5249999999999777 451.5876040043143 61.651126094721754 17.946564950257109 504.00375000000003 500.50988548573417
decision_type=2 2 2 2 2 2 2 2 2 2 2 2 2 2 2 2 2 2 2 2
left_child=6 2 -2 4 -4 -6 -1 8 9 11 14 -8 -13 -14 -7 -3 17 -17 19 -19
right_child=1 15 3 -5 5 10 7 -9 -10 -11 -12 12 13 -15 -16 16 -18 18 -20 -21
leaf_value=0 0 0 0 0 0 -2.885246157801288e-05 0 0 0 0 0 0 0 2.174153380189806e-05 0 0 0 6.9098042542722286e-06 0 0
leaf_weight=1148 159 614 432 75 118 858 196 769 117 199 160 115 31 1135 54 155 180 1405 45 20
leaf_count=1148 159 614 432 75 118 858 196 769 117 199 160 115 31 1135 54 155 180 1405 45 20
internal_value=0 -2.05084e-06 -8.52536e-06 -1.27262e-05 -1.60019e-05 -2.15103e-05 3.59479e-06 7.0483e-06 1.13735e-05 1.39056e-05 -2.43667e-05 1.59151e-05 1.81228e-05 2.05178e-05 -2.73957e-05 0 9.19868e-07 4.997e-06 6.44346e-06 6.69503e-06
internal_weight=0 4275 1856 1697 1622 1190 3710 2562 1793 1676 1072 1477 1281 1166 912 2419 1805 1625 1470 1425
internal_count=7985 4275 1856 1697 1622 1190 3710 2562 1793 1676 1072 1477 1281 1166 912 2419 1805 1625 1470 1425
is_linear=0
shrinkage=0.03


Tree=10
num_leaves=21
num_cat=0
split_feature=1 35 35 6 26 10 6 1 35 0 26 26 37 10 19 35 53 35 1 1
split_gain=3.8241e-05 7.09404e-05 6.45617e-05 0.000136545 6.15972e-05 8.00202e-05 0.000167794 6.85604e-05 5.6913e-05 4.34648e-05 4.15128e-05 3.40508e-05 3.29399e-05 3.11146e-05 2.8188e-05 3.43419e-06 3.08987e-05 1.59439e-05 7.56938e-06 6.06725e-06
threshold=466.01500000000004 0.92809844383007023 1.6193576823127267 -1.8749999999999998 0.0059743732627072421 0.0028352707774752036 2.9500000000000175 408.20875000000007 0.65531113037181965 12.560494446500387 0.0041071803992467175 0.0061884169329474515 -4.5499999999999821 0.0010609704555223764 -0.0046170973445805999 1.2378438477777711 416.19150000000008 0.42275185411316946 465.18875000000008 416.80750000000006
decision_type=2 2 2 2 2 2 2 2 2 2 2 2 2 2 2 2 2 2 2 2
left_child=4 -2 3 -3 15 -6 7 -7 -9 -10 -5 -11 -12 -14 -15 16 -1 -18 19 -19
right_child=1 2 -4 10 5 6 -8 8 9 11 12 -13 13 14 -16 -17 17 18 -20 -21
leaf_value=0 0 0 0 0 0 0 0 0 0 0 0 1.764054211104342e-05 0 0 -2.8521247517675301e-05 0 0 0 0 -7.8039835636882481e-06
leaf_weight=201 872 322 92 25 2178 228 544 170 39 35 51 1507 40 10.999999999999998 481 166 38 17 13.999999999999998 944
leaf_count=201 872 322 92 25 2178 228 544 170 39 35 51 1507 40 11 481 166 38 17 14 944
internal_value=0 -3.73722e-06 -9.39783e-06 -1.26292e-05 1.14384e-06 3.67204e-06 7.32534e-06 1.2029e-05 1.40983e-05 1.58907e-05 -2.11153e-05 1.686e-05 -2.29997e-05 -2.52056e-05 -2.72724e-05 0 -1.59527e-06 -5.5216e-06 -6.8107e-06 -7.35841e-06
internal_weight=0 1894 1022 930 6081 4701 2523 1979 1751 1581 608 1542 583 532 492 1380 1214 1013 975 961
internal_count=7975 1894 1022 930 6081 4701 2523 1979 1751 1581 608 1542 583 532 492 1380 1214 1013 975 961
is_linear=0
shrinkage=0.03


Tree=11
num_leaves=18
num_cat=0
split_feature=1 41 8 49 8 26 13 26 49 8 35 41 4 49 53 53 4
split_gain=7.54006e-05 0.000228709 0.000140552 8.67292e-05 8.27166e-05 7.10301e-05 5.88197e-05 9.95384e-05 5.11326e-05 4.07386e-05 8.38553e-05 4.25113e-05 2.43184e-05 1.2983e-05 1.17833e-05 6.43293e-07 5.92733e-06
threshold=466.01500000000004 0.0017626847858398637 298.17500000000001 85.24705970827894 99.975000000000009 0.00334788384897892 0.1050000000000182 0.025862587478246404 67.701452733151385 73.77500000000002 0.77635919148436272 0.00097224542318476886 0.74285714285715143 11.916682393055769 467.54500000000002 404.33150000000006 0.71071428571428708
decision_type=2 2 2 2 2 2 2 2 2 2 2 2 2 2 2 2 2
left_child=4 2 3 5 15 -2 -6 8 12 -7 -11 -12 -8 -14 -15 -1 -17
right_child=1 -3 -4 -5 6 9 7 -9 -10 10 11 -13 13 14 -16 16 -18
leaf_value=0 0 0 0 0 0 0 0 0 0 0 0 -4.5521076738627517e-05 0 1.1979837078931104e-05 0 0 -3.1512554420988641e-06
leaf_weight=54 34 928 460 15.999999999999998 2482 9.9999999999999982 92 192 189 129 29 329 23 2208 13.999999999999998 207 595
leaf_count=54 34 928 460 16 2482 10 92 192 189 129 29 329 23 2208 14 207 595
internal_value=0 -5.47732e-06 -1.61846e-05 -2.67032e-05 1.27162e-06 -2.96882e-05 4.02469e-06 7.10354e-06 9.4738e-06 -3.27127e-05 -3.41655e-05 -4.24007e-05 1.08027e-05 1.14554e-05 1.17406e-05 0 -8.49382e-07
internal_weight=0 1935 1007 547 6056 531 5200 2718 2526 497 487 358 2337 2245 2222 856 802
internal_count=7991 1935 1007 547 6056 531 5200 2718 2526 497 487 358 2337 2245 2222 856 802
is_linear=0
shrinkage=0.03


Tree=12
num_leaves=22
num_cat=0
split_feature=35 53 34 34 35 30 8 54 7 26 54 20 2 30 34 1 30 12 26 37 45
split_gain=6.27273e-05 4.63161e-05 0.00010569 0.000112575 0.000213723 0.000111792 0.000199756 0.000114378 4.88684e-05 0.000102068 5.86457e-05 5.49876e-05 5.09688e-05 6.23965e-05 4.54715e-05 4.55644e-05 5.9587e-05 3.34877e-05 3.52562e-05 3.51719e-05 3.82223e-05
threshold=1.5080590361449606 442.09250000000003 1.3661250000000049 0.96089285714286665 0.80082293837617213 0.0069651048529777273 357.10000000000008 0.0071496655242979735 0.0017935752721253671 0.0059193427638174903 0.0099295296248337068 -0.015591847941056001 411.52530431372071 0.011010026547088365 0.86267857142857218 466.28250000000008 0.020884386624315552 0.00022784233310547809 0.0061884169329474515 -3.1750000000000109 4.3321864185173551
decision_type=2 2 2 2 2 2 2 2 2 2 2 2 2 2 2 2 2 2 2 2 2
left_child=1 8 3 -3 -5 6 7 -6 9 -1 11 -11 -13 -14 -2 16 17 -16 -19 -20 -21
right_child=14 2 -4 4 5 -7 -8 -9 -10 10 -12 12 13 -15 15 -17 -18 18 19 20 -22
leaf_value=0 0 0 0 0 -3.5313810795700211e-05 0 0 0 0 0 0 0 1.8358559405034616e-05 0 0 0 0 0 0 0 2.7324891168494784e-05
leaf_weight=792 130 296 2005 404 652 274 60 14.999999999999998 1152 30 60 202 1009 61 49 176 76 17 12.999999999999998 14.999999999999998 428
leaf_count=792 130 296 2005 404 652 274 60 15 1152 30 60 202 1009 61 49 176 76 17 13 15 428
internal_value=0 0 -3.34963e-06 -8.96358e-06 -1.30136e-05 -2.073e-05 -2.70163e-05 -3.26316e-05 1.71593e-07 4.52316e-06 9.98861e-06 1.20371e-05 1.3682e-05 1.62903e-05 7.90033e-06 1.1213e-05 1.5206e-05 1.91701e-05 2.16604e-05 2.35829e-05 2.53738e-05
internal_weight=0 7012 3706 1701 1405 1001 727 667 3306 2154 1362 1302 1272 1070 904 774 598 522 473 456 443
internal_count=7916 7012 3706 1701 1405 1001 727 667 3306 2154 1362 1302 1272 1070 904 774 598 522 473 456 443
is_linear=0
shrinkage=0.03


Tree=13
num_leaves=16
num_cat=0
split_feature=1 13 54 8 10 41 2 8 35 41 35 41 26 42 46
split_gain=0.000159227 0.00018142 0.00014423 0.00023814 0.00018114 0.000181896 0.000133721 9.90424e-05 0.000192383 0.000158729 0.000201191 0.000197118 8.88713e-05 8.33787e-05 8.58737e-05
threshold=466.01500000000004 0.19999999999996024 0.0055343448404432567 105.40000000000002 0.0025143336510554145 0.0015490351285526659 408.93834200938448 353.5750000000001 0.95480281055860028 0.0021127453854477723 1.5574669126837464 0.0010661560052634472 0.028080559629267688 0.52039723454267894 11.842763346872646
decision_type=2 2 2 2 2 2 2 2 2 2 2 2 2 2 2
left_child=1 -1 3 -3 -5 -6 -7 8 -2 10 11 -10 -8 -13 -15
right_child=7 2 -4 4 5 6 12 -9 9 -11 -12 13 -14 14 -16
leaf_value=0 0 0 0 0 0 0 4.3522259603443432e-05 0 0 0 0 0 0 0 -5.3283036920024829e-05
leaf_weight=3495 701 301 546 316 754 52 578 669 54 49 69 15.999999999999998 41 19 351
leaf_count=3495 701 301 546 316 754 52 578 669 54 49 69 16 41 19 351
internal_value=0 3.17463e-06 9.31473e-06 1.31724e-05 1.80713e-05 2.26567e-05 3.65173e-05 -6.52046e-06 -1.16564e-05 -2.4828e-05 -3.09208e-05 -3.89477e-05 4.04934e-05 -4.67746e-05 -4.98487e-05
internal_weight=0 6083 2588 2042 1741 1425 671 1928 1259 558 509 440 619 386 370
internal_count=8011 6083 2588 2042 1741 1425 671 1928 1259 558 509 440 619 386 370
is_linear=0
shrinkage=0.03


Tree=14
num_leaves=16
num_cat=0
split_feature=26 1 33 26 40 53 33 1 1 8 40 40 33 8 40
split_gain=3.41346e-05 9.14604e-05 0.000132131 6.63582e-05 0.0001008 7.06143e-05 6.26043e-05 5.33572e-05 4.88256e-05 4.72634e-05 6.34192e-05 3.46009e-05 2.53505e-05 1.02625e-05 8.35253e-07
threshold=0.0061884169329474515 408.50500000000005 0.0020792239023358174 0.010922826262062245 2.4211822660098528 500.54000000000002 0.0034995600092286106 415.99375000000003 482.33625000000006 94.475000000000009 -0.56781135531135518 10.529282160625446 0.0041841767336215857 65.77500000000002 -0.60686423629851316
decision_type=2 2 2 2 2 2 2 2 2 2 2 2 2 2 2
left_child=1 -1 -3 4 5 7 8 -2 11 -9 -11 13 -12 -4 -15
right_child=3 2 6 -5 -6 -7 -8 9 -10 10 12 -13 -14 14 -16
leaf_value=0 0 0 0 0 0 0 0 0 0 0 1.5253040499740039e-05 0 0 0 -2.3785919854486858e-05
leaf_weight=183 310 881 12.999999999999998 3562 136 81 29 213 77 93 1670 9.9999999999999982 86 11.999999999999998 652
leaf_count=183 310 881 13 3562 136 81 29 213 77 93 1670 10 86 12 652
internal_value=0 -3.77829e-06 -8.06184e-06 8.26729e-07 4.96859e-06 7.93921e-06 -1.69416e-05 9.59011e-06 -1.92771e-05 1.13612e-05 1.29206e-05 -2.18436e-05 1.44317e-05 -2.3025e-05 -2.35462e-05
internal_weight=0 1857 1674 6151 2589 2453 793 2372 764 2062 1849 687 1756 677 664
internal_count=8008 1857 1674 6151 2589 2453 793 2372 764 2062 1849 687 1756 677 664
is_linear=0
shrinkage=0.03


Tree=15
num_leaves=22
num_cat=0
split_feature=41 19 10 34 35 1 20 34 41 8 35 0 26 4 10 1 34 41 34 2 9
split_gain=6.00882e-05 0.000156659 0.000154138 0.000137497 0.000130655 0.000149793 0.000125419 0.000125827 0.000119696 8.8252e-05 0.000128403 8.93144e-05 7.49317e-05 5.57031e-05 6.63595e-05 1.92632e-06 1.87426e-05 1.91533e-05 3.82943e-05 4.48535e-05 1.71519e-05
threshold=0.0014248480804786674 -0.0003384285644473794 0.0029434210491131826 0.98187500000000527 0.86962081552333115 463.4812500000001 0.0018098933685505305 1.0498214285714307 0.00095921041204180275 351.42500000000001 0.79695898018544198 79.821469426919236 0.027600899464594156 1.8532142857142853 0.0010216302602442473 494.92750000000001 1.1701964285714392 0.0020078519220143591 1.5555892857142899 410.13366676251502 0.34999999999999437
decision_type=2 2 2 2 2 2 2 2 2 2 2 2 2 2 2 2 2 2 2 2 2
left_child=3 2 -2 -1 -4 6 7 -6 -5 10 -10 13 -9 14 -12 16 -3 18 19 -18 -21
right_child=1 15 4 8 5 -7 -8 12 9 -11 11 -13 -14 -15 -16 -17 17 -19 -20 20 -22
leaf_value=0 0 0 0 0 0 0 0 4.8020625393431626e-05 0 0 0 0 0 0 -2.765816117258862e-05 0 0 0 0 0 -1.3313332976557373e-05
leaf_weight=881 1379 448 387 101 66 246 45 361 342 227 141 39 42 47 866 183 75 1124 192 137 711
leaf_count=881 1379 448 387 101 66 246 45 361 342 227 141 39 42 47 866 183 75 1124 192 137 711
internal_value=0 1.21235e-06 7.67758e-06 -4.17737e-06 1.58327e-05 2.30837e-05 3.23985e-05 3.7292e-05 -9.81527e-06 -1.29225e-05 -1.57711e-05 -2.07894e-05 4.35754e-05 -2.29001e-05 -2.4467e-05 0 -8.03176e-07 -2.88207e-06 -5.66825e-06 -8.72518e-06 -1.14208e-05
internal_weight=0 5396 2526 2644 1147 760 514 469 1763 1662 1435 1093 403 1054 1007 2870 2687 2239 1115 923 848
internal_count=8040 5396 2526 2644 1147 760 514 469 1763 1662 1435 1093 403 1054 1007 2870 2687 2239 1115 923 848
is_linear=0
shrinkage=0.03


Tree=16
num_leaves=22
num_cat=0
split_feature=1 35 8 35 0 13 0 9 49 26 46 30 2 30 33 49 46 49 49 46 46
split_gain=2.6335e-05 9.5749e-05 0.000141775 9.30531e-05 0.000204302 0.000127028 0.000150503 0.000117016 0.000106419 6.07447e-05 4.74472e-05 6.49057e-05 4.49983e-05 3.9147e-05 3.3819e-05 2.29277e-06 4.07848e-05 4.31937e-05 1.65231e-05 1.59343e-06 1.51201e-06
threshold=466.01500000000004 0.92809844383007023 349.22500000000008 1.1988104382858953 61.557407353106704 0.099999999999937486 20.675404860739651 1.1600000000000252 19.8872483510855 0.0041071803992467175 11.842763346872646 0.0087986123218993569 517.24951260516821 0.019436604803848376 0.0020225890944611936 20.979822862588048 81.282544006245075 81.60454892110225 25.878781092637833 11.842763346872646 80.11079297974986
decision_type=2 2 2 2 2 2 2 2 2 2 2 2 2 2 2 2 2 2 2 2 2
left_child=3 -2 9 15 5 -5 -7 -8 -9 -3 -11 12 14 -10 -12 -1 17 18 -17 -20 -21
right_child=1 2 -4 4 -6 6 7 8 13 10 11 -13 -14 -15 -16 16 -18 -19 19 20 -22
leaf_value=0 0 0 0 0 0 0 0 0 3.0196174870538856e-05 0 0 0 0 0 -3.6366185435898676e-05 0 0 0 0 -6.6853533545862327e-06 0
leaf_weight=512 878 24 496 390 597 111 173 95 837 27 9.9999999999999982 150 17 10.999999999999998 343 250 878 68 57 2132 53
leaf_count=512 878 24 496 390 597 111 173 95 837 27 10 150 17 11 343 250 878 68 57 2132 53
internal_value=0 -2.66173e-06 -9.67663e-06 1.26842e-06 6.50358e-06 1.3099e-05 1.78672e-05 2.17323e-05 2.58943e-05 -1.99542e-05 -2.27042e-05 -2.49852e-05 -3.21662e-05 2.92996e-05 -3.46264e-05 0 -7.74671e-07 -3.89121e-06 -5.58132e-06 -6.42303e-06 -6.55648e-06
internal_weight=0 1945 1067 6164 2214 1617 1227 1116 943 571 547 520 370 848 353 3950 3438 2560 2492 2242 2185
internal_count=8109 1945 1067 6164 2214 1617 1227 1116 943 571 547 520 370 848 353 3950 3438 2560 2492 2242 2185
is_linear=0
shrinkage=0.03


Tree=17
num_leaves=18
num_cat=0
split_feature=41 41 38 1 33 38 38 41 37 35 37 11 1 37 35 1 1
split_gain=0.000110179 0.000154448 0.000246682 0.000301173 0.000251934 0.000137449 7.1228e-05 7.47445e-05 8.35393e-05 0.000172727 8.65504e-05 8.43178e-05 6.33069e-05 3.95182e-05 1.50819e-05 6.56393e-06 4.94647e-06
threshold=0.001436038999132593 0.00083339151660806346 1.4459143166908992 416.80750000000006 0.0020792239023358174 8.4455576277081885 0.56352506142911774 0.0018110781285315858 -1.2999999999999827 0.66415167141125198 2.1250000000000004 0.09999999999999433 406.00000000000006 -2.3499999999999939 0.86962081552333115 442.88375000000002 494.92750000000001
decision_type=2 2 2 2 2 2 2 2 2 2 2 2 2 2 2 2 2
left_child=1 -1 -3 -4 -5 13 -2 15 -9 -10 11 -11 -13 -6 -15 -8 -17
right_child=6 2 3 4 5 -7 7 8 9 10 -12 12 -14 14 -16 16 -18
leaf_value=0 0 0 0 0 0 0 2.6743896353832548e-06 0 0 0 0 0 3.1170703889764205e-05 0 -3.9773025940038881e-05 -3.000498725146797e-06 0
leaf_weight=155 2327 1579 126 175 24 11.999999999999998 619 356 332 75 140 21 614 9.9999999999999982 699 658 106
leaf_count=155 2327 1579 126 175 24 12 619 356 332 75 140 21 614 10 699 658 106
internal_value=0 -5.18935e-06 -9.02567e-06 -2.0409e-05 -2.77129e-05 -3.53898e-05 2.15099e-06 5.50041e-06 1.00586e-05 1.3972e-05 2.1312e-05 2.55604e-05 2.91522e-05 -3.79681e-05 -3.92488e-05 0 -1.38979e-06
internal_weight=0 2780 2625 1046 920 745 5248 2921 1538 1182 850 710 635 733 709 1383 764
internal_count=8028 2780 2625 1046 920 745 5248 2921 1538 1182 850 710 635 733 709 1383 764
is_linear=0
shrinkage=0.03


Tree=18
num_leaves=22
num_cat=0
split_feature=2 54 8 10 42 35 56 0 41 8 35 35 2 16 26 2 53 29 4 41 45
split_gain=9.55047e-05 0.000107145 0.000203975 0.000120786 0.000145327 0.000122357 9.15702e-05 8.25788e-05 7.51929e-05 9.59272e-05 6.23067e-05 0.000103872 5.65032e-05 6.10634e-05 5.43678e-05 8.1638e-06 1.20517e-05 1.37859e-05 2.30695e-05 1.96025e-05 1.60523e-05
threshold=469.96702760084833 0.0057195997072456419 111.825 0.0021920791501781503 1.3105288357055993 0.86962081552333115 1.5000000000000002 20.220057097071201 0.0010272557866120417 442.30000000000007 1.5839657488657386 0.86470563175716564 517.24951260516821 0.0045973640360548193 0.026624449111450777 408.25688416161404 464.63900000000007 0.003834070257958054 0.71071428571428708 0.00085750420084812322 98.550724494854123
decision_type=2 2 2 2 2 2 2 2 2 2 2 2 2 2 2 2 2 2 2 2 2
left_child=1 2 -1 -4 5 -5 -2 -7 -8 10 11 -10 13 -13 -9 -3 17 18 -17 -20 -21
right_child=6 15 3 4 -6 7 8 14 9 -11 -12 12 -14 -15 -16 16 -18 -19 19 20 -22
leaf_value=0 0 0 0 0 0 0 0 2.7785793221495797e-05 0 0 0 -3.5497825593783607e-05 0 0 0 0 0 0 0 -1.1592505544905556e-05 0
leaf_weight=946 720 75 1238 776 812 91 52 986 281 263 79 451 17 13.999999999999998 20 64 10.999999999999998 393 30 621 50
leaf_count=946 720 75 1238 776 812 91 52 986 281 263 79 451 17 14 20 64 11 393 30 621 50
internal_value=0 1.20066e-06 4.64746e-06 8.57879e-06 1.21656e-05 1.67917e-05 -6.40993e-06 2.41177e-05 -1.17407e-05 -1.43368e-05 -1.9292e-05 -2.20031e-05 -3.09813e-05 -3.32286e-05 2.661e-05 -2.33499e-07 -2.51804e-06 -3.97031e-06 -6.32963e-06 -8.56252e-06 -1.01422e-05
internal_weight=0 6113 4869 3923 2685 1873 1877 1097 1157 1105 842 763 482 465 1006 1244 1169 1158 765 701 671
internal_count=7990 6113 4869 3923 2685 1873 1877 1097 1157 1105 842 763 482 465 1006 1244 1169 1158 765 701 671
is_linear=0
shrinkage=0.03


Tree=19
num_leaves=22
num_cat=0
split_feature=41 1 30 10 41 53 8 10 8 41 37 7 22 35 8 5 49 53 4 8 7
split_gain=8.20659e-05 0.000133843 0.000134733 0.000145958 0.000102742 9.98337e-05 0.000108655 0.000111638 0.000139526 7.79878e-05 6.17477e-05 5.32831e-05 5.27038e-05 5.60834e-05 5.19584e-05 2.73505e-05 8.54829e-05 0.000196395 0.000127409 9.47724e-05 5.5144e-05
threshold=0.001401774337577253 442.88375000000002 0.011363719340465154 0.002019211195045782 0.00098271496442861139 404.33150000000006 349.22500000000008 0.0018693818930320329 70.225000000000009 0.0026821857062966628 -2.3499999999999939 0.0020820065648090818 -0.67978395927093493 0.47594017573572145 75.375000000000014 -3.3499999999999939 24.249832210347193 480.75800000000004 0.88571428571429434 667.20000000000016 0.00080441245057266935
decision_type=2 2 2 2 2 2 2 2 2 2 2 2 2 2 2 2 2 2 2 2 2
left_child=4 2 3 -2 -1 -6 7 -7 -9 12 -10 -12 -5 -14 -15 -3 -17 18 -18 20 -20
right_child=1 15 -4 9 5 6 -8 8 10 -11 11 -13 13 14 -16 16 17 -19 19 -21 -22
leaf_value=0 0 0 0 0 0 0 0 0 0 0 -2.4483046214345416e-05 0 0 0 2.3022552672965634e-05 0 0 0 0 0 -2.0874358427616862e-05
leaf_weight=418 689 336 422 43 77 444 208 79 57 131 1129 100 19 36 1121 535 321 541 29 82 1211
leaf_count=418 689 336 422 43 77 444 208 79 57 131 1129 100 19 36 1121 535 321 541 29 82 1211
internal_value=0 1.08529e-06 7.18169e-06 1.1032e-05 -5.1779e-06 -8.7355e-06 -1.11246e-05 -1.38573e-05 -1.8112e-05 1.6765e-05 -2.11139e-05 -2.262e-05 1.92045e-05 2.05575e-05 2.17521e-05 0 -3.00856e-06 -6.81811e-06 -1.30129e-05 -1.72379e-05 -1.96353e-05
internal_weight=0 5516 2461 2039 2512 2094 2017 1809 1365 1350 1286 1229 1219 1176 1157 3055 2719 2184 1643 1322 1240
internal_count=8028 5516 2461 2039 2512 2094 2017 1809 1365 1350 1286 1229 1219 1176 1157 3055 2719 2184 1643 1322 1240
is_linear=0
shrinkage=0.03


Tree=20
num_leaves=17
num_cat=0
split_feature=3 41 41 41 41 42 42 4 53 4 41 4 53 53 4 1
split_gain=0.000118694 0.000276982 0.000144175 6.03948e-05 5.43416e-05 6.34122e-05 6.74209e-05 4.67969e-05 5.88307e-05 2.19262e-05 1.90572e-05 5.56106e-05 6.68463e-05 1.61799e-05 8.46884e-06 2.96535e-06
threshold=460.57637851640226 0.0017687608287599106 0.001401774337577253 0.00092230875758692325 0.0028672661161084864 1.4926338857124108 0.36047131676598182 0.95714285714286584 464.96650000000005 0.55714285714286016 0.00083339151660806346 0.88928571428572778 404.33150000000006 514.36150000000009 1.8532142857142853 465.18875000000008
decision_type=2 2 2 2 2 2 2 2 2 2 2 2 2 2 2 2
left_child=2 3 10 -2 5 6 -4 -5 -9 -8 -1 -12 -13 -10 -14 -11
right_child=1 -3 4 7 -6 -7 9 8 13 15 11 12 14 -15 -16 -17
leaf_value=0 0 0 0 0 0 0 0 0 -2.4293317643168024e-05 1.0827831510570757e-05 0 0 -9.9316126143953138e-06 0 0 0
leaf_weight=144 32 1070 86 150 355 327 57 75 840 2924 436 67 1368 20 62 10.999999999999998
leaf_count=144 32 1070 86 150 355 327 57 75 840 2924 436 67 1368 20 62 11
internal_value=0 -6.15116e-06 2.03006e-06 -1.72377e-05 6.39552e-06 7.71542e-06 9.18637e-06 -1.88672e-05 -2.14026e-05 1.03485e-05 0 -2.97837e-06 -6.69891e-06 -2.36543e-05 -9.43577e-06 1.07654e-05
internal_weight=0 2187 5837 1117 3760 3405 3078 1085 935 2992 2077 1933 1497 860 1430 2935
internal_count=8024 2187 5837 1117 3760 3405 3078 1085 935 2992 2077 1933 1497 860 1430 2935
is_linear=0
shrinkage=0.03


Tree=21
num_leaves=13
num_cat=0
split_feature=41 13 10 53 41 2 3 3 13 41 10 3
split_gain=0.000130106 0.000160331 0.000239797 0.000125907 0.000152472 2.65862e-05 2.3657e-05 1.96705e-05 1.33589e-05 1.5303e-05 1.0646e-05 2.83387e-06
threshold=0.0015445147052953866 0.15000000000000571 0.0028175495771948864 443.35950000000003 0.00087483123028623004 517.24951260516821 499.52878477758145 398.41092932272005 2.7750000000000061 0.0034108557437167622 0.00036090231962179411 438.52602619567881
decision_type=2 2 2 2 2 2 2 2 2 2 2 2
left_child=3 -2 -3 -1 -5 10 7 -4 9 -9 -6 -12
right_child=1 2 6 4 5 -7 -8 8 -10 -11 11 -13
leaf_value=0 0 0 0 0 0 0 0 2.0330522850584524e-05 0 0 0 -1.5875121492427511e-05
leaf_weight=1913 2508 837 11.999999999999998 88 26 14.999999999999998 12.999999999999998 1171 10.999999999999998 77 9.9999999999999982 1366
leaf_count=1913 2508 837 12 88 26 15 13 1171 11 77 10 1366
internal_value=0 3.5793e-06 9.79662e-06 -4.11139e-06 -1.06607e-05 -1.47483e-05 1.80701e-05 1.86175e-05 1.9078e-05 1.94115e-05 -1.53916e-05 -1.57587e-05
internal_weight=0 4629 2121 3418 1505 1417 1284 1271 1259 1248 1402 1376
internal_count=8047 4629 2121 3418 1505 1417 1284 1271 1259 1248 1402 1376
is_linear=0
shrinkage=0.03


Tree=22
num_leaves=22
num_cat=0
split_feature=41 22 10 41 53 53 2 41 3 46 45 10 5 19 45 26 1 19 16 26 19
split_gain=5.92283e-05 0.000167596 0.000270137 0.000128651 0.000132342 8.14401e-05 0.000104993 9.46958e-05 3.58413e-05 3.27219e-05 3.15521e-05 2.24807e-05 1.85714e-05 9.89715e-06 8.89535e-06 6.86195e-06 4.0654e-05 3.38765e-05 1.22814e-05 1.12894e-05 9.77974e-07
threshold=0.0014248480804786674 0.094339579280881491 0.003154574132492179 0.00089375260619694132 404.33150000000006 464.49650000000008 408.93834200938448 0.0034108557437167622 462.41625730969025 90.959148489380709 84.858452809017976 0.00034252441491028991 -6.9250000000000105 0.0099418463747892333 1.0000000180025095e-35 0.0078341940840038638 494.92750000000001 0.0045744744344752295 -0.0013599274880005117 0.0031181334474314772 -0.001356457822191903
decision_type=2 2 2 2 2 2 2 2 2 2 2 2 2 2 2 2 2 2 2 2 2
left_child=3 2 -2 -1 -5 6 -4 8 10 11 -8 -6 -13 14 -14 16 17 18 -3 -20 -21
right_child=1 15 5 4 9 -7 7 -9 -10 -11 -12 12 13 -15 -16 -17 -18 -19 19 20 -22
leaf_value=0 0 0 0 0 0 0 3.3439818675175201e-05 0 0 0 0 0 0 0 -1.3169809376095825e-05 0 0 0 0 0 -1.3419022247400387e-05
leaf_weight=249 1899 18 79 98 61 314 651 69 21 202 20 18 9.9999999999999982 46 2021 1644 28 48 36 10.999999999999998 529
leaf_count=249 1899 18 79 98 61 314 651 69 21 202 20 18 10 46 2021 1644 28 48 36 11 529
internal_value=0 1.97289e-06 7.49932e-06 -3.4613e-06 -7.7672e-06 1.89561e-05 2.40994e-05 2.76609e-05 3.10553e-05 -1.0646e-05 3.22897e-05 -1.17307e-05 -1.22992e-05 -1.26739e-05 -1.29865e-05 0 -3.03491e-06 -8.15839e-06 -1.11004e-05 -1.20929e-05 -1.32203e-05
internal_weight=0 5367 3053 2705 2456 1154 840 761 692 2358 671 2156 2095 2077 2031 2314 670 642 594 576 540
internal_count=8072 5367 3053 2705 2456 1154 840 761 692 2358 671 2156 2095 2077 2031 2314 670 642 594 576 540
is_linear=0
shrinkage=0.03


Tree=23
num_leaves=16
num_cat=0
split_feature=13 0 37 8 54 1 37 35 4 49 1 54 37 19 0
split_gain=4.41537e-05 0.000114725 0.000145818 0.000133514 0.000176438 0.000113373 6.56545e-05 2.03586e-05 3.94032e-05 4.77345e-05 5.70625e-05 1.81297e-05 1.74115e-05 1.00361e-05 1.0919e-05
threshold=0.15000000000000571 54.884685627170093 2.1250000000000004 101.075 -0.013730862060871299 493.36875000000009 -4.0499999999999821 1.4713007904249356 0.94285714285714828 25.675909967968668 410.18125000000003 0.0062462070147040515 -7.8249999999999877 0.0049495836814269509 7.0802001503215459
decision_type=2 2 2 2 2 2 2 2 2 2 2 2 2 2 2
left_child=7 2 3 -2 -5 6 -6 8 -1 -10 -11 -8 -12 14 -14
right_child=1 -3 -4 4 5 -7 11 -9 9 10 12 -13 13 -15 -16
leaf_value=0 0 0 0 0 0 0 2.3411858063247734e-05 0 0 0 0 0 0 0 -1.16125467196849e-05
leaf_weight=1136 217 1593 416 95 51 112 1313 303 672 206 64 41 10.999999999999998 325 1433
leaf_count=1136 217 1593 416 95 51 112 1313 303 672 206 64 41 11 325 1433
internal_value=0 2.75158e-06 7.67622e-06 1.20024e-05 1.5426e-05 1.89077e-05 2.14146e-05 -1.60384e-06 -2.74538e-06 -4.87581e-06 -7.2575e-06 2.27921e-05 -9.30586e-06 -9.9291e-06 -1.12704e-05
internal_weight=0 3838 2245 1829 1612 1517 1405 4150 3847 2711 2039 1354 1833 1769 1444
internal_count=7988 3838 2245 1829 1612 1517 1405 4150 3847 2711 2039 1354 1833 1769 1444
is_linear=0
shrinkage=0.03


Tree=24
num_leaves=16
num_cat=0
split_feature=41 46 49 41 53 8 33 41 3 42 0 42 49 33 33
split_gain=3.5761e-05 9.78958e-05 0.000122137 8.4878e-05 0.000101345 7.86075e-05 6.4781e-05 5.2993e-05 4.69255e-05 4.75264e-05 3.99933e-05 3.51846e-05 3.14928e-05 2.996e-05 2.47817e-05
threshold=0.0014248480804786674 67.274807379907287 60.756274299554775 0.00083339151660806346 404.33150000000006 345.62500000000006 0.0020792239023358174 0.0028672661161084864 501.24203993606494 1.4834467428912823 81.195634507962851 0.36047131676598182 15.654580354570585 0.0015190691466884954 0.0044109541337981296
decision_type=2 2 2 2 2 2 2 2 2 2 2 2 2 2 2
left_child=3 2 7 -1 -5 6 -6 8 9 11 12 -2 -8 -13 -14
right_child=1 -3 -4 4 5 -7 10 -9 -10 -11 -12 13 14 -15 -16
leaf_value=0 0 0 0 0 0 0 0 0 0 0 0 0 -1.6008932031449553e-05 1.4742338746381316e-05 0
leaf_weight=161 34 2288 509 100 511 256 67 289 30 250 68 71 1535 1892 13.999999999999998
leaf_count=161 34 2288 509 100 511 256 67 289 30 250 68 71 1535 1892 14
internal_value=0 2.02295e-06 5.98202e-06 -1.94255e-06 -5.82674e-06 -8.51715e-06 -1.06407e-05 9.25806e-06 1.08411e-05 1.17426e-05 -1.34975e-05 1.32876e-05 -1.45641e-05 1.39909e-05 -1.54783e-05
internal_weight=0 5363 3075 2712 2551 2451 2195 2566 2277 2247 1684 1997 1616 1963 1549
internal_count=8075 5363 3075 2712 2551 2451 2195 2566 2277 2247 1684 1997 1616 1963 1549
is_linear=0
shrinkage=0.03


Tree=25
num_leaves=16
num_cat=0
split_feature=53 35 35 8 8 8 35 26 3 3 53 53 8 26 8
split_gain=3.26719e-05 8.16456e-05 0.000129212 7.90032e-05 3.37667e-05 6.20723e-05 4.88097e-05 2.27367e-05 1.87711e-05 1.48634e-05 1.32585e-05 1.21398e-05 2.08796e-05 8.39337e-06 1.02844e-06
threshold=442.69100000000009 1.4762953067042981 0.79695898018544198 638.70000000000016 386.35000000000008 112.825 0.58263102499364317 0.025018880129209945 397.12514612982534 440.83344923731994 514.36150000000009 442.09250000000003 320.67500000000001 0.003021498308287613 380.97500000000008
decision_type=2 2 2 2 2 2 2 2 2 2 2 2 2 2 2
left_child=4 2 -2 9 5 -1 -7 8 -8 -4 13 12 -10 -11 -15
right_child=1 -3 3 -5 -6 6 7 -9 11 10 -12 -13 -14 14 -16
leaf_value=0 0 0 0 0 0 0 0 0 1.0805261634062342e-05 0 0 0 0 -1.4897219299855895e-05 0
leaf_weight=748 1434 649 93 74 399 259 31 117 1814 31 20 73 412 1394 544
leaf_count=748 1434 649 93 74 399 259 31 117 1814 31 20 73 412 1394 544
internal_value=0 -1.86927e-06 -4.95895e-06 -9.74008e-06 1.94589e-06 3.60847e-06 6.10416e-06 7.69105e-06 8.42036e-06 -1.15058e-05 -1.20539e-05 8.89972e-06 9.31177e-06 -1.23624e-05 -1.26163e-05
internal_weight=0 4239 3590 2156 3853 3454 2706 2447 2330 2082 1989 2299 2226 1969 1938
internal_count=8092 4239 3590 2156 3853 3454 2706 2447 2330 2082 1989 2299 2226 1969 1938
is_linear=0
shrinkage=0.03


Tree=26
num_leaves=21
num_cat=0
split_feature=1 41 26 41 41 49 34 34 49 26 49 34 42 40 26 34 2 49 49 2
split_gain=3.3236e-05 0.000117368 0.000163518 6.96085e-05 0.000167127 0.000180799 0.000161059 0.000104135 8.29312e-05 9.07445e-05 2.02075e-05 1.83749e-05 3.32083e-05 1.83529e-05 1.23816e-05 1.31358e-06 3.87226e-07 5.68387e-05 1.1101e-05 3.77257e-06
threshold=443.11500000000007 0.001328467678710328 0.011733399539978265 0.0016588998106882322 0.00089375260619694132 64.680459525756888 1.4804642857142924 0.9095535714285764 16.292202630636499 0.015864492300408265 66.990487807781463 1.4845535714285856 0.33181266956767957 -0.59567453822772964 0.0045495713891168911 0.8061607142857169 454.96269771117915 61.22780697354338 17.946564950257109 508.78754507051968
decision_type=2 2 2 2 2 2 2 2 2 2 2 2 2 2 2 2 2 2 2 2
left_child=1 15 10 4 -2 6 7 -6 -9 -10 11 12 -3 -14 -15 -1 -5 18 -18 -20
right_child=3 2 -4 16 5 -7 -8 8 9 -11 -12 -13 13 14 -16 -17 17 -19 19 -21
leaf_value=0 0 0 0 0 0 0 0 0 -2.8115627392574773e-05 0 0 0 0 0 2.0628442926874875e-05 -1.0633781396698517e-06 0 0 6.5761142664038834e-06 0
leaf_weight=138 127 37 1166 396 146 202 189 72 997 217 96 282 30 222 839 1045 160 200 1500 37
leaf_count=138 127 37 1166 396 146 202 189 72 997 217 96 282 30 222 839 1045 160 200 1500 37
internal_value=0 1.77625e-06 6.63906e-06 -2.04509e-06 -6.42012e-06 -1.12506e-05 -1.55787e-05 -1.93882e-05 -2.21679e-05 -2.41247e-05 1.32619e-05 1.41684e-05 1.62961e-05 1.73766e-05 1.80566e-05 0 0 4.28561e-07 5.50824e-06 6.32426e-06
internal_weight=0 3855 2672 4243 1950 1823 1621 1432 1286 1214 1506 1410 1128 1091 1061 1183 2293 1897 1697 1537
internal_count=8098 3855 2672 4243 1950 1823 1621 1432 1286 1214 1506 1410 1128 1091 1061 1183 2293 1897 1697 1537
is_linear=0
shrinkage=0.03


Tree=27
num_leaves=23
num_cat=0
split_feature=3 34 41 8 41 35 49 34 53 54 22 1 53 3 54 29 2 2 1 53 3 2
split_gain=3.48312e-05 0.000133705 0.000157951 0.000188583 0.000149252 0.000142694 7.35072e-05 6.15476e-05 4.26252e-05 8.79541e-05 6.2876e-05 3.46103e-05 3.24558e-05 2.21429e-05 2.20487e-05 1.98899e-05 1.84169e-05 4.26796e-06 3.99841e-06 1.06315e-06 3.98915e-06 6.84356e-08
threshold=460.40443489274463 1.3661250000000049 0.0020346199585785578 349.22500000000008 0.00099354394816411943 1.5574669126837464 85.24705970827894 0.90346428571429294 452.26800000000009 0.0055343448404432567 -0.54929578575679117 463.4812500000001 442.83750000000009 440.34218679718896 -0.016198612748311737 -0.00061981619222577005 456.51661463242925 443.41970129909402 449.50125000000008 414.04850000000005 441.99469027803514 447.07365024225015
decision_type=2 2 2 2 2 2 2 2 2 2 2 2 2 2 2 2 2 2 2 2 2 2
left_child=8 2 3 4 -2 6 7 -6 12 10 -10 14 19 -14 -12 -16 17 -15 -17 -1 21 -21
right_child=1 -3 -4 -5 5 -7 -8 -9 9 -11 11 -13 13 16 15 18 -18 -19 -20 20 -22 -23
leaf_value=0 0 0 0 0 0 0 0 -3.7022547652008187e-05 0 0 0 0 0 0 0 0 0 -9.2123921831749218e-06 2.1646656556429486e-05 1.2745638953542885e-06 0 0
leaf_weight=902 46 1258 85 143 33 65 12.999999999999998 618 95 216 22 41 125 10.999999999999998 10.999999999999998 11.999999999999998 20 819 526 2840 63 36
leaf_count=902 46 1258 85 143 33 65 13 618 95 216 22 41 125 11 11 12 20 819 526 2840 63 36
internal_value=0 -3.71696e-06 -1.22903e-05 -1.78829e-05 -2.44464e-05 -2.8626e-05 -3.30585e-05 -3.48743e-05 1.34441e-07 6.45391e-06 1.2894e-05 1.68651e-05 0 -5.47156e-06 1.89563e-05 2.02445e-05 -7.60063e-06 -8.89488e-06 2.12474e-05 3.87724e-08 5.72252e-07 1.25808e-06
internal_weight=0 2261 1003 918 775 729 664 651 5739 923 707 612 4816 975 571 549 850 830 538 3841 2939 2876
internal_count=8000 2261 1003 918 775 729 664 651 5739 923 707 612 4816 975 571 549 850 830 538 3841 2939 2876
is_linear=0
shrinkage=0.03


Tree=28
num_leaves=21
num_cat=0
split_feature=35 41 8 41 35 53 1 8 8 53 41 53 3 3 1 3 3 1 3 3
split_gain=7.49569e-06 3.9219e-05 5.11791e-05 6.4877e-05 9.20287e-05 9.06698e-05 3.33515e-05 2.49199e-05 2.15424e-05 1.3126e-05 8.67392e-06 2.14775e-06 2.07912e-06 1.02377e-05 3.59024e-06 1.45782e-06 9.81915e-07 9.5769e-07 7.18009e-11 7.55507e-07
threshold=1.4713007904249356 0.0014248480804786674 319.02500000000003 0.00080496136284983707 0.79310390387498009 404.33150000000006 466.28250000000008 43.95000000000001 135.77500000000003 399.05700000000007 0.001419678330552731 464.96650000000005 440.83344923731994 452.88914747255563 442.88375000000002 397.79073233523542 397.79073233523542 445.77250000000004 461.1544172803421 481.11804793229015
decision_type=2 2 2 2 2 2 2 2 2 2 2 2 2 2 2 2 2 2 2 2
left_child=1 2 3 -1 -5 -6 8 -7 -2 -10 -9 16 15 14 -14 -3 -11 -17 -15 -20
right_child=6 12 -4 4 5 7 -8 10 9 11 -12 -13 13 18 -16 17 -18 -19 19 -21
leaf_value=0 0 0 0 0 0 0 0 -1.6518998838961408e-05 0 0 0 0 0 1.166992720147326e-08 -4.446330631492049e-06 1.3676977506553273e-06 9.4800593189798453e-06 0 -8.5760460130422778e-07 0
leaf_weight=71 25 64 304 421 34 15.999999999999998 238 1227 11.999999999999998 11.999999999999998 15.999999999999998 13.999999999999998 20 474 629 2162 781 9.9999999999999982 924 547
leaf_count=71 25 64 304 421 34 16 238 1227 12 12 16 14 20 474 629 2162 781 10 924 547
internal_value=0 -2.80955e-07 -4.14174e-06 -6.77289e-06 -9.04588e-06 -1.31337e-05 2.3932e-06 -1.55544e-05 6.54866e-06 8.23722e-06 -1.622e-05 9.13727e-06 0 0 -3.76645e-06 9.14696e-07 9.34873e-06 1.21047e-06 0 0
internal_weight=0 6919 2089 1785 1714 1293 1082 1259 844 819 1243 807 4830 2594 649 2236 793 2172 1945 1471
internal_count=8001 6919 2089 1785 1714 1293 1082 1259 844 819 1243 807 4830 2594 649 2236 793 2172 1945 1471
is_linear=0
shrinkage=0.03


Tree=29
num_leaves=16
num_cat=0
split_feature=8 53 53 8 49 41 35 26 41 10 10 41 53 35 49
split_gain=4.36221e-05 5.53017e-05 4.127e-05 5.78325e-05 6.68872e-05 5.79099e-05 3.90318e-05 3.95259e-05 2.88005e-05 2.82034e-05 2.73517e-05 5.95443e-05 3.59297e-05 2.47318e-05 2.44774e-05
threshold=111.825 470.661 421.23400000000004 51.025000000000013 81.60454892110225 0.00083339151660806346 0.52244787878203702 0.028080559629267688 0.0033098886028312476 0.0045246309742607085 0.0012487937827601852 0.0014102038042939924 467.54500000000002 0.53427813160135107 17.256302367307267
decision_type=2 2 2 2 2 2 2 2 2 2 2 2 2 2 2
left_child=2 6 -1 -4 5 -5 -2 8 10 13 -8 -12 -13 -7 -15
right_child=1 -3 3 4 -6 9 7 -9 -10 -11 11 12 -14 14 -16
leaf_value=0 0 0 0 0 0 0 0 0 0 0 0 1.1136853709771199e-05 0 0 -1.8880892576154039e-05
leaf_weight=233 295 1353 62 20 38 81 1009 273 124 37 1319 2187 139 23 830
leaf_count=233 295 1353 62 20 38 81 1009 273 124 37 1319 2187 139 23 830
internal_value=0 1.46494e-06 -4.33431e-06 -7.53829e-06 -1.05264e-05 -1.32577e-05 3.46386e-06 4.43318e-06 5.31228e-06 -1.52654e-05 5.87717e-06 7.13119e-06 1.01351e-05 -1.64141e-05 -1.79184e-05
internal_weight=0 6699 1324 1091 1029 991 5346 5051 4778 971 4654 3645 2326 934 853
internal_count=8023 6699 1324 1091 1029 991 5346 5051 4778 971 4654 3645 2326 934 853
is_linear=0
shrinkage=0.03


Tree=30
num_leaves=16
num_cat=0
split_feature=13 0 41 6 20 0 2 36 45 5 36 1 19 53 41
split_gain=1.29833e-05 6.97861e-05 0.000104963 4.26907e-05 5.80689e-05 4.20794e-05 3.79893e-05 4.17511e-05 5.20129e-06 4.5696e-06 6.12074e-06 9.52483e-06 1.30841e-05 1.54254e-05 1.01198e-05
threshold=0.15000000000000571 54.884685627170093 0.001436038999132593 -6.5499999999999821 0.0026347382973067606 11.55435439520148 506.83468804008714 2.180194832810074 7.45474751984099 -5.6249999999999991 -1.0000000180025095e-35 409.19250000000005 0.0045744744344752295 421.23400000000004 0.00083339151660806346
decision_type=2 2 2 2 2 2 2 2 2 2 2 2 2 2 2
left_child=8 2 -2 -4 5 -5 7 -7 -1 -10 -11 -12 13 -13 -15
right_child=1 -3 3 4 -6 6 -8 -9 9 10 11 12 -14 14 -16
leaf_value=0 0 0 0 0 0 1.9736828109398002e-05 0 0 0 0 0 0 0 0 -5.6741665603759535e-06
leaf_weight=116 835 1546 131 13.999999999999998 269 944 20 78 63 1046 249 225 574 32 1832
leaf_count=116 835 1546 131 14 269 944 20 78 63 1046 249 225 574 32 1832
internal_value=0 1.64043e-06 5.64938e-06 1.07271e-05 1.24672e-05 1.56356e-05 1.68548e-05 1.79744e-05 -5.72954e-07 -1.22547e-06 -1.60144e-06 -2.31885e-06 -3.01632e-06 -4.15129e-06 -5.17288e-06
internal_weight=0 3837 2291 1456 1325 1056 1042 1022 4137 4021 3958 2912 2663 2089 1864
internal_count=7974 3837 2291 1456 1325 1056 1042 1022 4137 4021 3958 2912 2663 2089 1864
is_linear=0
shrinkage=0.03


Tree=31
num_leaves=15
num_cat=0
split_feature=3 41 54 10 13 41 35 20 35 41 26 54 10 35
split_gain=2.80578e-05 0.000107255 7.86324e-05 0.000131642 0.000137413 8.79873e-05 7.39414e-05 7.49514e-05 6.81515e-05 7.02454e-05 5.78688e-05 3.14935e-05 2.97561e-05 8.15296e-06
threshold=461.1544172803421 0.0017687608287599106 0.0052684156712600903 0.0025986031227064202 0.099999999999937486 0.0011493350866483773 0.87420869025785419 0.0044973954883236198 1.6420572242796043 0.0010272557866120417 0.026624449111450777 -0.0092557601091942353 0.00091748967156245892 0.78611740764215587
decision_type=2 2 2 2 2 2 2 2 2 2 2 2 2 2
left_child=2 8 3 -1 -5 -6 -7 10 9 -2 -8 -11 -13 -14
right_child=1 -3 -4 4 5 6 7 -9 -10 11 -12 12 13 -15
leaf_value=0 0 0 0 0 0 0 2.5507689223477889e-05 0 0 0 0 0 0 -2.1981185696462898e-05
leaf_weight=1768 64 1025 1360 831 417 466 899 120 75 113 77 99 127 624
leaf_count=1768 64 1025 1360 831 417 466 899 120 75 113 77 99 127 624
internal_value=0 -2.92419e-06 1.09035e-06 4.12296e-06 8.35749e-06 1.2714e-05 1.59833e-05 2.06089e-05 -1.02008e-05 -1.30899e-05 2.33667e-05 -1.57589e-05 -1.77388e-05 -1.97928e-05
internal_weight=0 2127 5938 4578 2810 1979 1562 1096 1102 1027 976 963 850 751
internal_count=8065 2127 5938 4578 2810 1979 1562 1096 1102 1027 976 963 850 751
is_linear=0
shrinkage=0.03


Tree=32
num_leaves=20
num_cat=0
split_feature=53 35 33 8 5 35 41 8 20 41 41 35 2 2 5 53 0 33 33
split_gain=9.49244e-06 5.68308e-05 0.000116989 0.000128108 0.000130328 0.000157555 0.000106202 8.28147e-05 4.87925e-05 5.11498e-05 4.80694e-05 3.30794e-05 6.6254e-06 8.73194e-05 2.79637e-05 6.96262e-06 6.25171e-06 1.1204e-06 4.23439e-06
threshold=420.76500000000004 1.4395242799796037 0.0021050141186320522 149.47500000000002 2.1250000000000004 1.1416048055632635 0.002792046028707188 65.77500000000002 0.0035557473199475669 0.0011493350866483773 0.0028328453252393702 0.80499651435414343 468.28727256665275 448.82093595041539 7.7750000000000066 464.77250000000004 13.461538189718825 0.0025961206851276924 0.0068284016086093491
decision_type=2 2 2 2 2 2 2 2 2 2 2 2 2 2 2 2 2 2 2
left_child=8 2 -2 4 5 6 7 -4 9 -1 11 -11 13 -3 15 -15 -13 -5 -19
right_child=1 12 3 17 -6 -7 -8 -9 -10 10 -12 16 -14 14 -16 -17 -18 18 -20
leaf_value=0 0 0 0 0 0 0 0 -3.6929730058501972e-05 0 0 0 0 0 1.9646123231671867e-05 0 0 1.9062159487932746e-05 -1.4169082776444455e-06 0
leaf_weight=165 1582 467 13.999999999999998 679 72 163 37 518 542 262 39 9.9999999999999982 309 300 15.999999999999998 10.999999999999998 470 2400 27
leaf_count=165 1582 467 14 679 72 163 37 518 542 262 39 10 309 300 16 11 470 2400 27
internal_value=0 -9.68624e-07 -3.23093e-06 -6.4488e-06 -1.85866e-05 -2.32282e-05 -3.07077e-05 -3.44671e-05 1.25785e-06 6.99168e-06 1.08679e-05 1.35122e-05 0 2.73956e-06 1.60676e-05 1.87676e-05 1.85498e-05 0 -6.44508e-07
internal_weight=0 6595 5492 3910 804 732 569 532 1488 946 781 742 1103 794 327 311 480 3106 2427
internal_count=8083 6595 5492 3910 804 732 569 532 1488 946 781 742 1103 794 327 311 480 3106 2427
is_linear=0
shrinkage=0.03


Tree=33
num_leaves=14
num_cat=0
split_feature=1 41 41 19 35 20 7 26 5 40 40 53 53
split_gain=4.00965e-05 7.44786e-05 7.30887e-05 8.02305e-05 7.15407e-05 0.000160742 4.30841e-05 3.60097e-05 3.0579e-05 2.03008e-05 1.72103e-05 7.30753e-06 2.95845e-06
threshold=466.01500000000004 0.0017626847858398637 0.00092230875758692325 -0.011332289632809465 1.3011178673782766 0.0051331031486987486 0.00065517186392995304 0.0032406805861630874 1.4500000000000173 -0.3703237242280063 -0.68242233679232878 399.05700000000007 464.63900000000007
decision_type=2 2 2 2 2 2 2 2 2 2 2 2 2
left_child=4 2 -2 -4 -1 8 -5 -8 10 -9 -6 -12 -13
right_child=1 -3 3 6 5 -7 7 9 -10 -11 11 12 -14
leaf_value=0 0 0 0 0 0 0 0 0 0 -2.174458214348014e-05 0 1.7102929738710401e-05 0
leaf_weight=4453 37 918 74 32 31 513 15.999999999999998 162 160 662 13.999999999999998 952 40
leaf_count=4453 37 918 74 32 31 513 16 162 160 662 14 952 40
internal_value=0 -3.14223e-06 -9.3405e-06 -1.26552e-05 1.67596e-06 6.91109e-06 -1.60155e-05 -1.76747e-05 1.37489e-05 -1.89147e-05 1.56432e-05 1.63596e-05 1.66745e-05
internal_weight=0 1901 983 946 6163 1710 872 840 1197 824 1037 1006 992
internal_count=8064 1901 983 946 6163 1710 872 840 1197 824 1037 1006 992
is_linear=0
shrinkage=0.03


Tree=34
num_leaves=22
num_cat=0
split_feature=53 41 41 34 4 34 0 35 30 9 41 35 26 37 37 53 37 37 0 0 1
split_gain=2.19524e-05 9.11819e-05 0.000148062 8.09506e-05 0.000114261 8.69601e-05 0.000162068 8.07535e-05 7.83519e-05 0.000105698 8.02867e-05 0.000111143 0.000140014 3.80879e-05 3.85844e-05 1.36541e-05 9.51655e-05 0.000103214 9.46411e-05 6.64746e-05 5.83942e-05
threshold=442.69100000000009 0.0016181976186067652 0.00095921041204180275 1.4280357142857165 1.8532142857142853 0.93410714285715357 23.91304202268449 0.80082293837617213 0.010485464209590629 1.1999999999999604 0.0013645166188233804 0.86962081552333115 0.0050199991629447131 3.6250000000000004 -3.5749999999999882 456.05750000000006 2.8249999999999607 -1.4750000000000225 22.916666310185139 83.333331111111519 502.4975
decision_type=2 2 2 2 2 2 2 2 2 2 2 2 2 2 2 2 2 2 2 2 2
left_child=8 2 -2 4 5 -4 -7 -8 9 -1 -11 -12 -13 14 -14 -3 17 -17 -19 20 -20
right_child=1 15 3 -5 -6 6 7 -9 -10 10 11 12 13 -15 -16 16 -18 18 19 -21 -22
leaf_value=0 0 0 0 0 0 0 0 -3.0087017817836865e-05 0 0 0 0 0 0 3.2740747762603324e-05 0 0 0 2.3089711281708705e-05 0 0
leaf_weight=1368 153 574 223 236 161 93 207 763 651 748 514 59 12.999999999999998 21 512 502 386 55 728 39 38
leaf_count=1368 153 574 223 236 161 93 207 763 651 748 514 59 13 21 512 502 386 55 728 39 38
internal_value=0 -8.9471e-07 -6.81891e-06 -1.13964e-05 -1.4191e-05 -1.75077e-05 -2.10804e-05 -2.52441e-05 2.05597e-06 5.18384e-06 9.87399e-06 1.50726e-05 2.41916e-05 2.96479e-05 3.12947e-05 0 2.65107e-06 8.47826e-06 1.48918e-05 1.85109e-05 2.09318e-05
internal_weight=0 4158 1836 1683 1447 1286 1063 970 3886 3235 1867 1119 605 546 525 2322 1748 1362 860 805 766
internal_count=8044 4158 1836 1683 1447 1286 1063 970 3886 3235 1867 1119 605 546 525 2322 1748 1362 860 805 766
is_linear=0
shrinkage=0.03


Tree=35
num_leaves=10
num_cat=0
split_feature=26 35 26 35 26 35 35 35 35
split_gain=4.68007e-06 2.51395e-05 2.78159e-05 3.71628e-05 1.44633e-05 3.25275e-05 4.73257e-06 4.11097e-06 1.31417e-06
threshold=0.0061884169329474515 1.6312286741448472 0.003021498308287613 0.78611740764215587 0.011660088747847453 1.3322523052061042 0.50254415361031579 1.533736611422517 0.43789728127192612
decision_type=2 2 2 2 2 2 2 2 2
left_child=1 2 -1 -4 5 6 -2 8 -6
right_child=4 -3 3 -5 7 -7 -8 -9 -10
leaf_value=0 0 0 0 -1.008641429475099e-05 0 0 4.7179277390968583e-06 0 -1.3404232981860969e-06
leaf_weight=183 115 22 852 837 29 710 2096 474 2717
leaf_count=183 115 22 852 837 29 710 2096 474 2717
internal_value=0 -1.47064e-06 -3.77773e-06 -5.53486e-06 1.36655e-07 2.1201e-06 4.37897e-06 0 -1.16066e-06
internal_weight=0 1894 1872 1689 6141 2921 2211 3220 2746
internal_count=8035 1894 1872 1689 6141 2921 2211 3220 2746
is_linear=0
shrinkage=0.03


Tree=36
num_leaves=16
num_cat=0
split_feature=1 34 36 30 9 33 36 0 38 33 16 52 38 54 49
split_gain=2.53343e-05 9.30445e-05 8.19914e-05 7.165e-05 0.000146896 0.000128603 6.99994e-05 9.15928e-05 7.69933e-05 6.64348e-05 4.78076e-05 5.25179e-05 6.6129e-05 2.23603e-05 1.45989e-05
threshold=466.01500000000004 1.3661250000000049 0.23271742570999596 0.011010026547088365 1.3550000000000184 0.0024605098242967095 1.7954545536156965 24.364360405151618 0.71376256104097091 0.0025401489590793128 0.0026459010490763606 -0.0094874413014582413 0.68273755370574996 0.012589318115314148 15.980855031279093
decision_type=2 2 2 2 2 2 2 2 2 2 2 2 2 2 2
left_child=2 9 -1 4 -4 -6 7 -7 -9 -2 11 -11 -13 14 -14
right_child=1 -3 3 -5 5 6 -8 8 -10 10 -12 12 13 -15 -16
leaf_value=0 0 0 0 0 0 0 0 0 2.9840264379721046e-05 0 0 0 0 0 -3.2328498070361091e-05
leaf_weight=2189 350 1124 1798 675 279 183 185 81 700 41 61 46 11.999999999999998 19 312
leaf_count=2189 350 1124 1798 675 279 183 185 81 700 41 61 46 12 19 312
internal_value=0 0 1.93486e-06 4.97573e-06 7.06565e-06 1.43286e-05 1.88635e-05 2.21224e-05 2.66361e-05 -9.97561e-06 -1.70888e-05 -2.08171e-05 -2.45014e-05 -2.92229e-05 -3.10804e-05
internal_weight=0 1965 6090 3901 3226 1428 1149 964 781 841 491 430 389 343 324
internal_count=8055 1965 6090 3901 3226 1428 1149 964 781 841 491 430 389 343 324
is_linear=0
shrinkage=0.03


Tree=37
num_leaves=22
num_cat=0
split_feature=1 41 37 41 35 8 41 41 3 37 35 8 41 9 9 3 37 37 1 13 3
split_gain=9.59269e-06 7.2238e-05 0.000195351 0.00015391 6.62708e-05 6.54735e-05 0.000108747 9.07441e-05 7.48324e-05 8.80634e-05 6.4588e-05 6.96183e-05 6.12563e-05 5.61129e-05 5.30673e-05 3.91986e-05 7.91944e-05 7.08363e-05 6.86881e-05 6.5528e-05 4.22174e-07
threshold=443.11500000000007 0.0016405781748752922 -1.19999999999996 0.00089375260619694132 0.82054614771191969 311.42500000000001 0.0012931244875476501 0.0024589179060699007 428.524334194956 1.9500000000000173 1.6019894129985297 423.77500000000003 0.001401774337577253 0.45000000000001711 0.6050000000000183 452.88914747255563 2.8249999999999607 -1.9750000000000225 502.4975 0.15000000000000571 440.83344923731994
decision_type=2 2 2 2 2 2 2 2 2 2 2 2 2 2 2 2 2 2 2 2 2
left_child=5 2 -2 -4 -5 6 -1 8 9 12 11 13 -8 -6 -14 20 17 -17 19 -19 -3
right_child=1 15 3 4 10 -7 7 -9 -10 -11 -12 -13 14 -15 -16 16 -18 18 -20 -21 -22
leaf_value=0 0 0 0 0 0 0 0 0 0 0 0 0 0 -2.735584381745902e-05 3.0458233365264286e-05 0 0 0 0 2.4262671688931559e-05 -8.1752602793759515e-07
leaf_weight=942 440 42 104 275 66 1036 156 272 635 159 139 72 136 816 534 436 304 397 50 494 568
leaf_count=942 440 42 104 275 66 1036 156 272 635 159 139 72 136 816 534 436 304 397 50 494 568
internal_value=0 -4.19845e-07 -5.8636e-06 -1.28084e-05 -1.66656e-05 1.42798e-06 4.85524e-06 9.3286e-06 1.23299e-05 1.78417e-05 -2.00533e-05 -2.28385e-05 2.1805e-05 -2.52022e-05 2.58516e-05 0 4.58045e-06 8.79505e-06 1.34495e-05 1.61362e-05 0
internal_weight=0 4203 1912 1472 1368 3870 2834 1892 1620 985 1093 954 826 882 670 2291 1681 1377 941 891 610
internal_count=8073 4203 1912 1472 1368 3870 2834 1892 1620 985 1093 954 826 882 670 2291 1681 1377 941 891 610
is_linear=0
shrinkage=0.03


Tree=38
num_leaves=21
num_cat=0
split_feature=41 2 41 26 35 49 9 53 26 1 1 49 35 9 26 2 2 2 1 1
split_gain=2.70561e-05 9.59054e-05 6.97863e-05 9.87473e-05 6.00264e-05 5.85428e-05 7.22972e-05 7.66043e-05 0.00016879 6.07549e-05 4.88289e-05 4.60818e-05 4.86815e-05 0.000102292 2.07597e-05 4.0392e-06 1.39999e-05 3.90596e-07 1.11431e-07 1.05246e-07
threshold=0.0017626847858398637 462.5827514208043 0.00098271496442861139 0.015185599111797307 1.6420572242796043 66.373185425434897 1.1600000000000252 454.94850000000008 0.018096254558645181 501.91750000000008 455.12625000000008 16.292202630636499 0.85448034973624776 0.54999999999998306 0.0039096666361379106 448.82093595041539 405.70148413620427 462.2901844225633 404.05125000000004 445.03375000000005
decision_type=2 2 2 2 2 2 2 2 2 2 2 2 2 2 2 2 2 2 2 2
left_child=1 15 -3 4 11 6 -2 -8 9 10 -9 -4 -13 -14 -12 16 -1 19 -18 -17
right_child=5 2 3 -5 -6 -7 7 8 -10 -11 14 12 13 -15 -16 17 18 -19 -20 -21
leaf_value=0 0 0 0 0 0 0 0 0 0 0 0 0 0 -3.0924488967902129e-05 3.0828708736685317e-05 0 0 0 -2.2550305481908944e-06 2.6357714243823328e-06
leaf_weight=168 1383 61 57 372 31 290 914 18 255 33 10.999999999999998 250 36 512 483 9.9999999999999982 32 24 2497 587
leaf_count=168 1383 61 57 372 31 290 914 18 255 33 11 250 36 512 483 10 32 24 2497 587
internal_value=0 -2.11515e-06 -9.0077e-06 -1.1618e-05 -1.70842e-05 1.0313e-06 4.263e-06 8.41331e-06 1.54185e-05 2.50467e-05 2.78285e-05 -1.91205e-05 -2.10626e-05 -2.69391e-05 2.98577e-05 0 0 2.41851e-06 -2.23186e-06 2.58312e-06
internal_weight=0 4637 1319 1258 886 3387 3097 1714 800 545 512 855 798 548 494 3318 2697 621 2529 597
internal_count=8024 4637 1319 1258 886 3387 3097 1714 800 545 512 855 798 548 494 3318 2697 621 2529 597
is_linear=0
shrinkage=0.03


Tree=39
num_leaves=17
num_cat=0
split_feature=41 34 41 8 53 33 34 3 45 52 53 52 8 4 8 53
split_gain=9.55242e-06 9.87107e-05 9.75718e-05 0.000102709 7.63826e-05 8.29874e-05 3.65374e-05 0.000165166 8.8924e-05 3.68931e-05 2.91262e-05 2.95187e-05 2.9015e-05 2.58846e-05 1.83469e-06 1.25053e-06
threshold=0.0014248480804786674 0.9095535714285764 0.00095921041204180275 345.62500000000006 404.33150000000006 0.0021171823898708917 1.2357321428571539 459.73670260143416 86.146229789786318 0.0052205775622859761 514.36150000000009 0.0078399264147375573 75.375000000000014 0.47857142857143792 360.65000000000003 456.05750000000006
decision_type=2 2 2 2 2 2 2 2 2 2 2 2 2 2 2 2
left_child=1 -1 -3 4 -4 -6 7 8 9 12 11 -7 -2 -14 -15 -8
right_child=6 2 3 -5 5 10 15 -9 -10 -11 -12 -13 13 14 -16 -17
leaf_value=0 0 0 0 0 0 -1.9498384905325584e-05 -6.9508209896487692e-07 0 0 0 0 0 0 2.4951060985642157e-05 0 0
leaf_weight=583 78 147 50 247 358 1246 2329 285 206 42 12.999999999999998 36 9.9999999999999982 555 21 1809
leaf_count=583 78 147 50 247 358 1246 2329 285 206 42 13 36 10 555 21 1809
internal_value=0 -1.79089e-06 -6.8157e-06 -9.74558e-06 -1.27676e-05 -1.44747e-05 0 5.24025e-06 1.41046e-05 1.92413e-05 -1.80296e-05 -1.86762e-05 2.10617e-05 2.33905e-05 2.44339e-05 0
internal_weight=0 2680 2097 1950 1703 1653 5335 1197 912 706 1295 1282 664 586 576 4138
internal_count=8015 2680 2097 1950 1703 1653 5335 1197 912 706 1295 1282 664 586 576 4138
is_linear=0
shrinkage=0.03


Tree=40
num_leaves=19
num_cat=0
split_feature=26 49 41 1 41 8 8 3 49 41 8 41 26 2 3 26 53 26
split_gain=3.02328e-05 0.000100374 0.000152237 0.000148756 0.000112716 8.67171e-05 7.22806e-05 5.07774e-05 4.36095e-05 7.29689e-05 0.000242483 0.000162936 8.55297e-05 9.26483e-05 5.63951e-05 1.24795e-06 3.90671e-05 4.16935e-07
threshold=0.007060271349824552 51.559047806118194 0.00092230875758692325 408.50500000000005 0.003079958456634739 372.02500000000003 63.82500000000001 495.61836926509358 60.756274299554775 0.0014052584258247094 326.8250000000001 0.0027305487755597394 0.025862587478246404 409.53561952396797 499.52878477758145 0.0095119616037290366 420.76500000000004 0.039810525947371118
decision_type=2 2 2 2 2 2 2 2 2 2 2 2 2 2 2 2 2 2
left_child=1 2 -1 -4 5 6 -5 -8 9 -2 11 12 13 -11 -15 -10 -17 -18
right_child=8 -3 3 4 -6 -7 7 -9 15 10 -12 -13 -14 14 -16 16 17 -19
leaf_value=0 0 0 0 0 0 0 -2.2670643883344125e-05 0 0 0 0 0 0 2.2073456423000154e-05 0 0 -8.7711752298306232e-06 0
leaf_weight=96 1256 678 113 79 45 33 1320 61 152 77 1811 222 47 1397 46 145 476 23
leaf_count=96 1256 678 113 79 45 33 1320 61 152 77 1811 222 47 1397 46 145 476 23
internal_value=0 -3.34933e-06 -8.20154e-06 -1.24153e-05 -1.58896e-05 -1.81111e-05 -1.97195e-05 -2.14052e-05 6.18768e-09 2.84283e-06 5.3982e-06 1.34382e-05 1.73122e-05 1.89632e-05 2.08938e-05 0 -1.32011e-06 -8.5229e-06
internal_weight=0 2425 1747 1651 1538 1493 1460 1381 5652 4856 3600 1789 1567 1520 1443 796 644 499
internal_count=8077 2425 1747 1651 1538 1493 1460 1381 5652 4856 3600 1789 1567 1520 1443 796 644 499
is_linear=0
shrinkage=0.03


Tree=41
num_leaves=11
num_cat=0
split_feature=13 1 1 26 1 41 26 41 1 3
split_gain=5.84173e-06 4.5759e-05 5.26994e-05 1.58234e-05 1.32876e-05 2.40204e-05 1.23563e-05 4.54268e-06 2.4909e-06 1.26121e-06
threshold=0.20000000000001708 466.01500000000004 433.57750000000004 0.028080559629267688 420.20375000000007 0.00089375260619694132 0.0025468169504727421 0.0045391986772201258 505.40875000000005 430.8776419183186
decision_type=2 2 2 2 2 2 2 2 2 2
left_child=4 2 -2 6 -1 -6 -4 9 -7 -8
right_child=1 -3 3 -5 5 8 7 -9 -10 -11
leaf_value=0 0 0 0 0 0 -3.1378996088697825e-06 0 0 0 9.9453465222434088e-06
leaf_weight=868 890 812 13.999999999999998 58 133 3866 9.9999999999999982 11.999999999999998 75 1235
leaf_count=868 890 812 14 58 133 3866 10 12 75 1235
internal_value=0 9.95685e-07 4.46198e-06 8.3013e-06 -6.75035e-07 -1.86756e-06 9.12443e-06 9.64498e-06 -3.01501e-06 9.85923e-06
internal_weight=0 3031 2219 1329 4942 4074 1271 1257 3941 1245
internal_count=7973 3031 2219 1329 4942 4074 1271 1257 3941 1245
is_linear=0
shrinkage=0.03


Tree=42
num_leaves=22
num_cat=0
split_feature=26 34 41 33 1 35 54 38 20 1 38 49 42 41 34 42 2 2 33 49 25
split_gain=2.21624e-05 0.000102382 0.000196031 0.000130328 0.000119082 0.000154051 9.37784e-05 7.58111e-05 1.77148e-05 7.62564e-05 7.95588e-05 0.000112241 0.000131514 9.85678e-05 7.23691e-05 3.83527e-06 8.82308e-06 9.86587e-06 1.2926e-05 1.20952e-05 1.11575e-05
threshold=0.0061884169329474515 0.85321428571429336 0.0016405781748752922 0.0034995600092286106 404.81375000000008 0.81302162716167536 0.0065535654182976065 0.30825404510103199 0.0039469694003262399 468.14000000000016 0.30825404510103199 66.990487807781463 1.6769291851527279 0.003193897123803175 0.79250000000000065 0.65105938306665212 408.25688416161404 474.7106404755927 0.001702619961086918 16.292202630636499 13.725489602730347
decision_type=2 2 2 2 2 2 2 2 2 2 2 2 2 2 2 2 2 2 2 2 2
left_child=1 -1 3 4 -3 -6 7 -7 9 10 -2 12 13 14 -12 -10 -17 18 -18 -20 -21
right_child=8 2 -4 -5 5 6 -8 -9 15 -11 11 -13 -14 -15 -16 16 17 -19 19 20 -22
leaf_value=0 0 0 0 0 0 0 0 -4.3475966541859284e-05 0 0 0 0 0 0 1.8665578845945018e-05 0 0 0 0 -6.4843971974567888e-06 0
leaf_weight=212 1027 26 758 33 374 15.999999999999998 23 425 270 852 39 355 171 74 1519 59 65 406 83 1256 59
leaf_count=212 1027 26 758 33 374 16 23 425 270 852 39 355 171 74 1519 59 65 406 83 1256 59
internal_value=0 -3.26813e-06 -8.22845e-06 -1.79295e-05 -2.16661e-05 -2.47344e-05 -3.74549e-05 -4.08304e-05 0 1.98716e-06 5.15264e-06 8.50614e-06 1.19419e-05 1.51674e-05 1.72596e-05 0 -1.33786e-06 -2.46858e-06 -3.72177e-06 -4.77639e-06 -5.70335e-06
internal_weight=0 1867 1655 897 864 838 464 441 6235 4037 3185 2158 1803 1632 1558 2198 1928 1869 1463 1398 1315
internal_count=8102 1867 1655 897 864 838 464 441 6235 4037 3185 2158 1803 1632 1558 2198 1928 1869 1463 1398 1315
is_linear=0
shrinkage=0.03


Tree=43
num_leaves=16
num_cat=0
split_feature=8 53 26 13 8 1 53 40 40 8 40 26 13 53 40
split_gain=2.63097e-05 6.19092e-05 6.55741e-05 4.4579e-05 5.53156e-05 3.88302e-05 3.72475e-05 3.1176e-05 2.61817e-05 2.32725e-05 3.0024e-05 2.17665e-05 2.14415e-05 2.75099e-05 9.58268e-06
threshold=124.52500000000002 421.23400000000004 0.003021498308287613 0.79999999999998306 70.225000000000009 466.01500000000004 414.04850000000005 -0.55590672847310008 -0.56781135531135518 112.825 1.9571886446886451 0.027600899464594156 0.15000000000000571 464.77250000000004 4.9099445155783199
decision_type=2 2 2 2 2 2 2 2 2 2 2 2 2 2 2
left_child=1 -1 -3 4 -4 6 -2 -6 -8 10 -9 12 -10 14 -14
right_child=5 2 3 -5 7 -7 8 9 11 -11 -12 -13 13 -15 -16
leaf_value=0 0 0 0 0 0 0 0 -2.1253177587343619e-05 0 0 0 0 1.0559617987232109e-05 0 0
leaf_weight=305 749 117 221 35 36 1629 323 656 1779 223 28 212 1543 57 71
leaf_count=305 749 117 221 35 36 1629 323 656 1779 223 28 212 1543 57 71
internal_value=0 -3.12886e-06 -7.37434e-06 -1.04349e-05 -1.21084e-05 1.10747e-06 3.00497e-06 -1.52879e-05 4.3747e-06 -1.65502e-05 -1.9843e-05 5.22107e-06 5.88318e-06 9.11014e-06 1.00628e-05
internal_weight=0 1621 1316 1199 1164 6363 4734 943 3985 907 684 3662 3450 1671 1614
internal_count=7984 1621 1316 1199 1164 6363 4734 943 3985 907 684 3662 3450 1671 1614
is_linear=0
shrinkage=0.03


end of trees

feature_importances:
volatility_ma=105
atr_ratio=63
bb_middle=53
sma_50=52
volume_ma=48
bb_width=47
bb_lower=41
adx=41
bb_upper=30
atr_ma=28
momentum_convergence=24
atr_normalized=21
rsi=20
range_pct=20
price_sma_50_dist=16
atr=15
volume_ratio=15
upper_shadow=13
return_24=13
return_12=12
volume_change=12
volatility_ratio=12
price_bb_lower_dist=9
momentum_10=8
range=8
stoch_k=8
stoch_d=8
momentum_20=6
rsi_normalized=6
volatility=4
price_bb_upper_dist=4
momentum_ratio=4
return_1=3
price_sma_20_dist=3
body=1
body_pct=1
return_3=1
rsi_divergence=1
sma_20=1
market_regime=1

parameters:
[boosting: gbdt]
[objective: regression]
[metric: rmse]
[tree_learner: serial]
[device_type: cpu]
[data: ]
[valid: ]
[num_iterations: 800]
[learning_rate: 0.03]
[num_leaves: 31]
[num_threads: 8]
[deterministic: 0]
[force_col_wise: 0]
[force_row_wise: 0]
[histogram_pool_size: -1]
[max_depth: 8]
[min_data_in_leaf: 10]
[min_sum_hessian_in_leaf: 0.001]
[bagging_fraction: 0.7]
[pos_bagging_fraction: 1]
[neg_bagging_fraction: 1]
[bagging_freq: 1]
[bagging_seed: 400]
[feature_fraction: 0.8]
[feature_fraction_bynode: 1]
[feature_fraction_seed: 30056]
[extra_trees: 0]
[extra_seed: 12879]
[early_stopping_round: 0]
[first_metric_only: 0]
[max_delta_step: 0]
[lambda_l1: 0.5]
[lambda_l2: 0.5]
[linear_lambda: 0]
[min_gain_to_split: 0]
[drop_rate: 0.1]
[max_drop: 50]
[skip_drop: 0.5]
[xgboost_dart_mode: 0]
[uniform_drop: 0]
[drop_seed: 17869]
[top_rate: 0.2]
[other_rate: 0.1]
[min_data_per_group: 100]
[max_cat_threshold: 32]
[cat_l2: 10]
[cat_smooth: 10]
[max_cat_to_onehot: 4]
[top_k: 20]
[monotone_constraints: ]
[monotone_constraints_method: basic]
[monotone_penalty: 0]
[feature_contri: ]
[forcedsplits_filename: ]
[refit_decay_rate: 0.9]
[cegb_tradeoff: 1]
[cegb_penalty_split: 0]
[cegb_penalty_feature_lazy: ]
[cegb_penalty_feature_coupled: ]
[path_smooth: 0]
[interaction_constraints: ]
[verbosity: 1]
[saved_feature_importance_type: 0]
[linear_tree: 0]
[max_bin: 255]
[max_bin_by_feature: ]
[min_data_in_bin: 3]
[bin_construct_sample_cnt: 200000]
[data_random_seed: 175]
[is_enable_sparse: 1]
[enable_bundle: 1]
[use_missing: 1]
[zero_as_missing: 0]
[feature_pre_filter: 1]
[pre_partition: 0]
[two_round: 0]
[header: 0]
[label_column: ]
[weight_column: ]
[group_column: ]
[ignore_column: ]
[categorical_feature: ]
[forcedbins_filename: ]
[precise_float_parser: 0]
[parser_config_file: ]
[objective_seed: 16083]
[num_class: 1]
[is_unbalance: 0]
[scale_pos_weight: 1]
[sigmoid: 1]
[boost_from_average: 1]
[reg_sqrt: 0]
[alpha: 0.9]
[fair_c: 1]
[poisson_max_delta_step: 0.7]
[tweedie_variance_power: 1.5]
[lambdarank_truncation_level: 30]
[lambdarank_norm: 1]
[label_gain: ]
[lambdarank_position_bias_regularization: 0]
[eval_at: ]
[multi_error_top_k: 1]
[auc_mu_weights: ]
[num_machines: 1]
[local_listen_port: 12400]
[time_out: 120]
[machine_list_filename: ]
[machines: ]
[gpu_platform_id: -1]
[gpu_device_id: -1]
[gpu_use_dp: 0]
[num_gpu: 1]

end of parameters

pandas_categorical:[]
