tree
version=v4
num_class=1
num_tree_per_iteration=1
label_index=0
max_feature_idx=56
objective=regression
feature_names=rsi bb_middle bb_upper bb_lower atr momentum_10 momentum_20 volatility volume_ma range range_pct body body_pct upper_shadow lower_shadow is_bullish return_1 return_3 return_6 return_12 return_24 log_return rsi_normalized rsi_overbought rsi_oversold rsi_divergence bb_width bb_position bb_position_normalized price_bb_upper_dist price_bb_lower_dist bb_breakout_upper bb_breakout_lower atr_normalized atr_ma atr_ratio momentum_ratio momentum_convergence volume_ratio volume_spike volume_change volatility_ma volatility_ratio high_volatility low_volatility stoch_k stoch_d stoch_overbought stoch_oversold adx strong_trend sma_20 price_sma_20_dist sma_50 price_sma_50_dist signal_convergence market_regime
feature_infos=[0:99.999985872857692] [0:161.81829999999999] [0:163.49872234254795] [0:161.6340769086128] [0:1.1125714285714321] [-4.1740000000000066:3.6910000000000025] [-4.0190000000000055:3.1930000000000121] [0:0.004651925091918363] [0:14472.4] [0:3.1289999999999907] [0:0.019790486385785944] [0:2.86099999999999] [0:0.018034088903456733] [0:1.1399999999999864] [0:1.5829999999999984] [0:1] [-0.017714621838333167:0.014877782329646427] [-0.022323288195084667:0.021831831417413072] [-0.021306128588913342:0.022410317306895688] [-0.023662010314559945:0.026812644307773414] [-0.030412096542869249:0.024559774311784466] [-0.017873403720390344:0.014768193745818952] [-0.93857804316327842:0.99999971745715388] [0:1] [0:1] [-46.462567102264515:46.652687094333061] [0:0.040801763298405708] [-0.55579002868326455:1.5382809875739039] [-2.1115800573665293:2.0765619751478077] [-0.0075319905790354963:0.035914588403848639] [-0.009333748992502458:0.033676416175928932] [0:1] [0:1] [0:0.0071373584075662827] [0:0.8504392857142864] [0:3.9214667240956609] [-20500000.000001252:27300000.000002455] [-3.6910000000000025:4.1740000000000066] [0:5.4120637403284393] [0:1] [-0.99739752765126866:135] [0:0.0043580031549319562] [0:8.9920287103106187] [0:1] [0:1] [0:99.99999954128441] [0:99.332322829059265] [0:1] [0:1] [0:92.306826590390614] [0:1] [0:161.81829999999999] [-0.019390125305217113:0.019216354919305893] [0:161.66587999999999] [-0.029932344977646477:0.017446147612938202] [0:1] [0:2]
tree_sizes=4179 4070 2632 3284 3381 3597 3589 2911 3386 3373 3494 3680 3999 4048 2941

Tree=0
num_leaves=42
num_cat=0
split_feature=2 34 34 54 34 34 37 8 49 53 8 20 45 1 1 49 1 1 33 20 8 38 28 42 34 22 35 54 38 41 37 25 33 41 0 33 1 18 33 8 8
split_gain=0.00080007 0.00175482 0.00101316 0.00115199 0.000470834 0.000450686 0.000384729 0.000351038 0.000390469 0.000350329 0.000377307 0.000382433 0.000244381 0.000239348 0.000193576 0.000192398 0.00017926 0.000144423 0.000143171 0.000142574 0.000125935 0.000106773 0.000106186 0.000105183 0.000100349 9.24224e-05 8.18152e-05 7.50515e-05 0.000142464 6.01315e-05 4.78531e-05 4.08665e-05 3.8598e-05 3.95063e-05 3.76301e-05 1.36102e-05 1.28438e-05 9.28144e-06 6.01287e-06 1.03536e-06 2.30903e-06
threshold=147.14827321699929 0.37306428571428801 0.38577321428571526 0.0019267139175735205 0.17623214285714259 0.20163928571428888 -0.81050000000000455 5769.5500000000011 15.655242243472051 155.95569000000003 4717.2000000000007 -0.00089779236912768113 67.350799642860252 143.97222500000001 146.75610000000003 26.981291656593879 156.19725000000003 146.32367500000001 0.0022823550629254806 0.0085780554439195428 2633.4000000000001 0.36200399235516095 -1.0032307944996106 0.78209648705546975 0.072860714285715444 -0.29074433704333352 1.3594191626130092 0.0047089566934895377 0.70619189934446291 0.00090782345152722597 0.63450000000000284 -11.293772391228641 0.00040237614054746377 0.00022802580192235681 27.347555176480714 0.0015413927498717902 153.97090000000003 0.0035160252441485134 0.00065011937010116727 2791.2000000000003 4076.3000000000006
decision_type=2 2 2 2 2 2 2 2 2 2 2 2 2 2 2 2 2 2 2 2 2 2 2 2 2 2 2 2 2 2 2 2 2 2 2 2 2 2 2 2 2
left_child=2 4 5 -4 9 7 -3 8 -1 10 11 39 18 27 30 -15 -8 19 21 23 31 -6 -23 -17 -13 -26 -24 28 -7 -30 37 -11 -33 -34 -31 36 38 -10 -12 -2 -41
right_child=1 6 3 -5 12 13 16 -9 14 20 35 24 -14 15 -16 17 -18 -19 -20 -21 -22 22 26 -25 25 -27 -28 -29 29 34 -32 32 33 -35 -36 -37 -38 -39 -40 40 -42
leaf_value=-3.3068440548033775e-06 -3.3068440548033775e-06 -3.3068440548033775e-06 0.00013290981637381378 -3.3068440548033775e-06 -3.3068440548033775e-06 -3.3068440548033775e-06 -0.00011750051020256383 -3.3068440548033775e-06 4.3958855119761284e-05 -3.3068440548033775e-06 -3.3068440548033775e-06 -3.3068440548033775e-06 -3.3068440548033775e-06 -3.3068440548033775e-06 -3.3068440548033775e-06 -3.3068440548033775e-06 -3.3068440548033775e-06 -3.3068440548033775e-06 -3.3068440548033775e-06 -3.3068440548033775e-06 -3.3068440548033775e-06 -3.3068440548033775e-06 -2.7375197863715546e-05 -5.6873721525256808e-05 -3.3068440548033775e-06 1.7916079057312054e-05 -3.3068440548033775e-06 -3.3068440548033775e-06 -3.3068440548033775e-06 -3.3068440548033775e-06 -3.3068440548033775e-06 -3.3068440548033775e-06 -3.3068440548033775e-06 -2.1450162253354866e-05 2.5774946431288586e-05 -3.3068440548033775e-06 -3.3068440548033775e-06 -3.3068440548033775e-06 -1.4972366715195128e-05 -5.6246115443764865e-06 -3.3068440548033775e-06
leaf_weight=66 257 66 133 58 256 169 170 74 605 62 26 372 1420 121 71 31 20 49 147 33 1011 207 1700 258 135 2575 112 110 44 29 32 91 21 814 336 34 20 37 401 560 175
leaf_count=66 257 66 133 58 256 169 170 74 605 62 26 372 1420 121 71 31 20 49 147 33 1011 207 1700 258 135 2575 112 110 44 29 32 91 21 814 336 34 20 37 401 560 175
internal_value=-3.30684e-06 -6.94959e-06 1.27084e-05 8.33512e-05 -4.15805e-06 1.80497e-06 -8.50637e-05 1.94698e-05 2.76045e-05 -2.70739e-07 5.17967e-06 9.24854e-06 -1.31314e-05 -3.82092e-06 3.5573e-05 -2.42072e-05 -0.000107335 -3.56416e-05 -1.89243e-05 -4.3404e-05 -8.18809e-06 -2.10915e-05 -2.34061e-05 -5.05797e-05 1.45828e-05 1.66252e-05 -2.57313e-05 -2.3153e-06 7.55464e-06 1.86007e-05 4.06156e-05 -1.60694e-05 -1.79182e-05 -1.99903e-05 2.28828e-05 -1.057e-05 -1.24801e-05 4.24353e-05 -1.40372e-05 -3.30684e-06 -4.43258e-06
internal_weight=0 10652 2256 191 10396 2065 256 885 811 6554 4555 4074 3842 1180 745 492 190 371 2422 322 1999 2275 2019 289 3082 2710 1812 688 578 409 674 988 926 835 365 481 447 642 427 992 735
internal_count=12908 10652 2256 191 10396 2065 256 885 811 6554 4555 4074 3842 1180 745 492 190 371 2422 322 1999 2275 2019 289 3082 2710 1812 688 578 409 674 988 926 835 365 481 447 642 427 992 735
is_linear=0
shrinkage=1


Tree=1
num_leaves=50
num_cat=0
split_feature=2 41 34 52 1 34 34 53 37 49 34 45 3 49 49 1 20 37 26 41 34 22 2 41 4 3 38 17 7 37 1 41 11 34 26 38 7 41 41 34 34 2 7 49 3 7 7 36 1
split_gain=0.000763891 0.00164335 0.000931326 0.000580085 0.000540245 0.000469595 0.000397283 0.000357196 0.000301024 0.000263378 0.000400697 0.000259836 0.000198768 0.000227881 0.000176543 0.000210887 0.000175139 0.000146257 0.000196013 0.000137358 8.7639e-05 8.61057e-05 7.98129e-05 0.000159165 7.24598e-05 6.64061e-05 6.13373e-05 8.56042e-05 5.38825e-05 4.58998e-05 4.54188e-05 4.16594e-05 4.15905e-05 3.3977e-05 3.18069e-05 5.0576e-05 7.45381e-05 7.61275e-05 3.12033e-05 4.77786e-05 3.33353e-05 1.21566e-05 4.61481e-05 6.0723e-05 4.22582e-05 3.08374e-05 6.34544e-05 6.11484e-05 2.36601e-07
threshold=147.14827321699929 0.0018191374944067926 0.38577321428571526 0.0039405270953159774 156.14537500000003 0.20163928571428888 0.17700357142857123 155.95569000000003 0.1400000000000006 15.655242243472051 0.11199464285714519 67.350799642860252 143.57580892335466 26.981291656593879 71.322780420925952 146.32367500000001 0.0051526863516077057 -0.92800000000001137 0.0066940267743104834 0.0026640498941295269 0.13714464285714342 -0.44491238304537745 158.82110083542162 0.00030359794020134198 0.154285714285711 146.4790389968995 1.7195841750858525 0.0016387196504706882 0.00088883252636792786 0.63450000000000284 144.45242500000003 0.0010248614323641193 0.39449999999999369 0.072860714285715444 0.01366549687012829 0.70619189934446291 0.00089258636173789757 0.00099934373618998135 0.00060534775064163598 0.1436303571428563 0.17539464285714371 154.71004355494475 0.0007985763770303946 29.535123149342443 156.63388319753844 0.0014593108580952974 0.00082862009581994331 1.9325650255019762 161.51652500000003
decision_type=2 2 2 2 2 2 2 2 2 2 2 2 2 2 2 2 2 2 2 2 2 2 2 2 2 2 2 2 2 2 2 2 2 2 2 2 2 2 2 2 2 2 2 2 2 2 2 2 2
left_child=2 6 5 16 17 9 7 8 21 -1 -11 24 34 -14 15 30 19 -3 -19 -4 22 -2 23 -9 -8 29 27 32 -25 -12 -15 33 -26 -23 35 -7 -37 -38 -10 -40 -41 45 -43 -44 -45 46 -13 -48 -24
right_child=1 4 3 -5 -6 12 11 20 38 10 25 41 13 14 -16 -17 -18 18 -20 -21 -22 31 48 28 26 -27 -28 -29 -30 -31 -32 -33 -34 -35 -36 36 37 -39 39 40 -42 42 43 44 -46 -47 47 -49 -50
leaf_value=0 0 0 0.00014204399983780498 0 0 0 0 0 0 0 4.1216799842966131e-05 0 0 0 0 0 0 0 -0.00014234020651730653 0 0 0 2.174950710704189e-07 -2.3364034956035423e-05 -2.0526101430039718e-05 0 0 0 0 0 -5.607223890104945e-05 0 0 1.5197551922168708e-05 0 0 0 2.7066605680231824e-05 0 -1.8226084084153016e-05 0 0 0 2.5770882353030036e-05 0 0 -1.8871818628914449e-05 0 -1.4646871340575401e-06
leaf_weight=77 198 52 106 44 72 179 262 185 497 54 692 265 121 26 21 47 20 25 118 22 518 395 406 739 1857 57 135 104 25 30 246 29 35 3142 80 106 92 286 70 304 21 134 119 218 21 133 393 71 90
leaf_count=77 198 52 106 44 72 179 262 185 497 54 692 265 121 26 21 47 20 25 118 22 518 395 406 739 1857 57 135 104 25 30 246 29 35 3142 80 106 92 286 70 304 21 134 119 218 21 133 393 71 90
internal_value=0 -3.47897e-06 1.55658e-05 8.3521e-05 -7.74302e-05 5.12622e-06 -7.03805e-07 2.71844e-06 8.14988e-06 2.28996e-05 2.92798e-05 -9.15059e-06 -8.36271e-07 -1.97389e-05 -3.3628e-05 -4.12654e-05 0.000112097 -0.000103418 -0.000124479 0.000125512 -5.57945e-06 1.2415e-05 -9.84179e-06 -1.49378e-05 -1.51267e-05 3.71412e-05 -1.69571e-05 -1.82932e-05 -2.1554e-05 3.96368e-05 -5.19016e-05 1.35801e-05 -1.98431e-05 1.40189e-05 0 6.56941e-06 1.23732e-05 1.93216e-05 0 -8.42865e-06 -1.47823e-05 0 4.6762e-06 1.20815e-05 2.11406e-05 -4.51599e-07 -6.1884e-06 -1.35334e-05 0
internal_weight=0 10633 2306 192 267 2114 10366 6619 4656 910 833 3747 1204 461 340 319 148 195 143 128 1963 3764 1445 949 2393 779 2131 1996 764 722 272 3566 1892 3537 743 663 484 378 892 395 325 1354 492 358 239 862 729 464 496
internal_count=12939 10633 2306 192 267 2114 10366 6619 4656 910 833 3747 1204 461 340 319 148 195 143 128 1963 3764 1445 949 2393 779 2131 1996 764 722 272 3566 1892 3537 743 663 484 378 892 395 325 1354 492 358 239 862 729 464 496
is_linear=0
shrinkage=0.03


Tree=2
num_leaves=32
num_cat=0
split_feature=3 34 54 2 2 8 34 54 4 4 35 20 10 8 2 34 27 35 22 22 2 7 7 34 25 34 45 37 6 34 4
split_gain=0.000804061 0.000838321 0.00047856 0.00047412 0.000367382 0.000466093 0.00031973 0.000343726 0.000269186 0.000251073 0.000200192 0.000166478 0.000154845 0.000115056 0.000106107 0.000115372 0.000105618 8.05153e-05 7.67006e-05 6.24711e-05 5.73146e-05 6.13515e-05 6.94503e-05 5.20928e-05 4.64938e-05 4.62694e-05 2.66224e-05 2.82905e-05 1.29971e-05 1.29378e-05 2.09884e-05
threshold=141.95849828627283 0.1842732142857135 0.0068036145322689931 145.88044470602296 156.02016553272699 4755.4000000000005 0.37306428571428801 0.0014132425979520634 0.15357142857143 0.16821428571429006 0.80812714609006464 -0.00066741117724994348 0.00047552389157081901 2633.4000000000001 143.94631131862727 0.072860714285715444 -0.088456732850583461 1.667554781961206 -0.29074433704333352 0.63595527746483094 156.39036373994648 0.00063436200043532644 0.00022662424402407084 0.17700357142857123 -12.369028097882387 0.17539464285714371 95.157834421114742 -0.26899999999999119 -0.82350000000000978 0.20705892857142794 0.18485714285714347
decision_type=2 2 2 2 2 2 2 2 2 2 2 2 2 2 2 2 2 2 2 2 2 2 2 2 2 2 2 2 2 2 2
left_child=2 4 9 6 5 11 29 -8 -5 -1 -11 -2 -10 20 -13 -16 -14 19 -17 -18 -6 22 -22 -12 -24 26 27 -7 -29 -3 -31
right_child=1 3 -4 8 13 25 7 -9 12 10 23 14 16 -15 15 18 17 -19 -20 -21 21 -23 24 -25 -26 -27 -28 28 -30 30 -32
leaf_value=0 0 0 0 0 0 0 0.00010208220137295397 0 0 0 0 0 0 0 0 0 -2.2965392497888521e-05 0 2.086705844118198e-05 0 0 0 0 6.8708028913209954e-05 -2.1090308455487392e-05 0 0 0 -1.8586163632866823e-05 0 -7.9898417717090226e-06
leaf_weight=48 1239 280 45 446 59 73 57 25 153 43 21 88 100 1214 378 132 3301 60 2719 93 59 82 45 330 796 148 40 22 408 102 478
leaf_count=48 1239 280 45 446 59 73 57 25 153 43 21 88 100 1214 378 132 3301 60 2719 93 59 82 45 330 796 148 40 22 408 102 478
internal_value=0 -1.95412e-06 3.72333e-05 -1.17966e-05 3.53097e-06 8.56218e-06 0 5.91307e-05 -1.65366e-05 5.00114e-05 5.81266e-05 1.29651e-05 -1.92797e-05 -4.18479e-06 1.66145e-05 1.76957e-05 -2.0662e-05 -2.16054e-05 1.97754e-05 -2.22799e-05 -1.17206e-05 -1.40761e-05 -1.66587e-05 6.56135e-05 -1.92684e-05 -7.44176e-06 -1.2129e-05 -1.4367e-05 -1.73378e-05 0 -4.47945e-06
internal_weight=0 12597 487 5095 7502 5247 942 82 4153 442 394 4556 3707 2255 3317 3229 3554 3454 2851 3394 1041 982 900 351 841 691 543 503 430 860 580
internal_count=13084 12597 487 5095 7502 5247 942 82 4153 442 394 4556 3707 2255 3317 3229 3554 3454 2851 3394 1041 982 900 351 841 691 543 503 430 860 580
is_linear=0
shrinkage=0.03


Tree=3
num_leaves=40
num_cat=0
split_feature=1 34 53 34 53 8 54 34 8 53 8 49 20 34 8 49 53 4 1 41 42 42 42 34 41 38 41 41 20 8 34 49 42 49 26 38 49 53 49
split_gain=0.000520696 0.00123848 0.000725814 0.000340573 0.000374289 0.000399755 0.000334193 0.00100995 0.000788375 0.000388789 0.000426886 0.000265277 0.00019973 0.000190271 0.000161282 0.000153156 0.000234208 0.000130619 0.000162581 0.000278165 0.000152246 0.000162254 0.000120943 0.000105631 7.19902e-05 5.28015e-05 3.90456e-05 3.85872e-05 3.20947e-05 3.08078e-05 1.30284e-05 2.25818e-05 4.26021e-05 4.84484e-05 9.67322e-06 9.74398e-06 9.64927e-06 4.85392e-06 1.6085e-07
threshold=146.56825000000006 0.30741428571428769 150.03473000000002 0.17623214285714259 155.95569000000003 4717.2000000000007 0.0027409620396027143 0.39977857142857037 5802.7250000000013 143.58966000000001 8366.4250000000011 18.06939711281353 -0.00066741117724994348 0.21433571428571233 2633.4000000000001 27.426806595046774 142.22370000000004 0.34178571428571408 149.21935000000002 0.0011011929481260588 0.6804060557849102 1.329402139177537 1.2538084220753525 0.079208928571432483 0.00077872102431427923 0.68511814102779989 0.00022802580192235681 0.00074936936326086773 0.0038836287933302631 6014.6000000000013 0.20242500000000158 52.396108256804162 1.4910874131934448 19.5950599421116 0.012197347953351192 0.29142878137831657 54.319036181877408 148.57496 60.485680353223387
decision_type=2 2 2 2 2 2 2 2 2 2 2 2 2 2 2 2 2 2 2 2 2 2 2 2 2 2 2 2 2 2 2 2 2 2 2 2 2 2 2
left_child=6 3 -3 4 5 12 7 8 11 -9 -11 -1 -2 22 25 -10 -17 18 37 20 -20 -22 28 -14 -25 -6 -27 -28 -13 -18 -8 32 33 -32 35 -7 -37 -5 -19
right_child=1 2 -4 17 14 34 30 9 15 10 -12 13 23 -15 -16 16 29 38 19 -21 21 -23 -24 24 -26 26 27 -29 -30 -31 31 -33 -34 -35 -36 36 -38 -39 -40
leaf_value=0 0 -9.9243808102721361e-05 0 0 0 0 0 0 0 0 0.00014803637807442972 4.9520456574605462e-05 0 0 0 0 0 1.1561588604142534e-06 0 0 -2.4267592378057428e-05 0 0 2.0622151970728414e-05 0 0 -2.0309548548963511e-05 0 0 -4.1824976103459966e-05 0 0 0 -2.2443991495376661e-05 0 -1.1569445373909236e-05 0 4.7295110957768939e-06 0
leaf_weight=137 1171 188 277 677 132 32 160 25 173 22 103 499 454 284 1022 53 47 108 116 570 1750 187 45 2422 171 20 758 71 27 269 29 83 20 226 20 411 34 195 35
leaf_count=137 1171 188 277 677 132 32 160 25 173 22 103 499 454 284 1022 53 47 108 116 570 1750 187 45 2422 171 20 758 71 27 269 29 83 20 226 20 411 34 195 35
internal_value=0 -2.83166e-06 -5.08132e-05 0 3.29668e-06 8.73329e-06 1.31678e-05 2.01318e-05 6.35155e-06 0.000100884 0.000122478 2.61141e-05 1.27944e-05 3.27157e-05 -5.00773e-06 -1.32174e-05 -2.50956e-05 -8.01115e-06 -1.00218e-05 -1.37696e-05 -1.9083e-05 -2.13704e-05 4.36134e-05 1.68994e-05 1.92937e-05 -1.41108e-05 -1.6912e-05 -1.83108e-05 4.76612e-05 -3.74397e-05 0 -5.72063e-06 -1.07896e-05 -1.66048e-05 -7.62239e-06 -8.87554e-06 -1.02044e-05 0 0
internal_weight=0 10821 465 10356 6718 4715 2202 1684 1534 150 125 992 4218 855 2003 542 369 3638 3495 2623 2053 1937 571 3047 2593 981 849 829 526 316 518 358 275 255 497 477 445 872 143
internal_count=13023 10821 465 10356 6718 4715 2202 1684 1534 150 125 992 4218 855 2003 542 369 3638 3495 2623 2053 1937 571 3047 2593 981 849 829 526 316 518 358 275 255 497 477 445 872 143
is_linear=0
shrinkage=0.03


Tree=4
num_leaves=41
num_cat=0
split_feature=3 41 53 54 4 7 4 3 49 4 42 35 8 8 4 38 0 8 53 38 8 1 26 46 49 53 8 54 53 17 8 35 33 4 49 46 54 7 53 53
split_gain=0.000706301 0.000775062 0.000520545 0.000451017 0.000340445 0.000277142 0.000261106 0.000277756 0.00025159 0.000440047 0.000335928 0.000299875 0.000272812 0.000207197 0.000205779 0.000170303 9.50081e-05 9.0353e-05 9.63966e-05 8.88332e-05 6.93808e-05 6.79784e-05 6.74537e-05 6.55697e-05 5.37042e-05 4.36668e-05 3.95859e-05 3.99499e-05 3.57463e-05 2.66416e-05 1.98429e-05 1.9338e-05 1.62354e-05 1.36752e-05 9.5352e-06 5.53586e-06 2.85319e-06 2.82491e-06 1.28701e-06 1.21151e-05
threshold=141.95849828627283 0.00060865069056963551 155.95569000000003 0.0068036145322689931 0.18374999999999733 0.00045526286025341804 0.15514285714285594 144.26195633488143 42.87714304795545 0.17949999999999941 1.0806961683559984 1.5097144256753861 3578.6750000000006 4899.9750000000013 0.21253571428571205 0.61101833143763529 17.667046790311421 5453.9000000000005 149.60898000000003 0.87759038400917 4324.9250000000011 155.55112500000004 0.0024151069978309223 58.470433345391136 64.139998200495583 144.52959000000004 3056.1750000000006 0.00091805975844007077 159.70825000000005 0.00045647582220842425 3715.9250000000006 0.74736783909557958 0.00040237614054746377 0.34878571428571609 58.123018355438511 91.664489233338841 0.00013187352969854874 0.00045100013594519332 143.68193000000005 145.59433000000004
decision_type=2 2 2 2 2 2 2 2 2 2 2 2 2 2 2 2 2 2 2 2 2 2 2 2 2 2 2 2 2 2 2 2 2 2 2 2 2 2 2 2
left_child=3 2 5 4 -1 30 21 38 10 -10 14 12 -11 22 15 -9 -6 18 -12 -4 -18 23 -7 -3 25 -24 27 29 35 32 34 -22 -21 -19 37 -23 -16 -2 -8 -40
right_child=1 6 19 -5 16 13 7 8 9 11 17 -13 -14 -15 36 -17 20 33 -20 26 31 28 24 -25 -26 -27 -28 -29 -30 -31 -32 -33 -34 -35 -36 -37 -38 -39 39 -41
leaf_value=0 4.7841124300636944e-06 0 0 0 0 0 0 0 0 0 0 0 -4.4219624092858275e-05 0 0 -2.789329451944762e-05 0 -5.5242662767240665e-06 1.7107491274416185e-05 0 0 -1.3795577121264279e-05 0 1.115656534047003e-05 0 3.3036875424277828e-05 0 0 0 0 0 7.280843868408519e-05 -2.5539325323159857e-05 0 0 0 -2.5917006243710663e-06 0 5.402263612300272e-06 0
leaf_weight=86 1266 686 568 42 20 226 530 196 262 102 186 125 1066 171 529 995 36 403 574 31 22 375 24 690 104 1095 221 315 64 73 261 272 338 101 113 25 382 23 413 30
leaf_count=86 1266 686 568 42 20 226 530 196 262 102 186 125 1066 171 529 995 36 403 574 31 22 375 24 690 104 1095 221 315 64 73 261 272 338 101 113 25 382 23 413 30
internal_value=0 -2.3842e-06 5.98952e-06 3.43942e-05 4.71932e-05 1.36438e-05 -8.77631e-06 -1.18716e-05 -1.48188e-05 -2.74691e-05 -6.29918e-06 -3.48373e-05 -3.96799e-05 2.30468e-05 -1.43995e-05 -2.28335e-05 6.04042e-05 5.31702e-08 1.03421e-05 -4.44394e-06 6.42532e-05 0 2.68792e-05 4.42166e-06 3.00931e-05 3.21391e-05 -1.06272e-05 -1.38903e-05 -8.59158e-06 -2.0289e-05 0 6.96108e-05 -2.36207e-05 0 3.56865e-06 -1.28835e-05 0 4.52852e-06 0 1.61645e-06
internal_weight=0 12563 4829 478 436 3283 7734 5894 4921 1555 3366 1293 1168 1620 2102 1191 350 1264 760 1546 330 1840 1449 1376 1223 1119 978 757 464 442 1663 294 369 504 1402 400 911 1289 973 443
internal_count=13041 12563 4829 478 436 3283 7734 5894 4921 1555 3366 1293 1168 1620 2102 1191 350 1264 760 1546 330 1840 1449 1376 1223 1119 978 757 464 442 1663 294 369 504 1402 400 911 1289 973 443
is_linear=0
shrinkage=0.03


Tree=5
num_leaves=44
num_cat=0
split_feature=3 41 34 54 49 34 2 53 33 54 34 53 53 53 53 41 0 9 2 42 33 6 14 18 0 1 49 41 33 45 45 18 42 1 28 3 14 7 45 5 34 33 33
split_gain=0.000660743 0.000625925 0.000451339 0.000409529 0.000353076 0.000593876 0.000417991 0.000341344 0.000321459 0.000242881 0.000739915 0.000667482 0.000234235 0.000182649 0.000162291 0.000187016 0.000159461 0.000117764 0.000116893 9.01323e-05 9.73467e-05 6.4755e-05 6.22473e-05 6.89018e-05 6.10898e-05 6.09707e-05 5.82278e-05 4.08303e-05 3.25803e-05 3.05751e-05 2.64085e-05 1.80239e-05 1.59793e-05 9.44144e-05 5.40636e-05 7.3767e-05 4.9242e-05 5.74641e-06 4.78755e-06 5.0352e-06 4.63067e-06 9.72326e-07 3.57839e-08
threshold=141.95849828627283 0.00060865069056963551 0.1248875000000006 0.0071483371678544025 42.87714304795545 0.2920124999999994 154.5337490014783 145.46745000000001 0.0012873674969604389 0.0012879248094396711 0.38577321428571526 146.85225000000003 150.60020000000003 153.96131000000005 153.04609000000002 0.0010439294623569458 16.57409873485496 0.13149999999998843 143.26939109243153 1.5105082450984357 0.00096376233839831117 0.023499999999984315 1.0000000180025095e-35 0.0027603222835537182 17.667046790311421 157.02360000000002 62.312835643385149 0.00043925412323537772 0.0033048628548198902 60.587778457109373 87.327821621990054 -0.0041985095826491117 1.2121246735324565 147.15627500000002 -0.081070615953523814 142.69544247585841 0.1674999999999898 0.00020235988270947785 98.798046975063343 -0.084999999999993733 0.056471428571425973 0.0012235517555894942 0.00086583564718547689
decision_type=2 2 2 2 2 2 2 2 2 2 2 2 2 2 2 2 2 2 2 2 2 2 2 2 2 2 2 2 2 2 2 2 2 2 2 2 2 2 2 2 2 2 2
left_child=3 2 21 8 9 14 7 -7 -1 10 32 28 18 22 41 24 -10 -18 -11 20 -20 29 -4 26 -16 38 27 -24 -12 31 -26 -2 34 -34 35 -3 -35 -33 39 -23 -39 42 -6
right_child=1 4 13 -5 5 6 -8 -9 16 12 11 -13 -14 -15 15 -17 17 -19 19 -21 -22 25 23 -25 30 -27 -28 -29 -30 -31 -32 37 33 36 -36 -37 -38 40 -40 -41 -42 -43 -44
leaf_value=0 0 0 0 0 0 0 0 -9.9821400159034454e-05 0 0 0.00015209960913141696 0 0 0 0 0 0 7.07989917999988e-05 0 0 -2.9969373310299984e-05 0 0 0 -3.0955272785820832e-05 0 0 3.5221549779002909e-05 0 0 0 0 0 1.9776751473426023e-05 0 -8.8323266520545326e-06 0 0 0 8.5138611585735089e-06 -9.2517958450485809e-06 0 1.6256917850786268e-06
leaf_weight=86 28 98 40 38 164 36 134 187 20 43 56 35 804 501 31 156 45 295 141 31 783 91 27 53 474 531 62 777 24 365 71 34 112 342 1328 1600 24 31 36 1255 982 716 343
leaf_count=86 28 98 40 38 164 36 134 187 20 43 56 35 804 501 31 156 45 295 141 31 783 91 27 53 474 531 62 777 24 365 71 34 112 342 1328 1600 24 31 36 1255 982 716 343
internal_value=0 -1.32028e-06 6.22485e-06 3.43909e-05 -7.18021e-06 -1.75203e-05 -5.75387e-05 -8.35591e-05 4.5927e-05 -1.1094e-06 1.3381e-06 7.63661e-05 -1.10178e-05 2.01466e-05 -5.60206e-06 -1.68301e-05 5.84442e-05 6.35469e-05 -2.07443e-05 -2.36606e-05 -2.5814e-05 0 2.80931e-05 2.97406e-05 -2.5534e-05 3.77581e-06 3.17836e-05 3.39592e-05 0.000125916 -4.63948e-06 -2.81048e-05 -7.37711e-06 0 3.09767e-06 -1.79877e-06 -5.86653e-06 1.56367e-05 -8.44782e-06 7.70913e-06 8.01376e-06 -8.88055e-06 0 1.31339e-06
internal_weight=0 12546 4813 484 7733 2312 357 223 446 5421 3619 115 1802 1460 1955 732 360 340 998 955 924 3353 959 919 576 1913 866 804 80 1440 545 1075 3504 478 3026 1698 366 1047 1382 1346 1013 1223 507
internal_count=13030 12546 4813 484 7733 2312 357 223 446 5421 3619 115 1802 1460 1955 732 360 340 998 955 924 3353 959 919 576 1913 866 804 80 1440 545 1075 3504 478 3026 1698 366 1047 1382 1346 1013 1223 507
is_linear=0
shrinkage=0.03


Tree=6
num_leaves=44
num_cat=0
split_feature=2 34 34 54 2 34 8 41 2 1 46 3 1 7 3 37 54 27 54 26 28 1 33 54 38 41 45 3 7 36 41 41 8 3 1 8 45 38 6 8 7 2 2
split_gain=0.00072881 0.00165747 0.000829237 0.00114555 0.000802483 0.000346398 0.000298443 0.00026714 0.000207519 0.000376569 0.000186462 0.000164446 0.000163152 0.000157583 0.000139765 0.000138521 0.000116247 0.000100083 9.89091e-05 9.36741e-05 8.40961e-05 8.39251e-05 8.03129e-05 6.55244e-05 0.000115284 8.51545e-05 6.21012e-05 5.79212e-05 3.97715e-05 3.76552e-05 3.47122e-05 2.52885e-05 2.49628e-05 4.19294e-05 4.29669e-05 4.12974e-05 2.22669e-05 2.11818e-05 2.6735e-05 2.36428e-05 2.58689e-05 6.37758e-06 7.22799e-07
threshold=147.14827321699929 0.30741428571428769 0.38577321428571526 0.0019267139175735205 153.62577578867004 0.20163928571428888 5802.7250000000013 0.00060865069056963551 156.44683786117159 151.72847500000003 78.304043529772542 146.4790389968995 143.97222500000001 0.0015891659520855231 148.67132002841748 -0.40649999999999403 0.0068036145322689931 -0.07524613884668345 0.004610994963015291 0.0065347613325254543 -0.30456620216557345 146.32367500000001 0.0024157616872471548 0.0052463124939867703 0.70619189934446291 0.00099934373618998135 7.4539478566622543 149.98408364589346 0.00076899732144829647 5.0156339798485545 0.0005788323409359592 0.001602880664011658 5528.4500000000016 156.54739526926869 147.71730000000005 2615.8250000000003 97.298716396203545 0.79360056732970186 0.0050000000000096642 3974.7500000000005 0.00022662424402407084 150.06329314594058 151.93646413102039
decision_type=2 2 2 2 2 2 2 2 2 2 2 2 2 2 2 2 2 2 2 2 2 2 2 2 2 2 2 2 2 2 2 2 2 2 2 2 2 2 2 2 2 2 2
left_child=2 7 5 -4 15 6 11 8 9 27 13 20 23 14 -9 -3 21 -16 29 -17 -1 26 -19 24 -7 -26 -14 41 -27 30 -11 -28 33 34 -12 -36 -22 -10 39 40 -39 -2 -29
right_child=1 4 3 -5 -6 12 -8 10 37 18 32 -13 16 -15 17 19 -18 22 -20 -21 36 -23 -24 -25 25 28 31 42 -30 -31 -32 -33 -34 -35 35 -37 -38 38 -40 -41 -42 -43 -44
leaf_value=0 7.274971091284726e-06 0 0.00012689699334431497 0 0 0 0 0 0 2.7534126470763662e-05 0 0 0 0 0 0 0 -1.6030675411350669e-05 0 -0.00011124832394548695 4.1778259010267321e-05 0 0 0 0 0 -3.5794948191721737e-05 -4.5397964745680633e-06 3.0968564980849355e-05 0 0 0 0 0 0 1.2701168926950874e-05 0 0 0 0 -1.4735810898170797e-05 0 0
leaf_weight=233 770 77 139 55 224 179 77 984 452 1007 80 68 41 122 148 22 51 2935 56 207 499 71 27 89 115 27 316 861 287 33 96 21 224 119 73 843 28 20 591 46 404 296 26
leaf_count=233 770 77 139 55 224 179 77 984 452 1007 80 68 41 122 148 22 51 2935 56 207 499 71 27 89 115 27 316 861 287 33 96 21 224 119 73 843 28 20 591 46 404 296 26
internal_value=0 -3.64457e-06 1.495e-05 7.8984e-05 -5.55156e-05 4.74862e-06 1.99182e-05 -6.99851e-08 4.24495e-06 9.27544e-06 -5.30827e-06 2.75298e-05 0 -8.77086e-06 -1.06705e-05 -8.77143e-05 -1.71099e-05 -1.37958e-05 2.26099e-05 -0.000104024 3.19427e-05 -2.36397e-05 -1.51737e-05 7.33084e-07 9.87733e-06 1.94917e-05 -2.93834e-05 0 2.76184e-05 2.4794e-05 2.57652e-05 -3.36754e-05 0 4.4882e-06 7.77345e-06 1.03877e-05 4.01838e-05 -2.64178e-07 -4.24995e-06 -9.58758e-06 -1.23303e-05 5.73153e-06 -4.39007e-06
internal_weight=0 10743 2296 194 530 2102 905 10213 4658 3145 5555 828 1197 4216 4094 306 500 3110 1192 229 760 449 2962 697 608 429 378 1953 314 1136 1103 337 1339 1115 996 916 527 1513 1061 470 424 1066 887
internal_count=13039 10743 2296 194 530 2102 905 10213 4658 3145 5555 828 1197 4216 4094 306 500 3110 1192 229 760 449 2962 697 608 429 378 1953 314 1136 1103 337 1339 1115 996 916 527 1513 1061 470 424 1066 887
is_linear=0
shrinkage=0.03


Tree=7
num_leaves=35
num_cat=0
split_feature=51 34 51 22 6 34 30 41 53 51 34 7 17 52 3 45 34 35 51 37 37 37 42 9 3 41 38 26 7 37 34 6 53 7
split_gain=0.000447588 0.00101237 0.000416903 0.000330027 0.00039477 0.000417971 0.000244488 0.000220723 0.000250936 0.000407621 0.000181705 0.00013876 0.000129001 0.000117144 0.000102235 0.000127266 0.000102409 0.00012216 7.05406e-05 6.33773e-05 4.12322e-05 4.01952e-05 3.8065e-05 2.0146e-05 1.8412e-05 3.23946e-05 1.75813e-05 1.66613e-05 9.85134e-06 9.66477e-06 8.61089e-06 1.27747e-05 6.13738e-06 1.63611e-06
threshold=146.56825000000006 0.31157142857142867 152.8604 -0.34474320246957596 0.47500000000000858 0.38577321428571526 0.0072135218633505175 0.00060865069056963551 155.95569000000003 151.72847500000003 0.20705892857142794 0.0013552438973062555 0.0015997547365501632 -0.00061469879812866548 148.67132002841748 90.962768686499331 0.17623214285714259 1.3297147964941858 149.72500000000002 -0.16299999999999668 -0.58150000000000535 0.11449999999999251 1.242287827935715 0.065000000000011951 141.84014398956538 0.0010524024257392423 0.79360056732970186 0.0063770092286628754 0.00021840407433531794 -0.34950000000000608 0.13714464285714342 0.0050000000000096642 151.69233 0.0014128759840445024
decision_type=2 2 2 2 2 2 2 2 2 2 2 2 2 2 2 2 2 2 2 2 2 2 2 2 2 2 2 2 2 2 2 2 2 2
left_child=3 7 27 24 5 10 -7 8 9 18 12 14 13 -5 -9 16 -16 -18 21 -13 -11 -2 -21 -15 -1 -26 -10 -3 -28 -20 31 -30 -31 -24
right_child=1 2 -4 4 -6 6 -8 11 26 20 -12 19 -14 23 15 -17 17 -19 29 22 -22 -23 33 -25 25 -27 28 -29 30 32 -32 -33 -34 -35
leaf_value=0 1.2703685121148745e-05 0 0 0 0 0.00012062248838179586 0 0 0 0 0 0 0 0 0 0 -1.691430793789526e-05 0 0 0 2.5938136156701238e-05 0 0 4.3299312544649063e-05 0 -1.7618946579143803e-05 0 -7.9505788035325557e-05 -1.0236467165645301e-05 -4.1101178185277014e-06 0 0 0 2.3298845321623842e-05
leaf_weight=92 588 21 185 122 519 98 24 1264 490 31 623 125 68 26 1281 450 2083 126 49 134 1125 202 38 322 143 147 30 209 419 1121 74 569 23 187
leaf_count=92 588 21 185 122 519 98 24 1264 490 31 623 125 68 26 1281 450 2083 126 49 134 1125 202 38 322 143 147 30 209 419 1121 74 569 23 187
internal_value=0 -1.41519e-06 -4.73932e-05 1.32378e-05 1.94212e-05 2.84005e-05 9.94755e-05 0 5.1921e-06 1.06058e-05 1.31581e-05 -3.54227e-06 2.60252e-05 3.19704e-05 -6.00002e-06 -8.42022e-06 -1.06234e-05 -1.48328e-05 0 4.28748e-06 2.49531e-05 8.62319e-06 1.35473e-05 4.10222e-05 0 -7.55525e-06 0 -7.53635e-05 -3.80607e-06 -1.98888e-06 -4.82094e-06 -5.72916e-06 -3.42439e-06 2.10889e-05
internal_weight=0 10824 415 2184 1802 1283 122 10409 4721 3139 1161 5688 538 470 5204 3940 3490 2209 1983 484 1156 790 359 348 382 290 1582 230 1092 1193 1062 988 1144 225
internal_count=13008 10824 415 2184 1802 1283 122 10409 4721 3139 1161 5688 538 470 5204 3940 3490 2209 1983 484 1156 790 359 348 382 290 1582 230 1092 1193 1062 988 1144 225
is_linear=0
shrinkage=0.03


Tree=8
num_leaves=41
num_cat=0
split_feature=3 41 2 3 54 34 7 3 54 20 49 1 10 8 49 34 46 3 41 37 42 54 34 34 1 2 38 2 38 7 1 1 37 1 37 8 46 1 3 1
split_gain=0.000578944 0.000690223 0.000570014 0.000455403 0.000398655 0.00026826 0.000316858 0.000295781 0.000304617 0.000253927 0.000239156 0.000218361 0.000214864 0.000180252 0.000174319 0.000153688 0.000145829 0.000113719 0.000100804 9.18599e-05 7.97982e-05 0.000130973 7.47869e-05 6.45968e-05 0.000236378 0.000176449 5.35148e-05 3.25917e-05 6.22689e-05 8.4238e-05 1.33606e-05 0.000100695 2.10696e-05 4.9451e-05 1.27767e-05 2.35547e-05 3.18286e-05 1.78542e-06 2.05224e-08 2.90333e-06
threshold=141.84014398956538 0.0020149548384563033 147.14827321699929 155.21171296531978 0.0052463124939867703 0.17700357142857123 0.0015891659520855231 143.57580892335466 0.0012569403011623743 -1.0000000180025095e-35 39.623620110975658 156.03042500000004 0.00047552389157081901 4798.1250000000009 16.285732729409578 0.17700357142857123 94.731701734713809 144.52459157313703 0.00034969357407204493 -0.92800000000001137 1.3795829710091427 0.00086278100877643169 0.12075714285714138 0.26159464285714235 150.19897500000005 152.77629667928991 0.65213617916882749 156.50556705976945 0.79360056732970186 0.00079429759362753473 147.67437500000003 143.97222500000001 0.1400000000000006 156.24790000000004 0.47650000000000153 6615.0750000000007 26.173114936462877 147.59030000000004 157.87110567408754 156.98117500000004
decision_type=2 2 2 2 2 2 2 2 2 2 2 2 2 2 2 2 2 2 2 2 2 2 2 2 2 2 2 2 2 2 2 2 2 2 2 2 2 2 2 2
left_child=4 5 -3 19 14 9 7 34 23 22 20 13 -10 17 -1 -16 -14 -11 -19 -4 21 -8 27 25 -25 -9 -17 -2 -29 -30 31 -24 -32 -34 35 36 -7 -33 39 -13
right_child=1 2 3 -5 -6 6 10 8 12 11 -12 38 16 -15 15 26 -18 18 -20 -21 -22 -23 30 24 -26 -27 -28 28 29 -31 32 37 33 -35 -36 -37 -38 -39 -40 -41
leaf_value=0 0 0 0 0 0 0 6.390965696942465e-05 6.693042777581393e-06 0 0 0 0 -3.3721484217828267e-05 0 0 0 0 0 1.9400463831512265e-05 -0.00011139223420917208 0 0 0 -3.0779188237469907e-05 0 -1.0112089912915435e-05 6.7172451879906893e-05 0 -2.8555842056938693e-05 0 0 3.0469244102618177e-05 -1.1319966297901747e-05 0 0 0 1.3525997536736597e-05 0 0 -2.3455730655008024e-06
leaf_weight=37 775 103 54 45 63 105 112 1218 112 128 212 288 1087 287 20 45 57 484 2241 134 65 49 53 319 276 1019 262 84 288 22 734 112 495 191 111 75 335 24 429 478
leaf_count=37 775 103 54 45 63 105 112 1218 112 128 212 288 1087 287 20 45 57 484 2241 134 65 49 53 319 276 1019 262 84 288 22 734 112 495 191 111 75 335 24 429 478
internal_value=0 -1.77438e-06 -4.43299e-05 -7.09343e-05 3.35641e-05 0 -5.77143e-06 -9.24629e-06 -1.27945e-05 3.13282e-06 1.10738e-05 8.20351e-06 -2.69401e-05 1.24695e-05 4.80234e-05 5.51932e-05 -3.10773e-05 1.50991e-05 1.66206e-05 -9.17103e-05 3.44766e-05 4.5966e-05 -1.5405e-06 -3.34097e-06 -1.22787e-05 0 6.07838e-05 -7.94994e-06 -1.61807e-05 -2.26561e-05 0 7.97e-06 0 -5.25645e-06 0 4.7239e-06 8.61763e-06 2.74429e-05 0 -1.55251e-07
internal_weight=0 12601 336 233 427 12265 5152 4714 4088 7113 438 4335 1256 3140 364 327 1144 2853 2725 188 226 161 2778 2832 595 2237 307 1169 394 310 1609 189 1420 686 626 515 440 136 1195 766
internal_count=13028 12601 336 233 427 12265 5152 4714 4088 7113 438 4335 1256 3140 364 327 1144 2853 2725 188 226 161 2778 2832 595 2237 307 1169 394 310 1609 189 1420 686 626 515 440 136 1195 766
is_linear=0
shrinkage=0.03


Tree=9
num_leaves=41
num_cat=0
split_feature=3 41 1 49 41 1 0 4 37 4 41 42 41 4 33 41 5 4 20 1 3 20 17 1 17 1 3 9 14 6 37 1 4 4 1 46 3 1 46 1
split_gain=0.000509777 0.000528464 0.000371961 0.000265488 0.000530646 0.000227804 0.000215698 0.000239153 0.000213364 0.000196401 0.000249085 0.000192327 0.000189962 0.000148859 0.000113013 0.000166065 0.000104249 0.000101754 8.82859e-05 8.68908e-05 8.16996e-05 7.06049e-05 6.09543e-05 6.02589e-05 5.4411e-05 4.88392e-05 4.15766e-05 3.73416e-05 3.39234e-05 3.02262e-05 3.02141e-05 2.95039e-05 2.90156e-05 2.29043e-05 1.79672e-05 3.93594e-06 3.81082e-06 1.03152e-05 2.83652e-06 2.54866e-06
threshold=141.95849828627283 0.00060865069056963551 157.07172500000004 27.160794739749655 0.0020149548384563033 156.14537500000003 67.058022663315668 0.18285714285714202 -1.021500000000003 0.17885714285714729 0.0011681883560871894 1.5324595823321012 0.00048618695298564921 0.34878571428571609 0.0013564013357426541 0.00081271243767105006 0.064000000000007176 0.154285714285711 -0.0095561303850263939 143.18342500000003 143.32346035021661 -0.00014080886778927712 0.0023203894011674113 156.24790000000004 -0.0022364832877324044 157.25530000000003 143.57580892335466 0.27800000000000585 1.0000000180025095e-35 0.0090000000000003428 -0.58150000000000535 144.45242500000003 0.1492500000000001 0.20682142857142441 157.20370000000003 36.553024574928529 154.74633436791814 142.61862500000004 94.367684061163615 145.82692500000005
decision_type=2 2 2 2 2 2 2 2 2 2 2 2 2 2 2 2 2 2 2 2 2 2 2 2 2 2 2 2 2 2 2 2 2 2 2 2 2 2 2 2
left_child=6 2 12 14 9 8 7 -1 -6 36 11 13 29 -11 15 -3 20 -17 26 -10 -16 32 24 27 -14 33 -12 -19 -26 -2 -20 -30 34 -22 -4 -31 37 -5 39 -37
right_child=1 3 21 4 5 -7 -8 -9 19 10 18 -13 22 -15 16 17 -18 23 30 -21 25 -23 -24 -25 28 -27 -28 -29 31 35 -32 -33 -34 -35 -36 38 -38 -39 -40 -41
leaf_value=0 0 0 0 0 0 0 0 5.3116780114524334e-05 0 -2.1151120116055595e-05 0 0 0 0 0 0 0 -3.3686726848484858e-05 0 -0.00010517804102583651 0 0 0 0 0 0 -2.4970412165362881e-05 0 0 0 1.1215222447369771e-05 2.4230895949681369e-05 0 2.3316638371075783e-05 -2.3514713346151502e-05 0 0 3.0393071345717067e-06 0 5.756106515098143e-06
leaf_weight=73 927 815 34 30 49 55 92 299 21 2040 23 147 36 57 102 166 516 317 163 121 35 697 46 35 65 32 126 38 20 99 519 1331 99 556 243 20 422 1376 52 1097
leaf_count=73 927 815 34 30 49 55 92 299 21 2040 23 147 36 57 102 166 516 317 163 121 35 697 46 35 65 32 126 38 20 99 519 1331 99 556 243 20 422 1376 52 1097
internal_value=0 -1.3761e-06 5.50565e-06 -6.76181e-06 -1.07386e-05 -5.93174e-05 3.06114e-05 4.11102e-05 -7.48458e-05 -6.46224e-06 -1.11383e-05 -1.64282e-05 1.10448e-05 -1.927e-05 0 -4.7694e-06 7.53724e-06 -1.80205e-05 0 -9.42355e-05 1.50528e-05 -5.17124e-06 2.03543e-05 -2.641e-05 2.15683e-05 1.95354e-05 -1.66384e-05 -3.03123e-05 2.26184e-05 5.89926e-07 7.47515e-06 2.36389e-05 -1.5657e-05 2.18317e-05 -2.06599e-05 4.69587e-06 0 1.56168e-06 5.19112e-06 5.52148e-06
internal_weight=0 12527 4766 7761 5149 246 464 372 191 4903 3075 2244 3693 2097 2612 1371 1241 556 831 142 725 1073 1498 390 1452 623 149 355 1416 2195 682 1351 376 591 277 1268 1828 1406 1169 1117
internal_count=12991 12527 4766 7761 5149 246 464 372 191 4903 3075 2244 3693 2097 2612 1371 1241 556 831 142 725 1073 1498 390 1452 623 149 355 1416 2195 682 1351 376 591 277 1268 1828 1406 1169 1117
is_linear=0
shrinkage=0.03


Tree=10
num_leaves=43
num_cat=0
split_feature=49 4 1 4 54 42 34 1 53 54 20 4 53 37 53 22 49 20 53 26 42 4 49 37 37 45 1 34 34 54 42 46 13 49 53 42 53 42 4 46 53 1
split_gain=0.00036668 0.000533673 0.000542819 0.000340526 0.000494532 0.000353802 0.000290765 0.000417253 0.000316131 0.00024987 0.000277627 0.000245284 0.00027345 0.00021076 0.000208004 0.000496457 0.000267462 0.000191831 0.000185829 0.000130455 0.000122596 0.000100411 0.000120515 9.90255e-05 8.10926e-05 7.52628e-05 7.41553e-05 8.80045e-05 4.47403e-05 0.000103487 6.43022e-05 1.01218e-05 4.06809e-05 3.72208e-05 8.30366e-06 0.00010915 3.95633e-05 3.09414e-05 3.25923e-05 5.94777e-06 2.41023e-06 4.07655e-07
threshold=48.118630324829731 0.19964285714285931 145.03000000000006 0.34178571428571408 0.00089013422916232724 1.3549760837870337 0.1842732142857135 142.92452500000005 155.95569000000003 4.6254815024357839e-05 0.0076959163170301501 0.15357142857143 156.15206000000003 -1.1400000000000003 146.85225000000003 -0.33333341133018585 41.781694226025088 -0.00066741117724994348 158.63795000000002 0.004911923736413683 1.5994629643002358 0.27696428571428361 16.285732729409578 -0.41650000000001336 0.36449999999999255 11.507607602222125 143.72147500000003 0.072860714285715444 0.13376964285714507 -0.00046307895910704721 1.8005494143274952 65.307672221498507 0.10349999999999683 20.240844720342199 153.63327000000001 1.1162101012272323 143.04707000000005 0.49167642247839444 0.12700000000000347 4.8643166291914968 159.55453000000003 156.47885000000002
decision_type=2 2 2 2 2 2 2 2 2 2 2 2 2 2 2 2 2 2 2 2 2 2 2 2 2 2 2 2 2 2 2 2 2 2 2 2 2 2 2 2 2 2
left_child=3 34 -3 6 5 14 8 21 17 31 11 -11 -13 -4 15 -5 -17 -1 19 -15 39 22 -8 -24 26 -25 -19 -28 29 30 -10 32 33 -9 35 36 -2 -38 -39 -21 -36 -33
right_child=1 2 13 4 -6 -7 7 9 28 10 -12 12 -14 18 -16 16 -18 24 -20 20 -22 -23 23 25 -26 -27 27 -29 -30 -31 -32 41 -34 -35 40 -37 37 38 -40 -41 -42 -43
leaf_value=0 0 0 0 0 0 0 0 0 -3.0416771890240685e-05 0 0 -3.4865423782085933e-05 0 0 0 0.00014524864288904986 0 0 0 0 0 0 0 0 0 4.5522219476072735e-05 0 1.7428364201073928e-05 0 0 0 1.0636382723665675e-06 0 -8.7014679260005747e-06 -2.1492843157224216e-06 0 0 0 2.3293688461883069e-05 -5.2091671767082085e-05 0 0
leaf_weight=1151 37 221 65 27 184 64 22 288 214 202 109 1068 108 26 106 95 20 127 24 20 84 63 35 32 44 227 328 2750 510 925 22 324 187 1046 531 252 27 283 365 671 70 30
leaf_count=1151 37 221 65 27 184 64 22 288 214 202 109 1068 108 26 106 95 20 127 24 20 84 63 35 32 44 227 328 2750 510 925 22 324 187 1046 531 252 27 283 365 671 70 30
internal_value=0 -9.90802e-06 -2.58576e-05 2.5548e-06 2.73899e-05 5.11603e-05 3.81355e-07 -5.08715e-06 5.23356e-06 -1.03045e-05 -1.97799e-05 -2.45656e-05 -2.99127e-05 -3.7193e-05 6.76345e-05 9.64235e-05 0.000123895 1.0043e-05 -4.14983e-05 -4.45242e-05 -4.69076e-05 1.74376e-05 2.55019e-05 3.26728e-05 1.3774e-05 3.94374e-05 1.46662e-05 1.56733e-05 -2.04495e-06 -6.37901e-06 -2.43749e-05 0 -2.44705e-06 -5.8538e-06 0 2.73026e-06 1.21657e-05 1.44513e-05 1.61398e-05 -5.12571e-05 -6.88568e-07 0
internal_weight=0 2676 1111 10308 496 312 9812 3741 6071 3362 1487 1378 1176 890 248 142 115 4400 825 801 775 379 316 294 3249 259 3205 3078 1671 1161 236 1875 1521 1334 1565 964 712 675 648 691 601 354
internal_count=12984 2676 1111 10308 496 312 9812 3741 6071 3362 1487 1378 1176 890 248 142 115 4400 825 801 775 379 316 294 3249 259 3205 3078 1671 1161 236 1875 1521 1334 1565 964 712 675 648 691 601 354
is_linear=0
shrinkage=0.03


Tree=11
num_leaves=45
num_cat=0
split_feature=3 8 49 1 53 7 53 34 53 53 20 42 35 34 8 1 0 36 7 1 8 1 1 7 1 1 3 26 0 3 8 53 41 8 29 36 6 8 53 17 27 9 29 41
split_gain=0.000536583 0.000573265 0.000567062 0.000491203 0.000432391 0.000349518 0.000246184 0.0004324 0.000320276 0.000232257 0.000211687 0.000186063 0.000162396 0.000221523 0.000157583 0.00014321 0.000141334 0.000147024 0.000141355 0.00047106 0.000110824 0.000104336 0.000483819 0.000100583 9.0115e-05 8.43315e-05 0.000106402 7.67764e-05 6.71025e-05 5.60928e-05 4.31678e-05 4.16872e-05 8.60999e-05 6.9861e-05 3.99524e-05 2.7575e-05 1.86617e-05 1.78246e-05 3.65721e-05 1.63469e-05 1.50349e-05 1.08464e-05 7.51453e-06 3.83411e-06
threshold=141.95849828627283 5769.5500000000011 24.2121607753101 151.13385000000002 155.95569000000003 0.00063890418917497054 147.25427000000005 0.15351071428571481 144.73261000000002 151.69233 0.0085780554439195428 1.293665623467908 0.80812714609006464 0.17371607142857218 4366.6000000000013 146.93772500000003 82.341316266768089 -0.44444453703699266 0.00084461618421396881 144.06892500000004 2879.6250000000005 146.69180000000003 144.77380000000002 0.0010935468563737837 144.65312500000002 156.24790000000004 156.81718789713128 0.0025696709747610844 27.347555176480714 149.98408364589346 3715.9250000000006 158.63795000000002 0.00029907087669661404 3056.1750000000006 0.0062495492398705853 9.7513860466941171 0.60949999999999716 1902.8500000000001 157.14495000000002 -0.0022364832877324044 -0.015658360854655502 0.090499999999991601 0.00013751258068684532 0.001674080724931269
decision_type=2 2 2 2 2 2 2 2 2 2 2 2 2 2 2 2 2 2 2 2 2 2 2 2 2 2 2 2 2 2 2 2 2 2 2 2 2 2 2 2 2 2 2 2
left_child=10 4 21 16 5 6 7 8 -2 29 12 23 -1 -14 -15 -13 17 -4 -19 -20 -10 22 -3 24 -7 27 37 -6 -11 30 -8 32 -28 -34 -26 -30 -31 -27 40 -29 -39 -17 -25 -44
right_child=1 2 3 -5 25 11 9 -9 20 28 -12 15 13 14 -16 41 -18 18 19 -21 -22 -23 -24 42 34 26 31 39 35 36 -32 -33 33 -35 -36 -37 -38 38 -40 -41 -42 -43 43 -45
leaf_value=0 0 0 0 0 0 0 9.5433578547029727e-06 0 0 0 0 0 0 0 6.3734598932196546e-05 0 0 0 0 -5.901440393427378e-05 0.0001236730097885501 0 8.0198678974147651e-05 0 -9.8616302654299181e-06 0 0 0 1.931942459129601e-05 -5.9295017678229576e-06 0 0 -2.2158797762249378e-05 0 0 0 0 0 0 -4.0370746499996754e-05 1.1758020951434413e-05 2.5083620585496813e-05 5.1604804625784842e-06 0
leaf_weight=88 38 100 146 350 29 456 802 146 26 52 41 63 23 55 286 30 42 134 165 642 93 371 82 21 2369 97 117 25 1281 940 431 586 560 340 205 21 32 25 131 178 461 449 405 22
leaf_count=88 38 100 146 350 29 456 802 146 26 52 41 63 23 55 286 30 42 134 165 642 93 371 82 21 2369 97 117 25 1281 940 431 586 560 340 205 21 32 25 131 178 461 449 405 22
internal_value=0 -8.37932e-08 -1.52688e-05 -2.57932e-05 2.01187e-06 6.14594e-06 1.2591e-05 4.62891e-05 8.12738e-05 7.1898e-06 3.13591e-05 0 3.86492e-05 4.74951e-05 5.46988e-05 1.62977e-05 -3.55379e-05 -3.77984e-05 -4.23189e-05 -4.73892e-05 0.000105478 0 2.26958e-05 -2.59444e-06 -6.11622e-06 -7.24029e-06 -1.09046e-06 -2.98354e-05 1.70354e-05 0 5.26744e-06 -7.78744e-06 -1.1509e-05 -1.53539e-05 -8.69135e-06 1.86592e-05 -4.08997e-06 1.34214e-06 5.2983e-06 -3.68376e-05 1.01646e-05 2.38629e-05 1.13705e-06 4.14534e-06
internal_weight=0 12463 2032 1479 10431 7882 3862 303 157 3559 493 4020 452 364 341 542 1129 1087 941 807 119 553 182 3478 3030 2549 2317 232 1354 2205 1233 1603 1017 900 2574 1302 972 714 617 203 486 479 448 427
internal_count=12956 12463 2032 1479 10431 7882 3862 303 157 3559 493 4020 452 364 341 542 1129 1087 941 807 119 553 182 3478 3030 2549 2317 232 1354 2205 1233 1603 1017 900 2574 1302 972 714 617 203 486 479 448 427
is_linear=0
shrinkage=0.03


Tree=12
num_leaves=50
num_cat=0
split_feature=2 34 2 34 54 34 53 8 53 1 1 9 36 34 54 37 53 35 8 7 42 36 30 0 53 35 22 2 20 0 1 7 53 0 53 14 25 42 1 8 7 26 35 0 7 36 7 0 7
split_gain=0.000445365 0.00106613 0.00055781 0.000478459 0.000843561 0.000275926 0.000278814 0.000271471 0.000186077 0.000165535 0.000153093 0.00013621 0.000137982 0.000132721 0.000215859 0.000195174 0.000212077 0.000189166 0.000181266 0.000169101 0.000130071 8.57593e-05 0.000116707 7.48995e-05 5.91695e-05 0.000130693 0.000121245 9.70178e-05 7.01851e-05 7.18542e-05 6.75799e-05 5.69784e-05 5.18757e-05 4.97194e-05 4.93124e-05 7.48258e-05 4.49504e-05 6.06294e-05 3.60939e-05 3.03352e-05 1.92924e-05 5.52039e-05 4.77598e-05 4.59707e-05 1.74505e-05 1.55574e-05 1.13929e-05 1.13431e-05 1.13431e-05
threshold=147.14827321699929 0.30304999999999954 153.62577578867004 0.38577321428571526 0.0019267139175735205 0.20163928571428888 144.73261000000002 5769.5500000000011 143.68193000000005 146.75610000000003 146.32367500000001 0.12850000000000253 -1.3211262629629719 0.17623214285714259 0.0015258051175768424 0.1400000000000006 155.95569000000003 0.74326178311742119 4717.2000000000007 0.0016195863769809021 0.80564307517382294 2.4330355577769458 0.0082246451528799908 27.690801270000843 152.94822000000002 1.2459218143250601 0.32570663242310138 148.48469609487447 0.0021326235184336855 24.03003965010404 157.22902500000001 0.00030944744793857606 146.53068000000005 21.651549888252877 147.63199 0.1254999999999882 -8.9547533760818236 1.329402139177537 147.67437500000003 2678.4000000000005 0.00098851997450644037 0.01366549687012829 0.73122423560659733 69.015584041130055 0.00021840407433531794 -3.2995384278818483 0.00065113713422696189 77.839447295090466 0.0011581253534601735
decision_type=2 2 2 2 2 2 2 2 2 2 2 2 2 2 2 2 2 2 2 2 2 2 2 2 2 2 2 2 2 2 2 2 2 2 2 2 2 2 2 2 2 2 2 2 2 2 2 2 2
left_child=3 13 11 5 8 7 40 9 -5 36 20 -3 -13 15 24 16 18 -16 23 34 -8 22 -14 -2 27 26 30 -15 29 -29 -26 -25 33 -22 -19 -36 -1 -38 -17 44 -7 42 -42 -44 -18 -40 -46 48 -47
right_child=1 2 -4 4 -6 6 10 -9 -10 -11 -12 12 21 14 17 38 39 19 -20 -21 32 -23 -24 31 25 -27 -28 28 -30 -31 -32 -33 -34 -35 35 -37 37 -39 45 -41 41 -43 43 -45 46 47 -48 -49 -50
leaf_value=0 0 0 0 0 0 0 0 0 0.00012389524228095564 0 0 0 -0.00010353370317222066 0 0 0 0 0 0 0 0 0 0 0 -2.0346620403046598e-05 0 0 0 0 1.7814462315327815e-05 0 1.5259385255529797e-05 0 -5.2434407098800762e-05 -3.4171917983795704e-05 0 3.4104417755560455e-05 0 0 0 0 0 2.0168875703029222e-05 0 -8.2145265830544704e-06 -1.0155398209393919e-05 0 0 0
leaf_weight=54 163 28 246 22 52 262 42 72 107 69 74 21 185 384 204 64 41 56 368 64 22 24 59 560 779 217 93 101 86 735 123 2663 22 217 624 51 646 29 87 679 53 67 372 36 789 1105 57 23 22
leaf_count=54 163 28 246 22 52 262 42 72 107 69 74 21 185 384 204 64 41 56 368 64 22 24 59 560 779 217 93 101 86 735 123 2663 22 217 624 51 646 29 87 679 53 67 372 36 789 1105 57 23 22
internal_value=0 -2.99106e-06 -4.32821e-05 1.17275e-05 6.30352e-05 2.74224e-06 -4.74234e-07 1.73967e-05 0.000106972 2.5219e-05 -2.58004e-05 -7.00565e-05 -7.62015e-05 0 -5.34724e-06 1.68856e-06 5.26442e-06 -1.7177e-05 9.49287e-06 -2.41827e-05 -3.581e-05 -8.20001e-05 -8.77526e-05 1.2169e-05 0 -5.37719e-06 -1.23854e-05 3.73261e-06 1.0696e-05 1.42021e-05 -1.70336e-05 1.32848e-05 -4.40054e-05 -4.80584e-05 -2.90532e-05 -3.13019e-05 3.00075e-05 3.21304e-05 -6.01543e-06 0 2.28931e-07 5.73973e-06 1.20595e-05 1.64191e-05 -5.54702e-06 -8.01945e-06 -7.12866e-06 -9.0193e-06 -9.59497e-06
internal_weight=0 10701 563 2218 181 2037 1167 870 129 798 377 317 289 10138 3517 6621 5320 999 3754 795 303 268 244 3386 2518 1212 995 1306 922 836 902 3223 261 239 731 675 729 675 1301 1566 790 528 461 408 887 1237 846 1150 1127
internal_count=12919 10701 563 2218 181 2037 1167 870 129 798 377 317 289 10138 3517 6621 5320 999 3754 795 303 268 244 3386 2518 1212 995 1306 922 836 902 3223 261 239 731 675 729 675 1301 1566 790 528 461 408 887 1237 846 1150 1127
is_linear=0
shrinkage=0.03


Tree=13
num_leaves=50
num_cat=0
split_feature=2 34 1 34 54 34 8 1 2 8 1 46 20 35 1 10 13 41 1 42 29 41 17 37 46 8 7 1 8 1 1 54 42 41 54 9 4 26 4 26 29 34 25 2 41 2 42 34 34
split_gain=0.000391551 0.00112895 0.000799762 0.000443687 0.000800318 0.000360465 0.00023757 0.000206559 0.000168963 0.000207776 0.000149733 0.000135449 0.000108009 0.000128563 0.000114752 0.000122169 8.51124e-05 7.91696e-05 5.79272e-05 8.13574e-05 0.000108272 5.65946e-05 0.000155253 8.5834e-05 4.17812e-05 4.117e-05 4.17443e-05 3.09643e-05 3.5315e-05 3.04625e-05 0.000121063 6.82683e-05 7.33816e-05 9.04183e-05 2.65527e-05 4.41397e-05 5.54454e-05 6.12057e-05 2.07196e-05 1.78748e-05 3.93175e-05 1.65358e-05 2.72925e-05 1.57867e-05 1.3318e-05 1.32027e-05 8.15659e-05 3.89898e-05 1.25397e-05
threshold=147.14827321699929 0.26392321428571414 150.95817500000001 0.38577321428571526 0.0016936084151939594 0.20163928571428888 5769.5500000000011 143.97222500000001 155.97933017271234 3369.3250000000003 146.56825000000006 79.140315668375038 0.0082153427446948219 1.2503649933092285 145.96350000000004 0.00077579096818796876 0.0024999999999977267 0.0026640498941295269 158.65337500000001 0.9205226432961221 0.0040278383381251379 0.00081583961123834982 0.0018282669685121269 -0.39000000000000051 60.027773714201224 5215.2500000000009 0.00020235988270947785 148.13470000000004 1822.8000000000002 150.08412500000006 150.70322500000003 0.0014955565022919646 0.83176257785665209 0.00067609710381140626 0.0043233718947355646 0.093500000000005926 0.27696428571428361 0.0037514083143019802 0.2590000000000014 0.0029593147372877931 0.012825011595489358 0.072860714285715444 12.527309690747837 150.38337905005196 0.00073835840226874115 152.77629667928991 1.0187669539301469 0.16863928571428502 0.23910357142857072
decision_type=2 2 2 2 2 2 2 2 2 2 2 2 2 2 2 2 2 2 2 2 2 2 2 2 2 2 2 2 2 2 2 2 2 2 2 2 2 2 2 2 2 2 2 2 2 2 2 2 2
left_child=3 8 11 5 17 6 10 34 9 27 21 16 13 14 15 -9 -3 24 19 20 25 22 23 -1 -5 26 -10 -2 -29 31 38 32 -11 -34 35 -7 37 -37 43 -21 48 -30 -43 -31 -33 46 -32 -47 -41
right_child=1 2 -4 4 -6 7 -8 12 18 29 -12 -13 -14 -15 -16 -17 -18 -19 -20 39 -22 -23 -24 -25 -26 -27 -28 28 41 30 45 44 33 -35 -36 36 -38 -39 -40 40 -42 42 -44 -45 -46 47 -48 -49 -50
leaf_value=0 0 0 0 0.00013714250515569907 0 0 0 0 0 0 0 0 0 0 0 -4.9586055501628063e-05 -7.2527942271836165e-05 0 0 0 0 0 0 5.4040767682101357e-05 0 0 -2.322562835367939e-05 0 0 0 0 0 0 1.686061821646332e-05 0 0 0 2.3423907540169618e-05 0 -8.1609832525568074e-06 0 1.4162306855435953e-05 0 -1.7734717653917209e-05 -5.8747379925574921e-06 0 1.7279927087842234e-05 -6.3067814915293628e-06 0
leaf_weight=42 184 21 546 80 66 53 70 33 24 181 76 89 44 58 116 251 378 26 578 442 61 332 46 325 20 20 688 154 282 25 286 297 471 764 137 39 163 307 35 942 35 1816 72 511 347 321 284 892 46
leaf_count=42 184 21 546 80 66 53 70 33 24 181 76 89 44 58 116 251 378 26 578 442 61 332 46 325 20 20 688 154 282 25 286 297 471 764 137 39 163 307 35 942 35 1816 72 511 347 321 284 892 46
internal_value=0 -2.27022e-06 -3.21891e-05 1.13982e-05 5.95155e-05 2.67267e-06 1.93442e-05 -2.20546e-06 0 3.36111e-06 2.58152e-05 -6.05705e-05 -1.95381e-05 -2.51096e-05 -3.17946e-05 -4.22685e-05 -6.92229e-05 0.000105338 -5.10323e-06 -7.46955e-06 -1.58471e-05 3.02522e-05 4.21141e-05 4.87457e-05 0.000121173 -2.01275e-05 -2.16451e-05 1.02825e-05 1.12289e-05 0 -2.84099e-06 2.02088e-06 7.023e-06 1.04887e-05 0 6.51916e-06 1.11769e-05 1.81058e-05 -1.49659e-05 0 -3.96497e-06 1.22344e-05 1.34132e-05 -1.65338e-05 0 0 4.48692e-06 -5.7481e-07 -7.21681e-06
internal_weight=0 10792 1034 2284 192 2092 891 1201 9758 6922 821 488 502 458 400 284 399 126 2836 2258 793 745 413 367 100 732 712 2508 2324 4414 2354 2060 1416 1235 699 562 509 346 571 1465 1023 2170 1888 536 644 1783 570 1213 988
internal_count=13076 10792 1034 2284 192 2092 891 1201 9758 6922 821 488 502 458 400 284 399 126 2836 2258 793 745 413 367 100 732 712 2508 2324 4414 2354 2060 1416 1235 699 562 509 346 571 1465 1023 2170 1888 536 644 1783 570 1213 988
is_linear=0
shrinkage=0.03


Tree=14
num_leaves=36
num_cat=0
split_feature=2 8 7 2 20 2 42 3 8 49 38 49 38 25 42 6 37 26 42 49 49 2 1 13 0 7 7 3 46 2 0 49 18 46 1
split_gain=0.000505493 0.000781621 0.000536486 0.000406814 0.000227585 0.000227494 0.000203282 0.000173592 0.000168211 0.000126623 0.000269293 0.000243471 9.16357e-05 8.8959e-05 7.56877e-05 7.25153e-05 5.29952e-05 5.18946e-05 4.83831e-05 0.000121518 0.000127304 6.83442e-05 5.08041e-05 4.45096e-05 4.53929e-05 4.27776e-05 5.56555e-05 3.67279e-05 3.48148e-05 2.07195e-05 3.13858e-05 9.58042e-06 8.86368e-06 3.43866e-06 1.97144e-05
threshold=147.14827321699929 5802.7250000000013 0.00091978438197663011 153.52239063142619 0.0038836287933302631 155.97933017271234 1.2030571868123465 146.4790389968995 3369.3250000000003 15.655242243472051 0.82732779728862649 64.139998200495583 0.68511814102779989 -11.998874714105861 0.98410839463116162 -0.46850000000000586 0.18049999999999503 0.0054832734504404812 1.0187669539301469 45.477559043722927 20.603365621466271 148.01089819730751 155.08392500000002 0.0014999999999929516 83.962502192940903 0.0011428877444423448 0.00056612585182071282 158.60204424049337 90.612804635222247 148.35330298836249 26.802732964665186 11.401849832536245 -0.0022885461037878692 75.161673524787901 157.52072500000003
decision_type=2 2 2 2 2 2 2 2 2 2 2 2 2 2 2 2 2 2 2 2 2 2 2 2 2 2 2 2 2 2 2 2 2 2 2
left_child=4 5 -3 17 6 8 7 9 16 -1 -11 13 -7 -12 15 -14 29 -4 21 20 -20 -10 -22 -19 28 26 -23 32 -25 -2 -31 -32 -17 34 -16
right_child=1 2 3 -5 -6 12 -8 -9 18 10 11 -13 14 -15 33 27 -18 23 19 -21 22 25 -24 24 -26 -27 -28 -29 -30 30 31 -33 -34 -35 -36
leaf_value=0 0 0 0 0 0 0 0 0 0 0 0 0 0 4.4690458004748677e-05 0 0 0 0 0 0 1.6311688003541515e-05 0 0 -5.4731787005038756e-05 0 0 -1.1875801729317048e-05 0 0 0 0 1.3737440428161646e-05 -2.1640594150096736e-05 0 -8.2480660623633464e-06
leaf_weight=126 132 301 118 259 507 750 262 78 156 452 29 42 88 807 518 24 314 28 335 536 1109 542 41 585 24 56 1192 192 31 84 34 1944 746 359 306
leaf_count=126 132 301 118 259 507 750 262 78 156 452 29 42 88 807 518 24 314 28 335 536 1109 542 41 585 24 56 1192 192 31 84 34 1944 746 359 306
internal_value=0 -1.9744e-06 -2.35299e-05 -3.42782e-05 1.33881e-05 1.42334e-07 1.85434e-05 2.28433e-05 4.16484e-06 2.56329e-05 2.83716e-05 3.8667e-05 -5.5718e-06 4.28047e-05 -8.85433e-06 -1.52171e-05 1.02535e-05 -4.50296e-05 0 3.55107e-06 9.52855e-06 -3.04584e-06 1.47254e-05 -4.95538e-05 -5.12398e-05 -6.66654e-06 -8.25087e-06 -1.79041e-05 -5.28588e-05 1.19128e-05 1.26507e-05 1.34579e-05 -2.10563e-05 0 -1.93764e-06
internal_weight=0 10804 1346 1045 2303 9458 1796 1534 6475 1456 1330 878 2983 836 2233 1050 2508 786 3967 2021 1485 1946 1150 668 640 1790 1734 962 616 2194 2062 1978 770 1183 824
internal_count=13107 10804 1346 1045 2303 9458 1796 1534 6475 1456 1330 878 2983 836 2233 1050 2508 786 3967 2021 1485 1946 1150 668 640 1790 1734 962 616 2194 2062 1978 770 1183 824
is_linear=0
shrinkage=0.03


end of trees

feature_importances:
bb_middle=59
atr_ma=56
volume_ma=39
sma_50=39
volatility_ma=35
volatility=31
bb_upper=30
adx=30
bb_lower=28
volatility_ratio=25
price_sma_50_dist=25
atr=23
momentum_convergence=22
return_24=15
volume_ratio=15
rsi=14
stoch_d=13
bb_width=12
atr_normalized=12
atr_ratio=11
stoch_k=10
momentum_20=8
return_3=7
rsi_normalized=7
momentum_ratio=7
range=6
rsi_divergence=5
lower_shadow=4
return_6=4
price_bb_upper_dist=4
sma_20=4
range_pct=3
upper_shadow=3
bb_position=3
bb_position_normalized=3
momentum_10=2
price_bb_lower_dist=2
price_sma_20_dist=2
body=1

parameters:
[boosting: gbdt]
[objective: regression]
[metric: rmse]
[tree_learner: serial]
[device_type: cpu]
[data: ]
[valid: ]
[num_iterations: 800]
[learning_rate: 0.03]
[num_leaves: 50]
[num_threads: 8]
[deterministic: 0]
[force_col_wise: 0]
[force_row_wise: 0]
[histogram_pool_size: -1]
[max_depth: 8]
[min_data_in_leaf: 20]
[min_sum_hessian_in_leaf: 0.001]
[bagging_fraction: 0.8]
[pos_bagging_fraction: 1]
[neg_bagging_fraction: 1]
[bagging_freq: 1]
[bagging_seed: 400]
[feature_fraction: 0.7]
[feature_fraction_bynode: 1]
[feature_fraction_seed: 30056]
[extra_trees: 0]
[extra_seed: 12879]
[early_stopping_round: 0]
[first_metric_only: 0]
[max_delta_step: 0]
[lambda_l1: 0.3]
[lambda_l2: 0.3]
[linear_lambda: 0]
[min_gain_to_split: 0]
[drop_rate: 0.1]
[max_drop: 50]
[skip_drop: 0.5]
[xgboost_dart_mode: 0]
[uniform_drop: 0]
[drop_seed: 17869]
[top_rate: 0.2]
[other_rate: 0.1]
[min_data_per_group: 100]
[max_cat_threshold: 32]
[cat_l2: 10]
[cat_smooth: 10]
[max_cat_to_onehot: 4]
[top_k: 20]
[monotone_constraints: ]
[monotone_constraints_method: basic]
[monotone_penalty: 0]
[feature_contri: ]
[forcedsplits_filename: ]
[refit_decay_rate: 0.9]
[cegb_tradeoff: 1]
[cegb_penalty_split: 0]
[cegb_penalty_feature_lazy: ]
[cegb_penalty_feature_coupled: ]
[path_smooth: 0]
[interaction_constraints: ]
[verbosity: 1]
[saved_feature_importance_type: 0]
[linear_tree: 0]
[max_bin: 255]
[max_bin_by_feature: ]
[min_data_in_bin: 3]
[bin_construct_sample_cnt: 200000]
[data_random_seed: 175]
[is_enable_sparse: 1]
[enable_bundle: 1]
[use_missing: 1]
[zero_as_missing: 0]
[feature_pre_filter: 1]
[pre_partition: 0]
[two_round: 0]
[header: 0]
[label_column: ]
[weight_column: ]
[group_column: ]
[ignore_column: ]
[categorical_feature: ]
[forcedbins_filename: ]
[precise_float_parser: 0]
[parser_config_file: ]
[objective_seed: 16083]
[num_class: 1]
[is_unbalance: 0]
[scale_pos_weight: 1]
[sigmoid: 1]
[boost_from_average: 1]
[reg_sqrt: 0]
[alpha: 0.9]
[fair_c: 1]
[poisson_max_delta_step: 0.7]
[tweedie_variance_power: 1.5]
[lambdarank_truncation_level: 30]
[lambdarank_norm: 1]
[label_gain: ]
[lambdarank_position_bias_regularization: 0]
[eval_at: ]
[multi_error_top_k: 1]
[auc_mu_weights: ]
[num_machines: 1]
[local_listen_port: 12400]
[time_out: 120]
[machine_list_filename: ]
[machines: ]
[gpu_platform_id: -1]
[gpu_device_id: -1]
[gpu_use_dp: 0]
[num_gpu: 1]

end of parameters

pandas_categorical:[]
