tree
version=v4
num_class=1
num_tree_per_iteration=1
label_index=0
max_feature_idx=56
objective=regression
feature_names=rsi bb_middle bb_upper bb_lower atr momentum_10 momentum_20 volatility volume_ma range range_pct body body_pct upper_shadow lower_shadow is_bullish return_1 return_3 return_6 return_12 return_24 log_return rsi_normalized rsi_overbought rsi_oversold rsi_divergence bb_width bb_position bb_position_normalized price_bb_upper_dist price_bb_lower_dist bb_breakout_upper bb_breakout_lower atr_normalized atr_ma atr_ratio momentum_ratio momentum_convergence volume_ratio volume_spike volume_change volatility_ma volatility_ratio high_volatility low_volatility stoch_k stoch_d stoch_overbought stoch_oversold adx strong_trend sma_20 price_sma_20_dist sma_50 price_sma_50_dist signal_convergence market_regime
feature_infos=[0:99.145297958945207] [0:433.77300000000002] [0:445.7902884830076] [0:429.47706752940064] [0:5.6750000000000158] [-25.279999999999973:28.700000000000045] [-31.779999999999973:25.949999999999989] [0:0.013760960557476004] [0:2115.0500000000002] [0:13.050000000000011] [0:0.03421614934772834] [0:10.25] [0:0.026920687512942638] [0:4.8700000000000045] [0:4.5] [0:1] [-0.050838840874428026:0.045717965228589952] [-0.057869419839267966:0.061171925305859576] [-0.062313273580879347:0.055282817502668058] [-0.068215417106652576:0.083728761671513885] [-0.090496047799838109:0.085476025017373169] [-0.052176674847336416:0.04470369757293631] [-0.94594594696859302:0.98290595917890411] [0:1] [0:1] [-30.685579898938528:30.655894189272409] [0:0.1185808689057089] [-0.39000481601162978:1.4312802625283376] [-1.7800096320232597:1.8625605250566752] [-0.014907105856414044:0.10111453388061334] [-0.013692039624379688:0.095935693106670827] [0:1] [0:1] [0:0.01518304181026075] [0:5.0375357142857249] [0:1.7958743291669197] [-387999999.99999952:259999999.99999943] [-28.700000000000045:25.279999999999973] [0:3.4909160086846587] [0:1] [-0.99886813808715336:944] [0:0.013272101953949508] [0:2.8686155747316899] [0:1] none [0:99.999999925373132] [0:99.128093654670806] [0:1] [0:1] [0:86.579415337112295] [0:1] [0:433.77300000000002] [-0.051861963793781926:0.050205850487540539] [0:429.52199999999999] [-0.084765493890769872:0.066042024013722056] [0:1] [0:2]
tree_sizes=2762 2497 2797 2534 2423 1883

Tree=0
num_leaves=29
num_cat=0
split_feature=41 33 52 54 53 49 41 41 2 2 4 35 49 26 35 1 54 2 1 54 53 4 53 53 42 18 42 2
split_gain=0.0253561 0.0165354 0.0070323 0.00709618 0.00642216 0.00604252 0.00567819 0.00394584 0.00436588 0.00384535 0.00308493 0.00293753 0.00274183 0.00323174 0.00263567 0.00245827 0.00172615 0.00163386 0.00226021 0.0015831 0.00150836 0.001426 0.000630986 0.00113593 0.000501408 0.000639961 0.000208799 7.96222e-05
threshold=0.0086813722412234281 0.0077724759551764337 0.019802591867114173 0.0058286693545270508 240.21950000000004 46.328947166887055 0.0036746775116062269 0.0059617880616924237 415.93826827554795 389.43443905888978 2.1464285714285674 1.0214470991628208 26.371091404995209 0.035693983202664127 0.91541338208542944 204.94500000000002 0.0223573442545641 232.85633029812928 383.22900000000004 0.029395234836639281 370.6348000000001 1.0357142857142889 239.13750000000002 185.20400000000004 1.030129367819856 -0.0011922884603918214 0.87297307575388461 256.36304370892134
decision_type=2 2 2 2 2 2 2 2 2 2 2 2 2 2 2 2 2 2 2 2 2 2 2 2 2 2 2 2
left_child=1 6 3 5 -2 14 11 8 -5 12 -9 22 15 -14 -3 -8 -4 -18 -19 21 -7 -13 23 -1 25 -11 -6 -24
right_child=4 2 16 7 26 20 9 10 -10 24 -12 19 13 -15 -16 -17 17 18 -20 -21 -22 -23 27 -25 -26 -27 -28 -29
leaf_value=0.0012233620026263334 0.0012233620026263334 0.0012233620026263334 0.0012233620026263334 0.0012331607263750314 0.0012233620026263334 0.0013205241899415278 0.0012233620026263334 0.0012233620026263334 0.00088139210321474322 0.0012233620026263334 0.001469904456942324 0.0012233620026263334 0.0012245980783057073 0.0013324526028525255 0.0010583264264335548 0.0013871879705053321 0.0012233620026263334 0.00079059698538903964 0.0012233620026263334 0.0012233620026263334 0.0011840011820708853 0.0010975499355686722 0.0011927158446926858 0.00136058195752632 0.0012233620026263334 0.0011219518667526917 0.00060532168662722006 0.0012233620026263334
leaf_weight=93 33 59 23 365 20 136 124 44 33 68 113 22 846 515 580 622 44 92 38 26 58 330 76 100 54 106 75 98
leaf_count=93 33 59 23 365 20 136 124 44 33 68 113 22 846 515 580 622 44 92 38 26 58 330 76 100 54 106 75 98
internal_value=0.00122336 0.00122845 0.00115194 0.00118367 0.000801856 0.00112529 0.00127075 0.00125509 0.00122336 0.0012946 0.00138501 0.00120806 0.00130842 0.00127204 0.0010784 0.0013627 0.000974408 0.000942169 0.000881229 0.00114174 0.00123339 0.00111754 0.00125186 0.0012903 0.00120636 0.00116889 0.000675786 0.00122336
internal_weight=0 4665 1585 1388 128 833 3080 555 398 2335 157 745 2107 1361 639 746 197 174 130 378 194 352 367 193 228 174 95 174
internal_count=4793 4665 1585 1388 128 833 3080 555 398 2335 157 745 2107 1361 639 746 197 174 130 378 194 352 367 193 228 174 95 174
is_linear=0
shrinkage=1


Tree=1
num_leaves=29
num_cat=0
split_feature=33 41 8 49 53 1 52 20 8 35 26 41 8 42 1 49 41 49 42 6 8 8 35 33 36 26 26 20
split_gain=0.0204857 0.00764693 0.0073752 0.00585088 0.00487288 0.0045597 0.00448212 0.00455644 0.00418957 0.00420177 0.00534374 0.00484915 0.00397999 0.00395859 0.00355927 0.00321972 0.00498828 0.0024737 0.00237104 0.00157469 0.00114461 0.000870262 0.000764995 0.000649064 0.000459918 0.000334787 8.87668e-05 1.35553e-06
threshold=0.0077724759551764337 0.0084936449355245847 832.95000000000016 17.780465069240645 384.05610000000007 204.94500000000002 0.019802591867114173 0.030094700549246015 1045.1750000000004 0.92529045921664144 0.030408977681403066 0.0051503065556614651 1522.6500000000003 1.0198400889239154 385.72125000000011 22.00564736475885 0.0072730863062296864 11.159223567548276 1.1349623049156325 11.599999999999982 1210.3500000000001 766.02500000000009 1.0937586234464562 0.0056883909692234122 1.2297190937451359 0.014825744808601129 0.05431843537855633 0.036398253683489819
decision_type=2 2 2 2 2 2 2 2 2 2 2 2 2 2 2 2 2 2 2 2 2 2 2 2 2 2 2 2
left_child=3 6 -3 5 8 -1 7 15 9 11 -11 -5 -4 27 17 18 -17 -7 -2 22 21 -6 -10 -23 -8 -19 -15 -9
right_child=1 2 12 4 20 14 24 13 19 10 -12 -13 -14 26 -16 16 -18 25 -20 -21 -22 23 -24 -25 -26 -27 -28 -29
leaf_value=0 -1.144441258754009e-05 0 -0.0005790754379825546 0.00014075237312139956 0 0 -0.00021897723614794527 0 0.00025271557515598527 -4.9669630561968019e-05 6.483014917212081e-05 0 0 0 0 -0.00011533450052456581 6.2073604642712892e-05 0 0.00015581220583207083 0 0 0 0 -0.00018291524787351047 0 0.00031058375216801566 -4.5086885260361193e-05 0.00030712117231322341
leaf_weight=79 167 38 69 507 22 39 167 30 140 860 639 293 20 82 39 790 103 25 88 31 46 33 21 127 24 211 39 54
leaf_count=79 167 38 69 507 22 39 167 30 140 860 639 293 20 82 39 790 103 25 88 31 46 33 21 127 24 211 39 54
internal_value=0 -8.00991e-05 -0.000319792 4.98895e-05 3.01044e-05 0.000163764 -5.44973e-05 -2.73477e-05 4.47472e-05 2.87794e-05 0 8.42902e-05 -0.000469164 8.71091e-05 0.000215908 -5.56415e-05 -8.4783e-05 0.000254668 1.11381e-05 0.000188799 -9.03019e-05 -0.000125948 0.000226455 -0.000151413 -0.000199428 0.000291516 0 0.000246459
internal_weight=0 1671 127 3112 2719 393 1544 1353 2491 2299 1499 800 89 205 314 1148 893 275 255 192 228 182 161 160 191 236 121 84
internal_count=4783 1671 127 3112 2719 393 1544 1353 2491 2299 1499 800 89 205 314 1148 893 275 255 192 228 182 161 160 191 236 121 84
is_linear=0
shrinkage=0.03


Tree=2
num_leaves=32
num_cat=0
split_feature=33 49 41 1 1 41 49 41 1 35 54 36 54 52 36 41 18 41 4 38 41 19 1 35 33 6 26 38 20 7 34
split_gain=0.0214143 0.00589427 0.00582585 0.00505717 0.00502056 0.00480105 0.00594835 0.00535277 0.00477589 0.00399844 0.00398177 0.00336909 0.0030767 0.00502993 0.00292361 0.00289089 0.00275319 0.00270946 0.00258875 0.00245793 0.00234867 0.00259045 0.00202372 0.00172011 0.00154849 0.00120574 0.00100533 0.000877867 0.000640892 0.00073057 0.000632081
threshold=0.0080338756736951875 17.437405127624007 0.0084936449355245847 395.37475000000001 239.88375000000005 0.0057060055673440599 22.671117068637383 0.005257109878684379 204.94500000000002 1.02908184474342 -0.015038278483093142 -0.4600685895459925 0.00054450067577704452 0.012941764443615635 0.58806790577254131 0.0063884239160812203 -0.0066272023899202606 0.0036746775116062269 4.237142857142854 0.88985240578302016 0.0070848765915632822 -0.044136859449396042 385.72125000000011 1.0822983231419203 0.0069972974684334782 9.4500000000000046 0.02101531505630919 0.53330342291186361 -0.012757823540813505 0.005003378497532635 2.6580714285714309
decision_type=2 2 2 2 2 2 2 2 2 2 2 2 2 2 2 2 2 2 2 2 2 2 2 2 2 2 2 2 2 2 2
left_child=1 8 5 9 -4 6 28 14 -1 11 -9 26 20 16 -8 -13 -14 25 -6 -15 21 -7 23 27 -19 -11 -3 -10 -2 -30 -22
right_child=2 3 4 -5 18 12 7 10 22 17 -12 15 13 19 -16 -17 -18 24 -20 -21 30 -23 -24 -25 -26 -27 -28 -29 29 -31 -32
leaf_value=0 0 1.9106833736858828e-05 0 -0.0002368765148852583 -0.00048740869698047929 0 0 0 0 -0.00010348500823372475 -0.00040390706620348996 8.9867441916663973e-05 0 -0.00021965708401795685 -0.0001663719103596097 -1.6527711319272106e-05 0.00024001587718573938 7.985857006987685e-05 0 0 0 -0.00017229883752740332 0 0 -2.8527958844522219e-06 0 -6.3267199003317801e-05 0.0002816265253880867 0 0.00012262989869378033 9.7944565034121226e-05
leaf_weight=75 20 144 34 58 82 29 222 27 25 328 133 1474 53 50 184 111 137 239 21 59 40 205 39 29 367 20 215 225 22 82 59
leaf_count=75 20 144 34 58 82 29 222 27 25 328 133 1474 53 50 184 111 137 239 21 59 40 205 39 29 367 20 215 225 22 82 59
internal_value=0 4.11382e-05 -9.65544e-05 2.29827e-05 -0.000304176 -6.8168e-05 -0.000123129 -0.000167117 0.000154692 3.13128e-05 -0.000336611 5.69808e-05 0 6.11594e-05 -7.79712e-05 7.67375e-05 0.000168946 -1.15623e-05 -0.00040831 -4.43307e-05 -7.03493e-05 -0.000126736 0.000207538 0.000235812 1.49469e-05 -8.35379e-05 -5.18873e-06 0.000261219 5.16742e-06 7.45792e-05 0
internal_weight=0 3349 1459 2956 137 1322 690 566 393 2898 160 1944 632 299 406 1585 190 954 103 109 333 234 318 279 606 348 359 250 124 104 99
internal_count=4808 3349 1459 2956 137 1322 690 566 393 2898 160 1944 632 299 406 1585 190 954 103 109 333 234 318 279 606 348 359 250 124 104 99
is_linear=0
shrinkage=0.03


Tree=3
num_leaves=29
num_cat=0
split_feature=41 35 53 8 53 49 8 53 49 20 42 34 20 34 7 34 34 20 7 5 35 42 42 45 30 36 54 49
split_gain=0.015562 0.0138822 0.00865263 0.0119734 0.00651094 0.00601314 0.00446733 0.00443652 0.00438125 0.00910295 0.00467233 0.00355001 0.00299602 0.00276595 0.00249735 0.00236718 0.00420197 0.00406314 0.00191298 0.00189066 0.00177638 0.00146093 0.00113402 0.00077003 0.00132272 0.000459575 2.10114e-05 0.000181308
threshold=0.0084936449355245847 1.0081201436563094 384.05610000000007 685.37500000000011 229.78800000000004 20.096924228464523 564.5250000000002 240.21950000000004 46.328947166887055 0.053492933131359839 1.2867516859544839 1.6395357142857123 -0.045791627206415712 1.826250000000001 0.0073638994581859667 1.6348571428571466 1.4000000000000008 0.025953177472071046 0.0056220450927338961 2.1599999999999828 0.86939587394449747 1.0276439490121272 0.89111241945913788 80.632270827866918 0.0048320772756301339 -0.55480480221239159 -0.011692050115686864 31.908821024504523
decision_type=2 2 2 2 2 2 2 2 2 2 2 2 2 2 2 2 2 2 2 2 2 2 2 2 2 2 2 2
left_child=1 2 3 4 6 23 -1 -2 15 10 -10 -11 -9 -6 19 16 -7 -17 20 -5 -4 -22 -14 24 -3 -26 -20 -28
right_child=7 5 18 14 13 8 -8 12 9 11 -12 -13 22 -15 -16 17 -18 -19 26 -21 21 -23 -24 -25 25 -27 27 -29
leaf_value=0.00012932458446528877 0 0 0 0.00026831812795952273 4.6212995329129835e-06 -0.00010319233260380262 -1.6540196534561728e-05 0 0.00010863523898123279 0 -8.4006806577682962e-05 -0.00038269280879201303 0 -0.00010152495860300149 0 -0.00015770218568505838 5.0450505756332098e-05 0 0 8.3520714546308e-05 -0.00019736838632490261 0 -0.00056719705950554955 0 0 0.00018915245148751718 7.3946576407137298e-05 0
leaf_weight=641 33 54 65 383 408 322 125 21 424 22 103 67 20 287 39 666 240 127 24 262 156 20 65 53 32 114 33 25
leaf_count=641 33 54 65 383 408 322 125 21 424 22 103 67 20 287 39 666 240 127 24 262 156 20 65 53 32 114 33 25
internal_value=0 1.23444e-05 6.27724e-05 8.65227e-05 3.05085e-05 -3.9571e-05 9.37797e-05 -0.00030897 -6.00241e-05 0 5.38897e-05 -0.000273121 -0.000403312 -2.62926e-05 0.000192949 -9.02765e-05 -2.15821e-05 -0.000127589 -6.70462e-05 0.000207274 -0.000114707 -0.000164552 -0.000484063 8.41203e-05 0.000111394 0.000158511 0 1.801e-05
internal_weight=0 4692 2468 2145 1461 2224 766 139 1971 616 527 89 106 695 684 1355 562 793 323 645 241 176 85 253 200 146 82 58
internal_count=4831 4692 2468 2145 1461 2224 766 139 1971 616 527 89 106 695 684 1355 562 793 323 645 241 176 85 253 200 146 82 58
is_linear=0
shrinkage=0.03


Tree=4
num_leaves=28
num_cat=0
split_feature=34 49 2 8 7 0 53 1 8 8 53 8 1 4 1 34 1 4 4 34 8 26 8 0 34 53 34
split_gain=0.0182661 0.012776 0.00794276 0.00780274 0.00697075 0.00582828 0.00557847 0.0158614 0.00467623 0.00449511 0.0043291 0.0103399 0.00663287 0.00534188 0.00402743 0.00287006 0.00458685 0.00273196 0.00184804 0.00141145 0.000984025 0.000756961 0.000454674 0.000257377 0.000295342 0.000177057 9.72158e-05
threshold=3.355928571428572 17.624447496762752 348.51615184457694 1522.6500000000003 0.005280294191205767 61.146495724775967 230.571 225.44000000000003 1085.5250000000003 1018.8750000000001 384.05610000000007 685.37500000000011 368.26925000000006 1.6357142857142895 325.27025000000003 2.0548035714285722 204.94500000000002 3.1128571428571443 2.438571428571422 1.5565178571428577 1157.075 0.06174158155888284 766.02500000000009 60.291807225848693 2.3011607142857158 413.28360000000004 3.0156964285714278
decision_type=2 2 2 2 2 2 2 2 2 2 2 2 2 2 2 2 2 2 2 2 2 2 2 2 2 2 2
left_child=1 9 21 17 10 6 7 -6 18 15 11 13 -13 -3 -8 16 -1 -4 -7 -18 22 -2 -12 24 -17 -5 -10
right_child=2 4 3 25 5 8 14 -9 26 -11 20 12 -14 -15 -16 23 19 -19 -20 -21 -22 -23 -24 -25 -26 -27 -28
leaf_value=0 0.00016753656168778738 3.0326202619066501e-05 0 -5.368031775995679e-05 -1.4001277092269044e-05 -0.00011473748992794479 -0.00012417776190512666 0.00044918118466105272 0 0.00036452985130662203 0 0.0001974064283294543 0 -8.3148887557116992e-05 1.5017704830164304e-05 0 0 -0.00042577008120125374 -0.00043605040902981447 0.00029391819320080865 0 0 -0.00015002182639095536 -8.6026822265904081e-05 5.8639976390267586e-05 0 5.3736382719627266e-05
leaf_weight=69 24 1361 21 55 214 217 438 80 34 104 23 474 201 514 150 44 48 178 69 120 80 20 144 31 77 42 30
leaf_count=69 24 1361 21 55 214 217 438 80 34 104 23 474 201 514 150 44 48 178 69 120 80 20 144 31 77 42 30
internal_value=0 1.2903e-05 -0.000214747 -0.000277646 -2.55765e-06 -6.39253e-05 -1.14487e-05 8.17831e-05 -0.000170351 0.000157423 2.12597e-05 3.54647e-05 0.000136126 0 -7.33808e-05 7.86956e-05 0.000145069 -0.000387094 -0.000224068 0.000232813 -8.88637e-05 4.24973e-06 -0.000130255 0 0 0 0
internal_weight=0 4522 340 296 4029 1232 882 294 350 493 2797 2550 675 1875 588 389 237 199 286 168 247 44 167 152 121 97 64
internal_count=4862 4522 340 296 4029 1232 882 294 350 493 2797 2550 675 1875 588 389 237 199 286 168 247 44 167 152 121 97 64
is_linear=0
shrinkage=0.03


Tree=5
num_leaves=22
num_cat=0
split_feature=41 49 53 42 8 8 46 8 0 1 8 34 8 54 52 52 34 6 37 54 8
split_gain=0.0171209 0.00910901 0.0115953 0.00757667 0.00772404 0.00708596 0.00492104 0.00429634 0.00374295 0.00352563 0.0033562 0.00248529 0.00247185 0.00204729 0.00201265 0.00175542 0.00147301 0.00126949 0.00104756 0.000144429 8.6826e-06
threshold=0.0084936449355245847 17.437405127624007 384.05610000000007 1.204023918461419 798.87500000000011 832.95000000000016 63.83458876424195 1330.575 26.055463952038661 204.94500000000002 1543.0250000000003 1.5791964285714308 1522.6500000000003 -0.039346837603937236 0.0093084494621410718 0.018364042041854507 3.355928571428572 -10.975000000000021 4.5899999999999901 0.025616566653846439 689.52500000000009
decision_type=2 2 2 2 2 2 2 2 2 2 2 2 2 2 2 2 2 2 2 2 2
left_child=1 9 3 4 8 20 17 -6 -3 -1 13 -8 -7 -4 16 -15 18 -5 -11 -12 -2
right_child=5 2 10 6 7 12 11 -9 -10 14 19 -13 -14 15 -16 -17 -18 -19 -20 -21 -22
leaf_value=0 -1.6918613250459463e-05 0.00012324080845339054 0 -0.00023768474495272369 0.00014243431594187107 -0.00057092572351165457 0 -1.690936526153066e-06 -9.2444182131341402e-06 0.00021870636530033045 5.2422552753976279e-05 -0.00036491569386193611 0 -0.00022077799731688822 0 0 0 0 0 0 0
leaf_weight=70 27 209 21 20 658 73 79 96 2220 322 47 84 21 344 59 23 20 333 20 27 30
leaf_count=70 27 209 21 20 658 73 79 96 2220 322 47 84 21 344 59 23 20 333 20 27 30
internal_value=0 5.70051e-06 -6.68291e-06 8.73854e-06 2.82319e-05 -0.000317901 -9.40231e-05 0.000112159 0 0.000128903 -0.000149548 -0.000234618 -0.00047935 -0.000185488 0.000164038 -0.000203444 0.0001905 -3.48449e-06 0.000205629 0 0
internal_weight=0 4652 4161 3699 3183 151 516 754 2429 491 462 163 94 388 421 367 362 353 342 74 57
internal_count=4803 4652 4161 3699 3183 151 516 754 2429 491 462 163 94 388 421 367 362 353 342 74 57
is_linear=0
shrinkage=0.03


end of trees

feature_importances:
volume_ma=19
volatility_ma=14
bb_middle=13
atr_ma=12
adx=12
sma_50=12
atr_ratio=8
volatility_ratio=8
price_sma_50_dist=8
atr=6
return_24=6
bb_width=6
bb_upper=5
atr_normalized=5
price_sma_20_dist=5
volatility=4
momentum_ratio=4
rsi=3
momentum_20=3
return_6=2
volume_ratio=2
momentum_10=1
return_12=1
price_bb_lower_dist=1
momentum_convergence=1
stoch_k=1
stoch_d=1

parameters:
[boosting: gbdt]
[objective: regression]
[metric: rmse]
[tree_learner: serial]
[device_type: cpu]
[data: ]
[valid: ]
[num_iterations: 500]
[learning_rate: 0.03]
[num_leaves: 50]
[num_threads: 8]
[deterministic: 0]
[force_col_wise: 0]
[force_row_wise: 0]
[histogram_pool_size: -1]
[max_depth: 6]
[min_data_in_leaf: 20]
[min_sum_hessian_in_leaf: 0.001]
[bagging_fraction: 0.8]
[pos_bagging_fraction: 1]
[neg_bagging_fraction: 1]
[bagging_freq: 1]
[bagging_seed: 400]
[feature_fraction: 0.8]
[feature_fraction_bynode: 1]
[feature_fraction_seed: 30056]
[extra_trees: 0]
[extra_seed: 12879]
[early_stopping_round: 0]
[first_metric_only: 0]
[max_delta_step: 0]
[lambda_l1: 0.3]
[lambda_l2: 0.3]
[linear_lambda: 0]
[min_gain_to_split: 0]
[drop_rate: 0.1]
[max_drop: 50]
[skip_drop: 0.5]
[xgboost_dart_mode: 0]
[uniform_drop: 0]
[drop_seed: 17869]
[top_rate: 0.2]
[other_rate: 0.1]
[min_data_per_group: 100]
[max_cat_threshold: 32]
[cat_l2: 10]
[cat_smooth: 10]
[max_cat_to_onehot: 4]
[top_k: 20]
[monotone_constraints: ]
[monotone_constraints_method: basic]
[monotone_penalty: 0]
[feature_contri: ]
[forcedsplits_filename: ]
[refit_decay_rate: 0.9]
[cegb_tradeoff: 1]
[cegb_penalty_split: 0]
[cegb_penalty_feature_lazy: ]
[cegb_penalty_feature_coupled: ]
[path_smooth: 0]
[interaction_constraints: ]
[verbosity: 1]
[saved_feature_importance_type: 0]
[linear_tree: 0]
[max_bin: 255]
[max_bin_by_feature: ]
[min_data_in_bin: 3]
[bin_construct_sample_cnt: 200000]
[data_random_seed: 175]
[is_enable_sparse: 1]
[enable_bundle: 1]
[use_missing: 1]
[zero_as_missing: 0]
[feature_pre_filter: 1]
[pre_partition: 0]
[two_round: 0]
[header: 0]
[label_column: ]
[weight_column: ]
[group_column: ]
[ignore_column: ]
[categorical_feature: ]
[forcedbins_filename: ]
[precise_float_parser: 0]
[parser_config_file: ]
[objective_seed: 16083]
[num_class: 1]
[is_unbalance: 0]
[scale_pos_weight: 1]
[sigmoid: 1]
[boost_from_average: 1]
[reg_sqrt: 0]
[alpha: 0.9]
[fair_c: 1]
[poisson_max_delta_step: 0.7]
[tweedie_variance_power: 1.5]
[lambdarank_truncation_level: 30]
[lambdarank_norm: 1]
[label_gain: ]
[lambdarank_position_bias_regularization: 0]
[eval_at: ]
[multi_error_top_k: 1]
[auc_mu_weights: ]
[num_machines: 1]
[local_listen_port: 12400]
[time_out: 120]
[machine_list_filename: ]
[machines: ]
[gpu_platform_id: -1]
[gpu_device_id: -1]
[gpu_use_dp: 0]
[num_gpu: 1]

end of parameters

pandas_categorical:[]
