tree
version=v4
num_class=1
num_tree_per_iteration=1
label_index=0
max_feature_idx=54
objective=regression
feature_names=ema_fast ema_slow macd macd_signal atr momentum_10 momentum_20 volatility volume_ma range range_pct body body_pct upper_shadow lower_shadow is_bullish return_1 return_3 return_6 return_12 return_24 log_return ema_cross ema_cross_pct ema_cross_signal price_ema_fast_dist price_ema_slow_dist macd_hist macd_hist_change macd_cross_signal macd_strength atr_normalized atr_ma atr_ratio momentum_ratio momentum_convergence volume_ratio volume_spike volume_change volatility_ma volatility_ratio high_volatility low_volatility stoch_k stoch_d stoch_overbought stoch_oversold adx strong_trend sma_20 price_sma_20_dist sma_50 price_sma_50_dist signal_convergence market_regime
feature_infos=[38967.729318929021:107396.26389944887] [39220.71373165102:107049.79494400365] [-2596.3215042438969:3122.6028892565373] [-2400.0705964852082:2692.2138919211602] [0:1913.6478571428556] [-8342.5400000000009:10665.179999999993] [-12486.150000000001:14155.739999999991] [0:0.027665265364936176] [0:15071.1] [41.610000000000582:7445.0200000000041] [0.00064197892033770012:0.083194551703992967] [0.010000000002037268:4847.2799999999988] [1.687657469333537e-07:0.053865545209733065] [0:2853.8099999999977] [0:2709.1299999999974] [0:1] [-0.06392068477713575:0.11991470268267301] [-0.06874591913368211:0.12121289228058596] [-0.079615203583715433:0.12324016964288909] [-0.13852618933251082:0.1281729140500143] [-0.20656179582649081:0.18012682534038826] [-0.066055067608681614:0.11325252408776919] [-2596.3215042438969:3122.6028892565373] [-0.051939210812642647:0.033488267366733444] [0:1] [-0.080064711463382857:0.093992858566676371] [-0.1320039222760255:0.11036991523222302] [-818.78982093274772:1169.6714460130504] [-327.88141727023503:612.98987585223176] [0:1] [-746.44218222589257:1062.1407196823261] [0:0.030615925217490077] [0:1459.5823571428562] [0:2.5193794912994942] [-4451.5502226422777:74647.925336867193] [-10665.179999999993:8342.5400000000009] [0:2.9553958669892095] [0:1] [-0.80889167188478395:8.7027863777089784] [0:0.027364409329763521] [0:3.7248595957797415] [0:1] [0:1] [0:99.999999999838437] [0:98.883595895685247] [0:1] [0:1] [0:95.095784100943362] [0:1] [0:107202.68299999999] [-0.11842224866658865:0.11006071071452704] [0:106786.319] [-0.21353636665559603:0.12751438682104085] [0:2] [0:2]
tree_sizes=6127 5563 5629 5609 5117 5597 5397 4028 4790 4899 5304 5164 4885 5090

Tree=0
num_leaves=64
num_cat=0
split_feature=51 32 8 3 8 4 23 27 51 2 51 39 51 31 39 49 51 47 1 8 51 27 50 49 32 28 26 23 39 47 31 20 3 0 47 47 36 39 27 27 39 8 31 0 34 8 44 12 8 8 3 51 39 49 36 3 2 8 8 36 47 3 40
split_gain=0.00552653 0.00361038 0.00428674 0.00422089 0.00369141 0.00421551 0.00422118 0.00312222 0.00274906 0.00225881 0.00487311 0.00326887 0.00158989 0.00274222 0.00162032 0.00129197 0.0016363 0.00211654 0.00156574 0.00118994 0.00108054 0.000977364 0.00129805 0.00104807 0.000947228 0.000922918 0.000901199 0.000878636 0.000834921 0.00142936 0.000711847 0.000828578 0.000622721 0.000602489 0.000751618 0.000521992 0.000883804 0.000521879 0.000518414 0.000512632 0.000507746 0.00131897 0.00235748 0.00096972 0.000502984 0.000563132 0.000495089 0.000488839 0.000432525 0.000221409 0.000630275 0.000383611 0.000172385 9.22181e-05 8.04285e-05 9.14361e-05 4.47538e-05 3.43151e-05 2.9867e-05 1.7327e-05 1.30835e-05 3.22061e-06 1.08992e-07
threshold=61908.17470000001 904.10125000000107 10940.350000000002 738.9041560362574 12184.225000000002 676.63035714285706 0.0018546052264899573 86.834179054318426 85769.83620000002 -533.61840281212778 63868.042700000005 0.0052344516268896272 74813.451300000015 0.0065560249170400894 0.005514186581948328 46853.055000000008 57761.868000000009 48.386193115529927 60891.365562811879 7901.8750000000009 50110.410200000006 -119.45233303063178 0.0072138432247913246 63602.221500000007 695.78960714285734 33.168893230247569 0.0022108283272823429 -0.011107635344673338 0.0029268657509285271 39.71300304081899 0.0042725487452321418 0.028956837530598637 94.253040513428729 95779.746268455448 51.804406141104074 25.247807431234932 1.0319289506763152 0.0042780748948991988 -63.145608027100131 -8.6891390807217181 0.0032840817180404751 8025.0000000000009 0.0082739787808059507 60152.22414135329 -0.47151314985589127 5525.8500000000013 91.026891931319227 0.00071227199232508994 10062.375000000002 8300.3500000000022 -23.368866179741868 45050.202100000002 0.0024280216151958424 59274.329000000005 0.70168134318660169 20.326903428560975 -99.222622776309422 10338.800000000001 11560.1 0.7678875085580309 48.716350447661519 -439.06354458717288 0.91926254258560969
decision_type=2 2 2 2 2 2 2 2 2 2 2 2 2 2 2 2 2 2 2 2 2 2 2 2 2 2 2 2 2 2 2 2 2 2 2 2 2 2 2 2 2 2 2 2 2 2 2 2 2 2 2 2 2 2 2 2 2 2 2 2 2 2 2
left_child=15 4 3 8 5 12 9 21 -3 27 -11 -12 13 14 19 49 17 28 40 -2 -19 -6 23 -23 -9 -25 -26 -7 -17 46 -20 52 56 34 37 62 -37 -14 -34 -36 43 53 48 44 -18 -46 47 -30 -43 50 -1 -51 -32 -42 -52 -56 -15 -8 -59 -22 -16 -29 -35
right_child=1 2 -4 -5 7 6 57 24 -10 10 11 -13 33 32 60 16 18 20 30 -21 59 22 -24 25 26 -27 -28 61 29 -31 31 -33 38 35 39 36 -38 -39 -40 -41 41 42 -44 -45 45 -47 -48 -49 -50 51 54 -53 -54 -55 55 -57 -58 58 -60 -61 -62 -63 -64
leaf_value=0.00037396711819126836 0.00035876847364127462 0.00083904222445943598 0.00037396711819126836 0.00037396711819126836 0.00037396711819126836 0.00025460150824653321 0.00036081234092984096 0.00037396711819126836 0.00037396711819126836 0.00037396711819126836 0.00031644407779928929 -2.7616327923654378e-05 0.00040773119361930135 0.00037396711819126836 0.00038365351140003828 0.00037396711819126836 0.00037396711819126836 0.00037396711819126836 0.00037396711819126836 0.00030677416402213398 0.00037396711819126836 0.00037396711819126836 0.00037396711819126836 0.00056624567823902532 0.00037396711819126836 0.00037396711819126836 0.00022915632507905832 0.00037920871725651559 0.00037396711819126836 0.00037396711819126836 0.00037396711819126836 0.00037396711819126836 0.00037396711819126836 0.00037462960859068601 0.00037396711819126836 0.00037396711819126836 0.00031569296139676576 0.00037396711819126836 0.00043597202142948771 0.0003250580602682545 0.00039104713242964987 0.0002208472289214156 0.00037396711819126836 0.00037396711819126836 0.00037396711819126836 0.00048641893532705476 0.00037396711819126836 0.00046411253350093552 0.00037396711819126836 0.00037396711819126836 0.00037396711819126836 0.00030400049230098222 0.00047919708149223939 0.00037396711819126836 0.00037396711819126836 0.00042328703494597239 0.00035766177808004842 0.00038983772613696103 0.00037396711819126836 0.00059574750890328278 0.00037396711819126836 0.00037396711819126836 0.00037396711819126836
leaf_weight=272 1756 54 404 42 155 55 155 114 112 30 210 122 1211 435 125 179 30 40 169 1751 30 46 44 209 32 48 79 105 104 175 34 85 119 223 118 500 460 398 276 196 284 171 210 94 40 155 41 462 41 321 102 91 284 258 100 336 151 122 43 159 55 40 182
leaf_count=272 1756 54 404 42 155 55 155 114 112 30 210 122 1211 435 125 179 30 40 169 1751 30 46 44 209 32 48 79 105 104 175 34 85 119 223 118 500 460 398 276 196 284 171 210 94 40 155 41 462 41 321 102 91 284 258 100 336 151 122 43 159 55 40 182
internal_value=0.000373967 0.000361341 0.00042598 0.000536606 0.000355635 0.000349204 0.000283065 0.000413155 0.000610482 0.000233547 0.000183692 0.000144486 0.000358427 0.00034717 0.000334361 0.000401991 0.000412467 0.000443689 0.000384341 0.000328526 0.000546822 0.000462332 0.000491536 0.000514237 0.000370002 0.000537838 0.000286345 0.000373967 0.000403436 0.000418993 0.000426978 0.000448633 0.000380024 0.000373967 0.000385222 0.00035918 0.000345683 0.000397764 0.000412802 0.000368714 0.000373967 0.000355671 0.000314186 0.000394455 0.000440788 0.000460371 0.000442734 0.000450503 0.000243238 0.000373967 0.000384884 0.00035819 0.000470942 0.000373967 0.000409078 0.000415036 0.000373967 0.000373967 0.000378868 0.000577234 0.000373967 0.000373967 0.000373967
internal_weight=0 10177 612 208 9565 8838 882 727 166 562 362 332 7956 4668 3687 4267 3045 1190 1855 3507 229 502 347 303 225 257 111 200 961 782 572 403 981 3288 1923 1365 960 1609 395 314 1283 964 422 319 225 195 607 566 212 1222 810 412 318 542 538 436 586 320 165 189 180 145 405
internal_count=14444 10177 612 208 9565 8838 882 727 166 562 362 332 7956 4668 3687 4267 3045 1190 1855 3507 229 502 347 303 225 257 111 200 961 782 572 403 981 3288 1923 1365 960 1609 395 314 1283 964 422 319 225 195 607 566 212 1222 810 412 318 542 538 436 586 320 165 189 180 145 405
is_linear=0
shrinkage=1


Tree=1
num_leaves=70
num_cat=0
split_feature=51 8 50 51 7 43 7 49 3 40 49 35 51 1 47 8 40 8 44 10 33 0 0 23 43 51 0 7 7 3 51 35 47 47 51 19 33 50 8 11 8 51 9 0 8 0 27 51 33 44 8 51 3 16 30 50 47 35 3 3 0 33 8 44 47 3 16 3 1
split_gain=0.00471256 0.00251773 0.0040677 0.00235553 0.00237824 0.00214362 0.00214539 0.00305742 0.00247959 0.00189305 0.00151055 0.00149492 0.00120171 0.00149153 0.00142863 0.00113256 0.0011278 0.00107992 0.0016773 0.00106486 0.00108302 0.000895645 0.00173574 0.000912369 0.000890196 0.000876095 0.000822997 0.000794447 0.000690102 0.000683714 0.000670741 0.000674151 0.000664467 0.000663495 0.00092109 0.000662035 0.000552312 0.000509622 0.000474103 0.000414459 0.000407117 0.00038916 0.00036936 0.000365279 0.000603352 0.000616033 0.000341125 0.000335258 0.000332072 0.000329509 0.000321708 0.00068688 0.000368969 0.000320207 0.000313496 0.000309769 0.000299515 0.000296405 0.00029524 0.000438273 0.000282597 0.000236838 0.000181036 0.000146531 9.43027e-05 0.000184634 6.83311e-05 4.98289e-05 1.67071e-05
threshold=61908.17470000001 12406.975 0.0063821159735137937 82822.835500000016 0.0049328802434798974 50.89397838456518 0.0050134024896528991 83535.947750000007 770.36394710901413 0.95279464928755508 46853.055000000008 1291.2049999999947 57761.868000000009 60580.864762914767 47.818977507186879 8025.0000000000009 0.89373918297681076 8025.0000000000009 47.607302956420206 0.0033630383419272643 1.3338730006909014 92450.166030980705 96643.467054928115 0.0018546052264899573 56.223822755357737 50110.410200000006 95871.328984029024 0.009491573642007093 0.0051179902128661225 -199.14221509946546 59494.83430000001 -713.04999999999916 17.581678577761895 39.326994136034919 54241.182100000005 -0.0043385776286841695 0.80107343271803588 -0.028994758250652109 7046.8250000000007 34.685000000004955 10202.925000000001 94419.658800000019 622.02499999999429 62766.367553224736 7412.1750000000002 60975.021728796179 -116.88624660401805 62951.90140000001 0.87776710220042764 86.96721567570539 8424.1000000000004 45050.202100000002 -23.368866179741868 0.0074197108094195005 -14.456920567379106 0.0098898798112244096 29.426355216435692 300.02500000000151 -223.6402309272473 91.383666153598384 62450.704533231248 1.3029798748653298 10768.375000000002 54.575120055399921 24.608287657322681 320.00787328852726 0.003308395891580385 307.38456338114088 68956.553831013312
decision_type=2 2 2 2 2 2 2 2 2 2 2 2 2 2 2 2 2 2 2 2 2 2 2 2 2 2 2 2 2 2 2 2 2 2 2 2 2 2 2 2 2 2 2 2 2 2 2 2 2 2 2 2 2 2 2 2 2 2 2 2 2 2 2 2 2 2 2 2 2
left_child=10 5 26 68 -5 9 15 8 11 28 50 16 14 17 33 38 -8 30 -19 -17 24 23 35 36 -21 -16 27 32 57 -24 31 -14 -3 34 -12 62 -11 -38 64 -27 41 48 -30 44 -15 -46 -36 -34 -9 -48 52 -52 -1 -49 -33 61 -20 58 -2 -60 -47 -40 -23 -31 -7 -66 -58 -54 -4
right_child=1 2 3 4 -6 6 7 40 -10 21 12 -13 13 43 25 19 -18 18 56 20 -22 22 29 -25 -26 39 -28 -29 42 63 -32 54 47 -35 46 -37 37 -39 55 -41 -42 -43 -44 -45 45 60 49 53 -50 -51 51 -53 67 -55 -56 -57 66 -59 59 -61 -62 -63 -64 -65 65 -67 -68 -69 -70
leaf_value=0 0 0 0 0 -0.00026632693723775447 0 0 0 0 0 0 0 0 0 0 0 0.0001651773563664688 0 0 0 0 8.0774964116407202e-05 0 0 -5.4344372400570898e-05 0 0 0 0 -8.6980445073237811e-05 0 0 0 0 0 0 0 -7.587064541355656e-05 4.1762760069897955e-05 0.00020039803567344509 0 0 0.00010538059302295246 0 0 0.00013470565574310079 9.8818111427421694e-05 0.00013481870975473817 -0.00013650381944031208 0 0 -9.9391620058962275e-05 2.9893768664713165e-05 0 8.2043442793439217e-05 0 -0.00014010824393263536 0 -4.2968436073277517e-05 0 0 0 0 0 -2.0219459513057522e-05 0 0 0 1.450167777633638e-05
leaf_weight=275 89 33 60 46 62 242 76 31 57 86 382 102 61 368 40 595 322 264 47 148 272 170 102 274 1431 30 30 41 60 258 230 108 32 180 30 100 110 1454 527 177 194 71 67 59 81 183 284 395 54 47 297 83 514 30 241 101 136 474 612 511 37 46 56 30 614 68 33 32 71
leaf_count=275 89 33 60 46 62 242 76 31 57 86 382 102 61 368 40 595 322 264 47 148 272 170 102 274 1431 30 30 41 60 258 230 108 32 180 30 100 110 1454 527 177 194 71 67 59 81 183 284 395 54 47 297 83 514 30 241 101 136 474 612 511 37 46 56 30 614 68 33 32 71
internal_value=0 -9.63601e-06 3.63343e-05 -2.68555e-05 -0.000145365 -1.51434e-05 0 4.0044e-05 8.68675e-05 -3.02897e-05 2.79456e-05 0.00011342 3.92692e-05 1.28832e-05 6.81072e-05 -1.08447e-05 0.000139761 0 -4.17841e-05 -2.47067e-05 -3.63896e-05 -4.68256e-05 0 -5.85427e-05 -4.65763e-05 0.000155268 8.99689e-05 9.9724e-05 0 -5.56302e-05 1.4411e-05 4.23628e-05 0.000110607 2.84684e-05 4.25419e-05 3.29127e-05 -6.70352e-05 -7.11228e-05 9.90729e-07 0.000180432 0 -4.83865e-05 5.72006e-05 4.75795e-05 5.43539e-05 9.14405e-05 7.75592e-05 0.000120098 -9.15525e-05 8.65213e-05 0 -2.33061e-05 1.0043e-05 0.000127347 6.19987e-05 2.51926e-05 -0.000104151 -1.09961e-05 -1.97027e-05 -2.56019e-05 0.000118099 3.51078e-05 6.47464e-05 -7.95095e-05 -4.42073e-07 -1.11633e-05 -0.000124281 2.75545e-05 0
internal_weight=0 10204 800 239 108 9404 4951 907 557 4453 4219 500 3018 1848 1170 4044 398 1120 480 2446 1851 2640 716 1924 1579 247 561 531 1813 390 640 410 490 923 743 326 1650 1564 1598 207 350 156 127 728 669 301 361 457 85 331 1201 380 821 425 349 674 216 1686 1212 1123 220 573 226 288 924 682 169 546 131
internal_count=14423 10204 800 239 108 9404 4951 907 557 4453 4219 500 3018 1848 1170 4044 398 1120 480 2446 1851 2640 716 1924 1579 247 561 531 1813 390 640 410 490 923 743 326 1650 1564 1598 207 350 156 127 728 669 301 361 457 85 331 1201 380 821 425 349 674 216 1686 1212 1123 220 573 226 288 924 682 169 546 131
is_linear=0
shrinkage=0.03


Tree=2
num_leaves=70
num_cat=0
split_feature=51 8 50 23 7 8 23 33 40 51 4 40 4 4 14 43 49 17 8 7 36 2 4 51 7 8 7 14 51 23 36 33 14 34 2 49 51 39 49 1 39 40 8 38 51 3 36 1 8 4 38 1 28 49 8 1 40 18 49 3 17 39 8 28 8 23 51 49 8
split_gain=0.00456535 0.00348655 0.00452076 0.00261925 0.00287164 0.00376581 0.00465176 0.0039275 0.00239296 0.00237543 0.00512336 0.00171244 0.00296363 0.00304832 0.00347427 0.00197848 0.0017809 0.00129741 0.00136373 0.00127224 0.00170452 0.00120802 0.00116237 0.00177505 0.00174272 0.00123145 0.00116193 0.00146498 0.000980946 0.000903956 0.00104418 0.000850852 0.00101354 0.000874589 0.000837251 0.0007429 0.000979746 0.00117121 0.000744101 0.000824597 0.000655055 0.000612945 0.000612344 0.00057566 0.000568585 0.000776872 0.000567199 0.000529438 0.00046057 0.000356174 0.000349306 0.000309831 0.000246703 0.000267182 0.00031486 0.000240416 0.000647831 0.000518594 0.00052196 0.000199991 0.000165171 0.000151658 0.000134989 0.00011732 6.12031e-05 6.00313e-05 8.09391e-05 3.12566e-05 2.5803e-05
threshold=61801.777200000004 12184.225000000002 0.0063821159735137937 0.0018918968710019313 0.0053372285821417171 9902.3250000000025 0.011221413777850327 1.0505603590691419 1.3705457523490068 82681.176300000006 688.82285714285752 0.95279464928755508 659.16714285714068 1458.0496428571425 96.854999999999578 51.227479959158735 83343.116500000018 -0.0088545516435425391 8371.4500000000025 0.009491573642007093 0.83441187894918889 -218.34981127492208 452.74214285714339 94918.835300000021 0.0069919272650888868 7998.2000000000007 0.0034919989540924188 48.010000000002044 65137.383900000008 -0.00150698604248858 0.84039992409090625 1.1239724096033135 190.91499999999726 -0.054548318633401358 -350.72060269072966 60496.820500000009 57761.868000000009 0.0037354769538535415 46853.055000000008 43793.425649186414 0.0025405264073325349 1.5432095125263199 8745.8500000000004 0.15041261428289612 96877.222400000013 -401.27188188550133 1.5701734434661387 64016.292989475194 11412.150000000001 350.85035714285817 -0.23999126377832838 62193.724949385716 2.1255320454553872 65917.663000000015 7012.7250000000013 43435.222260558709 0.73610358683695765 -0.0028572812062389592 59274.329000000005 -260.09303285210848 0.0052814067707379628 0.0087661380358076049 11560.1 25.472351284031479 8846.2500000000018 -0.00060143995210425606 65101.821900000003 68993.313750000016 10062.375000000002
decision_type=2 2 2 2 2 2 2 2 2 2 2 2 2 2 2 2 2 2 2 2 2 2 2 2 2 2 2 2 2 2 2 2 2 2 2 2 2 2 2 2 2 2 2 2 2 2 2 2 2 2 2 2 2 2 2 2 2 2 2 2 2 2 2 2 2 2 2 2 2
left_child=17 3 19 11 26 -6 7 -7 -9 -4 -11 22 16 14 -14 -16 21 46 31 20 -3 -13 25 24 60 65 52 -28 -29 -27 -31 55 33 -33 -35 36 38 -38 39 -20 -36 43 -40 47 45 -18 49 -22 -23 -1 -30 63 53 -5 -55 -19 57 -57 -59 -46 -24 -44 -39 64 -37 67 -67 -2 -25
right_child=1 2 9 4 5 6 -8 8 -10 10 -12 12 13 -15 15 -17 44 18 35 -21 41 48 23 68 -26 29 27 28 50 30 -32 32 -34 34 40 51 37 62 42 -41 -42 -43 61 -45 59 -47 -48 -49 -50 -51 -52 -53 -54 54 -56 56 -58 58 -60 -61 -62 -63 -64 -65 -66 66 -68 -69 -70
leaf_value=0 -1.1820507459124084e-05 0 0 0 0 0 0 0.00044143350811903678 0 0 -0.00029992209582950079 0 0 0 -0.00022243357997053754 0 0 0 0 0 0 -6.3295619335793408e-05 0.00014282956954307988 0 0 0 0 0 0 0 -8.3125294141214465e-05 0 0 0 0 0 0 -0.00011731116317139461 0 -8.9225624864963483e-05 0.00014017758543823661 0 6.8410124285351573e-05 0 0 4.3257225993256697e-05 0 0.00015707007239458017 0 0.00014302423691438617 -7.722694016005744e-05 0 0 0 3.6901827917959502e-05 0 0 8.744076231986243e-05 0 -3.4799857740849908e-05 0 0 0 0 8.1106553698908262e-05 0 1.3346352014517877e-05 0 -1.5125965836542209e-05
leaf_weight=71 314 121 160 134 190 132 90 80 34 40 77 618 225 47 317 116 51 438 215 45 50 1150 178 137 52 421 336 177 61 150 530 84 81 37 171 34 134 181 69 133 299 38 221 35 79 593 37 384 63 181 623 38 490 173 551 141 1088 251 111 231 38 39 30 30 101 116 623 188 101
leaf_count=71 314 121 160 134 190 132 90 80 34 40 77 618 225 47 317 116 51 438 215 45 50 1150 178 137 52 421 336 177 61 150 530 84 81 37 171 34 134 181 69 133 299 38 221 35 79 593 37 384 63 181 623 38 490 173 551 141 1088 251 111 231 38 39 30 30 101 116 623 188 101
internal_value=0 -1.145e-05 3.85761e-05 -1.80969e-05 1.26877e-07 6.78286e-05 0.000131417 0.000201396 0.000343789 -2.83138e-05 -0.000141732 -2.92928e-05 -4.44462e-05 -0.000106872 -0.000128074 -0.000179248 -2.32424e-05 2.55443e-05 1.62482e-05 8.83796e-05 0.000100956 -4.11914e-05 -5.45304e-06 2.54012e-05 8.46584e-05 -1.85267e-05 -7.98353e-06 -3.16933e-05 -5.40987e-05 -4.16668e-05 -6.32908e-05 2.89489e-05 6.5016e-05 7.96749e-05 9.46034e-05 0 -2.07543e-05 -6.18622e-05 0 -3.03346e-05 0.00010609 0.000125079 3.25453e-05 0.000134484 0 2.5264e-05 9.97703e-05 0.000143998 -5.87942e-05 0.000115907 -7.05212e-05 3.34852e-05 1.95078e-06 1.62667e-05 2.54057e-05 9.59953e-06 1.59207e-05 4.42625e-05 6.33148e-05 -1.79785e-05 0.000127016 5.87821e-05 -0.000105997 5.53497e-05 6.72393e-05 0 7.18874e-06 -5.60958e-06 0
internal_weight=0 10359 950 9409 3071 526 336 246 114 277 117 6338 3490 705 658 433 2785 4215 3926 673 628 1831 2848 506 268 2342 2545 1197 861 1101 680 2701 672 591 507 1225 1022 345 677 348 470 507 329 469 954 644 289 434 1213 252 684 203 1348 858 724 2029 1591 503 362 310 216 260 211 165 135 1241 739 502 238
internal_count=14574 10359 950 9409 3071 526 336 246 114 277 117 6338 3490 705 658 433 2785 4215 3926 673 628 1831 2848 506 268 2342 2545 1197 861 1101 680 2701 672 591 507 1225 1022 345 677 348 470 507 329 469 954 644 289 434 1213 252 684 203 1348 858 724 2029 1591 503 362 310 216 260 211 165 135 1241 739 502 238
is_linear=0
shrinkage=0.03


Tree=3
num_leaves=70
num_cat=0
split_feature=39 30 19 51 51 47 4 7 36 1 39 36 14 1 3 28 52 52 27 40 49 51 27 39 17 39 22 27 47 31 50 3 38 51 47 44 30 39 34 1 47 39 4 14 39 30 36 3 27 31 4 1 4 36 4 44 40 40 39 36 4 36 1 51 3 20 30 13 30
split_gain=0.00559941 0.00393506 0.00404316 0.00300352 0.00248402 0.00201631 0.00193929 0.00305148 0.00187652 0.0015758 0.00143371 0.00136511 0.00171133 0.00116442 0.000827332 0.000826492 0.000905698 0.000726822 0.000760092 0.000774848 0.000651363 0.000821778 0.000637036 0.00125291 0.000754984 0.000738144 0.000626412 0.000576583 0.000506236 0.000564378 0.000603359 0.000444598 0.000459455 0.000410424 0.000396112 0.000386998 0.000422173 0.000382318 0.000376877 0.000363728 0.000356157 0.000352945 0.00038517 0.000290269 0.000218945 0.000215275 0.000210695 0.00018081 0.000249347 0.000179398 0.00016289 0.000160711 0.000205447 0.00013585 0.000122299 0.00115203 0.000680893 8.45125e-05 7.66034e-05 7.50459e-05 5.96102e-05 0.000465855 0.000436544 7.3724e-05 0.000144567 4.36334e-05 0.000505974 0.000337281 0.000332603
threshold=0.0064377252931106313 -164.28484954925446 0.0064316969484563566 61908.17470000001 95546.08140000001 66.019571077172742 1354.3689285714293 0.010796651442254073 1.0727690320554764 64215.635268789527 0.0037507747962308327 1.1941823537212393 216.1350000000057 52100.77827311428 -426.29304168460311 -68.035158264180481 0.025613273192561663 0.025613273192561663 -197.64539347884531 0.95279464928755508 60496.820500000009 57761.868000000009 94.274076365119882 0.0044622318794972924 0.012778495226240196 0.0058892764872640821 491.09990153487166 -29.708759591936225 11.426221536829244 0.0043271586851088223 0.012433794090095323 517.23315916210117 0.31227985444089895 43044.827600000011 19.008313510035396 77.907159109903333 34.144998097220565 0.0019814845632200257 -0.29578514873095224 96218.842350523992 52.540223565947301 0.0054742744004584775 244.70678571428499 86.234999999996958 0.003632975026329793 -69.409549456589602 1.2711649403845746 -199.14221509946546 95.96005685325234 0.003706354959187154 617.94035714285735 62305.499802331069 261.08107142857165 0.82069749673064918 944.03142857143041 86.96721567570539 1.1384222931486137 1.3705457523490068 0.002967129117850536 1.1340318180498665 324.13250000000107 1.1608132769404051 55853.118828201565 39963.149400000002 -194.25972896881788 -0.016341025342629708 -4.0238780938701977 21.484999999996948 257.58774974662612
decision_type=2 2 2 2 2 2 2 2 2 2 2 2 2 2 2 2 2 2 2 2 2 2 2 2 2 2 2 2 2 2 2 2 2 2 2 2 2 2 2 2 2 2 2 2 2 2 2 2 2 2 2 2 2 2 2 2 2 2 2 2 2 2 2 2 2 2 2 2 2
left_child=3 6 4 10 5 13 7 -2 9 14 11 27 34 -3 -5 -15 -17 18 -10 47 21 60 25 -24 39 35 38 33 -16 -30 -31 32 -21 -1 -13 50 -37 -36 -27 -25 41 42 -23 58 53 -39 51 -20 -49 -35 -11 52 -22 -45 65 56 -56 -51 -29 -60 63 62 -62 -12 -65 -4 -67 -68 -69
right_child=1 2 54 8 -6 -7 -8 -9 17 22 20 12 -14 15 28 16 -18 -19 19 31 46 40 23 24 -26 26 -28 43 29 30 -32 -33 -34 49 37 36 -38 45 -40 -41 -42 -43 -44 44 -46 -47 -48 48 -50 57 -52 -53 -54 -55 55 -57 -58 -59 59 -61 61 -63 -64 64 -66 66 67 68 -70
leaf_value=0 0 0 0 0 0 0 0 -0.00031794034992944345 0 1.8594752619783291e-06 0 0 0 0 0 0.00019323502974435359 0 0 0 -6.4458954129045003e-05 0 0 0 -0.00011418333702820347 0 0 0 0 0 -9.2805545334750505e-05 0 0 0 0 0 0 4.4876000685991244e-05 0 0.00013134894544110455 0 0 0 -8.5459934794484085e-05 0 0 0.00012111997652288143 0 -2.0699088484145503e-05 0 7.5010087723507185e-05 -1.5726326531627171e-05 0 7.4350146690790447e-05 -5.4519814608502483e-05 0.0001904793353995834 0 0 0 1.859103952278624e-05 0 6.5983251532303959e-05 0 0 0 -2.2636278746159917e-05 0 0 -6.5413442943818728e-05 0
leaf_weight=83 103 51 61 62 49 54 37 45 229 2808 42 88 96 32 33 495 42 245 188 1550 30 31 419 180 30 39 35 410 192 422 33 37 200 30 32 190 377 30 111 53 121 88 267 68 36 401 32 1131 106 206 553 38 158 193 48 55 30 30 410 30 198 111 149 44 386 58 39 256 62
leaf_count=83 103 51 61 62 49 54 37 45 229 2808 42 88 96 32 33 495 42 245 188 1550 30 31 419 180 30 39 35 410 192 422 33 37 200 30 32 190 377 30 111 53 121 88 267 68 36 401 32 1131 106 206 553 38 158 193 48 55 30 30 410 30 198 111 149 44 386 58 39 256 62
internal_value=0 5.60768e-05 7.8474e-05 -4.58571e-06 0.00012795 0.000144482 -2.40978e-05 -0.000111708 -1.47446e-05 -7.86236e-07 1.59179e-05 3.24919e-05 7.30525e-05 0.000160051 -4.32324e-05 0.000172483 0.000181399 -3.16407e-05 -3.55314e-05 -3.95653e-05 0 -1.26275e-05 2.65796e-06 -1.79076e-05 -7.14843e-05 9.71635e-06 7.41783e-05 4.90803e-06 -5.59779e-05 -6.32208e-05 -8.24423e-05 -5.61148e-05 -5.86857e-05 3.98486e-05 9.51755e-05 2.85304e-06 2.58861e-05 0.000107459 0.000102606 -9.3148e-05 -4.36921e-05 -5.7758e-05 -7.33731e-05 0 -2.93256e-05 0.000114896 3.7163e-05 -8.27669e-06 -1.45055e-05 5.8894e-05 0 4.91265e-05 6.05578e-05 -4.16163e-05 0 2.87139e-05 0.000120872 6.77582e-05 2.51869e-06 1.29907e-05 0 1.06565e-05 3.68289e-05 -1.82931e-06 -1.25618e-05 0 -9.72177e-06 -3.71971e-05 -5.00612e-05
internal_weight=0 1517 1332 13061 723 674 185 148 9223 5537 3838 2143 647 620 742 569 537 3686 3441 3212 1695 1437 4795 682 263 4113 185 1496 680 647 455 1787 1750 349 551 3928 567 463 150 233 507 386 298 1147 297 431 258 1425 1237 266 3361 226 188 261 609 133 78 236 850 440 930 458 347 472 430 476 415 357 318
internal_count=14578 1517 1332 13061 723 674 185 148 9223 5537 3838 2143 647 620 742 569 537 3686 3441 3212 1695 1437 4795 682 263 4113 185 1496 680 647 455 1787 1750 349 551 3928 567 463 150 233 507 386 298 1147 297 431 258 1425 1237 266 3361 226 188 261 609 133 78 236 850 440 930 458 347 472 430 476 415 357 318
is_linear=0
shrinkage=0.03


Tree=4
num_leaves=64
num_cat=0
split_feature=51 32 1 28 47 4 4 51 51 47 51 43 32 50 33 32 10 1 39 32 47 33 14 36 6 18 0 51 47 39 47 27 28 47 0 39 0 3 39 47 7 20 1 32 18 39 39 0 47 3 43 32 52 51 39 5 27 3 7 14 28 28 39
split_gain=0.00404579 0.00324423 0.00336622 0.00369128 0.00240228 0.0014628 0.0038146 0.00357025 0.00484429 0.00333451 0.00277721 0.00274676 0.00214453 0.00210055 0.00625494 0.00460287 0.00199227 0.00134191 0.00129921 0.00160962 0.00125933 0.00114368 0.00128502 0.00124637 0.00116404 0.00140117 0.00107633 0.000891918 0.00104958 0.000849427 0.00078598 0.00075243 0.000718027 0.000697842 0.000586327 0.000522045 0.00054208 0.000502837 0.000497433 0.000517806 0.000452068 0.00041567 0.000388648 0.000300428 0.000701284 0.00019613 0.000377592 0.000633386 0.000332881 0.000195631 0.000171548 0.000162308 0.000190989 0.00013407 0.000157431 0.000232895 0.000223779 0.000111613 9.64176e-05 5.70027e-05 1.74761e-05 8.89127e-06 1.73184e-06
threshold=61908.17470000001 904.10125000000107 83304.892976199015 43.835296229669048 55.89973985501468 617.94035714285735 452.74214285714339 82822.835500000016 94419.658800000019 20.212085450932403 74813.451300000015 22.522768784506681 492.38316071428585 -0.015382918360090782 1.0682672901423382 511.71646428571472 0.0058666438132896235 94499.240399204995 0.0047076087870406612 757.22617857142836 51.311515320330692 0.8624497938404877 193.76499999999945 0.95084619343052057 1325.5749999999973 0.012695760358830023 63965.975059307391 95643.673400000014 25.561591670287832 0.005606122887380327 10.643812879623104 -19.339354565406342 18.691655638300407 25.561591670287832 99772.511145320386 0.0025930793466228531 68480.019013997182 313.5284221350459 0.0018623653570498258 15.495787639411022 0.0015804476301074196 0.011202466851196859 67086.186912240097 623.45176785714341 0.0034737377282563213 0.0055700768820014434 0.0040576546005899406 60152.22414135329 53.280772113709368 -267.02007158093892 79.758777849837927 478.42251785714296 -0.010727443440226676 43572.861800000006 0.0029003737025505389 -1362.1100000000004 90.521233757143321 139.2424749235299 0.003053999428110818 28.864999999997966 5.8785347172459845 -17.220244910735882 0.0052344516268896272
decision_type=2 2 2 2 2 2 2 2 2 2 2 2 2 2 2 2 2 2 2 2 2 2 2 2 2 2 2 2 2 2 2 2 2 2 2 2 2 2 2 2 2 2 2 2 2 2 2 2 2 2 2 2 2 2 2 2 2 2 2 2 2 2 2
left_child=21 5 3 4 -3 6 10 13 9 -9 29 -11 -13 18 26 -16 -17 20 -7 42 35 45 23 53 25 38 -15 28 -12 30 -2 -28 -30 -29 43 -8 -37 -35 -25 -40 -32 49 -20 -10 -45 46 60 48 -48 -36 59 57 -53 -23 -55 -56 -57 -19 -54 -47 61 -1 -24
right_child=1 2 -4 -5 -6 7 17 8 34 11 27 12 -14 14 15 16 -18 51 19 -21 -22 22 62 24 -26 -27 31 33 32 -31 40 -33 -34 37 41 36 -38 -39 39 -41 -42 -43 -44 44 -46 50 47 -49 -50 -51 -52 52 58 54 55 56 -58 -59 -60 -61 -62 -63 -64
leaf_value=0 0 0.00031825553240956488 0 0 0 0 0 0 0 0 0 0 -0.00026206889899454847 0 0 0 0.00023746695670798267 2.7227627777667821e-05 -0.00025746144440921197 0 0 0 -2.4894650849753483e-06 0 0 0 0 0 5.7882722100207366e-05 0 0 -0.00015229190126327531 0 -5.430733996609728e-05 0 0 8.8906002713196034e-05 0 0 9.8197730020650289e-05 -4.4630410458670258e-05 0 0 7.6887867296475588e-05 0 0 -6.281194910169267e-05 0 0 -0.00010794717162246563 0 0 0 0 0 3.6433351969929854e-05 0 0 -3.9646128401352484e-05 4.3556954228836526e-05 0 6.9134510062449241e-06 0
leaf_weight=32 60 100 427 40 34 47 66 62 176 92 394 37 263 45 67 42 214 135 59 31 427 198 251 49 221 117 45 241 669 197 129 87 140 418 32 407 570 63 51 952 3530 86 31 152 71 66 307 95 41 92 96 76 91 136 33 508 113 97 257 199 183 496 109
leaf_count=32 60 100 427 40 34 47 66 62 176 92 394 37 263 45 67 42 214 135 59 31 427 198 251 49 221 117 45 241 669 197 129 87 140 418 32 407 570 63 51 952 3530 86 31 152 71 66 307 95 41 92 96 76 91 136 33 508 113 97 257 199 183 496 109
internal_value=0 -9.77833e-06 5.26205e-05 0.00016403 0.000244147 -1.51944e-05 -7.38654e-06 -4.2455e-05 -7.71747e-05 -0.000153392 -2.13283e-05 -0.000186794 -0.00023195 0 4.27382e-05 0.000137993 0.000200416 2.38595e-05 -7.6119e-05 -0.000132888 4.05528e-05 2.49905e-05 3.66864e-05 4.51203e-05 6.54822e-05 7.7421e-05 -4.64812e-05 1.28847e-06 2.32802e-05 -3.62748e-05 -3.98885e-05 -0.000101021 4.44147e-05 -1.45838e-05 0 5.83406e-05 6.41411e-05 -4.02929e-05 8.86481e-05 9.32112e-05 -4.25497e-05 -5.00686e-05 -0.000199288 0 3.47818e-05 0 -1.79492e-06 -2.78323e-05 -5.12008e-05 -8.51079e-05 2.18632e-05 0 -1.85503e-05 1.28028e-06 1.24375e-05 2.00827e-05 2.76042e-05 0 -3.02057e-05 3.51049e-05 0 5.45533e-06 0
internal_weight=0 10299 601 174 134 9698 7967 1731 1063 454 5841 392 300 668 500 323 256 2126 168 121 1470 4253 2738 2378 1390 1169 177 1925 1203 3916 3719 132 809 722 609 1043 977 481 1052 1003 3659 210 90 399 223 1515 1154 443 348 124 361 656 424 988 790 654 621 232 348 265 711 528 360
internal_count=14552 10299 601 174 134 9698 7967 1731 1063 454 5841 392 300 668 500 323 256 2126 168 121 1470 4253 2738 2378 1390 1169 177 1925 1203 3916 3719 132 809 722 609 1043 977 481 1052 1003 3659 210 90 399 223 1515 1154 443 348 124 361 656 424 988 790 654 621 232 348 265 711 528 360
is_linear=0
shrinkage=0.03


Tree=5
num_leaves=70
num_cat=0
split_feature=51 8 50 22 7 47 3 27 7 40 4 14 4 7 51 7 51 51 49 43 7 36 51 31 26 27 51 1 4 51 8 22 36 47 47 7 49 4 47 8 30 51 51 8 18 30 40 36 31 47 36 33 30 51 51 47 26 44 7 7 49 40 40 33 8 27 18 17 1
split_gain=0.00409978 0.00311192 0.00354538 0.0023128 0.00248769 0.00328285 0.00342698 0.00273883 0.00266575 0.00202422 0.00328587 0.00304721 0.00297363 0.00215609 0.00170522 0.001701 0.00275026 0.00185694 0.00167527 0.00157307 0.00139065 0.00143689 0.0013531 0.00149173 0.00188051 0.00238164 0.00250346 0.00146349 0.00126475 0.00321045 0.00108769 0.00253133 0.00108642 0.00097894 0.000954478 0.00188244 0.00172493 0.000932906 0.00106324 0.000822973 0.00149546 0.000902142 0.000795221 0.00143352 0.000774165 0.000750837 0.000617073 0.000604932 0.00058443 0.000558492 0.000482392 0.000421093 0.000389659 0.000385768 0.000364 0.000641265 0.000353067 0.000454286 0.000347649 0.000401086 0.000459337 0.000283481 0.000421484 0.000276677 0.000232561 0.000142378 0.000138301 0.000129812 0.000117202
threshold=61908.17470000001 12341.275000000003 0.0063821159735137937 158.47634389672024 0.0051844380096625385 53.858641978607857 182.09323043688408 -21.076680176336861 0.009137207289492329 0.95279464928755508 664.76357142857285 79.56500000000598 1458.0496428571425 0.0050510288035368013 74813.451300000015 0.0067682923347246919 94779.871000000028 68147.46580000002 46853.055000000008 47.012695455706563 0.009491573642007093 0.83441187894918889 57761.868000000009 0.0058424183180812448 0.0033662611180550125 -148.4758359366173 52147.561700000013 60891.365562811879 695.72250000000042 82822.835500000016 7877.5750000000007 -78.20690181272947 0.83441187894918889 16.624832659801168 24.452395325097211 0.0034919989540924188 65641.128000000012 464.82500000000078 10.643812879623104 8025.0000000000009 -0.80332402124797453 59494.83430000001 45050.202100000002 8528.9750000000022 -0.012247775845892926 16.401793247219938 1.5432095125263199 0.63970575577092281 0.0041667858220554256 68.585462351986692 1.1548428524978409 0.81558470283592499 138.04995471176559 59644.190500000004 96877.222400000013 51.804406141104074 0.014147059193182638 91.891522558695456 0.0030112197964060109 0.0042521605319513637 66939.340000000011 0.82281839199933027 1.181678953202272 0.72750511029552156 9902.3250000000025 -64.191692202002713 0.024893603821985581 0.0065598624239970879 65293.588021572104
decision_type=2 2 2 2 2 2 2 2 2 2 2 2 2 2 2 2 2 2 2 2 2 2 2 2 2 2 2 2 2 2 2 2 2 2 2 2 2 2 2 2 2 2 2 2 2 2 2 2 2 2 2 2 2 2 2 2 2 2 2 2 2 2 2 2 2 2 2 2 2
left_child=18 3 20 9 34 6 -6 -8 -9 13 14 -12 19 30 37 16 17 -15 42 -13 21 -3 23 -20 25 -25 -27 39 -4 -30 68 -32 -33 -23 58 -36 -37 38 -11 41 -41 51 61 -44 -42 -45 50 -38 -29 52 -35 -24 -50 -46 55 -16 -26 66 -5 60 -60 -1 63 -63 67 -53 -58 -65 -2
right_child=1 2 28 4 5 -7 7 8 -10 10 11 12 -14 15 54 -17 -18 -19 22 -21 -22 33 27 24 56 26 -28 48 29 -31 31 32 -34 46 35 36 47 -39 -40 40 44 -43 43 45 53 -47 -48 -49 49 -51 -52 65 -54 -55 -56 -57 57 -59 59 -61 -62 62 -64 64 -66 -67 -68 -69 -70
leaf_value=0 -2.015907303557913e-06 0 0 0 0 0 0 0.0002694190591050008 0 0 0 -0.00020671330917367481 0 0 3.7295991557979931e-05 0 0 0.00031749685598349075 0 0 0 0 0 0 0 0 0.00028543036356336635 0 0 -0.00024912221323679205 0 0 -8.9319154529233312e-05 0.00015643934228517465 0 0 0 0 -5.7415226000997164e-05 0 0 0 0 -0.00023122670868002442 -0.00013170429872571597 0 0 -8.1495114523500646e-05 9.2372992134767722e-05 0 0 0 0 0 -9.9084257312080916e-06 0 9.6378139567138192e-05 0 0 0 9.3897375292670149e-05 0 0 5.9087901876356316e-05 0 7.5506589352678644e-05 0 0 1.0566803454152e-05
leaf_weight=278 307 96 105 121 66 176 117 179 38 33 189 348 35 30 629 61 30 70 560 129 41 30 120 41 199 62 154 156 72 65 715 150 596 365 1117 193 60 401 1393 255 31 344 128 49 175 31 31 689 338 46 33 30 31 66 296 84 93 34 43 75 144 66 259 356 36 246 34 32 933
leaf_count=278 307 96 105 121 66 176 117 179 38 33 189 348 35 30 629 61 30 70 560 129 41 30 120 41 199 62 154 156 72 65 715 150 596 365 1117 193 60 401 1393 255 31 344 128 49 175 31 31 689 338 46 33 30 31 66 296 84 93 34 43 75 144 66 259 356 36 246 34 32 933
internal_value=0 -1.01059e-05 4.05121e-05 -1.61856e-05 1.05493e-06 6.0732e-05 0.000112634 0.000156237 0.000221075 -2.66114e-05 -4.24087e-05 -0.00010717 -0.000145163 -2.10107e-06 -2.10968e-05 8.63933e-05 0.000150611 0.00023256 2.49189e-05 -0.000167993 8.71418e-05 0.000102016 3.70845e-05 6.62812e-05 0.000102721 0.000178348 0.000218478 1.02159e-05 -1.24152e-05 -9.24672e-05 -1.39262e-05 -3.2067e-05 -7.1169e-05 0.00012408 -6.88953e-06 -1.95632e-05 -5.13211e-05 -3.91228e-05 -5.04919e-05 0 -3.52209e-05 1.07958e-05 0 -5.71353e-05 -8.56767e-05 -0.000156467 0.000136098 -7.33715e-05 5.13854e-05 6.99838e-05 0.000146141 4.75963e-05 8.28722e-05 -0.000105678 0 2.04535e-05 6.94926e-06 4.55561e-05 2.20673e-05 4.36277e-05 6.77491e-05 5.84155e-06 1.9677e-05 3.69459e-05 4.65169e-05 6.79649e-05 7.63905e-05 5.38802e-05 0
internal_weight=0 10285 838 9447 3018 576 400 334 217 6429 3537 701 512 2892 2836 191 130 100 4250 477 596 555 3015 1177 617 257 216 1838 242 137 2701 1461 746 459 2442 2059 942 1827 1426 1267 527 740 1235 208 272 80 429 749 571 415 398 396 369 241 1009 713 360 161 383 262 187 1027 749 490 424 276 127 388 1240
internal_count=14535 10285 838 9447 3018 576 400 334 217 6429 3537 701 512 2892 2836 191 130 100 4250 477 596 555 3015 1177 617 257 216 1838 242 137 2701 1461 746 459 2442 2059 942 1827 1426 1267 527 740 1235 208 272 80 429 749 571 415 398 396 369 241 1009 713 360 161 383 262 187 1027 749 490 424 276 127 388 1240
is_linear=0
shrinkage=0.03


Tree=6
num_leaves=67
num_cat=0
split_feature=51 32 1 40 8 27 2 7 14 17 32 51 33 33 38 51 51 26 1 12 8 32 9 47 8 13 27 32 7 20 20 32 26 47 10 6 8 27 8 27 51 16 27 8 1 1 51 51 32 6 51 25 1 51 8 51 32 27 8 2 11 51 51 51 17 47
split_gain=0.00362062 0.00344221 0.00430298 0.00556773 0.00275456 0.00286197 0.00182226 0.00257506 0.00254565 0.00179769 0.00113798 0.00150426 0.00112948 0.00108116 0.00116641 0.000992762 0.00122774 0.00146353 0.00125682 0.00117467 0.000811853 0.0010067 0.00117055 0.000718059 0.000702404 0.000701426 0.00067386 0.000717869 0.000884884 0.000653432 0.000618555 0.000541343 0.000653963 0.000539721 0.000581495 0.000529664 0.00120127 0.000406027 0.000350143 0.00144822 0.000842917 0.000628278 0.000517113 0.000221961 0.000821883 0.000249348 0.000193873 0.000492342 0.000175022 0.000157713 0.000109521 0.000165114 0.000109383 0.000452152 8.77898e-05 7.57984e-05 7.04992e-05 9.13534e-05 6.69668e-05 0.000259729 5.14733e-05 1.05904e-05 2.89964e-06 2.78978e-05 5.43655e-07 1.41169e-07
threshold=61908.17470000001 904.10125000000107 87521.44483606545 1.1040395199119011 12184.225000000002 86.834179054318426 158.47634389672024 0.0063387087052343642 71.51500000000307 0.011308198677035588 497.61228571428677 63868.042700000005 0.92141333324074948 1.4424235590352543 0.1135504304374675 46914.068200000002 57761.868000000009 0.003545478205383997 60966.664022628633 0.0006379159749202234 10250.525000000001 425.28692857142983 368.20000000000806 25.064052532214799 5525.8500000000013 18.33000000000175 153.4761421151463 809.71273214285645 0.005257692667546744 0.028956837530598637 -0.0039242528782838506 702.69867857142845 0.0022108283272823429 18.807045956012175 0.0027962784598499807 -787.59499999999377 7901.8750000000009 -148.4758359366173 8025.0000000000009 24.977794723646429 59494.83430000001 0.003308395891580385 7.6326888544934031 8391.0500000000011 43793.425649186414 46277.924733546919 46093.714000000007 43044.827600000011 469.14564285714238 -2804.8950000000036 56343.026900000004 0.0019143482879777551 88406.72753371326 96109.890400000018 5627.5000000000009 55261.189500000008 348.66678571428599 -36.896199857099653 5753.1500000000005 -179.8398844536168 55.490000000001608 89637.391800000027 58660.029500000011 60667.875700000004 -0.0016121478291230005 34.218223257774056
decision_type=2 2 2 2 2 2 2 2 2 2 2 2 2 2 2 2 2 2 2 2 2 2 2 2 2 2 2 2 2 2 2 2 2 2 2 2 2 2 2 2 2 2 2 2 2 2 2 2 2 2 2 2 2 2 2 2 2 2 2 2 2 2 2 2 2 2
left_child=15 4 3 49 6 10 7 25 -9 12 -6 -12 -10 14 -13 43 17 19 38 -17 21 56 -23 -24 -20 64 27 28 -22 30 -26 -7 -33 -21 -35 48 -37 -36 40 62 42 -41 -18 46 -45 -46 47 -1 -27 -3 55 -52 -4 61 -44 -19 65 -58 -42 -60 -53 -54 -40 -64 -2 -8
right_child=1 2 52 -5 5 31 20 8 9 -11 11 13 -14 -15 -16 16 18 50 24 33 26 22 23 -25 29 35 -28 -29 -30 -31 -32 32 -34 34 37 36 -38 -39 39 41 58 -43 54 44 45 -47 -48 -49 -50 -51 51 60 53 -55 -56 -57 57 -59 59 -61 -62 -63 63 -65 -66 -67
leaf_value=0 0 0 -4.0338416747394798e-05 0 0 0 0 0 0 0 0 0.00018103299033605546 -0.00024092527447923588 0 0 0 0 0 0 0 0 0 0 -8.2858537794662954e-05 0 -1.3344989123649255e-05 0 0 0.00013469224657931559 0 0.00010462776787959461 0 -0.00012235058977666055 0 0 -7.0506384651300229e-07 -4.9880658874446271e-05 0.00014371214371101056 0 -0.00011373038115134449 0 0 0 0 -9.1454253651550294e-05 0 0 5.6871403887408657e-05 0 0.00027203420433289792 0 0 0 0 8.1329840529167392e-05 -2.6053629010662075e-05 0 1.9489398335499476e-05 0 -4.2620681426398315e-05 4.7423816547376484e-05 7.0204074078132037e-05 1.2941347993716873e-05 0 9.4105874155518989e-07 -5.3106064156513629e-07
leaf_weight=543 376 41 60 101 129 124 189 101 31 33 57 239 169 51 34 97 172 243 74 59 513 379 85 410 84 884 129 30 141 103 276 30 72 51 33 1459 1928 393 113 168 105 48 35 240 128 42 66 218 571 147 34 30 59 136 197 100 112 383 120 162 130 84 165 43 552 450
leaf_count=543 376 41 60 101 129 124 189 101 31 33 57 239 169 51 34 97 172 243 74 59 513 379 85 410 84 884 129 30 141 103 276 30 72 51 33 1459 1928 393 113 168 105 48 35 240 128 42 66 218 571 147 34 30 59 136 197 100 112 383 120 162 130 84 165 43 552 450
internal_value=0 -8.59497e-06 5.48347e-05 0.000141085 -1.42733e-05 3.46065e-05 -1.99865e-05 -2.92013e-05 -0.000121194 -0.00017565 8.21872e-05 0.000108275 -0.000209763 0.000133995 0.000157672 2.4182e-05 3.34278e-05 6.11588e-05 7.9784e-06 9.48168e-05 0 -1.02866e-05 -3.57642e-05 -6.62084e-05 4.82221e-05 -2.12668e-05 2.52374e-05 4.05336e-05 5.20137e-05 6.37222e-05 8.27767e-05 -6.48501e-06 -6.96146e-05 0.000112188 0.00012312 -2.58711e-05 -3.31288e-05 0.000134901 0 -2.40401e-05 2.38267e-06 -8.63429e-05 4.34017e-05 0 -1.6418e-05 -7.06213e-05 1.03774e-05 1.86053e-05 0 0.000239068 0 2.25118e-05 0 0 7.26565e-05 0 0 1.1316e-05 -1.72931e-06 -1.47461e-05 3.92429e-05 5.32522e-05 0 3.53785e-06 0 0
internal_weight=0 10289 628 289 9661 736 8925 6104 334 233 510 381 200 324 273 4272 3035 1170 1865 633 2821 2008 874 495 537 5770 813 684 654 463 360 226 102 536 477 4842 3387 426 1328 537 791 216 404 1237 410 170 827 761 1455 188 537 194 339 279 232 343 1134 495 387 282 160 143 321 208 928 639
internal_count=14561 10289 628 289 9661 736 8925 6104 334 233 510 381 200 324 273 4272 3035 1170 1865 633 2821 2008 874 495 537 5770 813 684 654 463 360 226 102 536 477 4842 3387 426 1328 537 791 216 404 1237 410 170 827 761 1455 188 537 194 339 279 232 343 1134 495 387 282 160 143 321 208 928 639
is_linear=0
shrinkage=0.03


Tree=7
num_leaves=49
num_cat=0
split_feature=32 49 28 51 33 14 47 27 30 39 27 39 32 31 0 33 32 30 51 4 39 39 4 0 0 50 39 38 30 20 32 31 30 49 2 49 39 49 3 39 47 4 3 47 31 20 31 30
split_gain=0.00429851 0.00674333 0.00909779 0.00354991 0.00151808 0.00152462 0.00180631 0.00162667 0.00133057 0.00266633 0.00139174 0.00382455 0.00371108 0.00276784 0.00322662 0.00245491 0.00196825 0.00195649 0.00175047 0.00131314 0.00125119 0.00111698 0.00106329 0.000911176 0.000965895 0.000859932 0.000842012 0.000666727 0.000449431 0.000303399 0.000611536 0.000398164 0.000554434 0.000972958 0.00091421 0.000362238 0.000560798 0.00020727 0.000226403 0.000634829 0.000115091 0.000205849 7.8561e-05 8.2631e-05 8.03405e-05 9.16007e-05 1.2721e-05 1.01523e-05
threshold=922.10264285714322 83535.947750000007 33.975013057732902 61908.17470000001 1.0960583742433287 212.99000000000527 65.066163805221393 85.129857421731728 -287.07858613660744 0.0050575264782284617 86.834179054318426 0.0064377252931106313 578.1338571428571 0.012849659226176377 96497.873925827822 0.92141333324074948 834.86578571428572 -126.11163566537354 74813.451300000015 464.82500000000078 0.0093197665022498686 0.0018623653570498258 710.24357142857184 97469.665272312312 92450.166030980705 0.0055439011338742333 0.0050004151612504004 -0.26784664783130263 61.997206037181286 -0.0083126328125738263 478.42251785714296 0.005600715537856976 -31.480023348862801 60994.592750000003 491.09990153487166 58713.195750000006 0.0083413853080569322 56537.96575000001 136.19909594855051 0.0029147834005572248 27.484672662412205 158.18642857142709 13.513923078292725 32.124213181518691 0.0076274526024333825 0.031191757938609736 0.0045587749315642058 85.0634145905195
decision_type=2 2 2 2 2 2 2 2 2 2 2 2 2 2 2 2 2 2 2 2 2 2 2 2 2 2 2 2 2 2 2 2 2 2 2 2 2 2 2 2 2 2 2 2 2 2 2 2
left_child=3 2 22 4 29 6 7 21 9 -5 11 18 42 14 15 -14 17 -13 19 25 -19 -6 -2 24 -20 -10 -21 -23 -25 30 -1 37 -33 34 -34 36 -32 40 39 -39 41 -31 43 -12 -44 -46 -45 -24
right_child=1 -3 -4 8 5 -7 -8 -9 10 -11 12 16 13 -15 -16 -17 -18 20 23 26 -22 27 47 28 -26 -27 -28 -29 -30 31 35 32 33 -35 -36 -37 -38 38 -40 -41 -42 -43 44 46 45 -47 -48 -49
leaf_value=0 0 0 0 0 0 0 0 0 -3.7826280212085225e-05 -0.00025062192346366358 0 0 -2.2484431436264071e-05 0 0 -0.00029280063315877889 0 0.00018530543599662596 0 3.108724597539875e-05 0 0 0 -3.086300059725943e-05 3.4043060781303065e-05 0 -2.8181018911587597e-05 0.00010466846441444528 0 0 0.00014696472576664139 0 -8.3652385647441666e-05 0 0 0 0 0 0 5.5296621458226304e-05 0 -3.3362933993575057e-05 0 0 0 4.7529788495994847e-05 -3.2575510282679148e-05 0.00045422917524864134
leaf_weight=455 32 398 75 41 35 205 135 230 3094 69 179 43 229 43 102 154 74 214 1264 563 33 73 34 733 1212 486 268 797 101 116 76 167 365 71 38 58 30 137 250 314 361 259 511 81 36 68 147 91
leaf_count=455 32 398 75 41 35 205 135 230 3094 69 179 43 229 43 102 154 74 214 1264 563 33 73 34 733 1212 486 268 797 101 116 76 167 365 71 38 58 30 137 250 314 361 259 511 81 36 68 147 91
internal_value=0 7.61437e-05 0.000204514 -3.91313e-06 1.76752e-05 4.25374e-05 5.6404e-05 7.06494e-05 -1.46951e-05 -0.000133376 -1.17765e-05 -4.60729e-06 -3.94843e-05 -0.000104372 -0.000130343 -0.000170529 8.61808e-05 0.000124165 -1.08353e-05 -2.36715e-05 0.000158776 8.87465e-05 0.00033724 1.7404e-06 1.47103e-05 -3.19446e-05 0 9.66822e-05 -1.87759e-05 0 2.09223e-05 -9.50491e-07 -2.36967e-05 -4.25533e-05 -6.55711e-05 7.06704e-05 0.000103804 0 1.63071e-05 2.94018e-05 0 -1.66088e-05 0 -1.31723e-05 0 2.63045e-05 -2.51971e-05 0.000387756
internal_weight=0 630 232 13917 4172 1475 1270 1135 9745 110 9635 8085 1550 528 485 383 364 290 7721 4411 247 905 157 3310 2476 3580 831 870 834 2697 619 2078 641 474 403 164 106 1437 701 451 736 375 1022 407 615 104 228 125
internal_count=14547 630 232 13917 4172 1475 1270 1135 9745 110 9635 8085 1550 528 485 383 364 290 7721 4411 247 905 157 3310 2476 3580 831 870 834 2697 619 2078 641 474 403 164 106 1437 701 451 736 375 1022 407 615 104 228 125
is_linear=0
shrinkage=0.03


Tree=8
num_leaves=59
num_cat=0
split_feature=32 28 1 40 4 1 8 4 27 20 47 8 4 25 32 3 0 32 32 1 18 26 32 2 0 27 31 49 31 20 40 8 49 0 47 47 40 35 32 6 35 23 49 47 30 2 20 8 35 20 20 49 27 47 6 47 47 6
split_gain=0.00366396 0.00403689 0.0091102 0.00275027 0.00286944 0.00226629 0.00217415 0.00400559 0.00342402 0.00281741 0.00253496 0.00170195 0.00152748 0.00339506 0.00132654 0.00210436 0.002072 0.00168909 0.00122365 0.00120982 0.00117897 0.00114182 0.00103047 0.000935995 0.00187587 0.00120296 0.000924617 0.00109473 0.00145745 0.00142745 0.000889486 0.000676581 0.000610506 0.000598325 0.000585101 0.000487697 0.000653577 0.000516673 0.000837194 0.000435516 0.000395079 0.000392487 0.000592585 0.000618626 0.000296582 8.59885e-05 0.000251581 6.04813e-05 0.000186453 4.9204e-05 3.66492e-05 0.00012494 0.000148361 2.18588e-05 0.000480059 1.73234e-05 0.000133872 1.82919e-06
threshold=904.10125000000107 29.078919090343394 83304.892976199015 1.0916236812508344 747.8064285714305 58714.829791849894 11270.675000000001 617.94035714285735 86.834179054318426 0.011647800744259753 20.212085450932403 8325.1250000000018 695.72250000000042 0.015908463559534406 530.4214464285734 289.04497130279293 98032.339883802415 757.22617857142836 455.53028571428581 43435.222260558709 0.0073438903669672548 0.0028048954527735022 437.76055357142826 208.46162230318444 43804.525183481688 37.762183693934581 0.0065206574276103968 75183.917000000016 0.0054158549622481192 0.0040379483371999489 0.94404139764233619 6507.9500000000016 95545.772250000024 57598.619928308144 46.610468794069597 15.495787639411022 0.56569239526829518 416.80999999999773 332.51221428571495 -617.02000000000396 -727.45000000000061 0.00080566922033121048 59492.000750000007 50.933298921581049 -2.4491172694685854 -157.2001469913375 -0.021375895456777868 10487.825000000003 2689.2349999999938 -0.015386941235965011 -0.0066884596830692469 68881.775000000023 -13.389979994465817 27.322696972625149 1630.8449999999941 42.797272551625944 20.798049648359019 -344.07500000000067
decision_type=2 2 2 2 2 2 2 2 2 2 2 2 2 2 2 2 2 2 2 2 2 2 2 2 2 2 2 2 2 2 2 2 2 2 2 2 2 2 2 2 2 2 2 2 2 2 2 2 2 2 2 2 2 2 2 2 2 2
left_child=5 2 3 4 -2 11 7 26 14 10 -9 19 -10 39 50 16 17 -16 23 -1 -6 33 -12 24 -13 34 27 28 29 -7 -24 -30 40 -20 -26 -21 -37 38 -38 -14 -29 45 -43 -44 -34 46 -28 -3 -49 -47 51 -8 -53 -4 -55 56 -11 -52
right_child=1 47 53 -5 20 6 8 9 12 55 22 18 13 -15 15 -17 -18 -19 21 35 -22 -23 30 -25 25 -27 41 32 31 -31 -32 -33 44 -35 -36 36 37 -39 -40 -41 -42 42 43 -45 -46 49 -48 48 -50 -51 57 52 -54 54 -56 -57 -58 -59
leaf_value=0 0 0 0 0 0.00066587221121268446 -2.5091301308070573e-05 0 0 0 0 0 0 0 0 0.00016958095675655136 0 0 0 0.00012312847030447469 0 0 0 0 0 -0.00017273873355806067 0 0 0 0 1.0370297674248356e-05 -0.0001685715231224566 -6.157876576830334e-05 0 0 0 0 9.7739714492982364e-05 0 0 -0.00027213741207880704 2.3610597833400557e-05 0 6.89236278624758e-05 0 -2.7388814729471065e-05 0 3.2318719432906022e-05 0 -6.4451866712482095e-05 -2.3910528406633329e-05 0 -5.0750472579829158e-05 0 5.3725464492865176e-05 0 -8.5455229116982139e-06 2.9709826199245726e-05 1.288773334387423e-05
leaf_weight=608 41 41 68 43 47 2076 109 86 281 32 49 221 30 53 330 154 53 110 119 87 30 87 93 164 167 45 199 293 87 1309 433 1054 593 34 82 62 610 170 342 72 1213 32 330 176 660 32 217 108 53 211 30 95 30 156 95 213 136 208
leaf_count=608 41 41 68 43 47 2076 109 86 281 32 49 221 30 53 330 154 53 110 119 87 30 87 93 164 167 45 199 293 87 1309 433 1054 593 34 82 62 610 170 342 72 1213 32 330 176 660 32 217 108 53 211 30 95 30 156 95 213 136 208
internal_value=0 6.75e-05 0.000118461 0.000304171 0.000383381 -3.67995e-06 -1.06614e-05 -1.68962e-05 1.78753e-05 -7.44179e-05 -0.000112076 1.86007e-05 -3.54003e-05 -0.000111169 5.20386e-05 8.0783e-05 0.000111356 0.000134631 -1.58932e-06 3.64541e-05 0.000507997 3.19538e-05 -0.000135655 -3.55354e-05 -5.74337e-05 -0.000107269 -8.0574e-06 -1.31308e-05 -2.22525e-05 -6.94792e-06 -0.000147907 -5.44931e-05 0 9.1074e-05 -0.000133871 5.31102e-05 5.8296e-05 6.41106e-05 7.30201e-05 -0.000220361 1.4595e-05 1.02861e-05 2.98538e-05 4.47272e-05 -1.35029e-05 0 1.34718e-06 0 -1.83589e-05 -1.77403e-05 0 0 -2.9933e-05 0 8.84433e-06 0 0 1.17601e-05
internal_weight=0 682 480 161 118 13877 11079 9524 1555 1042 661 2798 436 155 1119 647 493 440 919 1879 77 240 575 679 515 294 8482 7285 4526 3385 526 1141 2759 153 249 1271 1184 1122 952 102 1506 1197 538 506 1253 659 416 202 161 243 472 234 125 319 251 381 168 238
internal_count=14559 682 480 161 118 13877 11079 9524 1555 1042 661 2798 436 155 1119 647 493 440 919 1879 77 240 575 679 515 294 8482 7285 4526 3385 526 1141 2759 153 249 1271 1184 1122 952 102 1506 1197 538 506 1253 659 416 202 161 243 472 234 125 319 251 381 168 238
is_linear=0
shrinkage=0.03


Tree=9
num_leaves=61
num_cat=0
split_feature=32 1 30 51 33 4 4 20 3 51 43 49 35 36 35 47 33 40 40 1 51 51 12 30 0 32 47 2 47 49 33 6 40 51 30 47 49 51 4 3 31 9 51 2 33 6 3 25 2 0 35 23 20 33 52 4 30 1 47 52
split_gain=0.00319907 0.00548452 0.00818365 0.0034378 0.0015559 0.00149518 0.00284073 0.0026671 0.00289263 0.00394089 0.00368328 0.00205995 0.00174276 0.00165033 0.00139034 0.00109568 0.00170011 0.00105805 0.00254725 0.00101012 0.000979311 0.00194854 0.000901373 0.00105621 0.000848951 0.00133248 0.000782419 0.000760016 0.000709553 0.000895326 0.000698951 0.000682941 0.000648425 0.000828445 0.000735052 0.000949455 0.00105588 0.00123856 0.000586647 0.000546948 0.00040097 0.00036438 0.000332951 0.000327657 0.000270776 0.000264996 0.000230477 0.000221922 0.000187606 0.000162288 0.000159041 0.000134003 0.000402859 0.000128549 0.000463659 0.000378018 8.67849e-05 6.11817e-05 0.000187748 3.05478e-05
threshold=922.10264285714322 83304.892976199015 85.0634145905195 61908.17470000001 1.1366681855656291 617.94035714285735 455.08999999999918 0.012761269561842538 -498.21100763464977 63771.566600000013 14.499039118907429 66703.58100000002 -1480.6999999999969 1.0319289506763152 541.09000000000026 50.336551921704576 1.0682672901423382 0.79972342268481811 1.0521747425939025 94073.95633580783 68353.011800000022 74813.451300000015 0.010448178587174511 -74.093023813178689 99091.857028464801 511.71646428571472 11.426221536829244 208.46162230318444 73.598317005855975 43049.457750000009 0.73615417860717069 1410.8549999999998 0.7234489852378061 43572.861800000006 -13.523079233382976 48.386193115529927 60496.820500000009 39963.149400000002 399.80714285714413 118.88325798134876 0.0036831682447952784 487.47000000000122 95643.673400000014 -441.27065000953002 0.69782597298847016 793.67999999999677 470.26069708334512 0.00059110409995809536 -391.28230842114857 99772.511145320386 576.85999999999706 -0.013029413767329029 -0.03423871964274771 1.3190459194587685 0.027242019890580327 506.78857142857049 -287.07858613660744 97013.45278597124 65.066163805221393 0.00040099485042900288
decision_type=2 2 2 2 2 2 2 2 2 2 2 2 2 2 2 2 2 2 2 2 2 2 2 2 2 2 2 2 2 2 2 2 2 2 2 2 2 2 2 2 2 2 2 2 2 2 2 2 2 2 2 2 2 2 2 2 2 2 2 2
left_child=3 2 -2 4 32 6 11 8 51 -10 -11 26 -12 19 22 16 -9 -4 -19 27 38 30 23 -6 25 -18 -5 43 29 -25 -22 48 33 -1 40 36 37 -36 46 45 -34 44 -23 -8 -42 50 -13 -17 -28 -49 -35 56 -53 54 55 -15 -7 58 -55 -37
right_child=1 -3 17 5 14 7 13 15 9 10 12 20 -14 53 -16 47 24 18 -20 -21 21 42 -24 28 -26 -27 31 -29 -30 -31 -32 -33 34 39 35 59 -38 -39 -40 -41 41 -43 -44 -45 -46 -47 -48 49 -50 -51 -52 52 -54 57 -56 -57 -58 -59 -60 -61
leaf_value=0 0 0 0 0 0 -5.0021079628585045e-05 0 0 0 0 0 3.9402550105569983e-05 -0.00016097219428394251 0 0 0 0 0.00057352948949571602 0 0 0 1.3525972829824989e-05 0 0 0 0.0001599860951972497 0 0 0 0.000101898623206547 -5.9235235687209696e-05 0 0 8.758879018401619e-05 0 1.5428384995883991e-05 0 -6.6151432260337737e-05 0 0 0 0 -9.9979950507279319e-06 0.00010142619881934975 4.4063209389223362e-05 0 0 -7.3599525857978348e-05 -5.4291579390556094e-05 0 0 6.6205918863064881e-05 0 2.9846329353546079e-05 0 -5.1246210952644774e-05 0 0 0 0
leaf_weight=161 96 388 38 31 160 32 88 102 60 187 55 726 633 256 193 34 50 55 35 367 207 1241 85 178 37 164 52 293 45 690 820 111 97 284 65 115 176 806 89 209 50 84 725 412 517 44 30 113 1810 35 34 109 128 251 63 332 33 32 30 211
leaf_count=161 96 388 38 31 160 32 88 102 60 187 55 726 633 256 193 34 50 55 35 367 207 1241 85 178 37 164 52 293 45 690 820 111 97 284 65 115 176 806 89 209 50 84 725 412 517 44 30 113 1810 35 34 109 128 251 63 332 33 32 30 211
internal_value=0 6.65148e-05 0.000184547 -3.48499e-06 1.76639e-05 -1.41559e-05 -6.29686e-06 -4.10118e-05 -6.59456e-05 -9.23883e-05 -0.000114768 -1.85127e-05 -0.000146847 2.02385e-05 4.47971e-05 0 4.50391e-05 0.000341787 0.00041999 4.50524e-05 -1.38718e-06 -1.28753e-05 5.84911e-05 6.66918e-05 9.45258e-05 0.000118484 -4.38194e-05 6.41418e-05 7.91671e-05 8.56006e-05 -4.67943e-05 -4.80324e-05 0 2.77271e-05 -3.10421e-06 -2.10697e-05 -3.73879e-05 -5.26362e-05 2.15465e-05 4.7854e-05 9.82457e-06 2.57838e-05 0 8.88219e-05 3.66207e-05 7.04859e-05 3.48826e-05 -3.83943e-05 -5.26747e-05 -5.61838e-05 8.00214e-05 0 2.22323e-05 0 -1.33259e-05 -3.00943e-05 -7.00289e-06 0 1.3986e-05 0
internal_weight=0 612 224 13942 4204 9738 7966 1772 1237 935 875 5842 688 2124 1351 535 353 128 90 1160 3838 2993 1158 1073 251 214 2004 793 913 868 1027 1973 2853 732 2121 1373 1047 871 845 571 748 651 1966 500 567 362 756 182 1862 148 318 302 237 964 651 588 65 313 281 326
internal_count=14554 612 224 13942 4204 9738 7966 1772 1237 935 875 5842 688 2124 1351 535 353 128 90 1160 3838 2993 1158 1073 251 214 2004 793 913 868 1027 1973 2853 732 2121 1373 1047 871 845 571 748 651 1966 500 567 362 756 182 1862 148 318 302 237 964 651 588 65 313 281 326
is_linear=0
shrinkage=0.03


Tree=10
num_leaves=66
num_cat=0
split_feature=39 40 7 13 33 51 36 39 36 14 23 6 2 1 4 33 49 51 40 40 0 35 44 20 40 31 44 18 39 17 35 9 32 51 47 31 35 14 0 32 43 33 39 47 39 0 7 36 35 35 2 11 23 0 0 4 1 28 35 20 51 6 6 0 35
split_gain=0.00442239 0.00470182 0.00389573 0.00364474 0.00583263 0.00209983 0.0019111 0.00133259 0.00214383 0.00169854 0.00128352 0.00125525 0.00116627 0.00111375 0.00100306 0.000704293 0.000669238 0.000958537 0.000653241 0.000652751 0.000597781 0.000580859 0.00052084 0.000472171 0.000488696 0.00056156 0.000492471 0.000455705 0.0011134 0.000834209 0.000737942 0.00069697 0.000471275 0.000701392 0.000450238 0.000517201 0.000583584 0.000377678 0.000511409 0.00034599 0.000332954 0.000492395 0.000307826 0.000298033 0.000262451 0.000250972 0.000386247 0.000225103 0.000259717 0.000184786 0.000152696 0.000184973 0.000118908 0.000113172 9.26304e-05 0.000292338 0.000808809 8.79038e-05 8.02764e-05 7.3207e-05 6.97485e-05 4.69493e-05 0.000179695 3.85128e-05 0.000107065
threshold=0.0066018965334760813 1.047191761523157 0.014170226152244137 250.30500000000032 1.0195232665260991 61908.17470000001 1.0727690320554764 0.0037507747962308327 1.1902524562917354 216.1350000000057 0.0057328587095705529 -3898.2249999999981 -172.39216610373475 64104.573648589263 840.60107142857214 1.0036146226878173 60496.820500000009 57761.868000000009 0.7234489852378061 1.3424334299483089 52716.976540390933 -1480.6999999999969 88.236863309637258 0.030339079154257157 0.81917385637336559 0.0033733695305916711 8.711259951660475 0.0060665726320429112 0.0045093007656495879 0.012778495226240196 300.02500000000151 281.72999999999962 520.77012499999978 93544.739200000025 11.426221536829244 0.0043271586851088223 -1071.8449999999973 56.800000000002917 43804.525183481688 508.34498214285765 32.815607762101813 1.3701682309593024 0.0036156567513171626 53.556005081224278 0.0019569061302277999 62580.958509477627 0.0031733422392820764 1.1429189132642448 541.09000000000026 1371.8050000000005 141.10704679451376 41.629999999997388 -0.003127747137157987 87130.651217612452 44322.5860552866 316.72607142857152 55853.118828201565 9.0664693955777764 300.02500000000151 0.0088652656553268611 39963.149400000002 -662.62499999999989 646.65999999999633 97350.274234249693 1257.4000000000017
decision_type=2 2 2 2 2 2 2 2 2 2 2 2 2 2 2 2 2 2 2 2 2 2 2 2 2 2 2 2 2 2 2 2 2 2 2 2 2 2 2 2 2 2 2 2 2 2 2 2 2 2 2 2 2 2 2 2 2 2 2 2 2 2 2 2 2
left_child=5 3 12 10 53 7 13 8 37 15 14 -4 58 19 20 -10 17 54 -19 34 -2 -8 39 24 61 -26 -27 30 63 31 50 -30 57 -34 -7 -36 -37 38 -1 -20 -39 42 -42 49 -17 46 -18 48 -40 -22 52 -52 -15 -5 60 -56 -57 -32 -3 -14 -9 -23 -63 64 -29
right_child=1 2 11 4 -6 6 21 16 9 -11 -12 -13 59 27 -16 44 45 18 22 -21 43 23 -24 -25 25 26 -28 28 29 -31 32 -33 33 -35 35 36 -38 40 47 -41 41 -43 -44 -45 -46 -47 -48 -49 -50 -51 51 -53 -54 -55 55 56 -58 -59 -60 -61 -62 62 -64 -65 -66
leaf_value=0 0 0 -0.00030130370209998644 3.4314870950092988e-05 0.00058189517076403553 0 0 0 0 0 0 0 -3.221148359816151e-05 0 0 0 0 0 -9.3483343779585568e-05 0 0.00011200954335360898 0 0 0 0 0 -4.9804537801332994e-05 1.6327019217479755e-05 0 0 1.2953412382787414e-05 -9.4030961738934739e-05 9.5958434951641183e-05 0 0 0 -8.449605380844541e-05 0 5.1214605045389212e-05 0 -5.2228025812800636e-05 0 0 0 0.00013346438115759222 0 7.2567867261681928e-05 0 0 0 0 1.70697761687093e-05 -1.0555483865492474e-05 0 0 7.7384423700806092e-05 0 0 8.9184095717027341e-05 0 -1.9267771155471098e-05 -2.0690095926517957e-05 0 0 0
leaf_weight=271 50 45 50 86 45 32 156 35 169 102 179 31 63 219 103 31 50 119 295 53 326 130 36 177 173 80 2274 491 38 37 471 277 228 237 187 40 411 144 463 60 381 81 49 31 342 56 156 32 63 31 185 901 1330 36 242 173 228 336 147 167 264 476 221 89 45
leaf_count=271 50 45 50 86 45 32 156 35 169 102 179 31 63 219 103 31 50 119 295 53 326 130 36 177 173 80 2274 491 38 37 471 277 228 237 187 40 411 144 463 60 381 81 49 31 342 56 156 32 63 31 185 901 1330 36 242 173 228 336 147 167 264 476 221 89 45
internal_value=0 5.16605e-05 0 9.46014e-05 0.00024625 -4.52673e-06 -1.30617e-05 1.2215e-05 2.88586e-05 7.57902e-05 3.8462e-05 -0.000205891 1.10184e-05 0 6.40438e-05 9.81938e-05 0 -1.55599e-05 -4.87724e-05 -3.63227e-05 8.44024e-05 -2.9941e-05 -6.7849e-05 -3.29256e-05 -3.56087e-05 -4.30915e-05 -4.6989e-05 3.12933e-06 -8.67032e-06 -5.52376e-05 9.9195e-06 -7.60835e-05 2.87067e-05 5.62483e-05 -4.79563e-05 -5.52241e-05 -7.31011e-05 0 1.96143e-05 -7.99265e-05 -5.63116e-06 -2.50296e-05 -4.21159e-05 9.70846e-05 0.000125307 3.09006e-05 4.80376e-05 3.73565e-05 4.3187e-05 0.000104848 0 9.40967e-06 -5.15805e-06 0 0 8.63183e-06 2.78338e-05 0 7.56251e-05 0 -1.08751e-05 0 -7.7833e-06 0 8.03783e-06
internal_weight=0 1390 503 887 167 13136 9294 3842 2128 644 720 81 422 5607 541 542 1714 1452 510 723 438 3687 391 3531 3354 2527 2354 4884 977 352 3907 315 1272 465 670 638 451 1484 829 355 655 511 430 388 373 262 206 558 526 357 2635 1086 1549 122 942 643 401 807 192 230 299 827 697 625 536
internal_count=14526 1390 503 887 167 13136 9294 3842 2128 644 720 81 422 5607 541 542 1714 1452 510 723 438 3687 391 3531 3354 2527 2354 4884 977 352 3907 315 1272 465 670 638 451 1484 829 355 655 511 430 388 373 262 206 558 526 357 2635 1086 1549 122 942 643 401 807 192 230 299 827 697 625 536
is_linear=0
shrinkage=0.03


Tree=11
num_leaves=64
num_cat=0
split_feature=32 1 40 18 31 51 4 20 4 3 49 44 47 49 47 33 36 33 14 47 27 9 30 1 2 32 18 47 51 51 32 4 18 51 7 34 20 7 3 33 49 33 34 7 49 51 49 2 32 1 51 1 36 9 32 52 12 52 30 27 14 32 2
split_gain=0.00228729 0.00492095 0.00638893 0.00309258 0.00327685 0.00253794 0.00135128 0.00294163 0.00240104 0.00220815 0.00340883 0.00270501 0.00202428 0.00193841 0.00174111 0.00232879 0.00137147 0.00129557 0.0017542 0.00148013 0.00123953 0.00109055 0.00103138 0.000894957 0.000916725 0.000880279 0.000724363 0.000717888 0.000695635 0.00167595 0.000807827 0.00065381 0.000581957 0.000508804 0.000483274 0.000457875 0.00043501 0.000637196 0.000824523 0.000626842 0.000716991 0.000583865 0.000343424 0.000320258 0.000288535 0.000588402 0.000242491 0.000457589 0.000933208 0.00023661 0.000469472 0.000168216 0.000130942 0.000239577 7.08777e-05 0.000432307 0.000221811 0.000103217 4.38971e-05 7.15766e-05 3.58185e-05 1.88294e-05 7.30514e-07
threshold=922.10264285714322 87521.44483606545 1.0521747425939025 0.011972724502722689 0.0098493329135893818 61908.17470000001 617.94035714285735 0.012761269561842538 455.08999999999918 -512.41422068563395 63237.193500000016 10.285420307408151 19.008313510035396 66703.58100000002 53.280772113709368 1.0682672901423382 1.0319289506763152 1.1197902587067226 212.99000000000527 65.066163805221393 85.129857421731728 158.00500000000469 215.13079756802065 94073.95633580783 208.46162230318444 505.65019642856981 0.011494124740095592 11.426221536829244 68267.851600000009 74813.451300000015 348.66678571428599 399.80714285714413 0.012314962948691834 95643.673400000014 0.0047367325632347761 3.6253098562198303 -0.0083126328125738263 0.0043810859241456878 577.89774268696658 0.64203273345490952 60327.878250000009 0.79673795590245744 0.13719498013371631 0.0020142671332056485 56537.96575000001 43572.861800000006 56537.96575000001 141.10704679451376 283.01089285714244 88637.493924798007 96109.890400000018 96218.842350523992 0.81706518951772211 133.77500000000148 396.87373214285736 0.027242019890580327 0.0093719098732040988 -0.018879174435734104 -287.07858613660744 103.64936676090485 358.40499999999162 320.5055357142848 259.51582168065221
decision_type=2 2 2 2 2 2 2 2 2 2 2 2 2 2 2 2 2 2 2 2 2 2 2 2 2 2 2 2 2 2 2 2 2 2 2 2 2 2 2 2 2 2 2 2 2 2 2 2 2 2 2 2 2 2 2 2 2 2 2 2 2 2 2
left_child=5 2 3 4 -2 17 8 9 13 58 -11 -12 -13 27 15 -9 23 36 19 20 21 -19 25 24 26 -17 -10 -7 31 30 -30 43 -23 -31 35 -29 41 46 39 -39 -41 -1 -16 -15 45 -43 52 48 -48 -3 -51 -44 -38 -54 57 56 -56 -18 -8 -60 -20 -59 -49
right_child=1 49 -4 -5 -6 6 7 14 16 10 11 12 -14 28 42 22 54 18 60 -21 -22 32 -24 -25 -26 -27 -28 34 29 33 -32 -33 -34 -35 -36 -37 37 38 -40 40 -42 44 51 -45 -46 -47 47 62 -50 50 -52 -53 53 -55 55 -57 -58 61 59 -61 -62 -63 -64
leaf_value=0 0 -5.1432731503516619e-05 0 0 0.00041608286845207595 0 0 0 9.795232258027716e-05 0 0 0 -0.00014408173053108805 0 0 0 0 0 -1.5093735017622048e-05 0 0 0.00010394735131492462 0 0 0 0.00017908507790499633 0 -5.1041418595269614e-05 -6.5588034038137024e-05 1.8275788917468669e-05 0 0 0 -8.5898555242534133e-06 0 0 0 0 0 -9.2895379127248676e-05 0 0 -9.5724866084252811e-05 4.3325030477366293e-05 0 0.00012688214625413991 0 -1.8480779283170513e-06 6.4815926645850447e-05 6.3893409467815157e-05 0 0 0 -2.69188954944823e-05 -3.5480387188081163e-05 0 0 0 2.2881393182230406e-05 0 0 2.2373693261603544e-05 0
leaf_weight=227 36 80 138 54 103 34 44 102 461 57 66 125 688 73 46 50 64 49 141 127 230 721 57 365 271 157 42 1768 578 1210 495 84 56 731 134 92 253 40 65 293 60 90 86 665 232 105 169 192 349 103 122 30 140 462 517 67 48 42 198 30 63 221 123
leaf_count=227 36 80 138 54 103 34 44 102 461 57 66 125 688 73 46 50 64 49 141 127 230 721 57 365 271 157 42 1768 578 1210 495 84 56 731 134 92 253 40 65 293 60 90 86 665 232 105 169 192 349 103 122 30 140 462 517 67 48 42 198 30 63 221 123
internal_value=0 5.61539e-05 0.000139336 0.000250951 0.000327577 -1.92616e-06 -1.12962e-05 -3.66605e-05 -3.8801e-06 -6.4202e-05 -8.62621e-05 -0.000106826 -0.000123815 -1.52823e-05 0 5.80458e-05 2.08375e-05 1.61936e-05 4.03954e-05 5.69829e-05 6.99876e-05 8.72417e-05 0.000112217 4.33917e-05 6.17263e-05 0.000143267 8.65998e-05 -3.9182e-05 0 -9.17115e-06 -4.05084e-05 2.12818e-05 9.67117e-05 4.32327e-07 -4.34205e-05 -4.74859e-05 0 -1.90351e-06 -3.56052e-05 -5.7991e-05 -7.30713e-05 2.42136e-05 -4.52103e-05 3.60724e-05 4.61173e-05 7.73239e-05 0 1.61193e-05 3.48132e-05 0 0 -7.41896e-05 -1.3984e-06 -1.40845e-05 0 -9.96061e-06 -2.82664e-05 1.77962e-06 0 1.31491e-05 0 1.88807e-05 0
internal_weight=0 636 331 193 139 13885 9698 1736 7962 1208 936 879 813 5864 528 366 2098 4187 1387 1183 1056 826 264 1139 774 207 503 2028 3836 3014 1073 822 777 1941 1994 1860 2800 2146 458 393 353 654 162 738 427 195 1688 833 518 305 225 116 855 602 959 632 565 327 272 228 204 263 315
internal_count=14521 636 331 193 139 13885 9698 1736 7962 1208 936 879 813 5864 528 366 2098 4187 1387 1183 1056 826 264 1139 774 207 503 2028 3836 3014 1073 822 777 1941 1994 1860 2800 2146 458 393 353 654 162 738 427 195 1688 833 518 305 225 116 855 602 959 632 565 327 272 228 204 263 315
is_linear=0
shrinkage=0.03


Tree=12
num_leaves=61
num_cat=0
split_feature=39 47 51 18 4 51 8 22 8 33 3 39 40 8 31 27 36 14 36 3 39 51 51 51 4 8 22 40 3 4 39 22 31 31 51 39 47 51 3 35 51 8 3 39 34 50 4 4 51 51 36 47 33 17 47 47 18 4 51 8
split_gain=0.00299306 0.00376192 0.00516157 0.00300185 0.00319567 0.00178567 0.0025988 0.00179833 0.00156479 0.00128607 0.00119464 0.00185848 0.00302212 0.00559209 0.00437476 0.00117324 0.000986963 0.00120195 0.000976465 0.00075698 0.000872718 0.000710961 0.000689331 0.000653714 0.000674421 0.000634149 0.00063107 0.000682129 0.00100166 0.000550195 0.000523813 0.00133412 0.000517593 0.00047683 0.00108955 0.00186462 0.00109002 0.000382792 0.000251906 0.000432819 0.000227753 0.000215133 0.000450587 0.00100324 0.000198528 0.000191194 0.000433585 0.000913989 0.000150174 5.46913e-05 0.000164041 0.000149093 0.000365318 5.02023e-05 3.71705e-05 8.25385e-05 3.4157e-05 2.44192e-05 1.06174e-07 1.76699e-06
threshold=0.0064377252931106313 56.645060097244702 83028.859200000021 0.011494124740095592 813.82392857142997 61908.17470000001 12890.525000000001 118.46755637348544 8351.1250000000018 1.0067816021640628 207.9710123847789 0.0049199224193854788 0.98721931719598188 11194.375000000002 0.007950120575296005 40.230980187281922 0.91442326927955897 216.1350000000057 1.1608132769404051 -252.577672668969 0.0024616080383529 59791.174700000003 66401.329800000021 54241.182100000005 738.01500000000055 5216.5000000000009 -257.35386072497198 0.9329387478390988 333.6455835036279 466.87607142857092 0.0072087436717273223 -1029.2588481580458 0.010202236189810575 0.0077130761092762826 96966.383600000016 0.0054742744004584775 67.227777653574705 43044.827600000011 -252.577672668969 494.90000000000151 68590.39850000001 8041.7000000000016 347.74004882986645 0.0027754886409669765 3.0089877629707198 0.0011697354084286694 617.94035714285735 1024.453571428571 89104.909300000014 43572.861800000006 1.2259624624178727 21.789922608917291 0.6306670432992213 0.0071681457036776317 48.716350447661519 22.535118975786521 -0.015632461207867928 1053.833571428572 39963.149400000002 5313.0000000000009
decision_type=2 2 2 2 2 2 2 2 2 2 2 2 2 2 2 2 2 2 2 2 2 2 2 2 2 2 2 2 2 2 2 2 2 2 2 2 2 2 2 2 2 2 2 2 2 2 2 2 2 2 2 2 2 2 2 2 2 2 2 2
left_child=5 2 3 4 23 8 10 53 9 49 11 18 -13 14 -14 30 -11 19 22 -18 -21 26 29 -2 44 -20 -10 -28 37 -7 -3 -32 -27 41 35 36 -35 -29 -23 -40 -24 54 -43 -44 -25 56 -47 48 -48 58 51 -51 -53 -8 55 -12 -4 -6 -1 -60
right_child=1 15 45 -5 57 6 7 -9 21 16 33 12 13 -15 -16 -17 17 -19 25 20 -22 38 40 24 -26 32 27 28 -30 -31 31 -33 -34 34 -36 -37 -38 -39 39 -41 -42 42 43 -45 -46 46 47 -49 -50 50 -52 52 -54 -55 -56 -57 -58 -59 59 -61
leaf_value=0 0 0 0 0 0.00040154014429820612 -3.3455261851411821e-05 0.0001549835818825312 0 0 0 0 0 0 0 -0.00036368995120362422 0 0 0 0 0 0.00011848859242987196 0 1.8269906213519041e-05 9.959237725262495e-05 0 -4.3403306231119595e-05 0 0 0 0 -0.00025086467427055113 0 0 0.00014508187692414352 0 0 0 -9.539317815422332e-05 5.779380139142816e-05 0 0 0 0 -4.8968837516046813e-05 0 0 -0.00018080156769663573 0 0 0 0 0 2.9112947884900825e-05 0 0 1.9883892463331663e-05 1.5007024247117423e-05 0 0 -2.5151277821361195e-06
leaf_weight=68 76 45 54 204 83 998 124 116 127 252 47 400 51 194 118 131 31 104 121 208 455 33 637 386 45 1590 171 110 124 104 46 60 40 192 44 70 45 348 184 35 2368 638 88 633 30 54 46 40 49 169 204 72 778 33 231 272 136 47 51 266
leaf_count=68 76 45 54 204 83 998 124 116 127 252 47 400 51 194 118 131 31 104 121 208 455 33 637 386 45 1590 171 110 124 104 46 60 40 192 44 70 45 348 184 35 2368 638 88 633 30 54 46 40 49 169 204 72 778 33 231 272 136 47 51 266
internal_value=0 4.03095e-05 6.73807e-05 0.000108835 0.000139687 -3.96655e-06 -1.19839e-05 6.96504e-05 1.14396e-05 2.60264e-05 -1.6186e-05 -2.26668e-05 -7.22359e-05 -0.000135803 -0.000263141 -2.64968e-05 5.30665e-05 6.9406e-05 -1.36445e-05 8.42387e-05 9.19484e-05 -9.56236e-06 -1.54583e-06 6.76456e-05 8.12671e-05 -3.34494e-05 -2.90571e-05 -4.1718e-05 -5.74912e-05 -2.376e-05 -9.09884e-05 -0.000127293 -3.93946e-05 0 3.42408e-05 6.72989e-05 0.00011371 -7.85194e-05 0 3.21384e-05 1.61233e-06 -2.98697e-06 -1.24479e-05 -2.92238e-05 9.36762e-05 0 -3.01338e-05 -6.44191e-05 -0.000120422 0 6.34276e-06 1.38958e-05 1.9729e-05 0.000136749 0 1.02326e-05 0 0.000320931 0 -5.48603e-07
internal_weight=0 1532 1250 871 667 12944 9154 273 3790 2658 8881 6621 763 363 169 282 1050 798 5858 694 663 1132 4107 537 461 1751 880 753 582 1102 151 106 1630 2260 351 307 237 458 252 219 3005 1909 1359 721 416 379 189 135 95 1608 1223 1019 850 157 550 319 190 130 385 317
internal_count=14476 1532 1250 871 667 12944 9154 273 3790 2658 8881 6621 763 363 169 282 1050 798 5858 694 663 1132 4107 537 461 1751 880 753 582 1102 151 106 1630 2260 351 307 237 458 252 219 3005 1909 1359 721 416 379 189 135 95 1608 1223 1019 850 157 550 319 190 130 385 317
is_linear=0
shrinkage=0.03


Tree=13
num_leaves=63
num_cat=0
split_feature=32 1 35 52 51 8 27 18 10 3 7 8 39 32 6 8 17 8 3 30 0 9 7 8 6 39 8 39 32 36 17 11 39 10 7 39 30 51 51 10 51 36 13 39 36 23 38 26 43 18 39 19 39 14 14 43 52 17 44 18 8 8
split_gain=0.00242863 0.00329704 0.00524275 0.00548155 0.00247191 0.00245976 0.00265553 0.00234762 0.00160859 0.0013773 0.00200889 0.00163991 0.00291569 0.00115312 0.00162121 0.000986466 0.000892932 0.000840526 0.00109254 0.00121456 0.00139899 0.000812168 0.000721188 0.000852528 0.00135361 0.000694444 0.000683257 0.000802184 0.000913825 0.000573787 0.000572851 0.000540163 0.000533294 0.00052783 0.00051278 0.000448554 0.000504139 0.000631847 0.000616112 0.000358995 0.000348684 0.000366624 0.000281136 0.000275048 0.000258208 0.000381516 0.000194294 0.000234622 0.000165142 0.000131254 8.24295e-05 0.000128581 7.03389e-05 0.000135915 0.000187636 0.000129147 6.41893e-05 0.000182345 5.79938e-05 5.62255e-05 4.46444e-06 2.05801e-06
threshold=922.10264285714322 87521.44483606545 2945.0250000000019 0.029345551916596803 61908.17470000001 12184.225000000002 86.834179054318426 0.011972724502722689 0.0049549226098486885 185.31716346949332 0.0054634174276029712 11194.375000000002 0.0050004151612504004 517.98396428571539 793.67999999999677 8325.1250000000018 0.0057917989607028106 9307.1750000000011 -148.07605260510562 -46.333751749445788 61545.506240130482 245.2999999999993 0.0050510288035368013 9952.1750000000011 386.84499999999395 0.0043881955044928435 6404.4000000000005 0.0025405264073325349 549.1308035714286 1.1220303394538929 0.014041836765801509 67.09499999999754 0.0044622318794972924 0.004604131107929248 0.0032495027188312159 0.005514186581948328 90.315098204374451 59244.452499999999 54241.182100000005 0.010947122449903363 63967.776000000005 1.0576611839052521 30.909999999999858 0.0046516505461181587 0.66680659848993973 -0.0026102542716559666 0.19927260644565739 -0.0047586879423870089 89.482310111892502 -0.0049672562863342087 0.0025237648026461825 -0.015202817643666931 0.0042159470060119794 56.800000000002917 4.5550000000002919 90.424471995082243 0.0080311472688021409 -0.00097052980822237556 75.323342042470685 0.011739364928131104 11560.1 9329.5000000000018
decision_type=2 2 2 2 2 2 2 2 2 2 2 2 2 2 2 2 2 2 2 2 2 2 2 2 2 2 2 2 2 2 2 2 2 2 2 2 2 2 2 2 2 2 2 2 2 2 2 2 2 2 2 2 2 2 2 2 2 2 2 2 2 2
left_child=4 2 3 7 15 8 13 -2 31 10 29 12 -12 -7 16 21 25 18 -17 -20 30 52 34 -24 -25 -15 -23 -28 33 61 -21 46 -8 -29 -11 43 37 38 -37 -36 -34 58 -31 50 45 -33 47 -6 -49 -47 -19 -52 53 54 -1 -56 57 -46 -42 -58 -3 -10
right_child=1 60 -4 -5 5 6 32 -9 9 22 11 -13 -14 14 -16 17 -18 35 19 20 -22 26 23 24 -26 -27 27 28 -30 42 -32 44 40 -35 39 36 -38 -39 -40 -41 41 -43 -44 -45 56 49 -48 48 -50 -51 51 -53 -54 -55 55 -57 59 -59 -60 -61 -62 -63
leaf_value=0 0.00034049430825464311 0 0 0 0 0 0 0 0 0 0 0 -0.00021764523409772214 0 0 0 0 0 0 -0.00011458330400965471 0 0 0 0 0.0001120044497429017 0.00018516249617632702 0 0 0 0 0 0 0 8.4547141255688572e-05 -4.817806980899015e-05 0 0 0 0.00014410542742779219 0 0 0 -4.3312534175452205e-05 -4.1768675758136586e-05 -1.6275058447799771e-05 0 0 -2.875977574540175e-05 0 4.3719063175246961e-05 0 2.8262320913400273e-05 0 0 2.802159737076637e-05 0 9.7785889886003373e-06 0 -0.00012400453046960619 0 -4.9272640191477211e-06 -1.8113953003348853e-06
leaf_weight=95 145 136 74 50 201 149 48 57 436 306 126 165 210 30 74 132 53 31 102 336 43 350 112 41 185 211 79 94 56 230 33 71 30 744 470 33 54 37 104 99 31 30 988 109 784 50 256 1252 105 366 63 308 355 409 599 51 676 1236 76 72 165 564
leaf_count=95 145 136 74 50 201 149 48 57 436 306 126 165 210 30 74 132 53 31 102 336 43 350 112 41 185 211 79 94 56 230 33 71 30 744 470 33 54 37 104 99 31 30 988 109 784 50 256 1252 105 366 63 308 355 409 599 51 676 1236 76 72 165 564
internal_value=0 5.83529e-05 0.00012503 0.000197233 -1.8759e-06 -1.11271e-05 3.57505e-05 0.000269942 -1.66075e-05 -3.15267e-05 -4.35094e-05 -0.0001082 -0.000147763 8.01661e-05 0.000108818 1.59184e-05 0.000140611 0 -2.9614e-05 -5.48922e-05 -8.0051e-05 2.62819e-05 0 3.17662e-05 6.99685e-05 0.000165645 4.50619e-05 5.82434e-05 6.70746e-05 -2.21146e-05 -0.000102769 -2.07398e-06 -1.38636e-06 7.60284e-05 -1.87408e-05 1.60079e-05 5.09514e-05 7.74568e-05 0.000108396 -3.67464e-05 -5.35531e-05 -7.59997e-05 -3.62522e-05 0 1.42722e-06 2.21426e-05 -1.66219e-05 -2.08295e-05 -2.55668e-05 3.73936e-05 1.18487e-05 1.87564e-05 0 7.40495e-06 1.57797e-05 2.33445e-05 0 -4.64988e-06 -0.000102261 4.33785e-06 0 0
internal_weight=0 627 326 252 13950 9733 732 202 9001 3932 2719 501 336 517 368 4217 294 1385 646 514 412 2832 1213 338 226 241 1323 973 894 2218 369 5069 215 838 875 739 228 174 137 569 167 137 1218 511 3255 487 1814 1558 1357 416 402 371 1509 1154 745 650 2768 2020 107 748 301 1000
internal_count=14577 627 326 252 13950 9733 732 202 9001 3932 2719 501 336 517 368 4217 294 1385 646 514 412 2832 1213 338 226 241 1323 973 894 2218 369 5069 215 838 875 739 228 174 137 569 167 137 1218 511 3255 487 1814 1558 1357 416 402 371 1509 1154 745 650 2768 2020 107 748 301 1000
is_linear=0
shrinkage=0.03


end of trees

feature_importances:
sma_50=92
volume_ma=58
adx=57
volatility_ma=51
atr=39
atr_ma=38
macd_signal=37
ema_slow=35
sma_20=32
volatility=29
macd_hist=29
volume_ratio=29
atr_ratio=28
volatility_ratio=28
ema_fast=27
macd_strength=23
atr_normalized=20
return_24=18
momentum_convergence=18
macd=17
lower_shadow=17
return_6=15
momentum_20=13
ema_cross_pct=12
return_3=11
macd_hist_change=11
stoch_d=11
stoch_k=10
price_sma_20_dist=10
price_sma_50_dist=9
range=7
price_ema_slow_dist=7
range_pct=6
ema_cross=6
momentum_ratio=6
volume_change=6
body=4
body_pct=4
upper_shadow=4
return_1=3
return_12=3
price_ema_fast_dist=3
momentum_10=1

parameters:
[boosting: gbdt]
[objective: regression]
[metric: rmse]
[tree_learner: serial]
[device_type: cpu]
[data: ]
[valid: ]
[num_iterations: 500]
[learning_rate: 0.03]
[num_leaves: 70]
[num_threads: 8]
[deterministic: 0]
[force_col_wise: 0]
[force_row_wise: 0]
[histogram_pool_size: -1]
[max_depth: 8]
[min_data_in_leaf: 30]
[min_sum_hessian_in_leaf: 0.001]
[bagging_fraction: 0.9]
[pos_bagging_fraction: 1]
[neg_bagging_fraction: 1]
[bagging_freq: 1]
[bagging_seed: 400]
[feature_fraction: 0.7]
[feature_fraction_bynode: 1]
[feature_fraction_seed: 30056]
[extra_trees: 0]
[extra_seed: 12879]
[early_stopping_round: 0]
[first_metric_only: 0]
[max_delta_step: 0]
[lambda_l1: 0.5]
[lambda_l2: 0.5]
[linear_lambda: 0]
[min_gain_to_split: 0]
[drop_rate: 0.1]
[max_drop: 50]
[skip_drop: 0.5]
[xgboost_dart_mode: 0]
[uniform_drop: 0]
[drop_seed: 17869]
[top_rate: 0.2]
[other_rate: 0.1]
[min_data_per_group: 100]
[max_cat_threshold: 32]
[cat_l2: 10]
[cat_smooth: 10]
[max_cat_to_onehot: 4]
[top_k: 20]
[monotone_constraints: ]
[monotone_constraints_method: basic]
[monotone_penalty: 0]
[feature_contri: ]
[forcedsplits_filename: ]
[refit_decay_rate: 0.9]
[cegb_tradeoff: 1]
[cegb_penalty_split: 0]
[cegb_penalty_feature_lazy: ]
[cegb_penalty_feature_coupled: ]
[path_smooth: 0]
[interaction_constraints: ]
[verbosity: 1]
[saved_feature_importance_type: 0]
[linear_tree: 0]
[max_bin: 255]
[max_bin_by_feature: ]
[min_data_in_bin: 3]
[bin_construct_sample_cnt: 200000]
[data_random_seed: 175]
[is_enable_sparse: 1]
[enable_bundle: 1]
[use_missing: 1]
[zero_as_missing: 0]
[feature_pre_filter: 1]
[pre_partition: 0]
[two_round: 0]
[header: 0]
[label_column: ]
[weight_column: ]
[group_column: ]
[ignore_column: ]
[categorical_feature: ]
[forcedbins_filename: ]
[precise_float_parser: 0]
[parser_config_file: ]
[objective_seed: 16083]
[num_class: 1]
[is_unbalance: 0]
[scale_pos_weight: 1]
[sigmoid: 1]
[boost_from_average: 1]
[reg_sqrt: 0]
[alpha: 0.9]
[fair_c: 1]
[poisson_max_delta_step: 0.7]
[tweedie_variance_power: 1.5]
[lambdarank_truncation_level: 30]
[lambdarank_norm: 1]
[label_gain: ]
[lambdarank_position_bias_regularization: 0]
[eval_at: ]
[multi_error_top_k: 1]
[auc_mu_weights: ]
[num_machines: 1]
[local_listen_port: 12400]
[time_out: 120]
[machine_list_filename: ]
[machines: ]
[gpu_platform_id: -1]
[gpu_device_id: -1]
[gpu_use_dp: 0]
[num_gpu: 1]

end of parameters

pandas_categorical:[]
