tree
version=v4
num_class=1
num_tree_per_iteration=1
label_index=0
max_feature_idx=63
objective=regression
feature_names=rsi ema_fast ema_slow bb_middle bb_upper bb_lower atr momentum_10 momentum_20 volatility volume_ma range range_pct body body_pct upper_shadow lower_shadow is_bullish return_1 return_3 return_6 return_12 return_24 log_return rsi_normalized rsi_overbought rsi_oversold rsi_divergence ema_cross ema_cross_pct ema_cross_signal price_ema_fast_dist price_ema_slow_dist bb_width bb_position bb_position_normalized price_bb_upper_dist price_bb_lower_dist bb_breakout_upper bb_breakout_lower atr_normalized atr_ma atr_ratio momentum_ratio momentum_convergence volume_ratio volume_spike volume_change volatility_ma volatility_ratio high_volatility low_volatility stoch_k stoch_d stoch_overbought stoch_oversold adx strong_trend sma_20 price_sma_20_dist sma_50 price_sma_50_dist signal_convergence market_regime
feature_infos=[0:98.323991543918936] [38967.729318929021:107396.26389944887] [39220.71373165102:107049.79494400365] [0:107202.68299999999] [0:108503.14528069981] [0:106362.39873835164] [0:1913.6478571428556] [-8342.5400000000009:10665.179999999993] [-12486.150000000001:14155.739999999991] [0:0.027665265364936176] [0:15071.1] [41.610000000000582:7445.0200000000041] [0.00064197892033770012:0.083194551703992967] [0.010000000002037268:4847.2799999999988] [1.687657469333537e-07:0.053865545209733065] [0:2853.8099999999977] [0:2709.1299999999974] [0:1] [-0.06392068477713575:0.11991470268267301] [-0.06874591913368211:0.12121289228058596] [-0.079615203583715433:0.12324016964288909] [-0.13852618933251082:0.1281729140500143] [-0.20656179582649081:0.18012682534038826] [-0.066055067608681614:0.11325252408776919] [-0.94806582176005261:0.96647983087837874] [0:1] [0:1] [-49.557479223093154:42.119850794411732] [-2596.3215042438969:3122.6028892565373] [-0.051939210812642647:0.033488267366733444] [0:1] [-0.080064711463382857:0.093992858566676371] [-0.1320039222760255:0.11036991523222302] [0:0.23507214819731151] [-0.47895853378551589:1.5139666392771387] [-1.9579170675710318:2.0279332785542774] [-0.051695806611816018:0.2348085863011253] [-0.031298755752849884:0.18048430889612765] [0:1] [0:1] [0:0.030615925217490077] [0:1459.5823571428562] [0:2.5193794912994942] [-4451.5502226422777:74647.925336867193] [-10665.179999999993:8342.5400000000009] [0:2.9553958669892095] [0:1] [-0.80889167188478395:8.7027863777089784] [0:0.027364409329763521] [0:3.7248595957797415] [0:1] [0:1] [0:99.999999999838437] [0:98.883595895685247] [0:1] [0:1] [0:95.095784100943362] [0:1] [0:107202.68299999999] [-0.11842224866658865:0.11006071071452704] [0:106786.319] [-0.21353636665559603:0.12751438682104085] [0:2] [0:2]
tree_sizes=3227 3427 4210 3764 4178 3734 4317 3956 4188 1949 3772 3568 4043

Tree=0
num_leaves=34
num_cat=0
split_feature=41 4 5 4 10 37 40 42 53 6 22 28 10 41 45 6 45 10 5 28 3 10 37 45 41 44 1 4 47 10 10 56 8
split_gain=0.0125358 0.0203125 0.0117232 0.0138229 0.00946922 0.0126257 0.00926886 0.0121408 0.00830926 0.00747155 0.0111102 0.0114489 0.00609035 0.00456655 0.00456129 0.00408901 0.00364448 0.00313234 0.00308964 0.00542998 0.00529882 0.00258364 0.0025319 0.00247568 0.00260599 0.00209399 0.00193018 0.00286249 0.00122545 0.00100591 0.000415741 0.000192585 6.54998e-05
threshold=939.67226785714286 86269.906766098182 61405.034626730536 65706.741450650778 12061.725 0.021541339978037179 0.0094368609689523212 1.0960583742433287 87.245096831781197 659.16714285714068 0.0098893729383046098 -675.05602904223622 11999.975 671.95732142857105 1.3369907552892593 519.62178571428592 1.0751359440643473 8946.2000000000025 74012.944960180874 197.08384332109566 82867.380250000017 8325.1250000000018 0.034084704397806635 0.72924441759272707 492.2893035714286 446.04000000000457 96493.104733755041 90119.270847947962 0.74343279402492468 10671.975 11608.675000000001 30.580769441045025 -1634.289999999997
decision_type=2 2 2 2 2 2 2 2 2 2 2 2 2 2 2 2 2 2 2 2 2 2 2 2 2 2 2 2 2 2 2 2 2
left_child=2 6 3 14 9 23 -2 8 12 18 11 -11 -8 31 15 21 -15 -17 19 -4 -20 -1 26 -6 -25 28 27 -3 -16 -12 -24 -7 -28
right_child=1 22 4 -5 5 13 7 -9 -10 10 29 -13 -14 16 25 17 -18 -19 20 -21 -22 -23 30 24 -26 -27 32 -29 -30 -31 -32 -33 -34
leaf_value=0.00065112251606940104 0.0006217368123731025 0.0006217368123731025 0.0005579022004890302 -5.0719574481745554e-05 0.0006217368123731025 0.0006217368123731025 0.001571692989001428 0.0006217368123731025 0.0006217368123731025 0.0006217368123731025 0.00061292866072051248 0.0003459429423687919 0.00072312431272725534 0.00032158896984209605 0.00078428489012852981 0.0006217368123731025 0.0006217368123731025 0.00078348306652309928 0.00074629962411519178 0.00063251080003444145 0.00060621654986115566 0.00059184133174237138 0.0006217368123731025 0.0006217368123731025 0.00085124879068230552 0.0006217368123731025 0.0006217368123731025 0.00086034594864012499 0.0006217368123731025 0.00071416426562438966 0.00041273694280884795 0.00067036419667961477 0.00058483927254357687
leaf_weight=2002 29 71 3014 23 48 28 67 30 23 119 184 442 39 102 438 152 24 321 267 970 2580 881 36 112 338 53 27 85 29 104 48 73 43
leaf_count=2002 29 71 3014 23 48 28 67 30 23 119 184 442 39 102 438 152 24 321 267 970 2580 881 36 112 338 53 27 85 29 104 48 73 43
internal_value=0.000621737 0.000767773 0.000614409 0.000656387 0.000593864 0.000693255 0.00101356 0.0011053 0.00123215 0.000583307 0.000496413 0.000417827 0.00134532 0.000532104 0.000662956 0.000646739 0.000404943 0.000730382 0.000595429 0.000578326 0.000621737 0.000629884 0.000621737 0.000784782 0.000807116 0.000750251 0.000670725 0.000742522 0.000771477 0.000621737 0.000478249 0.000621737 0.000621737
internal_weight=0 498 12304 3899 8405 725 188 159 129 7680 849 561 106 227 3876 3356 126 473 6831 3984 2847 2883 310 498 450 520 226 156 467 288 84 101 70
internal_count=12802 498 12304 3899 8405 725 188 159 129 7680 849 561 106 227 3876 3356 126 473 6831 3984 2847 2883 310 498 450 520 226 156 467 288 84 101 70
is_linear=0
shrinkage=1


Tree=1
num_leaves=39
num_cat=0
split_feature=60 41 4 10 6 10 59 41 20 41 10 10 6 41 6 60 3 2 49 9 41 29 60 33 9 31 12 49 1 4 60 60 0 56 10 33 8 3
split_gain=0.0133952 0.0102057 0.0184795 0.0108505 0.0144246 0.0106105 0.00652021 0.00611035 0.00592204 0.00504342 0.00484206 0.0050144 0.00469419 0.00445112 0.00367001 0.00338307 0.00349457 0.00264417 0.00259935 0.00492372 0.00422197 0.00233113 0.00231971 0.00225598 0.00402317 0.0022559 0.0019795 0.00181533 0.00152257 0.00231547 0.00151139 0.00128411 0.00111565 0.00074361 0.000490551 0.00102324 0.000155091 2.4873e-06
threshold=62012.378800000006 922.10264285714322 86269.906766098182 11194.125000000002 813.82392857142997 11361.075000000003 0.0072138432247913246 1232.3735892857137 -0.035074715256406035 728.26985714285786 8351.1250000000018 8946.2000000000025 840.60107142857214 527.11298214285682 968.64142857143054 43044.827600000011 58558.670500000007 60580.864762914767 0.95293143248926981 0.0051179902128661225 252.59373214285748 -0.002660948300116974 60667.875700000004 0.024550871582405698 0.0064237895581002362 0.0036421332544728543 0.010495749744073721 0.53032695969261934 96493.104733755041 90119.270847947962 81242.76850000002 81835.544900000023 61.33172314388851 31.207324414033668 5265.2500000000009 0.028518509916049869 -1634.289999999997 42688.102500000008
decision_type=2 2 2 2 2 2 2 2 2 2 2 2 2 2 2 2 2 2 2 2 2 2 2 2 2 2 2 2 2 2 2 2 2 2 2 2 2 2
left_child=7 5 3 4 -3 8 12 10 -2 31 15 17 13 -7 -11 34 27 21 19 -10 -20 -12 -18 26 -25 28 -13 -17 29 -4 32 -8 -5 -14 37 -36 -30 -1
right_child=1 2 25 30 -6 6 9 -9 18 14 11 23 33 -15 -16 16 22 -19 20 -21 -22 -23 -24 24 -26 -27 -28 -29 36 -31 -32 -33 -34 -35 35 -37 -38 -39
leaf_value=7.2597522861079353e-05 -0.00044102864671403654 0 0 0.00022213554904547506 0.0011467383772850244 1.5378995979666559e-05 8.2197957952204526e-05 0.00054756747567973269 -2.3303984573635078e-05 -0.00033092744067754205 0 0.00014743337984189747 -0.0001062347403098574 0.00020124070793603596 0 0 -4.8631708141938923e-06 0 -0.00018548714616919152 0.00017657486952384841 -4.34136720811519e-05 -0.00018368603647588906 7.8551848177114278e-05 -5.5715868672239722e-05 9.9894933124383185e-05 -0.00013420937914074781 0 0.00012954095562777191 0 0.00018478153245557656 0 -3.7224482220156568e-05 0 0 -5.50703871177369e-05 2.9632668735996812e-05 -6.1173091293624724e-05 0
leaf_weight=59 37 28 68 57 34 324 151 25 3265 77 84 225 59 412 32 54 456 64 253 107 3560 234 429 384 243 97 26 1131 29 109 21 96 20 130 328 64 37 27
leaf_count=59 37 28 68 57 34 324 151 25 3265 77 84 225 59 412 32 54 456 64 253 107 3560 234 429 384 243 97 26 1131 29 109 21 96 20 130 328 64 37 27
internal_value=0 -1.71599e-05 0.000111221 0.000377306 0.000718061 -2.57712e-05 5.0736e-05 4.96802e-05 -4.05893e-05 -4.18243e-05 4.40053e-05 0 9.60878e-05 0.000131684 -0.000217327 6.78532e-05 8.44852e-05 -9.46881e-05 -3.72563e-05 -1.42775e-05 -5.52145e-05 -0.000135074 2.54188e-05 3.51526e-05 0 0 0.000111348 0.000120987 3.37861e-05 9.64116e-05 6.86366e-05 0 0.000153583 0 0 -1.82876e-05 0 5.99629e-05
internal_weight=0 9003 500 160 62 8503 1281 3833 7222 356 3808 1260 925 736 109 2548 2070 382 7185 3372 3813 318 885 878 627 340 251 1185 243 177 98 247 77 189 478 392 66 86
internal_count=12836 9003 500 160 62 8503 1281 3833 7222 356 3808 1260 925 736 109 2548 2070 382 7185 3372 3813 318 885 878 627 340 251 1185 243 177 98 247 77 189 478 392 66 86
is_linear=0
shrinkage=0.03


Tree=2
num_leaves=49
num_cat=0
split_feature=48 33 5 41 56 60 41 34 10 3 21 10 41 5 22 4 40 21 53 41 42 48 40 56 41 10 29 48 12 60 3 56 5 4 4 10 22 1 44 56 61 48 29 1 10 60 1 48
split_gain=0.0161226 0.0148947 0.0155354 0.0160201 0.0126399 0.0104957 0.00947558 0.00830798 0.00778205 0.00793873 0.00767028 0.00731345 0.00704033 0.0139386 0.00576955 0.0056167 0.00516507 0.00465892 0.0041112 0.00347745 0.00342611 0.00307312 0.00349599 0.00286694 0.00633031 0.00283614 0.00280149 0.00471465 0.00246823 0.00239772 0.00228364 0.0019976 0.00248988 0.0105569 0.00184487 0.00158685 0.00143389 0.00128834 0.00155974 0.000927112 0.000917471 0.00146652 0.00144413 0.000778715 0.000609352 0.000294953 0.000222018 0.000184119
threshold=0.0057532749433251967 0.11393503964507061 80665.960840825705 939.67226785714286 35.991994772592157 62099.385000000002 1172.7441249999995 0.59015357779315225 8424.1000000000004 60496.820500000009 0.010273927995351541 11471.325000000003 695.78960714285734 91055.918793534001 -0.0076595885311747094 65108.796997790159 0.01109604511549551 -0.035229072675965582 46.207203671570291 427.21878571428607 1.1941527533831013 0.0045333663240909958 0.0058424183180812448 45.093486552131331 419.67132142857184 11608.675000000001 -0.0070241895053491836 0.0081641642750814435 0.011817240695926117 89086.271400000012 97301.034 29.552082674571746 79190.772148121745 88795.966028523399 43657.24704426356 8768.9750000000022 0.012761269561842538 62333.918150903854 469.30500000000035 52.185089118041738 0.0052153744578600078 0.0032483116054763937 3.5627476837590622e-05 54731.302194290452 7435.3750000000009 69714.765800000008 57963.126749363582 0.0047804103619808495
decision_type=2 2 2 2 2 2 2 2 2 2 2 2 2 2 2 2 2 2 2 2 2 2 2 2 2 2 2 2 2 2 2 2 2 2 2 2 2 2 2 2 2 2 2 2 2 2 2 2
left_child=5 2 3 10 -5 8 18 26 21 23 17 12 15 14 -14 19 -6 -2 -3 -7 -12 22 36 24 -10 35 27 -4 -28 -27 -17 40 45 -34 -24 -9 -1 38 -11 43 42 -42 -13 -23 -41 -33 -25 -15
right_child=1 6 7 4 16 11 -8 25 9 37 20 31 13 47 -16 30 -18 -19 -20 -21 -22 39 34 46 -26 29 28 -29 -30 -31 -32 32 33 -35 -36 -37 -38 -39 -40 44 41 -43 -44 -45 -46 -47 -48 -49
leaf_value=2.0810155532606599e-05 0 -0.00072958053848191711 0.00032868066777827319 0 0 -0.00012692241974559466 0 -0.00018528363681464386 -4.6844277162020257e-05 0.00022589909351743227 -4.4644521850725523e-05 0 -0.0007219332480257717 0 0 -1.458862509629976e-05 0.00078159383619272901 0.00018538023894939729 0 0 0.00019321035303104862 -0.00012202463051113395 0 1.0750587926278805e-05 -0.00036025724741867399 -0.00055992253849679286 5.1286339438919636e-05 0 -0.00019347998932200814 0 -7.529911606386979e-05 3.2251865853206428e-05 0.00043801058538864079 0 0.00017712659599585263 0 0.00011505626057018987 0 0 0 0 -0.00017663332221309514 0.00013975104430543722 0 0.00012360435950008837 -2.6564354270080765e-05 -4.417863818670854e-05 -4.855037353711619e-05
leaf_weight=1251 47 35 76 53 22 890 34 42 359 97 305 94 54 58 20 4915 81 724 28 75 66 87 58 153 105 34 228 25 43 57 780 195 79 209 414 117 279 58 34 21 28 68 67 195 51 88 93 70
leaf_count=1251 47 35 76 53 22 890 34 42 359 97 305 94 54 58 20 4915 81 724 28 75 66 87 58 153 105 34 228 25 43 57 780 195 79 209 414 117 279 58 34 21 28 68 67 195 51 88 93 70
internal_value=0 7.79587e-05 9.97415e-05 0.000159472 0.000463931 -1.43379e-05 -0.000259687 -1.04603e-05 2.9354e-05 -3.99382e-05 0.000109893 -3.40024e-05 -4.48429e-05 -0.000228506 -0.000557681 -3.7911e-05 0.000660141 0.000163815 -0.000488245 -0.000107775 0 5.96157e-05 7.45901e-05 -9.32564e-05 -0.000137338 -0.000155689 6.30124e-05 0.000198702 0 -0.000306833 -2.44874e-05 4.4956e-05 7.7956e-05 0.000140767 0.000154937 -1.22731e-05 4.38966e-05 0.000112645 0.000164696 0 0 -9.17721e-05 9.5377e-06 -4.60657e-05 5.70538e-05 0 0 0
internal_weight=0 2017 1920 1298 156 10945 97 622 3255 899 1142 7690 6862 202 74 6660 103 771 63 965 371 2356 2002 710 464 250 372 101 271 91 5695 828 571 288 472 159 1530 189 131 354 257 96 161 282 72 283 246 128
internal_count=12962 2017 1920 1298 156 10945 97 622 3255 899 1142 7690 6862 202 74 6660 103 771 63 965 371 2356 2002 710 464 250 372 101 271 91 5695 828 571 288 472 159 1530 189 131 354 257 96 161 282 72 283 246 128
is_linear=0
shrinkage=0.03


Tree=3
num_leaves=44
num_cat=0
split_feature=48 33 60 10 41 34 41 37 2 37 28 5 41 61 48 22 36 45 41 10 6 28 60 41 20 58 4 4 2 22 47 34 45 10 6 42 28 61 34 10 41 10 29
split_gain=0.0157674 0.0122423 0.0114132 0.0107319 0.00830639 0.00688578 0.00653064 0.00591865 0.00497857 0.00469396 0.00468949 0.00460082 0.00602259 0.00447161 0.00429541 0.00413369 0.00376478 0.00339711 0.00321646 0.0038109 0.0074929 0.00262513 0.00245188 0.00235283 0.00233402 0.00220338 0.00209521 0.0032658 0.0020673 0.00180341 0.00176959 0.00176328 0.00167931 0.00151112 0.00150621 0.00143021 0.00129295 0.000915794 0.000631031 0.000360042 0.000144238 9.44075e-05 1.68364e-05
threshold=0.0067702310205894648 0.11393503964507061 62012.378800000006 12061.725 702.69867857142845 0.70362829477710764 1232.3735892857137 0.024961355060848123 63942.159112546331 0.014602523052587437 632.48785456145208 80665.960840825705 939.67226785714286 -0.028853135421475207 0.0033448666585385394 0.0043644571240086813 0.007802814125342966 1.2475072784213259 904.10125000000107 11834.550000000001 801.68035714285691 -1196.7635856666745 82275.383200000011 785.3746428571427 -0.0021713454805488692 97441.345750000008 61691.983105860789 59721.277984720182 53122.900378547507 0.024801730827487826 0.57221359624606349 0.76017800912402933 1.1872756563595177 7412.1750000000002 688.82285714285752 0.63663318293783278 130.99209619424803 0.045261438424562088 0.8716476022472931 11744.175000000001 986.75212499999986 10577.300000000001 -0.011117311997654759
decision_type=2 2 2 2 2 2 2 2 2 2 2 2 2 2 2 2 2 2 2 2 2 2 2 2 2 2 2 2 2 2 2 2 2 2 2 2 2 2 2 2 2 2 2
left_child=2 5 10 4 8 11 21 29 9 -4 14 12 28 42 17 -15 -12 24 23 20 -20 -3 38 41 -1 -10 27 -16 -2 32 -19 -24 -5 -28 -25 40 -37 -18 -9 -14 -13 -7 -6
right_child=1 6 3 7 13 18 -8 22 25 -11 16 35 39 15 26 -17 37 30 19 -21 -22 -23 31 34 -26 -27 33 -29 -30 -31 -32 -33 -34 -35 -36 36 -38 -39 -40 -41 -42 -43 -44
leaf_value=9.7252220844833018e-05 0 -0.00057362068126808963 -0.00013205684420759418 0.00016552669666352308 0 0 0 0 -7.7102937246842495e-06 0 0 0 0.00071731073338289378 -0.00030941469794993514 4.5742300896090366e-06 -2.2400787235095087e-05 0.00046681667053713092 0.00016994501240068696 0 0 0.00058755164415121139 0 0 0 0 -6.5960512227070627e-05 0 -9.1895996542009164e-05 0.00019580247866467007 0 0 -0.00026303917596833437 0 0.00012651805780054354 -0.00032239659646659218 3.4972329791628769e-05 -0.0001545529299356202 0 0.00013481584986814628 7.9319380788784257e-05 0.00022714387703561982 3.3816604931659177e-05 2.2741163944566884e-05
leaf_weight=297 53 34 716 480 22 98 26 47 5509 199 31 20 50 207 1365 155 49 373 32 37 37 30 33 25 671 758 89 368 355 21 49 57 21 190 35 125 42 28 31 40 31 74 29
leaf_count=297 53 34 716 480 22 98 26 47 5509 199 31 20 50 207 1365 155 49 373 32 37 37 30 33 25 671 758 89 368 355 21 49 57 21 190 35 125 42 28 31 40 31 74 29
internal_value=0 0.000110782 -5.52913e-06 -2.54003e-05 -3.65269e-05 0.000144505 -0.00018366 8.39973e-05 -2.74958e-05 -9.50369e-05 3.88091e-05 0.000198446 0.000254012 -0.000171665 2.9579e-05 -0.000211484 0.000245567 7.01547e-05 3.56145e-06 0.000159467 0.000297488 -0.00037253 -3.19579e-05 -2.90421e-05 2.71022e-05 -1.61946e-05 0 -1.0731e-05 0.000169721 0.000138545 0.000147509 -0.000162266 0.000152435 7.76971e-05 -0.000195873 3.01092e-05 0 0.000358218 3.50056e-06 0.000534632 0.000170144 0 0
internal_weight=0 1144 11795 8285 7595 1054 90 690 7182 915 3510 716 498 413 3402 362 108 1390 338 106 69 64 168 232 968 6267 2012 1733 408 522 422 90 501 279 60 218 167 77 78 90 51 172 51
internal_count=12939 1144 11795 8285 7595 1054 90 690 7182 915 3510 716 498 413 3402 362 108 1390 338 106 69 64 168 232 968 6267 2012 1733 408 522 422 90 501 279 60 218 167 77 78 90 51 172 51
is_linear=0
shrinkage=0.03


Tree=4
num_leaves=49
num_cat=0
split_feature=48 1 8 8 60 3 10 10 3 42 41 60 10 41 3 37 60 3 60 47 1 62 41 1 1 42 28 10 53 42 29 1 0 60 1 44 56 52 3 42 60 60 6 60 60 37 41 41
split_gain=0.0142152 0.0120783 0.0125259 0.00913221 0.00765077 0.00747524 0.0124865 0.00742302 0.00817198 0.00635877 0.00615907 0.0077539 0.00593582 0.00575604 0.00576799 0.00540582 0.00454504 0.00586186 0.0044041 0.00438235 0.00437032 0.00406566 0.00343971 0.00296416 0.00575347 0.00283407 0.00278726 0.00274388 0.00222552 0.00213761 0.00212496 0.00196928 0.00161123 0.00190432 0.00130917 0.00196488 0.00125701 0.00114231 0.0010479 0.000708839 0.000688087 0.000596633 0.000394652 0.000252839 0.000250032 6.82972e-05 3.63993e-05 5.31342e-06
threshold=0.0058470693400602724 88013.790046628943 -5786.665 201.69500000000338 62012.378800000006 68612.312750000026 10093.575000000003 8391.0500000000011 60627.264500000012 1.1239724096033135 822.76185714285691 91157.39880000001 11999.975 695.78960714285734 95699.612750000015 0.027349796201941334 74764.092300000004 82867.380250000017 69322.16810000001 0.31227985444089895 77051.784228027842 1.0000000180025095e-35 333.52905357142868 43804.525183481688 46751.535535398878 1.1761616768091316 594.37919229416013 11361.075000000003 59.201290585056547 1.0611697798179118 0.0030639273210150259 90654.831241963358 36.570785094645238 65032.130800000006 62450.704533231248 519.14000000000681 53.858641978607857 80.09838755803527 44342.280250000011 1.0447853208412377 97495.650700000013 82275.383200000011 648.95571428571373 43044.827600000011 95752.695500000016 0.019198458403611361 709.91610714285673 511.42728571428654
decision_type=2 2 2 2 2 2 2 2 2 2 2 2 2 2 2 2 2 2 2 2 2 2 2 2 2 2 2 2 2 2 2 2 2 2 2 2 2 2 2 2 2 2 2 2 2 2 2 2
left_child=4 2 20 15 7 25 -7 9 23 36 11 -3 13 16 27 19 18 -18 -6 -4 -2 43 -23 45 -25 -5 28 -15 31 -28 32 -12 -14 -34 35 -10 37 -1 -38 -17 -16 47 -43 -11 -30 -9 -13 -32
right_child=1 10 3 5 12 6 -8 8 34 21 26 46 30 14 40 39 17 -19 -20 -21 -22 22 -24 24 -26 -27 29 -29 44 -31 41 -33 33 -35 -36 -37 38 -39 -40 -41 -42 42 -44 -45 -46 -47 -48 -49
leaf_value=1.9417351148939113e-05 -0.00064749600512567409 -0.00061256319234409356 0.00028390922255516228 -4.1316866584732571e-05 -3.2580408657106598e-05 0.00052329772579153976 0 2.2037375209625755e-05 0.00024209913494579658 0 0 0 0 -0.00044696831574332624 1.8211798486465728e-07 8.3400881040344462e-05 0.00014048227773250717 -1.5816003736668824e-05 -0.00011895163076260963 0 0 0.0002319449617030545 0 -0.00032922832943389405 -5.2484385828358921e-05 0.00015004752351332313 -0.000307284644218375 0 0 0 0 0.00023375136630329838 0 0.00017943784957208663 0 0 0 -4.3924438826284313e-05 0.00012398314610458355 -7.8184856093204392e-05 -7.9371707567162071e-05 0 -0.00014191188421163448 3.6447217785622827e-05 -5.7824494017573168e-05 -1.4831588256469721e-06 -2.9635571864690771e-05 1.1983571662190003e-05
leaf_weight=1113 20 36 522 448 3145 73 178 126 96 58 56 21 146 82 42 56 232 2769 829 41 25 349 88 119 467 79 39 26 70 28 30 82 36 217 46 22 60 315 162 40 98 20 44 171 67 59 37 33
leaf_count=1113 20 36 522 448 3145 73 178 126 96 58 56 21 146 82 42 56 232 2769 829 41 25 349 88 119 467 79 39 26 70 28 30 82 36 217 46 22 60 315 162 40 98 20 44 171 67 59 37 33
internal_value=0 7.47246e-05 0.00011755 0.000137511 -1.37587e-05 5.20299e-05 0.000187499 2.33267e-05 -4.28253e-05 5.39207e-05 -5.01958e-05 -0.000265405 -3.04791e-05 -3.83456e-05 -0.000188057 0.000224708 -3.17244e-05 -7.21429e-07 -5.28701e-05 0.000260261 -0.000317882 0.000134408 0.000189455 -9.08953e-05 -0.000124173 0 0 -0.000359188 5.11945e-05 -0.000162951 6.0402e-05 0.000140356 9.79711e-05 0.000144415 0.000128138 0.000181007 1.59612e-05 0 8.35486e-05 0 0 0 -9.13838e-05 0 0 0 0 0
internal_weight=0 1918 1482 1437 11000 778 251 3251 935 2316 436 94 7749 7223 248 659 6975 3001 3974 563 45 666 437 771 586 527 342 108 275 67 526 138 399 253 164 118 1650 1428 222 96 140 127 64 229 137 185 58 63
internal_count=12918 1918 1482 1437 11000 778 251 3251 935 2316 436 94 7749 7223 248 659 6975 3001 3974 563 45 666 437 771 586 527 342 108 275 67 526 138 399 253 164 118 1650 1428 222 96 140 127 64 229 137 185 58 63
is_linear=0
shrinkage=0.03


Tree=5
num_leaves=43
num_cat=0
split_feature=48 8 29 60 60 60 33 56 41 6 10 3 60 5 10 41 2 3 22 42 10 59 43 9 10 2 49 49 56 3 52 5 45 7 5 16 22 0 10 60 49 60
split_gain=0.0143369 0.0117648 0.0114232 0.0106931 0.00950318 0.0200822 0.00746335 0.00645108 0.0055886 0.00660198 0.00505908 0.00580449 0.00459358 0.00421568 0.00403179 0.00741945 0.00853597 0.00468481 0.00461102 0.00390081 0.00318899 0.00309139 0.00230201 0.00214032 0.0033415 0.00201007 0.00344766 0.0019116 0.00174223 0.00453994 0.00193051 0.000977534 0.000979483 0.000882401 0.00236637 0.000827151 0.000643703 0.0006302 0.000591225 0.000506422 0.000185819 1.6044e-07
threshold=0.0058470693400602724 -5786.665 -0.0085311607790105725 62099.385000000002 82506.834000000017 81835.544900000023 0.11393503964507061 45.896654000265194 822.76185714285691 869.07500000000084 8453.0250000000015 60627.264500000012 95752.695500000016 74666.629412574621 12061.725 695.78960714285734 95741.026277236379 64409.733000000007 -0.033092045125644169 0.91596916706827625 9455.6500000000033 -0.020797471216920053 1.1680710285349949 0.0041687199131045152 13005.525000000001 43793.425649186414 1.181678953202272 0.95293143248926981 46.371032064257086 58898.107500000006 84.859562997346359 61527.275479743737 0.89341446281430714 547.20000000000448 81411.785898337825 47.450000000000735 -0.00064835497740195469 36.798115701268223 6678.7250000000013 97495.650700000013 1.1267268675108724 83019.965300000011
decision_type=2 2 2 2 2 2 2 2 2 2 2 2 2 2 2 2 2 2 2 2 2 2 2 2 2 2 2 2 2 2 2 2 2 2 2 2 2 2 2 2 2 2
left_child=3 13 6 10 5 7 20 -4 9 -6 19 25 -10 -2 15 17 18 21 -17 35 -3 -5 -22 24 41 40 -27 -19 30 -30 -21 32 -13 37 -35 36 -1 -25 -37 -18 -12 -16
right_child=1 2 4 14 8 -7 -8 -9 12 -11 11 31 -14 -15 23 16 39 27 -20 28 22 -23 -24 33 -26 26 -28 -29 29 -31 -32 -33 -34 34 -36 38 -38 -39 -40 -41 -42 -43
leaf_value=0 -0.00065048382158658467 0 0.00013123969724162762 5.6559865869598526e-05 0 0.0010857317874637049 0 -1.0101693367515025e-05 9.4068827374161948e-05 -0.00057293544118437734 4.4806739505718466e-05 0 -0.00012360578485201245 0 0 0 1.7154977100756993e-05 0 -0.00048462714628292512 7.9581057880555542e-05 0.00041542933874185096 -0.00010458926554699724 0 0 0.00043711447865871813 -0.00015898306009081163 0 -3.2140984390872168e-05 0.00026282434388196478 0 0 0 0.00019924323190389091 0 -0.00022283847682788669 -4.4403677964741003e-05 5.9124018131009801e-05 8.4433821877015862e-05 1.3463445316392477e-06 -6.6505535169987889e-05 0 1.7659833093302609e-06
leaf_weight=205 22 26 765 44 109 20 23 292 265 35 83 40 117 30 22 20 41 2708 94 749 194 1004 24 123 31 311 267 3208 205 135 153 24 109 65 49 278 400 146 254 100 87 46
leaf_count=205 22 26 765 44 109 20 23 292 265 35 83 40 117 30 22 20 41 2708 94 749 194 1004 24 123 31 311 267 3208 205 135 153 24 109 65 49 278 400 146 254 100 87 46
internal_value=0 7.89304e-05 9.51212e-05 -9.67289e-06 5.76564e-05 0.000110949 0.000286063 8.36896e-05 -3.43621e-05 -0.000197798 3.42619e-05 -1.83424e-05 3.81245e-06 -0.000328438 -2.96689e-05 -3.60088e-05 -0.000201009 -2.86663e-05 -0.000396813 5.84093e-05 0.000342098 -8.92239e-05 0.000379628 4.65884e-05 0.000173034 -6.2855e-05 -9.07765e-05 -1.64135e-05 9.63616e-05 0.000172239 5.77379e-05 0.000121959 0.000152176 0 -5.27758e-05 9.02429e-06 3.68057e-05 4.20335e-05 -5.66442e-06 0 0 0
internal_weight=0 1922 1870 11001 1603 1077 267 1057 526 144 3300 921 382 52 7701 7219 255 6964 114 2379 244 1048 218 482 99 748 578 5916 1242 340 902 173 149 383 114 1137 605 269 532 141 170 68
internal_count=12923 1922 1870 11001 1603 1077 267 1057 526 144 3300 921 382 52 7701 7219 255 6964 114 2379 244 1048 218 482 99 748 578 5916 1242 340 902 173 149 383 114 1137 605 269 532 141 170 68
is_linear=0
shrinkage=0.03


Tree=6
num_leaves=50
num_cat=0
split_feature=48 1 33 41 59 60 60 29 19 60 41 48 47 45 45 22 48 42 22 60 1 41 16 3 5 56 33 49 0 41 5 44 33 49 1 20 56 1 1 41 44 43 45 1 44 56 2 33 45
split_gain=0.012305 0.0103635 0.00935574 0.0143984 0.00935471 0.00900295 0.00674095 0.00648076 0.00611449 0.00687013 0.0048627 0.00436947 0.00419135 0.00354459 0.00351138 0.00295919 0.00331304 0.00388334 0.00413046 0.00382517 0.00294816 0.00279092 0.00260231 0.00248516 0.0025027 0.00216457 0.00179995 0.0015537 0.00210178 0.00290889 0.00154844 0.00152473 0.00145437 0.00142935 0.00123974 0.00122722 0.00117024 0.00254991 0.001129 0.00110048 0.00112611 0.000990809 0.000515354 0.000433337 0.000868009 0.000373911 0.000321097 0.00017947 7.72232e-05
threshold=0.0057532749433251967 88013.790046628943 0.10386273165926393 939.67226785714286 0.0023318018237987849 62099.385000000002 59244.452499999999 0.0037109435504574339 0.010937132781225324 84523.201300000015 785.3746428571427 0.0045333663240909958 0.11913973381560418 1.1548428524978409 1.1902524562917354 0.012098897561300228 0.0050004151612504004 0.92675062907472527 -0.038657683659221946 63771.566600000013 97336.80870712288 388.42680357142905 216.1350000000057 60327.878250000009 56475.305860803732 54.836699763864011 0.032344147781389214 0.77260035392492721 36.381010148213576 822.76185714285691 51274.537678346336 598.4850000000007 0.04530463441499942 0.69403131734327927 89234.346055137212 0.036883933677777876 43.965130613234471 59137.536009780808 61656.105925192227 412.31975000000091 -1683.5500000000027 0.19076688037252909 0.88488481766601246 61814.410509287991 107.32500000000074 33.718732021670341 92403.140875908939 0.042117834926728895 1.2758677582799416
decision_type=2 2 2 2 2 2 2 2 2 2 2 2 2 2 2 2 2 2 2 2 2 2 2 2 2 2 2 2 2 2 2 2 2 2 2 2 2 2 2 2 2 2 2 2 2 2 2 2 2
left_child=5 2 3 4 12 11 -4 27 9 -5 -6 14 -2 41 36 16 19 45 -19 21 -21 -7 31 24 30 32 -9 34 46 -30 -13 -16 42 -26 -3 -34 38 -38 -1 48 -41 -8 -17 44 -25 -18 -29 -28 -27
right_child=1 7 6 8 10 15 13 26 -10 -11 -12 23 -14 -15 22 25 17 18 -20 20 -22 -23 -24 43 33 39 47 28 29 -31 -32 -33 35 -35 -36 -37 37 -39 -40 40 -42 -43 -44 -45 -46 -47 -48 -49 -50
leaf_value=-1.9943906724024228e-06 0.00020080741583684185 0 0.00013609322387661148 0.00062198441670649886 3.424247653485698e-05 -0.00013044670353196385 0 -0.00042256532430037309 0 6.9559101847555837e-05 -0.00019766188142589079 -7.2264644465596121e-05 0 0 0.00014253148501344883 3.8540247135512928e-05 -6.0381623467946084e-05 0 -0.00027278968510999777 -7.4506772873913876e-06 -8.0798278847793022e-05 0 0 0.00018015549595842435 0 1.1243041467646752e-05 0 0 -0.00036994728204464846 0 6.1718150913028189e-05 0 0.00018235816611230491 -0.00021504920261096531 0.00019588037229436886 0 0.0001094206570213629 0 0.0001064049236803375 0 -0.00013886684692753542 -0.00044848743340068683 0 0 0 0 0.00013899361044169883 -5.3277109616743266e-05 -2.8667050602452762e-05
leaf_weight=1267 508 22 29 107 490 543 20 46 42 77 97 181 130 24 601 356 92 35 190 4210 637 87 121 45 48 177 22 20 29 157 117 25 98 134 65 20 346 210 89 102 157 54 743 42 29 133 41 57 57
leaf_count=1267 508 22 29 107 490 543 20 46 42 77 97 181 130 24 601 356 92 35 190 4210 637 87 121 45 48 177 22 20 29 157 117 25 98 134 65 20 346 210 89 102 157 54 743 42 29 133 41 57 57
internal_value=0 6.98154e-05 0.000108092 0.00013267 8.23284e-05 -1.03884e-05 -0.000101671 -4.21658e-05 0.0003653 0.000440129 0 3.0057e-05 0.000161868 -0.000263788 4.8047e-05 -2.88058e-05 -3.89629e-05 -0.000124222 -0.0002153 -3.03083e-05 -1.89512e-05 -0.000103356 0.000106658 -3.50943e-05 -7.4587e-05 1.1381e-06 -0.00023035 1.48405e-06 -6.14074e-06 -8.64406e-05 0 0.00013158 2.75046e-05 -0.000164356 0.000126171 0.000135263 2.04288e-05 5.76876e-05 0 -4.56819e-05 -8.82593e-05 -0.000367418 7.71381e-06 5.07083e-05 9.63009e-05 0 9.11139e-05 -3.75904e-06 0
internal_weight=0 2037 1578 1451 1225 10892 127 459 226 184 587 3255 638 98 2659 7637 5927 450 225 5477 4847 630 747 596 480 1710 125 334 247 186 298 626 1217 182 87 118 1912 556 1356 493 259 74 1099 116 74 225 61 79 234
internal_count=12929 2037 1578 1451 1225 10892 127 459 226 184 587 3255 638 98 2659 7637 5927 450 225 5477 4847 630 747 596 480 1710 125 334 247 186 298 626 1217 182 87 118 1912 556 1356 493 259 74 1099 116 74 225 61 79 234
is_linear=0
shrinkage=0.03


Tree=7
num_leaves=46
num_cat=0
split_feature=41 4 48 60 37 10 37 9 4 1 10 4 33 60 6 4 1 33 4 42 2 49 60 44 37 15 33 9 10 1 2 48 56 53 9 1 21 10 44 35 61 48 31 42 37
split_gain=0.0107913 0.0203833 0.0188323 0.0108414 0.00875023 0.00622483 0.00919619 0.00592864 0.0149221 0.0398247 0.00568884 0.00422464 0.00422342 0.00412231 0.0037341 0.00300091 0.00949192 0.00680503 0.00399985 0.00364672 0.00283996 0.00272046 0.00378893 0.00259524 0.00194225 0.00185199 0.00180229 0.0017322 0.0016714 0.00273705 0.00732092 0.00242909 0.00349612 0.00134004 0.00112314 0.000785201 0.00074601 0.000617911 0.000357787 0.000278696 0.000490975 0.000277628 0.000271852 0.000204431 0.000163808
threshold=922.10264285714322 86269.906766098182 0.0076649555552401206 62012.378800000006 0.028551191567020646 12186.175000000001 0.020981203944079905 0.0062827200415673775 65320.634014160227 63965.975059307391 13594.550000000001 65108.796997790159 0.035870874018454936 64711.246900000013 487.81499999999954 52660.59240103083 55838.068025273067 0.024392739776540742 61447.677047969133 0.75133404344582089 62051.688221263772 0.81922358917362958 71667.638500000015 259.92499999999933 0.029687006969926367 125.39499999999681 0.035317214046095183 0.0078998627870473116 8391.0500000000011 43804.525183481688 46277.924733546919 0.0045786795843875926 26.182644140247898 20.259194185152442 0.0056542044128383455 97466.981462476979 -0.0051630283369651911 11608.675000000001 494.02500000000151 -0.29405855077496701 0.02202412890615366 0.0096389780215419777 0.00097097490514784295 0.98812764597935954 0.016331650580050001
decision_type=2 2 2 2 2 2 2 2 2 2 2 2 2 2 2 2 2 2 2 2 2 2 2 2 2 2 2 2 2 2 2 2 2 2 2 2 2 2 2 2 2 2 2 2 2
left_child=3 2 -2 15 12 7 21 11 20 -10 43 14 -4 -13 -5 28 19 23 -19 -17 -9 22 -7 -18 26 -12 38 -21 31 44 -31 32 -1 -28 -23 -35 -33 -26 42 -6 -41 -14 -3 -8 -30
right_child=1 24 4 5 39 6 10 8 9 -11 25 13 41 -15 -16 16 17 18 -20 27 -22 34 -24 -25 37 -27 33 -29 29 30 -32 36 -34 35 -36 -37 -38 -39 -40 40 -42 -43 -44 -45 -46
leaf_value=-3.3551171767327152e-06 0.0010085777632309167 0 0 -0.00010326750138131358 -0.0001111573685102037 0 -3.502082965286804e-05 0 -0.0012512363724903588 -0.00010526777831393028 0 0.00010719883707329849 0 -2.0418391534443512e-05 5.7573859479740856e-05 0 0.00012016069886791745 -6.3137240110395639e-05 5.514735812075601e-05 0.00042186974807640557 0.00043751086410755499 0 0.00047789076772269772 0 0 -0.00048782663329122671 0 0 3.4301481994517407e-05 -0.00029618777224576782 0 0 9.6573578591372755e-05 0.00019782677394896575 0.00012386139211768919 0 -0.00012753601123811949 -0.00018506847975326428 0 9.7692352734691186e-05 0 0.00065470388158319964 -0.00014150563180742807 2.9700195852594993e-05 0
leaf_weight=373 39 31 20 975 20 21 56 27 32 421 21 218 22 6170 74 27 760 657 369 101 32 160 57 297 52 33 21 20 125 114 99 60 551 97 202 30 85 59 32 46 28 38 28 130 90
leaf_count=373 39 31 20 975 20 21 56 27 32 421 21 218 22 6170 74 27 760 657 369 101 32 160 57 297 52 33 21 20 125 114 99 60 551 97 202 30 85 59 32 46 28 38 28 130 90
internal_value=0 0.000127616 0.000359185 -6.60076e-06 0.000160512 -2.56798e-05 5.66304e-05 -3.38551e-05 -0.000136832 -0.000206848 -6.88111e-05 -2.55503e-05 0.000392423 -1.46496e-05 -8.33308e-05 3.5145e-05 5.72213e-05 3.57386e-05 -1.18232e-05 0.000298205 0.000247305 0.000145494 0.000351536 9.0408e-05 0 -0.000339477 3.37822e-05 0.00036848 0 -4.77131e-05 -0.000126964 2.22469e-05 4.65093e-05 0.000113045 7.60025e-05 0.000156081 -7.01994e-05 -0.000115116 0 0 0 0.000517792 -7.36896e-05 0 0
internal_weight=0 563 213 12357 174 8629 680 7949 512 453 240 7437 80 6388 1049 3728 2231 2083 1026 148 59 440 78 1057 350 54 239 121 1497 428 213 1069 924 148 362 127 145 111 91 94 74 60 59 186 215
internal_count=12920 563 213 12357 174 8629 680 7949 512 453 240 7437 80 6388 1049 3728 2231 2083 1026 148 59 440 78 1057 350 54 239 121 1497 428 213 1069 924 148 362 127 145 111 91 94 74 60 59 186 215
is_linear=0
shrinkage=0.03


Tree=8
num_leaves=50
num_cat=0
split_feature=60 10 37 60 44 40 29 28 3 10 10 22 6 42 36 60 42 60 44 5 28 5 40 44 40 45 42 5 42 40 10 42 42 4 3 60 29 19 5 9 9 9 10 6 5 9 3 12 12
split_gain=0.0066378 0.00784269 0.0161192 0.00726943 0.00600796 0.0106031 0.0105645 0.0064665 0.00494363 0.00382322 0.00596341 0.00366781 0.00633112 0.00277856 0.00406772 0.00263301 0.00395044 0.00362642 0.0043927 0.00340036 0.00258504 0.00240312 0.00224933 0.00206611 0.0020305 0.00201133 0.002334 0.00196751 0.00243126 0.00209082 0.00170577 0.00277106 0.00154633 0.00128485 0.000822468 0.00103962 0.000994705 0.000783011 0.00125071 0.000665478 0.00110795 0.000494977 0.000425735 0.000289192 0.000231104 0.00087093 0.000173775 0.000167883 0.00024489
threshold=62012.378800000006 12263.85 0.020981203944079905 81835.544900000023 -1385.9949999999951 0.0076274526024333825 0.010228626691170183 -90.067008244510347 62260.98575 8391.0500000000011 9585.2250000000022 -0.035414714222997239 611.7278571428559 1.0960583742433287 0.017752613584083293 43044.827600000011 1.0998591626266161 58347.480600000003 193.94499999999974 58313.225856199468 -138.84986555078646 81123.994688884486 0.007159604905241976 -2427.7900000000004 0.0087468052757227761 0.83138753258984621 1.575712112479476 58895.282290072777 1.3338730006909014 0.0049371412828269389 10902.250000000002 1.0447853208412377 1.1332819913986583 63896.406069571232 58898.107500000006 60667.875700000004 0.002474791949029127 0.0050986341262362353 51501.966499865353 0.0034327619543031824 0.0049328802434798974 0.0049070229973121075 12617.275000000003 886.53464285714188 42263.793397582987 0.0022599544355919338 60032.500000000007 0.0094979888276636292 0.0044661634561953545
decision_type=2 2 2 2 2 2 2 2 2 2 2 2 2 2 2 2 2 2 2 2 2 2 2 2 2 2 2 2 2 2 2 2 2 2 2 2 2 2 2 2 2 2 2 2 2 2 2 2 2
left_child=9 4 25 32 5 39 7 -7 30 15 20 21 -13 14 41 44 34 18 -18 -19 47 -10 -5 -24 -16 -3 33 28 -22 -29 31 -6 43 -27 36 -36 -17 38 -15 -2 -41 -12 -34 -4 45 -1 -39 48 -11
right_child=1 2 3 22 8 6 -8 -9 11 10 13 12 -14 37 24 16 17 19 -20 -21 27 -23 23 -25 -26 26 -28 29 -30 -31 -32 -33 42 -35 35 -37 -38 46 -40 40 -42 -43 -44 -45 -46 -47 -48 -49 -50
leaf_value=0.00011784905182101389 0 0 -6.2188006728620043e-05 0 0 0 0 0.00044690241877106014 0.00015276486173101432 0 6.9099181682437402e-05 -1.9143017217432029e-05 -0.00010380351617067109 0 0 7.2695752799039164e-05 0.00027935746319454467 -0.00012327306172647172 0 0.00010223130819039141 -0.00017082093852239169 0 0 -0.00034834891683956624 0.00040298820218373309 0 0 0.00021544354739312541 0 -6.5394198240479931e-05 0 -0.00039104997406620267 0 0.00025350672643158082 -3.4451650258939487e-05 4.5563238286161687e-05 0 -9.1906753594200616e-05 0.00010447268277985552 -9.7241697864556683e-05 0 0 0.00017601121112578076 0 -3.03152152842946e-05 0 0 0 6.3441873068708371e-05
leaf_weight=57 61 73 67 20 67 28 80 135 154 42 93 6260 1016 67 26 626 239 61 80 213 327 87 25 99 62 25 25 31 98 100 29 71 23 343 289 285 277 73 125 184 111 67 58 27 213 225 27 36 92
leaf_count=57 61 73 67 20 67 28 80 135 154 42 93 6260 1016 67 26 626 239 61 80 213 327 87 25 99 62 25 25 31 98 100 29 71 23 343 289 285 277 73 125 184 111 67 58 27 213 225 27 36 92
internal_value=0 -1.51595e-05 7.26301e-05 -7.19867e-05 -2.45684e-05 6.19265e-05 0.000219239 0.00036033 -3.24845e-05 3.18769e-05 -4.5696e-06 -2.74977e-05 -3.22055e-05 6.27635e-05 0.00013654 5.33725e-05 6.83692e-05 0.000139576 0.000214723 1.91371e-05 -6.70489e-05 7.72e-05 -0.000237885 -0.000286324 0.000306406 0.000190911 0.000218665 -0.000100257 -0.000131572 0 -0.000202702 -0.000246585 1.3357e-05 0.000238251 3.36656e-05 0 5.17014e-05 0 3.54712e-05 -2.02872e-05 -5.02474e-05 0 0.000132298 0 0 6.51116e-06 -6.79244e-05 0 3.35418e-05
internal_weight=0 9068 785 319 8283 599 243 163 7684 3831 1266 7517 7276 540 248 2565 2070 593 319 274 726 241 144 124 88 466 393 556 425 131 167 138 175 368 1477 574 903 292 192 356 295 160 81 94 495 282 100 170 134
internal_count=12899 9068 785 319 8283 599 243 163 7684 3831 1266 7517 7276 540 248 2565 2070 593 319 274 726 241 144 124 88 466 393 556 425 131 167 138 175 368 1477 574 903 292 192 356 295 160 81 94 495 282 100 170 134
is_linear=0
shrinkage=0.03


Tree=9
num_leaves=21
num_cat=0
split_feature=41 33 48 60 34 10 41 29 9 9 34 32 45 60 5 5 1 29 53 31
split_gain=0.00746119 0.0104587 0.00965928 0.00756354 0.0074425 0.00599707 0.00728848 0.00491607 0.00490618 0.00461927 0.00430922 0.00408546 0.00401045 0.00285903 0.00559795 0.00551695 0.00242576 0.00230634 0.00132586 0.000615735
threshold=1316.9578750000003 0.11393503964507061 0.0067702310205894648 62012.378800000006 0.69621582495018275 12061.725 695.78960714285734 0.010228626691170183 0.014170226152244137 0.0080857008249735716 0.32105992523617705 0.0057302591680712294 1.3465247044580646 83019.965300000011 92641.021353896693 75528.057178640025 52126.263501370166 0.010228626691170183 30.719257712646762 0.0023606264509671753
decision_type=2 2 2 2 2 2 2 2 2 2 2 2 2 2 2 2 2 2 2 2
left_child=1 2 3 7 9 6 -5 12 -3 17 -10 -7 -1 15 -15 -6 -9 -4 -11 -2
right_child=19 8 4 5 13 11 -8 16 10 18 -12 -13 -14 14 -16 -17 -18 -19 -20 -21
leaf_value=1.4099463824523649e-06 0.00052260736401897525 0 0.00024524357812620177 -2.4046942654468921e-05 -6.3819414444806283e-06 0.00010864686343597749 -0.00015641566843019737 0 -0.00071005288781941193 -5.6468564049577274e-06 0 -2.683485493213595e-05 9.774041480609359e-05 -0.00036902427340093093 0 0.000333443555135946 0.00029152747079299094 0 8.198864527341882e-05 0
leaf_weight=2918 26 35 344 7106 225 482 432 25 35 96 21 194 492 55 20 45 96 21 201 20
leaf_count=2918 26 35 344 7106 225 482 432 25 35 96 21 194 492 55 20 45 96 21 201 20
internal_value=0 -2.65762e-06 0 -8.01207e-06 8.87798e-05 -2.43864e-05 -3.28328e-05 2.75289e-05 -0.000322632 0.000148665 -0.000497223 5.64637e-05 1.79551e-05 -9.49955e-08 -0.000181938 1.72665e-05 0.000222427 0.000225842 2.34125e-05 0.00037838
internal_weight=0 12843 12752 11745 1007 8214 7538 3531 91 662 56 676 3410 345 75 270 121 365 297 46
internal_count=12889 12843 12752 11745 1007 8214 7538 3531 91 662 56 676 3410 345 75 270 121 365 297 46
is_linear=0
shrinkage=0.03


Tree=10
num_leaves=44
num_cat=0
split_feature=48 33 15 34 20 1 49 42 5 6 22 5 5 1 44 49 22 9 5 8 42 42 49 40 48 28 33 1 61 53 5 28 40 1 0 21 48 42 22 61 42 27 1
split_gain=0.011692 0.0123183 0.00905413 0.0063495 0.00607833 0.00644257 0.0058271 0.00490001 0.00455497 0.00285692 0.00650893 0.00391968 0.00528299 0.00446764 0.00375475 0.00367321 0.00319571 0.00275277 0.00273505 0.00273467 0.0031429 0.00248692 0.00245289 0.00176782 0.00206151 0.00169453 0.00289494 0.0045724 0.00273114 0.00261646 0.00167165 0.00151917 0.00151859 0.00151667 0.00131064 0.000999772 0.000496908 0.000404765 0.00125516 0.000566039 0.000146874 0.000108718 4.02616e-05
threshold=0.0067702310205894648 0.11393503964507061 259.15999999999627 0.70362829477710764 0.011972724502722689 83788.957588944642 1.1745004415957394 1.0960583742433287 61405.034626730536 611.7278571428559 -0.033092045125644169 74012.944960180874 69087.269279227767 97209.847471538771 -1240.1850000000047 0.95293143248926981 0.0061711578158304423 0.0073027299210314768 80665.960840825705 2572.5199999999973 0.88264419927079973 0.80602640873072562 1.1607505438583055 0.005483926874401337 0.005606122887380327 594.37919229416013 0.024681788270792107 55838.068025273067 0.045261438424562088 72.31518612071271 45735.527307756223 -1196.7635856666745 0.0064911160290897843 99074.218064917703 80.253321233473926 -0.028043606768931192 0.0047076087870406612 0.68355492994561418 -0.0013463541397622512 -0.0080985796446671424 0.62339109387877245 -2.0503396285890854 70475.598605190622
decision_type=2 2 2 2 2 2 2 2 2 2 2 2 2 2 2 2 2 2 2 2 2 2 2 2 2 2 2 2 2 2 2 2 2 2 2 2 2 2 2 2 2 2 2
left_child=8 2 3 18 5 6 -4 -3 21 11 17 12 16 22 41 -16 -10 42 30 20 -5 23 -13 37 36 26 29 -28 -27 -23 -2 -9 -14 -15 -21 -19 -25 38 -1 -39 -20 -12 -11
right_child=1 7 4 19 -6 -7 -8 31 9 10 14 13 32 33 15 -17 -18 35 40 34 -22 25 -24 24 -26 28 27 -29 -30 -31 -32 -33 -34 -35 -36 -37 -38 39 -40 -41 -42 -43 -44
leaf_value=0 0 0 0.0006598245095135024 0 0 0 0 -0.0005326278108299734 -3.5071092896858104e-05 0 2.9005564206753485e-05 1.7618857080787808e-05 -0.00013139699905748199 -9.2294738613321514e-05 0 -0.00013938758903058485 2.3344520728891876e-05 0 5.7996000553826094e-05 0.00018580276811544201 -0.00027545040925307305 8.052416897615798e-05 0.00011453202894729051 0 0 0.00031585746574347477 7.2919511936463027e-05 -4.9592404737989843e-05 0 0 0.00018931869819910509 0 0 0 0 0.00046308770623946073 -0.0002972971310079589 0 8.9746377015736763e-05 -4.0334098297187966e-05 0 0 1.9707236681552757e-05
leaf_weight=100 40 33 86 135 49 51 20 34 2230 30 116 1661 536 323 170 840 1179 20 39 46 66 1042 377 44 52 55 405 797 44 350 380 21 98 374 25 22 47 57 170 388 117 134 93
leaf_count=100 40 33 86 135 49 51 20 34 2230 30 116 1661 536 323 170 840 1179 20 39 46 66 1042 377 44 52 55 405 797 44 350 380 21 98 374 25 22 47 57 170 388 117 134 93
internal_value=0 9.30325e-05 0.000127056 6.96005e-05 0.000319499 0.000410677 0.00055147 -0.000211595 -7.40347e-06 -2.02445e-05 -6.0331e-05 -1.04867e-05 -3.00358e-05 1.51216e-05 -8.74627e-05 -0.000113523 -1.2228e-05 9.21922e-05 0.000129499 -2.41941e-05 -0.000104584 1.97249e-05 3.9976e-05 -1.82868e-05 -0.000114481 3.51779e-05 2.63331e-05 -8.19884e-07 0.000175516 5.6239e-05 0.000169856 -0.000388892 -0.000111548 -4.46309e-05 7.66429e-05 0.000302958 -0.000202217 0 2.9923e-05 -1.65702e-05 0 0 0
internal_weight=0 1142 1054 848 206 157 106 88 11754 8203 1425 6778 4043 2735 1260 1010 3409 165 576 272 201 3551 2038 858 143 2693 2594 1202 99 1392 420 55 634 697 71 42 91 715 270 445 156 250 123
internal_count=12896 1142 1054 848 206 157 106 88 11754 8203 1425 6778 4043 2735 1260 1010 3409 165 576 272 201 3551 2038 858 143 2693 2594 1202 99 1392 420 55 634 697 71 42 91 715 270 445 156 250 123
is_linear=0
shrinkage=0.03


Tree=11
num_leaves=41
num_cat=0
split_feature=41 2 2 42 56 10 10 37 10 10 42 2 22 9 10 41 34 10 42 44 29 41 45 53 2 42 29 37 5 56 9 37 18 9 42 44 45 8 2 43
split_gain=0.00587358 0.00742495 0.00595765 0.0130318 0.00940695 0.00624305 0.00591713 0.00854129 0.00502683 0.00556686 0.00519156 0.00441734 0.00429353 0.00568393 0.00822509 0.00405963 0.00423013 0.00391753 0.00388655 0.00361416 0.00310872 0.00259201 0.00239133 0.00356818 0.00191635 0.00132348 0.0012464 0.00159819 0.00183738 0.00158522 0.00120488 0.00119683 0.00104952 0.000527813 0.000486315 0.000288612 0.000498253 0.000221655 0.000166012 0.000125377
threshold=885.49467857142884 58836.404273530883 83299.686977255929 1.087642574385095 31.02277865408929 11703.225 12186.175000000001 0.021541339978037179 8300.3500000000022 9303.4750000000004 1.3142439164934061 43435.222260558709 -0.020476196345825311 0.0065014695911536158 11319.975 446.0548928571439 0.71489652232624612 14002.150000000001 1.1159404945319116 338.64499999999686 -0.0035076590187839377 809.71273214285645 0.83138753258984621 46.988346350177501 97747.873963235848 1.0349250840525797 0.0072727775212873998 0.034084704397806635 95259.29920605167 55.506225160433779 0.0084531758146942811 0.028168644601809126 -0.0032522164758737588 0.0040466852881020044 1.0611697798179118 130.07999999999814 1.205755913694625 2309.3950000000045 39979.461715048215 0.16292101831790606
decision_type=2 2 2 2 2 2 2 2 2 2 2 2 2 2 2 2 2 2 2 2 2 2 2 2 2 2 2 2 2 2 2 2 2 2 2 2 2 2 2 2
left_child=1 8 3 4 -2 -6 12 22 11 10 20 35 13 32 -15 33 -17 37 25 -20 -10 24 -8 -24 -14 -13 27 28 29 -4 -23 -5 -3 -11 -28 36 -1 -9 -37 -12
right_child=2 6 26 31 5 -7 7 17 9 15 39 18 21 14 -16 16 -18 -19 19 -21 -22 30 23 -25 -26 -27 34 -29 -30 -31 -32 -33 -34 -35 -36 38 -38 -39 -40 -41
leaf_value=0 0 0 0.00015880438086805657 0 0.00076086894492805599 2.2551815782836595e-05 0 -3.6031607587312108e-05 0 1.3605901551316965e-05 0 7.3003240393720045e-05 -7.0199960552047502e-06 -0.00039333465895245555 0 0.00025542919747921397 0 -0.0004305882637325051 0.0002664194794794093 0 -0.00021421906277059382 -0.00020742811712847237 5.773872825236913e-05 0.00033282339529081928 -6.1791646551761963e-05 0 -0.00014892684346326068 -2.8979092345946277e-05 0 0 0 -0.00018158952075629644 -6.4464601081670221e-05 -5.4623860668831114e-05 0 0 6.7482997187020785e-05 2.2117086979351254e-05 -4.9368584779956845e-05 4.2899136726291629e-05
leaf_weight=249 47 235 204 30 62 46 79 128 43 111 22 769 7289 119 35 130 36 23 228 48 251 98 230 129 713 105 40 38 66 39 23 34 531 152 41 30 114 67 138 76
leaf_count=249 47 235 204 30 62 46 79 128 43 111 22 769 7289 119 35 130 36 23 228 48 251 98 230 129 713 105 40 38 66 39 23 34 531 152 41 30 114 67 138 76
internal_value=0 -5.10076e-06 8.76137e-05 0.000217042 0.000376425 0.000530437 -1.7637e-05 6.57124e-05 3.98956e-05 -1.20765e-05 -0.000102099 7.06293e-05 -2.46805e-05 -8.84654e-05 -0.000267663 4.92316e-05 0.00016801 -6.03165e-05 0.00010367 0.000216509 -0.000172273 -1.63454e-05 0.000148971 0.000181829 -1.30271e-05 5.76805e-05 2.68443e-07 4.37796e-05 8.18446e-05 0.000123743 -0.000161023 -2.89496e-05 -4.06033e-05 0 -7.49037e-05 0 1.40865e-05 0 -3.33923e-05 1.67496e-05
internal_weight=0 12201 647 219 155 108 9699 656 2502 821 392 1681 9043 920 154 429 166 218 1150 276 294 8123 438 359 8002 874 428 347 309 243 121 64 766 263 81 531 363 195 168 98
internal_count=12848 12201 647 219 155 108 9699 656 2502 821 392 1681 9043 920 154 429 166 218 1150 276 294 8123 438 359 8002 874 428 347 309 243 121 64 766 263 81 531 363 195 168 98
is_linear=0
shrinkage=0.03


Tree=12
num_leaves=47
num_cat=0
split_feature=48 33 5 3 22 41 42 42 41 60 41 10 4 40 49 28 42 28 10 41 5 60 3 48 28 4 61 36 33 1 60 60 0 42 28 1 31 44 0 1 10 1 33 48 48 37
split_gain=0.00772418 0.0109462 0.0131677 0.0134758 0.00978777 0.00860632 0.00785259 0.00951495 0.00651637 0.00633492 0.00623393 0.0058684 0.00600994 0.00580127 0.00503564 0.00463217 0.00432526 0.00391736 0.00355253 0.00532614 0.0154115 0.00358334 0.0062279 0.00404293 0.00347494 0.00223557 0.00385256 0.00212539 0.00190221 0.00342188 0.00385555 0.00188471 0.00177632 0.00144954 0.00140037 0.000974826 0.000883439 0.0012498 0.000905563 0.000879451 0.00081893 0.00120328 0.000665873 0.000565421 1.02573e-05 7.32657e-06
threshold=0.0057532749433251967 0.11393503964507061 80665.960840825705 71137.880000000019 -0.0319657138178756 1232.3735892857137 0.71259444832430796 1.1033868495525099 809.71273214285645 62099.385000000002 822.76185714285691 8453.0250000000015 61691.983105860789 0.0088211956108351971 1.2987804970115013 -199.8534945695246 1.1332819913986583 5.1504910129115169 11657.650000000001 695.78960714285734 91055.918793534001 74764.092300000004 82867.380250000017 0.0023340342809312306 -1196.7635856666745 43486.1504031156 0.0031976181044361266 0.02272457657131716 0.020832240489225575 87296.755806641158 98394.843900000022 95752.695500000016 81.741677321315791 1.0505603590691419 150.24146432188721 62450.704533231248 0.0027680475720360379 -332.09000000000373 41.344294413855614 60975.021728796179 4615.6500000000005 61934.188268360995 0.017613130763041766 0.0024616080383529 0.0047804103619808495 0.017875313520673005
decision_type=2 2 2 2 2 2 2 2 2 2 2 2 2 2 2 2 2 2 2 2 2 2 2 2 2 2 2 2 2 2 2 2 2 2 2 2 2 2 2 2 2 2 2 2 2 2
left_child=9 2 3 4 14 24 -5 -8 -6 11 13 16 25 34 -2 -15 40 43 19 21 -21 23 -23 -11 -3 45 -27 31 29 -20 -31 -12 -19 -29 -4 39 38 -38 -30 -14 42 -42 -1 -18 -22 -13
right_child=1 5 10 6 8 -7 7 -9 -10 18 27 12 35 15 -16 -17 17 32 28 20 44 22 -24 -25 -26 26 -28 33 36 30 -32 -33 -34 -35 -36 -37 37 -39 -40 -41 41 -43 -44 -45 -46 -47
leaf_value=0.00013649951598244042 0.00039732111289046993 -0.00065173717540282724 0 0 6.6053620228171271e-05 0 0.00059523955071155189 0 -0.00015902425418186936 -0.00012996764176651646 1.5461801054457325e-06 9.8256467934288843e-06 0 0 0 -0.00075151923624286931 0 0.00021828552264280854 0 -0.0005368720080084912 7.2429385794891793e-06 0.00015881045405454492 -1.3673007120996141e-05 -3.0029441900563644e-05 0 -0.00017102018961959669 0 0 0 0.0004270122643833145 0 -0.00013414053983224771 0 0.00019170356193240763 -0.00013224176579701842 0 0 -0.00011154057616930153 9.778618325217605e-05 0.00019735875382185936 0 0.00014423614211871871 0 4.919749978272696e-05 -8.783191898060585e-06 0
leaf_weight=97 116 38 59 49 797 26 123 57 120 515 165 68 33 20 23 27 97 301 46 74 62 202 2690 3270 34 353 244 95 230 49 26 97 48 88 72 56 104 114 137 87 1487 54 21 220 77 47
leaf_count=97 116 38 59 49 797 26 123 57 120 515 165 68 33 20 23 27 97 301 46 74 62 202 2690 3270 34 353 244 95 230 49 26 97 48 88 72 56 104 114 137 87 1487 54 21 220 77 47
internal_value=0 5.37641e-05 7.33094e-05 0.000129642 7.32956e-05 -0.000234276 0.000349791 0.000441365 2.67458e-05 -1.03253e-05 -2.84499e-05 2.35499e-05 -3.63935e-05 -0.000183938 0.000315062 -0.000487683 5.03166e-05 0.000117866 -2.58391e-05 -3.3083e-05 -0.000188079 -2.67825e-05 0 -4.60142e-05 -0.000426328 -8.25499e-05 -0.000107215 1.36164e-05 3.20976e-05 0.000141819 0.000270736 -1.44731e-05 0.000191112 0.00010289 -5.55056e-06 9.91034e-05 0 -3.68988e-05 3.68171e-05 0.000147263 1.77586e-05 5.50492e-06 0.000101286 8.7573e-06 0 0
internal_weight=0 2006 1908 1285 1056 98 229 180 917 10809 623 3213 888 178 139 47 2325 666 7596 6890 213 6677 2892 3785 72 712 597 445 706 121 75 262 349 183 131 176 585 218 367 120 1659 1541 118 317 139 115
internal_count=12815 2006 1908 1285 1056 98 229 180 917 10809 623 3213 888 178 139 47 2325 666 7596 6890 213 6677 2892 3785 72 712 597 445 706 121 75 262 349 183 131 176 585 218 367 120 1659 1541 118 317 139 115
is_linear=0
shrinkage=0.03


end of trees

feature_importances:
volume_ma=49
sma_50=43
atr_ma=41
ema_fast=31
atr_ratio=31
bb_lower=26
volatility_ma=23
bb_middle=19
bb_upper=18
bb_width=18
volatility=16
return_24=15
price_bb_lower_dist=15
momentum_convergence=15
adx=15
ema_cross=14
volume_ratio=14
ema_slow=13
atr=13
ema_cross_pct=13
volatility_ratio=12
atr_normalized=10
bb_position=8
rsi=7
momentum_20=7
stoch_d=7
price_sma_50_dist=7
range_pct=4
return_6=4
return_12=4
price_ema_fast_dist=4
volume_change=4
price_bb_upper_dist=3
momentum_ratio=3
price_sma_20_dist=3
upper_shadow=2
lower_shadow=2
return_3=2
stoch_k=2
momentum_10=1
return_1=1
rsi_divergence=1
price_ema_slow_dist=1
bb_position_normalized=1
sma_20=1
signal_convergence=1

parameters:
[boosting: gbdt]
[objective: regression]
[metric: rmse]
[tree_learner: serial]
[device_type: cpu]
[data: ]
[valid: ]
[num_iterations: 500]
[learning_rate: 0.03]
[num_leaves: 50]
[num_threads: 8]
[deterministic: 0]
[force_col_wise: 0]
[force_row_wise: 0]
[histogram_pool_size: -1]
[max_depth: 6]
[min_data_in_leaf: 20]
[min_sum_hessian_in_leaf: 0.001]
[bagging_fraction: 0.8]
[pos_bagging_fraction: 1]
[neg_bagging_fraction: 1]
[bagging_freq: 1]
[bagging_seed: 400]
[feature_fraction: 0.8]
[feature_fraction_bynode: 1]
[feature_fraction_seed: 30056]
[extra_trees: 0]
[extra_seed: 12879]
[early_stopping_round: 0]
[first_metric_only: 0]
[max_delta_step: 0]
[lambda_l1: 0.3]
[lambda_l2: 0.3]
[linear_lambda: 0]
[min_gain_to_split: 0]
[drop_rate: 0.1]
[max_drop: 50]
[skip_drop: 0.5]
[xgboost_dart_mode: 0]
[uniform_drop: 0]
[drop_seed: 17869]
[top_rate: 0.2]
[other_rate: 0.1]
[min_data_per_group: 100]
[max_cat_threshold: 32]
[cat_l2: 10]
[cat_smooth: 10]
[max_cat_to_onehot: 4]
[top_k: 20]
[monotone_constraints: ]
[monotone_constraints_method: basic]
[monotone_penalty: 0]
[feature_contri: ]
[forcedsplits_filename: ]
[refit_decay_rate: 0.9]
[cegb_tradeoff: 1]
[cegb_penalty_split: 0]
[cegb_penalty_feature_lazy: ]
[cegb_penalty_feature_coupled: ]
[path_smooth: 0]
[interaction_constraints: ]
[verbosity: 1]
[saved_feature_importance_type: 0]
[linear_tree: 0]
[max_bin: 255]
[max_bin_by_feature: ]
[min_data_in_bin: 3]
[bin_construct_sample_cnt: 200000]
[data_random_seed: 175]
[is_enable_sparse: 1]
[enable_bundle: 1]
[use_missing: 1]
[zero_as_missing: 0]
[feature_pre_filter: 1]
[pre_partition: 0]
[two_round: 0]
[header: 0]
[label_column: ]
[weight_column: ]
[group_column: ]
[ignore_column: ]
[categorical_feature: ]
[forcedbins_filename: ]
[precise_float_parser: 0]
[parser_config_file: ]
[objective_seed: 16083]
[num_class: 1]
[is_unbalance: 0]
[scale_pos_weight: 1]
[sigmoid: 1]
[boost_from_average: 1]
[reg_sqrt: 0]
[alpha: 0.9]
[fair_c: 1]
[poisson_max_delta_step: 0.7]
[tweedie_variance_power: 1.5]
[lambdarank_truncation_level: 30]
[lambdarank_norm: 1]
[label_gain: ]
[lambdarank_position_bias_regularization: 0]
[eval_at: ]
[multi_error_top_k: 1]
[auc_mu_weights: ]
[num_machines: 1]
[local_listen_port: 12400]
[time_out: 120]
[machine_list_filename: ]
[machines: ]
[gpu_platform_id: -1]
[gpu_device_id: -1]
[gpu_use_dp: 0]
[num_gpu: 1]

end of parameters

pandas_categorical:[]
