tree
version=v4
num_class=1
num_tree_per_iteration=1
label_index=0
max_feature_idx=54
objective=regression
feature_names=ema_fast ema_slow macd macd_signal atr momentum_10 momentum_20 volatility volume_ma range range_pct body body_pct upper_shadow lower_shadow is_bullish return_1 return_3 return_6 return_12 return_24 log_return ema_cross ema_cross_pct ema_cross_signal price_ema_fast_dist price_ema_slow_dist macd_hist macd_hist_change macd_cross_signal macd_strength atr_normalized atr_ma atr_ratio momentum_ratio momentum_convergence volume_ratio volume_spike volume_change volatility_ma volatility_ratio high_volatility low_volatility stoch_k stoch_d stoch_overbought stoch_oversold adx strong_trend sma_20 price_sma_20_dist sma_50 price_sma_50_dist signal_convergence market_regime
feature_infos=[140.00419228244851:161.85491834155184] [140.15959095491192:161.77386577410471] [-1.1327603992711772:0.72525453050678834] [-1.0349543330226298:0.5849833072352123] [0:1.1125714285714321] [-4.1740000000000066:3.6910000000000025] [-4.0190000000000055:3.1930000000000121] [0:0.004651925091918363] [0:14472.4] [0:3.1289999999999907] [0:0.019790486385785944] [0:2.86099999999999] [0:0.018034088903456733] [0:1.1399999999999864] [0:1.5829999999999984] [0:1] [-0.017714621838333167:0.014877782329646427] [-0.022323288195084667:0.021831831417413072] [-0.021306128588913342:0.022410317306895688] [-0.023662010314559945:0.026812644307773414] [-0.030412096542869249:0.024559774311784466] [-0.017873403720390344:0.014768193745818952] [-1.1327603992711772:0.72525453050678834] [-0.0079356633899468083:0.0049124836963239634] [0:1] [-0.015550408266898312:0.015067731023277454] [-0.020498919836102681:0.017349420162368165] [-0.36447759139961056:0.38418737904878653] [-0.18206359703680802:0.13384016716385658] [0:1] [-0.33458035143265025:0.37014659703597824] [0:0.0071373584075662827] [0:0.8504392857142864] [0:3.9214667240956609] [-20500000.000001252:27300000.000002455] [-3.6910000000000025:4.1740000000000066] [0:5.4120637403284393] [0:1] [-0.99739752765126866:135] [0:0.0043580031549319562] [0:8.9920287103106187] [0:1] [0:1] [0:99.99999954128441] [0:99.332322829059265] [0:1] [0:1] [0:92.306826590390614] [0:1] [0:161.81829999999999] [-0.019390125305217113:0.019216354919305893] [0:161.66587999999999] [-0.029932344977646477:0.017446147612938202] [0:2] [0:2]
tree_sizes=1563 1330 1432 1562 1560 1177 1372 1245 1226 1466 1436 1393 1521 1525 1292 1247 1003 1418 1246 1412 1260 1413 1345 1440 1418 1400 962 1349 1440 1304 1552 1410 1343 1506 1434 1351 1071 1411 1315 1460 1458 952 1590 1558 1232 1455 1333 1386 1433 1554 1268 1470 1316 1413 1319 1257 1416 750 1567 1389 1424 1157 1456 1426 1577 1505 1440 1501

Tree=0
num_leaves=15
num_cat=0
split_feature=0 32 3 3 49 0 1 4 3 35 39 2 3 8
split_gain=0.000297202 0.000577118 0.000380398 0.000443299 0.000425799 0.000356619 0.00036358 0.000312125 0.000277735 0.000203264 0.00011813 6.03903e-05 0.000137166 2.62112e-05
threshold=143.01007941895912 0.1769678571428582 -0.44637266051248947 0.047412164226675331 151.13385000000002 147.37280216966985 144.78059668688539 0.21867857142857111 0.10710668553160956 0.29399999999999699 0.0013378727902981723 -0.00099375268862900135 0.077334899242852292 3669.7500000000005
decision_type=2 2 2 2 2 2 2 2 2 2 2 2 2 2
left_child=7 5 4 -4 -3 6 -2 11 10 -7 -9 13 -13 -1
right_child=1 2 3 -5 -6 9 -8 8 -10 -11 -12 12 -14 -15
leaf_value=-2.2009037526877285e-06 -2.2009037526877285e-06 -3.7289225886097806e-05 -2.2009037526877285e-06 -9.0875907592206979e-06 -2.2009037526877285e-06 -8.4525132515371183e-07 1.5941012601425507e-05 4.1131171518801355e-06 -2.2009037526877285e-06 -7.8817323631875484e-06 3.0799541745860948e-05 1.2651218213279648e-05 -2.2009037526877285e-06 -7.8949849142623396e-06
leaf_weight=38 122 81 2954 1497 42 5254 251 217 62 409 82 75 51 176
leaf_count=38 122 81 2954 1497 42 5254 251 217 62 409 82 75 51 176
internal_value=-2.2009e-06 -2.63542e-06 -5.3862e-06 -4.64958e-06 -2.38275e-05 -7.16474e-07 8.94711e-06 4.08487e-06 1.05668e-05 -1.53047e-06 1.48136e-05 -2.2009e-06 2.618e-06 -6.00341e-06
internal_weight=0 10610 4574 4451 123 6036 373 701 361 5663 299 340 126 214
internal_count=11311 10610 4574 4451 123 6036 373 701 361 5663 299 340 126 214
is_linear=0
shrinkage=1


Tree=1
num_leaves=14
num_cat=0
split_feature=35 0 3 0 7 3 8 8 7 47 51 44 8
split_gain=0.000405923 0.000414183 0.000329762 0.000307283 0.000261102 0.000579911 0.000418032 0.000117048 0.000116088 0.000103963 9.40744e-05 9.38487e-05 1.74973e-05
threshold=0.28249999999999892 143.34086589734756 -0.44637266051248947 157.26149204585892 0.0014128759840445024 0.072214444612808154 5647.0250000000005 3027.8750000000005 0.00095491079958897023 22.515510490193783 157.84748000000005 63.432137294724228 7323.9500000000007
decision_type=2 2 2 2 2 2 2 2 2 2 2 2 2
left_child=3 8 12 4 6 -6 -1 10 -2 -4 -5 -10 -3
right_child=1 2 9 7 5 -7 -8 -9 11 -11 -12 -13 -14
leaf_value=2.076611901059031e-06 0 0 0 -1.1318078328920565e-05 1.9591046034858985e-05 0 -4.9723635171087901e-06 0 1.707098516943556e-05 -5.0834156706798428e-06 -3.4560180011235028e-07 0 -3.2660132981385685e-05
leaf_weight=6518 93 30 209 280 259 311 905 466 107 1617 422 60 62
leaf_count=6518 93 30 209 280 259 311 905 466 107 1617 422 60 62
internal_value=0 -3.8481e-06 -5.74606e-06 9.53729e-07 1.73966e-06 8.53999e-06 1.08223e-06 -3.5673e-06 6.29836e-06 -4.14636e-06 -6.15052e-06 1.14456e-05 -2.64918e-05
internal_weight=0 2178 1918 9161 7993 570 7423 1168 260 1826 702 167 92
internal_count=11339 2178 1918 9161 7993 570 7423 1168 260 1826 702 167 92
is_linear=0
shrinkage=0.01


Tree=2
num_leaves=15
num_cat=0
split_feature=1 8 8 19 3 39 49 49 7 7 35 1 23 3
split_gain=0.000352561 0.000314368 0.00029465 0.000800274 0.000601832 0.00033822 0.000560062 0.000332647 0.000209228 0.000203163 0.000271561 0.000172551 8.39589e-05 1.10715e-05
threshold=146.55685633530865 5620.4000000000005 9302.6750000000011 0.00030152350178624948 -0.30365575547836265 0.00081248684035769225 144.88300000000004 146.09730000000005 0.0008757959406891267 0.0013930482918769755 0.28249999999999892 157.67868714139061 0.0023547326666368252 0.0067708159229192422
decision_type=2 2 2 2 2 2 2 2 2 2 2 2 2 2
left_child=2 9 5 4 -4 7 -7 -1 13 10 -2 -11 -10 -3
right_child=1 8 3 -5 -6 6 -8 -9 12 11 -12 -13 -14 -15
leaf_value=3.0968158162380746e-06 1.3450879901945432e-07 2.6264348969085978e-06 0 0 6.3275509202656785e-05 3.063791268790764e-06 -1.189590236483698e-05 3.4806651554172897e-05 -8.287058059947216e-06 1.2939002097187019e-05 -5.3135422935476356e-06 0 0 0
leaf_weight=363 6894 160 38 69 47 1089 323 58 993 215 1010 47 68 115
leaf_count=363 6894 160 38 69 47 1089 323 58 993 215 1010 47 68 115
internal_value=0 -8.87182e-07 3.73841e-06 1.79841e-05 3.89927e-05 1.99158e-06 0 9.87398e-06 -5.3957e-06 -2.68282e-08 -4.35444e-07 8.46808e-06 -7.50776e-06 0
internal_weight=0 9502 1987 154 85 1833 1412 421 1336 8166 7904 262 1061 275
internal_count=11489 9502 1987 154 85 1833 1412 421 1336 8166 7904 262 1061 275
is_linear=0
shrinkage=0.01


Tree=3
num_leaves=16
num_cat=0
split_feature=39 1 51 31 39 1 7 3 52 51 1 4 3 47 47
split_gain=0.000284456 0.000550677 0.00039802 0.000379458 0.000247725 0.000217279 0.000174324 0.000157438 0.00015096 0.000136801 0.000211464 0.000128514 6.10675e-05 3.79377e-05 5.85285e-06
threshold=0.00067249631843103129 144.89544999715889 155.84354000000005 0.0015793541690491051 0.0021094181043119905 146.23238382168293 0.0014128759840445024 0.33531732576704154 -0.00046307895910704721 151.68914000000004 147.56535954204679 0.13003571428571298 0.17684420467973588 36.418867640382395 21.905456334220627
decision_type=2 2 2 2 2 2 2 2 2 2 2 2 2 2 2
left_child=2 3 9 13 6 -6 -3 -5 11 10 -1 -4 -11 -2 -10
right_child=1 4 8 7 5 -7 -8 -9 14 12 -12 -13 -14 -15 -16
leaf_value=9.9862714637807237e-06 -2.8178457898523942e-06 -3.1506485548125965e-06 -1.3740029108377432e-05 1.1167323491575586e-05 0 -2.1140598553854715e-05 1.751321751135613e-06 0 -1.5486796153709292e-06 7.4768028676604702e-06 7.2924931384069832e-08 0 0 1.2734690897692569e-06 6.360380182806347e-08
leaf_weight=279 420 4319 183 599 45 148 592 39 242 1099 2023 198 57 280 907
leaf_count=279 420 4319 183 599 45 148 592 39 242 1099 2023 198 57 280 907
internal_value=0 -1.42795e-06 1.75182e-06 3.96789e-06 -3.03861e-06 -1.51888e-05 -2.35602e-06 9.61428e-06 -2.09156e-06 3.74153e-06 1.71063e-06 -7.55778e-06 6.9186e-06 0 0
internal_weight=0 6442 4988 1338 5104 193 4911 638 1530 3458 2302 381 1156 700 1149
internal_count=11430 6442 4988 1338 5104 193 4911 638 1530 3458 2302 381 1156 700 1149
is_linear=0
shrinkage=0.01


Tree=4
num_leaves=16
num_cat=0
split_feature=1 32 52 47 32 0 7 0 51 51 39 36 13 51 47
split_gain=0.000293653 0.000621754 0.00147717 0.000460682 0.00036945 0.000262024 0.000257302 0.000288879 0.000248766 0.000168229 0.000201006 7.7494e-05 3.25513e-05 1.90948e-05 1.6161e-05
threshold=146.55685633530865 0.39941785714285877 0.00011328824395561297 40.601036690552327 0.26138392857142717 153.86094630921505 0.00070459437166223409 143.46411641363429 144.29323000000002 155.94923000000003 0.00067249631843103129 0.61937302759128265 0.071000000000012178 155.53895000000003 27.584892397245611
decision_type=2 2 2 2 2 2 2 2 2 2 2 2 2 2 2
left_child=1 6 3 -3 9 12 7 -1 -8 10 -2 -11 -6 -7 -4
right_child=4 2 14 -5 5 13 8 -9 -10 11 -12 -13 -14 -15 -16
leaf_value=0 2.2553511470892218e-06 6.2962413909543546e-05 0 0 -4.8850464766156408e-06 2.9596660116924794e-06 1.973870578454753e-06 1.7139915075638107e-05 -6.4968675153107548e-06 0 -1.1845895178435578e-06 -3.6726998917372915e-06 -1.9229389293719871e-05 -2.0379566091097914e-06 -5.657213647840636e-06
leaf_weight=123 3367 69 31 35 356 121 933 189 506 434 3078 1754 179 203 50
leaf_count=123 3367 69 31 35 356 121 933 189 506 434 3078 1754 179 203 50
internal_value=0 3.27329e-06 2.09905e-05 4.6858e-05 -9.69414e-07 -7.26971e-06 8.24993e-07 9.2577e-06 -3.11258e-07 -2.2631e-07 4.57394e-07 -2.69682e-06 -1.15653e-05 0 -3.58469e-08
internal_weight=0 1936 185 104 9492 859 1751 312 1439 8633 6445 2188 535 324 81
internal_count=11428 1936 185 104 9492 859 1751 312 1439 8633 6445 2188 535 324 81
is_linear=0
shrinkage=0.01


Tree=5
num_leaves=12
num_cat=0
split_feature=49 3 1 3 51 7 49 3 31 44 40
split_gain=0.000372538 0.000272635 0.000231043 0.000201512 0.000198609 0.000301102 0.000218305 0.000178685 0.000153389 9.0976e-05 1.87105e-06
threshold=143.00455000000002 -0.44637266051248947 151.11971403001186 0.096898643875083373 155.94923000000003 0.00068318526475452137 156.24790000000004 0.0067708159229192422 0.0014540490108143377 41.214047362929257 0.99246779016577846
decision_type=2 2 2 2 2 2 2 2 2 2 2
left_child=3 2 -2 7 5 -3 -6 8 -1 -9 -5
right_child=1 4 -4 10 6 -7 -8 9 -10 -11 -12
leaf_value=0 -2.6016984911014636e-05 2.7076639348107475e-06 0 0 -1.288122140437613e-05 -1.0651385099131269e-06 -1.2386604754796176e-06 0 9.0913758044576466e-06 2.7854042501638061e-05 -1.6291000419387137e-06
leaf_weight=189 76 3723 49 58 218 4477 2148 30 272 97 70
leaf_count=189 76 3723 49 58 218 4477 2148 30 272 97 70
internal_value=0 -3.79749e-07 -1.51164e-05 7.0599e-06 -1.10063e-07 5.25923e-07 -2.73645e-06 9.74293e-06 3.94549e-06 2.2846e-05 0
internal_weight=0 10691 125 716 10566 8200 2366 588 461 127 128
internal_count=11407 10691 125 716 10566 8200 2366 588 461 127 128
is_linear=0
shrinkage=0.01


Tree=6
num_leaves=14
num_cat=0
split_feature=1 32 47 32 32 47 32 51 51 51 44 2 1
split_gain=0.000289817 0.000491184 0.000393854 0.000824363 0.0002247 0.000177007 0.000173205 0.000536865 0.000487541 0.000139339 0.000135268 8.06922e-05 0.000133303
threshold=146.55685633530865 0.3854392857142856 23.916283439928176 0.3854392857142856 0.1761874999999988 15.677788498062736 0.19500714285714252 144.72167000000005 144.40470000000002 155.99991000000003 77.731605835014463 0.32402868782385502 156.08051462221965
decision_type=2 2 2 2 2 2 2 2 2 2 2 2 2
left_child=2 4 3 5 9 -1 7 -4 -8 -2 -6 12 -3
right_child=1 11 6 -5 10 -7 8 -9 -10 -11 -12 -13 -14
leaf_value=0 1.8750252558090523e-06 -2.7790891970483673e-05 0 5.379359044508372e-05 -3.5834345946234478e-06 9.1341847649989965e-06 3.3202964390473581e-06 2.5988545794189564e-05 -9.9898807796173198e-06 -1.3002369338902415e-06 4.6555276115676402e-08 0 0
leaf_weight=104 4080 96 305 47 2615 311 645 103 429 1729 846 31 30
leaf_count=104 4080 96 305 47 2615 311 645 103 429 1729 846 31 30
internal_value=0 -7.23792e-07 3.51633e-06 1.16994e-05 -3.16141e-07 4.46642e-06 2.87696e-07 6.30088e-06 -1.06785e-06 7.57773e-07 -2.40736e-06 -1.83667e-05 -2.19953e-05
internal_weight=0 9427 1944 462 9270 415 1482 408 1074 5809 3461 157 126
internal_count=11371 9427 1944 462 9270 415 1482 408 1074 5809 3461 157 126
is_linear=0
shrinkage=0.01


Tree=7
num_leaves=13
num_cat=0
split_feature=0 3 49 31 32 0 3 3 32 3 2 6
split_gain=0.00029076 0.000570972 0.00047076 0.000383941 0.000266253 0.00049852 0.000376263 0.000240859 0.000109898 3.52195e-05 4.66493e-05 9.24701e-06
threshold=143.01007941895912 -0.44637266051248947 151.13385000000002 0.0015034441596162536 0.18757500000000166 147.37280216966985 -0.0053370528901674841 0.20704449147234052 0.19878214285714035 -0.0083162138861228602 0.091074104842007855 -0.73250000000000159
decision_type=2 2 2 2 2 2 2 2 2 2 2 2
left_child=3 2 -2 9 5 -3 -6 8 -5 11 -11 -1
right_child=1 4 -4 7 6 -7 -8 -9 -10 10 -12 -13
leaf_value=0 -3.6407199835072568e-05 1.1590770382354212e-05 0 0 4.6528452570569449e-07 5.0978095175372042e-07 -5.4213855786429788e-06 0 1.876473265069476e-05 7.60291928103372e-06 0 -5.5621946860938617e-06
leaf_weight=33 78 460 47 60 2257 6106 1711 30 293 83 40 138
leaf_count=33 78 460 47 60 2257 6106 1711 30 293 83 40 138
internal_value=0 -4.23847e-08 -2.13068e-05 6.64059e-06 1.16019e-07 1.4392e-06 -1.82142e-06 1.33424e-05 1.61636e-05 0 1.14438e-06 -4.42641e-06
internal_weight=0 10659 125 677 10534 6566 3968 383 353 294 123 171
internal_count=11336 10659 125 677 10534 6566 3968 383 353 294 123 171
is_linear=0
shrinkage=0.01


Tree=8
num_leaves=13
num_cat=0
split_feature=0 3 0 31 32 0 3 3 34 3 3 6
split_gain=0.000298132 0.000601005 0.000397109 0.00035956 0.000342568 0.000426941 0.000370039 0.000339377 8.50723e-05 2.42984e-05 4.67042e-05 2.39687e-05
threshold=143.01007941895912 -0.44637266051248947 150.60329069252438 0.0015191390222825713 0.18757500000000166 147.53955704876137 0.012516570908459751 0.11930273054235167 -1.1497666963572026 -0.010064537532301266 0.077334899242852292 -0.79750000000001353
decision_type=2 2 2 2 2 2 2 2 2 2 2 2
left_child=3 2 -2 9 5 -3 -6 8 -5 11 -11 -1
right_child=1 4 -4 7 6 -7 -8 -9 -10 10 -12 -13
leaf_value=0 -3.7816070679207243e-05 9.5922295778424076e-06 0 0 0 1.9347842982053958e-07 -6.2795452741437621e-06 0 1.9428719410814193e-05 7.6917566182634626e-06 0 -5.4311516430494826e-06
leaf_weight=30 71 553 44 32 2378 6064 1599 57 279 81 46 158
leaf_count=30 71 553 44 32 2378 6064 1599 57 279 81 46 158
internal_value=0 -5.03075e-07 -2.32692e-05 6.29713e-06 -1.6047e-07 1.13074e-06 -2.56009e-06 1.30815e-05 1.76462e-05 0 1.08961e-06 -3.47669e-06
internal_weight=0 10709 115 683 10594 6617 3977 368 311 315 127 188
internal_count=11392 10709 115 683 10594 6617 3977 368 311 315 127 188
is_linear=0
shrinkage=0.01


Tree=9
num_leaves=15
num_cat=0
split_feature=49 32 52 32 0 51 3 3 0 35 32 51 3 35
split_gain=0.000339481 0.000647889 0.000962712 0.000450981 0.000506524 0.000316005 0.000194534 0.000234997 0.000185418 0.000164879 0.000117026 0.000115277 0.000157954 6.32914e-05
threshold=145.21570000000003 0.3854392857142856 -0.00082235907085125698 0.18757500000000166 147.37280216966985 144.60964000000004 0.012516570908459751 -0.16872956300365929 156.47359084539906 0.12749999999999775 0.11457857142857381 141.90247000000002 0.19815291342913191 0.4570000000000079
decision_type=2 2 2 2 2 2 2 2 2 2 2 2 2 2
left_child=1 11 5 4 10 -3 7 -5 -8 -6 -2 12 -1 -13
right_child=3 2 -4 6 9 -7 8 -9 -10 -11 -12 13 -14 -15
leaf_value=1.254419531976987e-05 0 6.997372595522586e-07 0 -5.3874730387546525e-06 1.2402905757003999e-06 8.4893185433504166e-05 -8.3391814657968578e-06 9.0387688858772012e-07 0 -2.6544363248161095e-06 1.7085424930628038e-05 1.5986196226236454e-06 0 -4.3245774998692522e-06
leaf_weight=202 35 39 55 860 4760 30 1103 1365 179 1342 233 921 31 212
leaf_count=202 35 39 55 860 4760 30 1103 1365 179 1342 233 921 31 212
internal_value=0 4.61241e-06 2.71773e-05 -4.86635e-07 9.78621e-07 5.20415e-05 -3.43294e-06 -1.07916e-06 -6.73635e-06 2.19717e-07 1.45009e-05 1.82306e-06 8.29575e-06 0
internal_weight=0 1490 124 9877 6370 69 3507 2225 1282 6102 268 1366 233 1133
internal_count=11367 1490 124 9877 6370 69 3507 2225 1282 6102 268 1366 233 1133
is_linear=0
shrinkage=0.01


Tree=10
num_leaves=15
num_cat=0
split_feature=47 32 49 4 26 1 39 4 1 0 51 40 44 40
split_gain=0.000260014 0.000313544 0.000372608 0.000253611 0.000381342 0.000306912 0.000293517 0.00029898 0.000218174 0.000217632 0.000215322 0.000227188 0.000126394 2.05441e-05
threshold=45.92457101716488 0.26376607142857122 151.13385000000002 0.34178571428571408 0.0013146645768513977 146.41718296955614 0.00081248684035769225 0.21764285714286 144.56046909618388 147.37280216966985 153.10192000000001 1.16347658904841 76.09820125417788 1.3896079291006396
decision_type=2 2 2 2 2 2 2 2 2 2 2 2 2 2
left_child=3 10 8 6 5 -5 9 -8 -3 -1 11 -2 -12 -6
right_child=1 2 -4 4 13 -7 7 -9 -10 -11 12 -13 -14 -15
leaf_value=9.0536570617533878e-06 4.3604311916604002e-06 0 0 2.6154868425434619e-05 -4.1462936215531312e-06 0 -4.95888337125901e-06 8.8089789552858519e-07 -2.410474193347811e-05 1.0820079296358617e-06 -7.330452037065412e-06 -3.7341931389453392e-06 0 0
leaf_weight=437 975 47 162 146 119 132 1619 1415 185 4762 624 434 279 30
leaf_count=437 975 47 162 146 119 132 1619 1415 185 4762 624 434 279 30
internal_value=0 -2.62319e-06 -1.11112e-05 9.22969e-07 8.5692e-06 1.58002e-05 4.0445e-07 -1.90608e-06 -1.92287e-05 1.94519e-06 -7.42185e-07 1.15721e-06 -4.81173e-06 0
internal_weight=0 2706 394 8660 427 278 8233 3034 232 5199 2312 1409 903 149
internal_count=11366 2706 394 8660 427 278 8233 3034 232 5199 2312 1409 903 149
is_linear=0
shrinkage=0.01


Tree=11
num_leaves=14
num_cat=0
split_feature=1 32 47 32 32 51 51 52 1 35 53 2 36
split_gain=0.000224275 0.000658374 0.00116935 0.000444497 0.0003238 0.00043646 0.000306642 0.000237951 0.000174964 0.000168834 0.00012873 0.000134395 7.83239e-05
threshold=146.55685633530865 0.3854392857142856 22.870194565414916 0.3854392857142856 0.20428035714285556 144.72167000000005 145.58537000000004 0.0019267139175735205 157.19220253924968 0.27100000000000085 1.0000000180025095e-35 0.28671672750371618 0.64654173272963422
decision_type=2 2 2 2 2 2 2 2 2 2 2 2 2
left_child=1 4 -3 8 6 -6 -1 -4 9 -2 -5 -12 -10
right_child=3 2 7 10 5 -7 -8 -9 12 -11 11 -13 -14
leaf_value=2.0008668825257759e-06 1.2174976016531684e-06 6.8261054066148994e-05 1.4951526252002966e-05 0 9.3819142094595811e-07 -1.2248905856650867e-05 2.4694129919106538e-05 -5.5005476673376615e-06 0 -2.4425267241366928e-06 -2.9981983229297401e-05 0 -4.849895828282408e-06
leaf_weight=669 6460 43 99 33 670 323 91 57 303 1456 80 31 1018
leaf_count=669 6460 43 99 33 670 323 91 57 303 1456 80 31 1018
internal_value=0 3.28112e-06 2.07556e-05 -4.14387e-07 7.21773e-07 -2.34873e-06 6.04746e-06 1.09518e-06 -3.33399e-08 4.17874e-07 -1.78518e-05 -2.29883e-05 -3.49306e-06
internal_weight=0 1952 199 9381 1753 993 760 156 9237 7916 144 111 1321
internal_count=11333 1952 199 9381 1753 993 760 156 9237 7916 144 111 1321
is_linear=0
shrinkage=0.01


Tree=12
num_leaves=16
num_cat=0
split_feature=35 51 39 47 3 31 51 8 51 31 51 51 39 4 47
split_gain=0.000359489 0.000243015 0.000212002 0.000256916 0.000196109 0.000364214 0.000340841 0.00018215 0.000132657 0.000174819 0.00010138 7.85728e-05 7.40084e-05 8.61734e-05 5.28675e-07
threshold=0.27649999999999869 145.58537000000004 0.0013724698579559052 27.430501726080859 0.11034906256816791 0.0023691478142230512 146.72197000000003 6387.2000000000016 156.79477000000003 0.00095974327251213828 150.03321000000003 147.97068000000004 0.00097684533521734482 0.2265714285714294 62.312835643385149
decision_type=2 2 2 2 2 2 2 2 2 2 2 2 2 2 2
left_child=4 12 11 -4 5 7 -7 -1 10 -10 -6 -3 14 -14 -2
right_child=1 2 3 -5 8 6 -8 -9 9 -11 -12 -13 13 -15 -16
leaf_value=1.7203844589909991e-06 -6.9169263683740901e-07 0 0 -2.064411559374855e-05 -2.9570897748536749e-06 2.8115047923249029e-05 0 -4.7146059954976678e-06 0 -2.6715025646925563e-05 1.542339092069359e-06 -4.1539834929499824e-06 0 9.5463052047083061e-06 0
leaf_weight=6537 110 194 52 196 941 103 83 401 123 50 852 1328 70 188 33
leaf_count=6537 110 194 52 196 941 103 83 401 123 50 852 1328 70 188 33
internal_value=0 -3.64041e-06 -5.41522e-06 -1.52844e-05 8.88168e-07 1.73171e-06 1.59973e-05 1.20402e-06 -1.65966e-06 -1.03427e-05 -2.61643e-07 -3.1458e-06 1.6999e-06 5.75483e-06 0
internal_weight=0 2171 1770 248 9090 7124 186 6938 1966 173 1793 1522 401 258 143
internal_count=11261 2171 1770 248 9090 7124 186 6938 1966 173 1793 1522 401 258 143
is_linear=0
shrinkage=0.01


Tree=13
num_leaves=16
num_cat=0
split_feature=32 0 32 0 39 0 51 51 39 35 49 7 6 51 0
split_gain=0.000265537 0.000384906 0.000442306 0.000325603 0.000317561 0.00032439 0.000267376 0.000165797 0.000143238 0.0001156 0.000119182 0.000115284 7.86528e-05 6.46264e-05 2.94264e-05
threshold=0.21528035714285618 144.89289161694091 0.3854392857142856 147.53955704876137 0.0020120109874890006 156.09115646220582 143.58966000000001 145.58537000000004 0.00054427153846103729 0.27100000000000085 155.95577500000002 0.0013754272458595333 -0.062499999999999993 156.66841000000002 142.37419691718512
decision_type=2 2 2 2 2 2 2 2 2 2 2 2 2 2 2
left_child=3 2 14 7 11 -6 -4 12 -9 10 -5 -3 -1 -11 -2
right_child=1 4 6 9 5 -7 -8 8 -10 13 -12 -13 -14 -15 -16
leaf_value=0 3.5221938662523882e-06 -4.2931509856699872e-06 0 1.597467163709966e-06 -2.4248315541395847e-05 0 3.3912215131028832e-05 3.2905589076380297e-05 5.5400276927283462e-06 -4.8075511166023256e-06 -1.2501977004657053e-06 0 4.6514277887263804e-06 0 -1.3275480799662842e-06
leaf_weight=338 170 1607 31 4409 165 50 67 53 362 683 1849 510 436 203 469
leaf_count=338 170 1607 31 4409 165 50 67 53 362 683 1849 510 436 203 469
internal_value=0 -2.51299e-06 3.00495e-06 9.27533e-07 -4.68586e-06 -1.73502e-05 2.27299e-05 5.7793e-06 1.1477e-05 0 5.96276e-07 -2.92364e-06 1.42773e-06 -3.24499e-06 0
internal_weight=0 3069 737 8333 2332 215 98 1189 415 7144 6258 2117 774 886 639
internal_count=11402 3069 737 8333 2332 215 98 1189 415 7144 6258 2117 774 886 639
is_linear=0
shrinkage=0.01


Tree=14
num_leaves=13
num_cat=0
split_feature=51 8 50 32 1 44 32 35 0 4 32 36
split_gain=0.000357138 0.000507186 0.000881779 0.000506618 0.000622487 0.000187953 0.000270166 0.000154573 0.000108719 0.0004166 9.52852e-05 7.05094e-05
threshold=145.97754 9302.6750000000011 0.0016833193330114274 0.17862678571428428 146.55685633530865 70.679667596510001 0.26138392857142717 0.19699999999998855 142.54496465186443 0.21764285714286 0.19135357142856899 0.69711786137369058
decision_type=2 2 2 2 2 2 2 2 2 2 2 2
left_child=1 8 -3 4 -2 6 -5 -6 9 -1 -10 -7
right_child=3 2 -4 5 7 11 -8 -9 10 -11 -12 -13
leaf_value=0 4.421341985605819e-05 5.2413252037030285e-05 0 -2.2452134528461247e-06 1.6065026815199134e-06 3.627279905909249e-06 -1.08297505649554e-05 -2.7221149198758373e-06 5.0469039012980798e-06 1.6668807482588888e-05 -9.3080339266812833e-07 -1.7431336280847989e-06
leaf_weight=240 34 59 37 1841 5148 357 678 847 345 225 840 772
leaf_count=240 34 59 37 1841 5148 357 678 847 345 225 840 772
internal_value=0 4.45623e-06 2.79299e-05 -4.17764e-07 1.24213e-06 -3.43494e-06 -4.95437e-06 8.27969e-07 2.47657e-06 6.71581e-06 0 0
internal_weight=0 1746 96 9677 6029 3648 2519 5995 1650 465 1185 1129
internal_count=11423 1746 96 9677 6029 3648 2519 5995 1650 465 1185 1129
is_linear=0
shrinkage=0.01


Tree=15
num_leaves=13
num_cat=0
split_feature=0 3 1 31 32 3 0 3 32 3 23 2
split_gain=0.000308095 0.000488147 0.000218941 0.000217254 0.000195069 0.000451889 0.00028558 0.000152336 7.57855e-05 1.84088e-05 6.27101e-05 1.2118e-05
threshold=143.01007941895912 -0.44637266051248947 151.11971403001186 0.0015034441596162536 0.1769678571428582 0.012516570908459751 147.37280216966985 0.20704449147234052 0.19878214285714035 -0.03139144713038821 0.00062460507344752766 -0.19698951246834892
decision_type=2 2 2 2 2 2 2 2 2 2 2 2
left_child=3 2 -2 9 6 -6 -3 8 -5 11 -11 -1
right_child=1 4 -4 7 5 -7 -8 -9 -10 10 -12 -13
leaf_value=0 -3.1752755049733325e-05 9.4174435229468794e-06 0 0 5.9822407515784949e-07 -5.6211822607810941e-06 2.6860845447241031e-07 0 1.6150312188951583e-05 7.5867808776660871e-06 0 -4.6409586544121758e-06
leaf_weight=30 71 387 44 59 2610 1821 5800 30 283 125 42 97
leaf_count=30 71 387 44 59 2610 1821 5800 30 283 125 42 97
internal_value=0 -3.6128e-07 -2.08468e-05 6.64257e-06 -4.42621e-08 -1.73244e-06 1.0032e-06 1.17163e-05 1.39203e-05 0 2.38487e-06 -2.63938e-06
internal_weight=0 10733 115 666 10618 4431 6187 372 342 294 167 127
internal_count=11399 10733 115 666 10618 4431 6187 372 342 294 167 127
is_linear=0
shrinkage=0.01


Tree=16
num_leaves=10
num_cat=0
split_feature=3 7 1 39 49 39 8 8 1
split_gain=0.000239209 0.000345591 0.000189134 0.000278987 0.00029264 0.000183051 0.000143165 0.00010837 9.69864e-05
threshold=-0.44637266051248947 0.002786147346504043 157.19220253924968 0.00060865069056963551 144.45242500000003 0.00049389635216645709 7526.0750000000007 3042.5750000000003 158.50817120706958
decision_type=2 2 2 2 2 2 2 2 2
left_child=1 6 3 5 -5 -2 -1 8 -4
right_child=2 -3 7 4 -6 -7 -8 -9 -10
leaf_value=0 7.0119593301893089e-07 0 -9.0270192212365918e-06 3.8742077074513383e-06 -1.5268036443528108e-06 6.1896027628172551e-06 -3.3823721392234188e-05 0 0
leaf_weight=36 2158 37 430 1183 5389 1268 63 597 315
leaf_count=36 2158 37 430 1183 5389 1268 63 597 315
internal_value=0 -1.31965e-05 1.14865e-07 6.72247e-07 -4.02219e-07 3.02496e-06 -2.42123e-05 -3.2915e-06 -5.83492e-06
internal_weight=0 136 11340 9998 6572 3426 99 1342 745
internal_count=11476 136 11340 9998 6572 3426 99 1342 745
is_linear=0
shrinkage=0.01


Tree=17
num_leaves=15
num_cat=0
split_feature=35 0 7 3 32 0 32 47 7 8 51 7 44 8
split_gain=0.000335021 0.000282635 0.000261239 0.000416885 0.000338602 0.000214572 0.000324578 0.00052744 0.000185275 0.000147688 0.000157483 0.000106137 1.10071e-05 4.64357e-07
threshold=0.28249999999999892 157.22577352751713 0.0014128759840445024 0.072214444612808154 0.20023571428571421 143.01007941895912 0.30721607142857077 27.430501726080859 0.001239226904580726 3042.5750000000003 157.84748000000005 0.0012507318144066805 60.045241895264063 4268.0750000000007
decision_type=2 2 2 2 2 2 2 2 2 2 2 2 2 2
left_child=1 2 4 -4 -1 8 11 -8 -2 10 -3 -7 -10 -11
right_child=5 9 3 -5 -6 6 7 -9 12 13 -12 -13 -14 -15
leaf_value=2.2960209353487683e-06 0 -1.2101274202199468e-05 1.7676932904938614e-05 0 -2.4842840466908371e-06 -3.6902868825839827e-06 0 -2.2402354689567074e-05 2.5203834792835189e-05 3.709277405411098e-07 0 1.254087709091361e-06 0 0
leaf_weight=5596 151 303 262 311 1850 1417 59 241 35 337 411 259 34 137
leaf_count=5596 151 303 262 311 1850 1417 59 241 35 337 411 259 34 137
internal_value=0 8.68164e-07 1.6288e-06 8.38647e-06 9.73949e-07 -3.4775e-06 -4.77667e-06 -1.50933e-05 3.64062e-06 -3.42326e-06 -6.33743e-06 -2.32958e-06 1.7568e-05 0
internal_weight=0 9207 8019 573 7446 2196 1976 300 220 1188 714 1676 69 474
internal_count=11403 9207 8019 573 7446 2196 1976 300 220 1188 714 1676 69 474
is_linear=0
shrinkage=0.01


Tree=18
num_leaves=13
num_cat=0
split_feature=0 3 32 39 39 0 7 35 33 3 8 33
split_gain=0.000293063 0.000505821 0.000406377 0.000287708 0.00020528 0.000310826 0.000302809 0.000188382 0.000131978 0.000155534 0.000124407 0.000131449
threshold=142.83134985447745 -0.37982962541685805 0.30286428571428531 0.0012667444273291647 0.0006651503398872171 146.68138306551876 0.0014128759840445024 0.32349999999999574 0.67377789417319656 0.10548506805715523 6387.2000000000016 0.83971727471797097
decision_type=2 2 2 2 2 2 2 2 2 2 2 2
left_child=3 2 -2 10 5 -3 -6 -4 -5 -10 11 -1
right_child=1 4 7 8 6 -7 -8 -9 9 -11 -12 -13
leaf_value=0 0 1.8164765725278412e-05 0 0 -2.3563804154312149e-06 8.4753810299050463e-07 4.0506217946057487e-06 -3.0155848964041447e-05 3.6578695496954903e-05 0 -6.8310379785794661e-06 8.1698592798769422e-06
leaf_weight=78 55 115 30 30 4990 4728 772 122 63 30 72 340
leaf_count=78 55 115 30 30 4990 4728 772 122 63 30 72 340
internal_value=0 -3.52108e-07 -1.58186e-05 6.75159e-06 0 1.46704e-06 -1.32415e-06 -2.46364e-05 2.13344e-05 2.72461e-05 1.03425e-06 4.78507e-06
internal_weight=0 10812 207 613 10605 4843 5762 152 123 93 490 418
internal_count=11425 10812 207 613 10605 4843 5762 152 123 93 490 418
is_linear=0
shrinkage=0.01


Tree=19
num_leaves=15
num_cat=0
split_feature=49 32 52 47 32 1 51 35 39 27 1 35 44 32
split_gain=0.000280762 0.000794706 0.000587817 0.000487487 0.000471843 0.000661635 0.000252436 0.000217796 0.000204262 0.000232199 0.000149349 0.000145569 0.000116533 4.66856e-05
threshold=145.03000000000006 0.41522857142857222 -0.00082235907085125698 33.72703457415583 0.17862678571428428 146.55685633530865 141.90247000000002 0.19149999999999071 0.0018975574861617031 -0.11123147773882072 145.85459285885946 -0.41650000000001336 78.03049152265514 0.2721214285714304
decision_type=2 2 2 2 2 2 2 2 2 2 2 2 2 2
left_child=1 6 3 -3 5 10 11 -7 12 -10 -2 -1 -6 -8
right_child=4 2 -4 -5 8 7 13 -9 9 -11 -12 -13 -14 -15
leaf_value=0 0 8.3069997938988227e-05 0 0 -3.2916147068018663e-06 1.5626587317062643e-06 5.2371619998128561e-07 -3.6604893197164322e-06 0 -1.7897351046174272e-05 3.7198720979055129e-05 1.4598252605386505e-05 0 -4.4496377324659408e-06
leaf_weight=34 35 30 31 34 2803 5104 887 873 40 201 63 201 867 223
leaf_count=34 35 30 31 34 2803 5104 887 873 40 201 63 201 867 223
internal_value=0 4.29791e-06 3.28313e-05 5.00729e-05 -3.9947e-07 1.22779e-06 1.52788e-06 6.3223e-07 -3.1826e-06 -1.3081e-05 2.72109e-05 1.09786e-05 -2.25846e-06 0
internal_weight=0 1440 95 64 9986 6075 1345 5977 3911 241 98 235 3670 1110
internal_count=11426 1440 95 64 9986 6075 1345 5977 3911 241 98 235 3670 1110
is_linear=0
shrinkage=0.01


Tree=20
num_leaves=13
num_cat=0
split_feature=32 0 32 51 51 3 35 32 35 0 49 7
split_gain=0.000249089 0.000674929 0.000370047 0.000372752 0.000253865 0.000212082 0.000208576 0.000201742 0.000190363 0.000187595 0.000108914 4.50441e-05
threshold=0.17862678571428428 144.89289161694091 0.39941785714285877 143.58966000000001 161.58409000000003 0.012516570908459751 -0.81050000000000455 0.26138392857142717 0.060499999999990457 142.37419691718512 155.95577500000002 0.00056640534440617477
decision_type=2 2 2 2 2 2 2 2 2 2 2 2
left_child=4 2 9 -4 8 7 -7 -3 10 -2 -1 -10
right_child=1 5 3 -5 -6 6 -8 -9 11 -11 -12 -13
leaf_value=3.5015319496798778e-06 8.5306641096369794e-06 0 0 3.5917072316856484e-05 -2.0078022322460368e-05 0 -8.6954259077276266e-06 -5.9513081123670565e-06 0 0 0 -2.6616795348366495e-06
leaf_weight=3145 291 1638 30 72 51 198 1338 753 1054 763 1218 890
leaf_count=3145 291 1638 30 72 51 198 1338 753 1054 763 1218 890
internal_value=0 -1.97657e-06 4.33181e-06 2.34266e-05 9.56497e-07 -4.08852e-06 -7.23133e-06 -1.65031e-06 1.28671e-06 1.52539e-06 2.5184e-06 -9.63294e-07
internal_weight=0 5083 1156 102 6358 3927 1536 2391 6307 1054 4363 1944
internal_count=11441 5083 1156 102 6358 3927 1536 2391 6307 1054 4363 1944
is_linear=0
shrinkage=0.01


Tree=21
num_leaves=15
num_cat=0
split_feature=35 0 32 47 0 4 52 32 8 51 51 39 7 39
split_gain=0.000270284 0.00034482 0.000670932 0.000550605 0.000232063 0.000259292 0.000521829 0.000326924 0.000129381 0.000148625 0.000127503 8.00846e-05 8.67365e-05 2.9561e-07
threshold=0.27100000000000085 143.34086589734756 0.30721607142857077 27.290193777203463 157.22577352751713 0.34178571428571408 0.00066779071708233321 0.20023571428571421 3027.8750000000005 157.84748000000005 154.03327000000004 0.00097684533521734482 0.00099832021320153891 0.00096198128467745011
decision_type=2 2 2 2 2 2 2 2 2 2 2 2 2 2
left_child=4 11 10 -4 5 7 -7 -1 9 -6 -3 -2 -13 -10
right_child=1 2 3 -5 8 6 -8 -9 13 -11 -12 12 -14 -15
leaf_value=2.3480818383785627e-06 0 0 0 -2.5955807747113023e-05 -1.1166335535537983e-05 2.4375841235460672e-05 0 -2.2284790127967095e-06 2.5993845036594251e-07 0 -5.4426366110216655e-06 0 1.4647720512445985e-05 0
leaf_weight=5688 109 1098 60 241 307 149 150 1954 437 434 582 35 124 70
leaf_count=5688 109 1098 60 241 307 149 150 1954 437 434 582 35 124 70
internal_value=0 -3.02605e-06 -4.76818e-06 -1.88948e-05 8.36477e-07 1.55065e-06 1.10617e-05 1.04697e-06 -2.90563e-06 -5.62707e-06 -1.63724e-06 6.11195e-06 1.06346e-05 0
internal_weight=0 2249 1981 301 9189 7941 299 7642 1248 741 1680 268 159 507
internal_count=11438 2249 1981 301 9189 7941 299 7642 1248 741 1680 268 159 507
is_linear=0
shrinkage=0.01


Tree=22
num_leaves=14
num_cat=0
split_feature=35 31 2 1 1 32 47 32 1 3 7 7 39
split_gain=0.000317308 0.00036825 0.000473626 0.000682084 0.000287879 0.000421408 0.000467337 0.000238091 0.000273209 0.000248483 0.000162047 9.83777e-05 9.21959e-05
threshold=0.27100000000000085 0.0024157616872471548 0.14435706471189749 146.41718296955614 143.77399154581533 0.30721607142857077 27.584892397245611 0.20023571428571421 155.95202831312534 0.076271234639188015 0.0012507318144066805 0.0010294859576031005 0.00099192417300955258
decision_type=2 2 2 2 2 2 2 2 2 2 2 2 2
left_child=1 7 3 -3 11 10 -7 8 -1 -9 -6 -2 -13
right_child=4 2 -4 -5 5 6 -8 9 -10 -11 -12 12 -14
leaf_value=2.6141372438743118e-06 0 3.8568969338825273e-05 0 0 -4.0914266226723465e-06 0 -2.3513665011123832e-05 0 -1.7386268687653371e-06 -6.5446718963321546e-06 2.9242170655499584e-06 0 1.3969004332481012e-05
leaf_weight=4959 134 105 97 77 1396 61 234 1365 1750 876 261 30 123
leaf_count=4959 134 105 97 77 1396 61 234 1365 1750 876 261 30 123
internal_value=0 7.57067e-07 1.21657e-05 2.20497e-05 -3.43607e-06 -5.06992e-06 -1.67513e-05 2.89039e-07 1.32966e-06 -2.37979e-06 -2.3825e-06 4.18759e-06 9.8455e-06
internal_weight=0 9229 279 182 2239 1952 295 8950 6709 2241 1657 287 153
internal_count=11468 9229 279 182 2239 1952 295 8950 6709 2241 1657 287 153
is_linear=0
shrinkage=0.01


Tree=23
num_leaves=15
num_cat=0
split_feature=0 35 32 31 48 0 32 7 52 8 39 23 23 31
split_gain=0.000241584 0.000431046 0.000396796 0.000328093 0.000317866 0.000230855 0.000251288 0.00018183 0.000165217 0.000161877 0.000157518 2.66919e-05 6.606e-05 5.46081e-05
threshold=143.01007941895912 0.27100000000000085 0.31124821428571231 0.0015504700238213487 1.0000000180025095e-35 157.22577352751713 0.19135357142856899 0.0011428877444423448 0.0062257473632709006 3042.5750000000003 0.00094607832687460881 -6.4052465265873111e-06 0.00062460507344752766 0.0012614161519548977
decision_type=2 2 2 2 2 2 2 2 2 2 2 2 2 2
left_child=3 5 7 11 -4 6 -2 -3 10 -7 -5 13 -13 -1
right_child=1 2 4 8 -6 9 -8 -9 -10 -11 -12 12 -14 -15
leaf_value=-8.2526950774932159e-06 2.4413306847313267e-06 -4.4024904504918353e-06 0 0 -2.1898204915381165e-05 -6.4296817889784942e-06 -1.3242100481517855e-06 1.9206447048445738e-06 0 0 1.9101376824883599e-05 8.6803011813362201e-06 0 0
leaf_weight=108 5143 1334 43 68 222 746 2328 431 32 482 237 97 48 128
leaf_count=108 5143 1334 43 68 222 746 2328 431 32 482 237 97 48 128
internal_value=0 -4.91928e-07 -4.68161e-06 5.4794e-06 -1.67971e-05 3.71039e-07 1.13412e-06 -2.29191e-06 1.26937e-05 -3.45601e-06 1.52345e-05 0 2.2558e-06 -2.8558e-06
internal_weight=0 10729 2030 718 265 8699 7471 1765 337 1228 305 381 145 236
internal_count=11447 10729 2030 718 265 8699 7471 1765 337 1228 305 381 145 236
is_linear=0
shrinkage=0.01


Tree=24
num_leaves=15
num_cat=0
split_feature=0 39 1 4 3 8 3 47 8 0 39 22 3 8
split_gain=0.00033922 0.000332348 0.000551754 0.000324928 0.000248537 0.000242095 0.000193934 0.000289987 0.000238997 0.000180194 9.63477e-05 4.52923e-06 9.08922e-05 1.07625e-05
threshold=143.01007941895912 0.00067249631843103129 147.5235235580702 0.21671428571428417 0.15531692251010606 3418.8750000000005 0.043914842456556129 22.702537769828684 3655.8500000000008 157.19055173700158 0.00091533716789070406 -0.00099375268862900135 0.077334899242852292 4717.2000000000007
decision_type=2 2 2 2 2 2 2 2 2 2 2 2 2 2
left_child=3 2 5 11 10 -2 7 -3 -8 -4 -5 13 -13 -1
right_child=1 6 9 4 -6 -7 8 -9 -10 -11 -12 12 -14 -15
leaf_value=0 0 4.2149703748040704e-06 1.5965463686719624e-06 0 0 2.7857152748858631e-05 0 -2.232985966091293e-06 -6.7432898802202074e-06 -3.0496019044651008e-06 1.9460882743441414e-05 1.0653187447680905e-05 0 -3.8794295752235903e-06
leaf_weight=95 95 868 3753 70 49 112 554 2894 1521 995 260 80 55 98
leaf_count=95 95 868 3753 70 49 112 554 2894 1521 995 260 80 55 98
internal_value=0 -4.56109e-07 1.32681e-06 6.69125e-06 1.30035e-05 1.74374e-05 -2.14091e-06 -4.79117e-07 -4.67111e-06 4.12079e-07 1.64122e-05 0 5.87406e-07 -1.44881e-06
internal_weight=0 10792 4955 707 379 207 5837 3762 2075 4748 330 328 135 193
internal_count=11499 10792 4955 707 379 207 5837 3762 2075 4748 330 328 135 193
is_linear=0
shrinkage=0.01


Tree=25
num_leaves=15
num_cat=0
split_feature=0 35 39 3 0 39 7 33 8 7 51 3 3 2
split_gain=0.000303689 0.000374565 0.000255711 0.000306109 0.000244044 0.000241904 0.000232793 0.000162237 0.000148519 0.000115214 5.9328e-05 8.38852e-06 5.50096e-05 1.2267e-05
threshold=143.01007941895912 0.27100000000000085 0.0010035507993265845 0.096898643875083373 157.22577352751713 0.0018170221557977028 0.0014128759840445024 0.83971727471797097 3042.5750000000003 0.0011428877444423448 146.07714000000001 -0.029827596965064436 0.11930273054235167 -0.23509714084622144
decision_type=2 2 2 2 2 2 2 2 2 2 2 2 2 2
left_child=2 4 11 7 6 9 -2 -4 -6 -3 -7 13 -13 -1
right_child=1 5 3 -5 8 10 -8 -9 -10 -11 -12 12 -14 -15
leaf_value=0 4.6646193172974003e-07 -4.5177531509424172e-06 0 0 -6.5545133430078786e-06 0 7.9895024996217969e-06 2.388152285353639e-05 0 0 -2.817733489871359e-05 6.494329315820478e-06 0 -2.7604822892051333e-06
leaf_weight=44 7022 1343 57 90 728 58 477 175 502 574 67 149 32 165
leaf_count=44 7022 1343 57 90 728 58 477 175 502 574 67 149 32 165
internal_value=0 -4.98999e-07 6.23367e-06 1.28507e-05 2.96951e-07 -4.39031e-06 1.07883e-06 1.89928e-05 -3.65582e-06 -2.87955e-06 -1.94874e-05 0 2.10522e-06 -4.05545e-07
internal_weight=0 10771 712 322 8729 2042 7499 232 1230 1917 125 390 181 209
internal_count=11483 10771 712 322 8729 2042 7499 232 1230 1917 125 390 181 209
is_linear=0
shrinkage=0.01


Tree=26
num_leaves=9
num_cat=0
split_feature=51 8 0 39 47 8 0 20
split_gain=0.000269666 0.000195732 0.000290254 0.000409459 0.000281781 0.000864308 0.000377849 0.000101398
threshold=161.58409000000003 5769.5500000000011 147.53955704876137 0.00054427153846103729 24.059938520102389 10181.600000000002 143.01007941895912 -0.0011190989058836307
decision_type=2 2 2 2 2 2 2 2
left_child=1 2 3 -1 5 -3 -6 -4
right_child=-2 4 7 -5 6 -7 -8 -9
leaf_value=2.6695881351712004e-05 -2.3923632658777696e-05 0 -1.6611724465356652e-06 2.7442023257855131e-06 4.5392278934281649e-06 5.3442188084036824e-05 -7.531120908460784e-06 8.2183128978220381e-07
leaf_weight=93 46 487 2291 1365 217 31 1250 5650
leaf_count=93 46 487 2291 1365 217 31 1250 5650
internal_value=0 1.76027e-07 8.59669e-07 4.96625e-06 -2.55678e-06 2.6112e-06 -5.06329e-06 0
internal_weight=0 11384 9399 1458 1985 518 1467 7941
internal_count=11430 11384 9399 1458 1985 518 1467 7941
is_linear=0
shrinkage=0.01


Tree=27
num_leaves=14
num_cat=0
split_feature=35 0 31 2 44 39 39 51 1 7 39 44 9
split_gain=0.000245875 0.000296473 0.000257648 0.000321032 0.000481814 0.000209011 0.000184187 0.000160384 0.000133591 0.000132802 0.000196727 0.000131055 6.59085e-05
threshold=0.28799999999999676 142.92683193986343 0.0024157616872471548 0.11536295303739054 21.756750054427538 0.0018170221557977028 0.00081823162500739273 155.94923000000003 145.55603492367138 0.00094971518870355664 0.00093766989352394366 68.67090748784365 0.085499999999996149
decision_type=2 2 2 2 2 2 2 2 2 2 2 2 2
left_child=2 9 6 4 -4 12 7 -1 -7 -2 -11 -8 -3
right_child=1 5 3 -5 -6 8 11 -9 -10 10 -12 -13 -14
leaf_value=2.5082726186117676e-06 0 0 0 0 3.0072753002738812e-05 0 -3.3695583800305361e-06 -7.6293474489693247e-07 -2.4366909605582411e-05 0 2.1470288103071035e-05 4.5585935932185628e-07 -3.642887204590684e-06
leaf_weight=4476 84 210 51 111 122 48 1732 1659 98 36 91 1061 1596
leaf_count=4476 84 210 51 111 122 48 1732 1659 98 36 91 1061 1596
internal_value=0 -2.91617e-06 8.19982e-07 1.03541e-05 1.89955e-05 -4.45892e-06 4.04136e-07 1.46071e-06 -1.75505e-05 6.60476e-06 1.32861e-05 -1.55857e-06 -2.84245e-06
internal_weight=0 2163 9212 284 173 1952 8928 6135 146 211 127 2793 1806
internal_count=11375 2163 9212 284 173 1952 8928 6135 146 211 127 2793 1806
is_linear=0
shrinkage=0.01


Tree=28
num_leaves=15
num_cat=0
split_feature=35 0 0 39 47 3 31 39 8 1 39 40 30 39
split_gain=0.000283252 0.000285749 0.000241039 0.000183108 0.000390367 0.00017362 0.000269161 0.000222027 0.000129804 0.000139897 7.27838e-05 6.38711e-05 6.36691e-05 1.08975e-06
threshold=0.27100000000000085 143.34086589734756 157.22577352751713 0.0018170221557977028 29.057321068407024 0.056692119471106923 0.0022422986057314908 0.00076019887759564027 3042.5750000000003 158.50817120706958 0.00097684533521734482 1.2069892696389377 -0.040487337261764005 0.00096198128467745011
decision_type=2 2 2 2 2 2 2 2 2 2 2 2 2 2
left_child=2 10 5 11 -5 6 -1 -7 9 -4 -2 -3 -12 -10
right_child=1 3 8 4 -6 7 -8 -9 13 -11 12 -13 -14 -15
leaf_value=1.8426480055095364e-06 0 -4.3771368272413534e-06 -9.5831463944899545e-06 0 -2.9381631238994054e-05 1.9222104104339857e-06 1.4789480178416845e-05 -3.3470580561521585e-06 5.0967932475249076e-07 0 0 0 1.2214467380043312e-05 0
leaf_weight=4578 101 1452 435 32 96 1684 198 1435 419 289 35 398 130 79
leaf_count=4578 101 1452 435 32 96 1684 198 1435 419 289 35 398 130 79
internal_value=0 -3.314e-06 6.37807e-07 -4.89469e-06 -1.85611e-05 1.36857e-06 2.59024e-06 -1.81676e-07 -3.26408e-06 -5.99116e-06 4.67496e-06 -3.40397e-06 8.89781e-06 0
internal_weight=0 2244 9117 1978 128 7895 4776 3119 1222 724 266 1850 165 498
internal_count=11361 2244 9117 1978 128 7895 4776 3119 1222 724 266 1850 165 498
is_linear=0
shrinkage=0.01


Tree=29
num_leaves=14
num_cat=0
split_feature=0 3 32 31 7 19 32 52 39 1 2 3 23
split_gain=0.000216992 0.000423392 0.000392291 0.000301023 0.000188638 0.00044015 0.000334374 0.000169698 0.000191973 8.08234e-05 7.15426e-06 9.76001e-05 5.44869e-06
threshold=143.01007941895912 -0.37982962541685805 0.30721607142857077 0.0015793541690491051 0.0014128759840445024 -0.0014567455618352263 0.18757500000000166 0.0062257473632709006 0.00099812641036771768 151.11971403001186 -0.00099375268862900135 0.077334899242852292 -0.0016237026730554938
decision_type=2 2 2 2 2 2 2 2 2 2 2 2 2
left_child=3 2 -2 10 6 -6 -3 8 -5 -4 12 -12 -1
right_child=1 4 9 7 5 -7 -8 -9 -10 -11 11 -13 -14
leaf_value=0 0 8.675096868826358e-07 -2.9794832038649546e-05 0 1.5605675532930386e-05 0 -3.0485772211152979e-06 0 2.0393740580545249e-05 0 1.0843421953652211e-05 0 -2.5667950942452947e-06
leaf_weight=31 60 6557 101 85 254 509 3163 32 210 42 83 62 182
leaf_count=31 60 6557 101 85 254 509 3163 32 210 42 83 62 182
internal_value=0 -2.06141e-07 -1.45013e-05 5.57143e-06 0 4.85077e-06 -3.04046e-07 1.25255e-05 1.52087e-05 -2.39078e-05 0 6.30852e-07 -1.75491e-06
internal_weight=0 10686 203 685 10483 763 9720 327 295 143 358 145 213
internal_count=11371 10686 203 685 10483 763 9720 327 295 143 358 145 213
is_linear=0
shrinkage=0.01


Tree=30
num_leaves=16
num_cat=0
split_feature=47 31 31 39 52 32 1 44 1 32 35 25 8 1 50
split_gain=0.000201986 0.000376538 0.000271633 0.000360856 0.000327114 0.000543973 0.000207954 0.000188416 0.000168481 0.000134032 0.000123148 5.54493e-05 4.28257e-05 1.91864e-05 3.83579e-06
threshold=42.683490652295511 0.0012736883278765293 0.0015793541690491051 0.00081248684035769225 0.0016663791935932054 0.3854392857142856 144.89544999715889 69.738771168343717 147.39381557731082 0.30721607142857077 -1.1400000000000003 0.00035955628409160384 4899.9750000000013 153.87688286373924 -0.0012781928871730952
decision_type=2 2 2 2 2 2 2 2 2 2 2 2 2 2 2
left_child=2 11 3 8 5 -4 14 -5 -1 -6 -8 13 -13 -2 -3
right_child=1 6 4 7 9 -7 10 -9 -10 -11 -12 12 -14 -15 -16
leaf_value=8.4831970043996031e-06 0 1.646452914930011e-06 4.0226794481123712e-06 -6.044202779010292e-06 9.5451550905132126e-07 2.9078227462153325e-05 0 0 7.420385474729379e-07 -8.7834562541856067e-06 -8.9282295951584013e-06 3.8495651153892016e-06 0 -1.9794538334291319e-06 0
leaf_weight=356 689 141 927 1197 243 125 70 660 4308 173 1048 680 70 507 152
leaf_count=356 689 141 927 1197 243 125 70 660 4308 173 1048 680 70 507 152
internal_value=0 -1.97845e-06 9.39797e-07 0 4.82727e-06 7.96233e-06 -5.97961e-06 -3.66173e-06 1.54815e-06 -6.99892e-07 -7.98213e-06 4.09744e-07 2.78041e-06 -2.41646e-07 0
internal_weight=0 3357 7989 6521 1468 1052 1411 1857 4664 416 1118 1946 750 1196 293
internal_count=11346 3357 7989 6521 1468 1052 1411 1857 4664 416 1118 1946 750 1196 293
is_linear=0
shrinkage=0.01


Tree=31
num_leaves=15
num_cat=0
split_feature=47 8 8 52 51 49 51 4 50 3 8 51 2 36
split_gain=0.000276145 0.000433993 0.00036903 0.000640168 0.000397387 0.000188143 0.000182465 0.00015314 0.000159244 0.000151633 0.000118801 6.09614e-05 9.96171e-06 1.71872e-07
threshold=42.87714304795545 7526.0750000000007 9302.6750000000011 -0.0013967366659117608 146.90652000000003 150.66010000000003 142.82845000000003 0.19635714285714356 -0.0019415152381392611 0.095404977412506045 5620.4000000000005 153.10192000000001 0.12682950543988628 0.98528063907226981
decision_type=2 2 2 2 2 2 2 2 2 2 2 2 2 2
left_child=2 7 6 4 -4 12 9 11 -9 -1 -8 -2 -3 -5
right_child=1 5 3 13 -6 -7 10 8 -10 -11 -12 -13 -14 -15
leaf_value=9.7554396493476511e-06 2.0558660898473906e-06 -2.4023188683833606e-05 4.8773356736069777e-05 -5.7216790626712396e-07 0 0 6.6117898306636017e-07 0 -7.1646552553432476e-06 0 -2.8731890757527693e-06 -1.3018801084343717e-06 0 0
leaf_weight=373 1105 136 61 52 33 30 6337 503 691 95 1103 848 40 41
leaf_count=373 1105 136 61 52 33 30 6337 503 691 95 1103 848 40 41
internal_value=0 -2.43223e-06 9.80069e-07 1.50631e-05 3.358e-05 -1.68981e-05 5.1967e-07 -1.16506e-06 -4.04784e-06 6.59585e-06 2.64198e-09 8.60582e-08 -2.09924e-05 0
internal_weight=0 3353 8095 187 94 206 7908 3147 1194 468 7440 1953 176 93
internal_count=11448 3353 8095 187 94 206 7908 3147 1194 468 7440 1953 176 93
is_linear=0
shrinkage=0.01


Tree=32
num_leaves=14
num_cat=0
split_feature=35 49 32 47 0 31 2 32 51 39 51 39 40
split_gain=0.000260054 0.000316953 0.000300347 0.000520537 0.000247763 0.000238859 0.000564335 0.000295717 0.000115265 0.000171384 0.000106636 9.16304e-05 0.000109299
threshold=0.27100000000000085 143.56305 0.30721607142857077 27.290193777203463 157.22577352751713 0.0022422986057314908 0.11536295303739054 0.20023571428571421 161.58409000000003 0.00096198128467745011 153.70721000000006 0.00097684533521734482 0.6804060557849102
decision_type=2 2 2 2 2 2 2 2 2 2 2 2 2
left_child=4 11 10 -4 5 7 -7 -1 9 -6 -3 -2 -13
right_child=1 2 3 -5 8 6 -8 -9 -10 -11 -12 12 -14
leaf_value=2.290777548799774e-06 0 0 0 -2.2134753026247632e-05 0 2.0757743379423012e-05 0 -2.0574309366085313e-06 -2.2625706380955605e-05 -1.402734773944802e-05 -5.4848771523251301e-06 0 1.4111642303402748e-05
leaf_weight=5605 120 1045 64 237 1083 212 146 1951 39 102 648 31 142
leaf_count=5605 120 1045 64 237 1083 212 146 1951 39 102 648 31 142
internal_value=0 -2.93528e-06 -4.64966e-06 -1.46047e-05 8.30073e-07 1.56354e-06 9.89898e-06 1.03565e-06 -3.09436e-06 -1.59875e-06 -2.28548e-06 5.31279e-06 1.0028e-05
internal_weight=0 2287 1994 301 9138 7914 358 7556 1224 1185 1693 293 173
internal_count=11425 2287 1994 301 9138 7914 358 7556 1224 1185 1693 293 173
is_linear=0
shrinkage=0.01


Tree=33
num_leaves=16
num_cat=0
split_feature=8 51 47 51 7 31 47 1 32 51 1 47 1 47 52
split_gain=0.000192583 0.000333804 0.000370138 0.000738796 0.000236534 0.000236326 0.000567194 0.000200073 0.000177728 0.000328687 0.000144722 0.000141575 6.45909e-05 3.6411e-05 1.05341e-05
threshold=5528.4500000000016 146.07714000000001 22.213299718921458 144.86461000000006 0.0008757959406891267 0.0015793541690491051 44.513089547659575 143.77399154581533 0.17289821428571459 147.32286000000002 153.14321519673481 32.661113372954226 145.0646683291379 16.297673357642825 0.00063888737665657527
decision_type=2 2 2 2 2 2 2 2 2 2 2 2 2 2 2
left_child=5 2 3 -2 14 8 13 -4 9 -1 -6 -10 -8 -7 -3
right_child=1 4 7 -5 10 6 12 -9 11 -11 -12 -13 -14 -15 -16
leaf_value=1.0195279782565589e-05 0 2.2751864049827082e-06 2.7325153376263323e-06 5.1162496629310236e-05 -9.5888789076092171e-06 0 0 -8.4126331736420439e-06 -4.4008466154226073e-06 3.8022424122357459e-07 0 0 -6.7556795853117551e-06 1.3609734341138936e-05 0
leaf_weight=390 112 203 390 43 899 33 69 241 1217 5464 306 1327 192 467 121
leaf_count=390 112 203 390 43 899 33 69 241 1217 5464 306 1327 192 467 121
internal_value=0 -2.47398e-06 1.944e-06 1.60357e-05 -5.39879e-06 7.45231e-07 6.12397e-06 0 1.38422e-07 1.20574e-06 -7.52343e-06 -1.92433e-06 -2.98272e-06 1.28739e-05 0
internal_weight=0 2315 786 155 1529 9159 761 631 8398 5854 1205 2544 261 500 324
internal_count=11474 2315 786 155 1529 9159 761 631 8398 5854 1205 2544 261 500 324
is_linear=0
shrinkage=0.01


Tree=34
num_leaves=15
num_cat=0
split_feature=0 39 1 8 4 3 47 1 49 34 49 3 2 2
split_gain=0.00023367 0.000324053 0.000705787 0.000298806 0.000221498 0.000196298 0.000178365 0.000323573 0.000236933 0.000133907 9.84067e-05 2.33839e-06 3.56204e-05 7.5045e-06
threshold=143.01007941895912 0.00061278222304502166 147.56535954204679 3418.8750000000005 0.21671428571428417 0.11707506476304237 24.234856346977754 146.55685633530865 150.66010000000003 -0.27847543233160194 157.07172500000004 -0.03139144713038821 0.0893699425376724 -0.20873268676727716
decision_type=2 2 2 2 2 2 2 2 2 2 2 2 2 2
left_child=4 2 3 -2 11 9 7 -3 -8 -6 -4 13 -13 -1
right_child=1 6 10 -5 5 -7 8 -9 -10 -11 -12 12 -14 -15
leaf_value=0 0 1.0355292256886132e-05 1.5656126092222731e-06 3.47331691969646e-05 0 0 -5.0961251770260975e-06 -9.4537870734926729e-07 -1.6915369254558954e-07 1.8124232215540299e-05 -1.8418432024482548e-06 5.16243119324377e-06 0 -2.9911724387243017e-06
leaf_weight=31 83 293 3113 91 61 47 2478 1366 2352 233 967 134 41 107
leaf_count=31 83 293 3113 91 61 47 2478 1366 2352 233 967 134 41 107
internal_value=0 -4.13333e-07 1.60785e-06 2.14789e-05 5.73565e-06 1.13097e-05 -1.89248e-06 4.50388e-07 -2.90419e-06 1.46621e-05 5.12817e-07 0 3.57854e-07 -1.23535e-06
internal_weight=0 10743 4254 174 654 341 6489 1659 4830 294 4080 313 175 138
internal_count=11397 10743 4254 174 654 341 6489 1659 4830 294 4080 313 175 138
is_linear=0
shrinkage=0.01


Tree=35
num_leaves=14
num_cat=0
split_feature=0 3 32 31 3 39 1 7 0 39 3 3 6
split_gain=0.000272394 0.000408649 0.000375576 0.000286376 0.000220333 0.000211535 0.000789948 0.000255523 0.000136959 0.000127289 2.42108e-05 3.63583e-05 2.54276e-05
threshold=143.10920204469861 -0.37982962541685805 0.30721607142857077 0.0015034441596162536 0.11707506476304237 0.0006461190994683511 146.55685633530865 0.0014128759840445024 153.12276470870765 0.0012441695965538463 -0.029827596965064436 0.077334899242852292 -0.79750000000001353
decision_type=2 2 2 2 2 2 2 2 2 2 2 2 2
left_child=3 2 -2 10 9 6 -3 -7 -4 -5 12 -12 -1
right_child=1 5 8 4 -6 7 -8 -9 -10 -11 11 -13 -14
leaf_value=0 0 2.837957087741775e-05 -2.8973424057476225e-05 4.2617468048621535e-06 0 -2.3843924715897097e-06 5.1296639036654424e-07 3.4239683122967643e-06 0 2.6733085050812967e-05 5.5466205265363486e-06 0 -6.3317414991223325e-06
leaf_weight=30 54 107 112 231 72 5118 4510 765 30 117 122 56 120
leaf_count=30 54 107 112 231 72 5118 4510 765 30 117 122 56 120
internal_value=0 -4.79783e-07 -1.48248e-05 5.75347e-06 1.12706e-05 -1.16083e-07 1.37835e-06 -1.4589e-06 -2.38038e-05 1.47137e-05 0 8.62807e-07 -3.89923e-06
internal_weight=0 10696 196 748 420 10500 4617 5883 142 348 328 178 150
internal_count=11444 10696 196 748 420 10500 4617 5883 142 348 328 178 150
is_linear=0
shrinkage=0.01


Tree=36
num_leaves=11
num_cat=0
split_feature=3 7 8 0 8 7 19 8 51 39
split_gain=0.000260919 0.000338979 0.00018191 0.000173535 0.000187719 0.000170055 0.000327177 0.000284531 0.000119989 5.10938e-06
threshold=-0.44637266051248947 0.002786147346504043 7411.6750000000011 157.22577352751713 3042.5750000000003 0.0014128759840445024 -0.0011986257975365453 4737.2250000000013 157.84748000000005 0.001233068173754976
decision_type=2 2 2 2 2 2 2 2 2 2
left_child=1 2 -1 5 8 7 -7 -2 -5 -6
right_child=3 -3 -4 4 9 6 -8 -9 -10 -11
leaf_value=0 1.3135655728894094e-06 0 -3.308812934139839e-05 -1.2136045051624675e-05 1.0258630483746079e-06 1.2739177089599444e-05 0 -2.4888192718629698e-06 -6.7252929374112342e-07 0
leaf_weight=34 6254 44 71 306 485 323 545 2851 450 56
leaf_count=34 6254 44 71 306 485 323 545 2851 450 56
internal_value=0 -1.32359e-05 -2.38655e-05 0 -3.35163e-06 5.27777e-07 4.77255e-06 1.30501e-08 -6.63936e-06 0
internal_weight=0 149 105 11270 1297 9973 868 9105 756 541
internal_count=11419 149 105 11270 1297 9973 868 9105 756 541
is_linear=0
shrinkage=0.01


Tree=37
num_leaves=15
num_cat=0
split_feature=0 35 39 49 4 0 7 22 39 8 0 47 8 22
split_gain=0.000217572 0.00034673 0.000544012 0.000285858 0.000276329 0.000199278 0.00023098 0.000154639 0.000144051 0.000121278 8.88808e-05 6.59431e-06 2.51276e-05 1.07414e-05
threshold=143.01007941895912 0.27100000000000085 0.0018170221557977028 155.95577500000002 0.21671428571428417 157.22577352751713 0.0014128759840445024 0.25465831521523802 0.0012441695965538463 3042.5750000000003 152.65271713842156 41.367477418433687 4580.0250000000005 -0.00099375268862900135
decision_type=2 2 2 2 2 2 2 2 2 2 2 2 2 2
left_child=4 5 10 -4 11 6 -2 8 -6 -7 -3 13 -13 -1
right_child=1 2 3 -5 7 9 -8 -9 -10 -11 -12 12 -14 -15
leaf_value=0 5.634016061261901e-07 0 -3.0920544500249368e-05 0 2.6713580067107024e-06 -5.6821128180602722e-06 7.9837117509881418e-06 0 2.5575726484594079e-05 0 -4.7248260534304084e-06 0 -6.9591920081488711e-06 3.146417319923935e-06
leaf_weight=125 6998 1156 113 30 208 729 492 31 117 465 758 45 65 108
leaf_count=125 6998 1156 113 30 208 729 492 31 117 465 758 45 65 108
internal_value=0 -2.91438e-07 -4.03946e-06 -2.36008e-05 5.4589e-06 4.81399e-07 1.18483e-06 1.16611e-05 1.40157e-05 -3.0927e-06 -2.04987e-06 0 -2.44289e-06 0
internal_weight=0 10741 2057 143 699 8684 7490 356 325 1194 1914 343 110 233
internal_count=11440 10741 2057 143 699 8684 7490 356 325 1194 1914 343 110 233
is_linear=0
shrinkage=0.01


Tree=38
num_leaves=13
num_cat=0
split_feature=35 0 0 32 48 39 7 7 32 39 36 51
split_gain=0.00023386 0.000229725 0.000207746 0.000353775 0.000461401 0.000181394 0.000187235 0.000126752 0.00011836 0.000101373 7.17289e-05 6.37304e-05
threshold=0.27100000000000085 157.19055173700158 143.01007941895912 0.30721607142857077 1.0000000180025095e-35 0.00067249631843103129 0.0014128759840445024 0.0011581253534601735 0.13310892857142961 0.0014074369213431628 0.64654173272963422 157.84748000000005
decision_type=2 2 2 2 2 2 2 2 2 2 2 2
left_child=1 5 9 7 -5 8 -7 -4 -1 -2 -3 -12
right_child=2 10 3 4 -6 6 -8 -9 -10 -11 11 -13
leaf_value=1.1004862031879851e-06 0 0 -3.6403965396325737e-06 0 -2.148258796227525e-05 -1.0219179321433753e-06 5.2503170504414043e-06 1.6079631981363533e-06 5.689108358046649e-06 1.5807859355485202e-05 -7.8527076630397349e-06 -9.7746443425455093e-08
leaf_weight=2561 169 272 1360 57 245 3635 541 386 1203 55 435 541
leaf_count=2561 169 272 1360 57 245 3635 541 386 1203 55 435 541
internal_value=0 5.13302e-07 -3.04655e-06 -4.31464e-06 -1.49001e-05 1.23337e-06 0 -1.9074e-06 2.83324e-06 4.07693e-06 -3.26562e-06 -4.58042e-06
internal_weight=0 9188 2272 2048 302 7940 4176 1746 3764 224 1248 976
internal_count=11460 9188 2272 2048 302 7940 4176 1746 3764 224 1248 976
is_linear=0
shrinkage=0.01


Tree=39
num_leaves=15
num_cat=0
split_feature=35 0 32 47 1 4 3 32 7 7 39 3 39 43
split_gain=0.000260651 0.000260168 0.000347264 0.000597702 0.000181833 0.000254497 0.000352568 0.000186622 0.000179269 0.000133623 0.000112563 0.000227358 0.000110495 7.69662e-05
threshold=0.19699999999998855 143.01007941895912 0.30721607142857077 27.430501726080859 157.5496412077151 0.34178571428571408 0.071208114917555687 0.20023571428571421 0.0012507318144066805 0.00094971518870355664 0.00090728782882439345 -0.063710809073833571 0.00093766989352394366 49.421480464235465
decision_type=2 2 2 2 2 2 2 2 2 2 2 2 2 2
left_child=4 9 8 -4 5 7 -7 -1 -3 -2 13 -12 -11 -6
right_child=1 2 3 -5 10 6 -8 -9 -10 12 11 -13 -14 -15
leaf_value=1.8835561461467379e-06 0 -3.3765896282980316e-06 0 -2.2021368396372142e-05 -5.1158837841211808e-06 2.0123437489488372e-05 0 -1.5813324180150953e-06 3.7917640094267873e-06 0 0 -3.6196349468082189e-05 1.682818693600388e-05 2.2295625050016316e-08
leaf_weight=5384 106 1944 78 258 309 172 140 1896 305 41 47 32 112 501
leaf_count=5384 106 1944 78 258 309 172 140 1896 305 41 47 32 112 501
internal_value=0 -2.7123e-06 -3.90844e-06 -1.3961e-05 7.78505e-07 1.37387e-06 1.0522e-05 8.43762e-07 -1.95928e-06 5.35693e-06 -3.17958e-06 -1.57994e-05 1.16432e-05 -7.05965e-07
internal_weight=0 2844 2585 336 8481 7592 312 7280 2249 259 889 79 153 810
internal_count=11325 2844 2585 336 8481 7592 312 7280 2249 259 889 79 153 810
is_linear=0
shrinkage=0.01


Tree=40
num_leaves=15
num_cat=0
split_feature=47 32 8 52 1 40 3 39 33 1 0 43 18 32
split_gain=0.000259003 0.000435038 0.000315163 0.000807121 0.000477905 0.000262504 0.000236196 0.000156311 0.000160892 0.000160701 0.000137796 0.000140231 0.000103095 5.3322e-05
threshold=42.683490652295511 0.26376607142857122 9302.6750000000011 0.00061858533205217336 146.65125264373984 1.2202866238201289 -0.16512465211355296 0.00082552522760961531 1.0190266232798408 155.95202831312534 147.53955704876137 69.085400142147719 0.0028325891517155814 0.43743749999999987
decision_type=2 2 2 2 2 2 2 2 2 2 2 2 2 2
left_child=2 10 7 4 -4 6 -3 9 -9 -1 12 -12 -2 -5
right_child=1 5 3 13 -6 -7 -8 8 -10 -11 11 -13 -14 -15
leaf_value=2.9280356879410402e-06 5.9055651090473621e-06 -2.2430026769201839e-05 4.5418808376995027e-05 0 0 0 0 -3.0188165887929823e-06 1.5561142602177369e-06 -6.2253550322309769e-07 -3.88240943157525e-06 3.3082883783268592e-07 0 -1.1883414678529582e-05
leaf_weight=3670 493 217 80 30 37 120 137 1816 1023 1329 1411 948 76 38
leaf_count=3670 493 217 80 30 37 120 137 1816 1023 1329 1411 948 76 38
internal_value=0 -2.20415e-06 1.08081e-06 1.4249e-05 3.17263e-05 -1.12032e-05 -1.55579e-05 6.41538e-07 -1.01814e-06 1.78412e-06 -4.04194e-07 -1.76573e-06 3.48121e-06 -1.23569e-06
internal_weight=0 3402 8023 185 117 474 354 7838 2839 4999 2928 2359 569 68
internal_count=11425 3402 8023 185 117 474 354 7838 2839 4999 2928 2359 569 68
is_linear=0
shrinkage=0.01


Tree=41
num_leaves=9
num_cat=0
split_feature=51 7 49 51 3 52 30 7
split_gain=0.000190172 0.000203024 0.000289074 0.000182711 0.000172913 0.00014348 0.000118414 0.000117199
threshold=161.58409000000003 0.00068318526475452137 144.45242500000003 155.99991000000003 0.012516570908459751 -0.0007201800000848366 -0.0093954726234352116 0.00095491079958897023
decision_type=2 2 2 2 2 2 2 2
left_child=1 3 7 6 -4 -5 -1 -3
right_child=-2 2 4 5 -6 -7 -8 -9
leaf_value=0 -1.9049704811431328e-05 0 -4.9852997605370472e-07 -7.7531770906957692e-06 -4.8137275063335004e-06 0 3.8586578859434088e-06 5.6420629117246134e-06
leaf_weight=1315 53 440 2829 275 2047 1214 2496 653
leaf_count=1315 53 440 2829 275 2047 1214 2496 653
internal_value=0 -9.31593e-09 -1.35944e-06 1.32255e-06 -2.51547e-06 -1.21886e-06 2.5779e-06 2.88206e-06
internal_weight=0 11269 5969 5300 4876 1489 3811 1093
internal_count=11322 11269 5969 5300 4876 1489 3811 1093
is_linear=0
shrinkage=0.01


Tree=42
num_leaves=16
num_cat=0
split_feature=47 4 4 39 23 32 1 27 51 47 18 47 39 17 1
split_gain=0.000176778 0.000415077 0.000303427 0.000362753 0.000273627 0.000294343 0.000226927 0.000247738 0.00018667 0.000177161 0.000100319 5.77042e-05 4.69451e-05 2.29234e-05 2.00442e-05
threshold=42.87714304795545 0.19635714285714356 0.23296428571428054 0.00081823162500739273 0.00026464168122132775 0.3854392857142856 144.89544999715889 -0.071146911613548816 155.94923000000003 36.269568255750698 0.00022057246384166176 29.195728954521496 0.00060865069056963551 0.00051241992867545616 147.56535954204679
decision_type=2 2 2 2 2 2 2 2 2 2 2 2 2 2 2
left_child=2 10 3 8 5 -4 13 -8 -1 -5 14 -6 -12 -3 -2
right_child=1 6 4 9 11 -7 7 -9 -10 -11 12 -13 -14 -15 -16
leaf_value=2.6253534657363812e-06 0 3.9157400942804395e-06 4.4554292801518815e-06 -5.7305855824233016e-06 -4.7760056032060863e-06 2.4509628449417582e-05 0 -1.0681167922088752e-05 -1.481560292227731e-06 6.4021923114954747e-08 5.3912127461326831e-06 1.2710383452274739e-06 0 -2.0084415420112675e-08 -1.7035565839061461e-06
leaf_weight=3503 133 149 974 1391 237 122 203 878 1281 336 502 218 425 123 950
leaf_count=3503 133 149 974 1391 237 122 203 878 1281 336 502 218 425 123 950
internal_value=0 -1.87972e-06 8.47678e-07 0 4.82608e-06 7.60989e-06 -6.24338e-06 -8.3526e-06 1.31661e-06 -4.02464e-06 5.61049e-07 0 3.26886e-06 0 -8.34219e-07
internal_weight=0 3363 8062 6511 1551 1096 1353 1081 4784 1727 2010 455 927 272 1083
internal_count=11425 3363 8062 6511 1551 1096 1353 1081 4784 1727 2010 455 927 272 1083
is_linear=0
shrinkage=0.01


Tree=43
num_leaves=16
num_cat=0
split_feature=39 0 33 31 51 4 18 8 40 1 52 8 44 40 40
split_gain=0.00013697 0.000371297 0.000236808 0.000225867 0.0001983 0.000194431 0.000175322 0.000159531 0.000138786 0.000120948 9.02817e-05 0.000171373 4.36945e-05 2.64966e-05 1.32388e-05
threshold=0.00071347448474039688 144.89289161694091 1.0382302948590001 0.0015694119016785085 155.84354000000005 0.15060714285714336 0.003199608304454205 4737.2250000000013 1.2534062371589711 147.56535954204679 -0.00046307895910704721 3462.1500000000001 57.692306305472805 1.1573979557362715 0.92347110718761949
decision_type=2 2 2 2 2 2 2 2 2 2 2 2 2 2 2
left_child=4 3 5 12 7 -3 -4 9 -5 -1 11 -6 -2 -9 -12
right_child=1 2 6 8 10 -7 -8 13 -10 -11 14 -13 -14 -15 -16
leaf_value=1.0646514729204407e-05 -3.2729560443729711e-06 0 1.5104436412289672e-06 1.0296327936588552e-05 -1.0225156239111578e-05 -5.9712889352828117e-06 -8.2980997706644787e-06 0 0 2.2895736585581905e-06 -1.3767990812054949e-06 0 1.7897768721630167e-06 -3.6091695767432539e-06 7.0199158022681569e-07
leaf_weight=287 328 740 1512 478 286 2063 204 253 132 3118 508 133 265 300 730
leaf_count=287 328 740 1512 478 286 2063 204 253 132 3118 508 133 265 300 730
internal_value=0 -1.15135e-06 -2.59579e-06 3.44251e-06 1.04321e-06 -4.39424e-06 0 2.3656e-06 7.76911e-06 3.28906e-06 -1.51198e-06 -5.52756e-06 0 -1.51159e-06 0
internal_weight=0 5722 4519 1203 5615 2803 1716 3958 610 3405 1657 419 593 553 1238
internal_count=11337 5722 4519 1203 5615 2803 1716 3958 610 3405 1657 419 593 553 1238
is_linear=0
shrinkage=0.01


Tree=44
num_leaves=13
num_cat=0
split_feature=0 3 31 1 3 32 3 0 32 3 23 6
split_gain=0.000247671 0.000412768 0.000324332 0.000231963 0.000191859 0.000144612 0.000287922 0.000284613 7.02054e-05 2.07006e-05 6.72091e-05 3.17052e-05
threshold=143.01007941895912 -0.44637266051248947 0.0015191390222825713 151.11971403001186 0.15798601735968018 0.18757500000000166 -0.013313263388245938 147.53955704876137 0.19422321428571607 -0.0083162138861228602 0.00062460507344752766 -0.79750000000001353
decision_type=2 2 2 2 2 2 2 2 2 2 2 2
left_child=2 3 9 -2 8 7 -7 -3 -4 11 -11 -1
right_child=1 5 4 -5 -6 6 -8 -9 -10 10 -12 -13
leaf_value=0 -2.8804047425634831e-05 7.8563248770902488e-06 0 0 0 4.0864799884431756e-07 -4.6022192386740403e-06 0 1.6560302021730613e-05 8.7155578129039052e-06 0 -5.9000261645780601e-06
leaf_weight=32 79 519 47 42 43 2195 1857 6035 298 88 48 150
leaf_count=32 79 519 47 42 43 2195 1857 6035 298 88 48 150
internal_value=0 -3.79502e-07 5.73316e-06 -1.87605e-05 1.1969e-05 -7.46438e-08 -1.64132e-06 7.41433e-07 1.47179e-05 0 1.0936e-07 -3.36658e-06
internal_weight=0 10727 706 121 388 10606 4052 6554 345 318 136 182
internal_count=11433 10727 706 121 388 10606 4052 6554 345 318 136 182
is_linear=0
shrinkage=0.01


Tree=45
num_leaves=15
num_cat=0
split_feature=35 49 32 48 1 7 8 23 8 7 51 7 39 30
split_gain=0.000209038 0.000348724 0.000205167 0.000450519 0.000185797 0.000143765 0.000239272 0.000227428 0.000140017 0.000124225 0.000115185 7.15323e-05 6.13599e-05 7.21525e-08
threshold=0.28249999999999892 143.63775000000001 0.30721607142857077 1.0000000180025095e-35 157.19220253924968 0.0014128759840445024 5647.0250000000005 0.0017515804093843344 3010.2000000000003 0.0012507318144066805 157.84748000000005 0.00093591013468875958 0.00092071808168847603 0.038706628828647678
decision_type=2 2 2 2 2 2 2 2 2 2 2 2 2 2
left_child=4 11 9 -4 5 6 -1 -7 10 -3 -6 -2 -13 -10
right_child=1 2 3 -5 8 7 -8 -9 13 -11 -12 12 -14 -15
leaf_value=1.3390205803122019e-06 0 -4.1828959713030626e-06 0 -2.064936745044819e-05 -1.1228659572482021e-05 1.1260311299876441e-05 -3.9812480649128109e-06 0 1.2812861555553564e-07 1.2330651208001321e-06 -5.4553097517681666e-10 0 1.2251429472216193e-05 0
leaf_weight=6539 93 1335 50 231 290 346 913 202 439 264 433 30 154 48
leaf_count=6539 93 1335 50 231 290 346 913 202 439 264 433 30 154 48
internal_value=0 -3.00768e-06 -4.86393e-06 -1.38064e-05 4.19333e-07 1.06606e-06 5.52788e-07 6.21574e-06 -3.0291e-06 -2.6634e-06 -5.89103e-06 5.97317e-06 9.61426e-06 0
internal_weight=0 2157 1880 281 9210 8000 7452 548 1210 1599 723 277 184 487
internal_count=11367 2157 1880 281 9210 8000 7452 548 1210 1599 723 277 184 487
is_linear=0
shrinkage=0.01


Tree=46
num_leaves=14
num_cat=0
split_feature=1 32 52 47 8 39 32 49 1 51 32 4 32
split_gain=0.000285865 0.000362904 0.000794333 0.000544629 0.000468129 0.000416517 0.000346899 0.000174067 0.000154119 0.000134229 0.000145059 8.17343e-05 2.82204e-07
threshold=146.55685633530865 0.3854392857142856 0.0013175445453656389 39.623620110975658 6100.5500000000002 0.00054172763048794981 0.37254642857143144 141.95755000000003 151.11971403001186 161.58409000000003 0.16786249999999994 0.40078571428571158 0.46383214285714208
decision_type=2 2 2 2 2 2 2 2 2 2 2 2 2
left_child=1 4 3 -3 5 -1 9 -6 11 10 -2 -8 -4
right_child=6 2 12 -5 7 -7 8 -9 -10 -11 -12 -13 -14
leaf_value=2.9509398386853595e-05 8.4523647928502093e-07 5.0024603697048271e-05 0 0 0 2.6775687920072323e-06 -2.8729543209602532e-05 -9.1444948290162809e-06 0 -1.737971944967089e-05 -1.6808699989322738e-06 0 -7.4754309573090789e-07
leaf_weight=75 5482 76 31 53 62 1172 74 420 69 46 3766 30 50
leaf_count=75 5482 76 31 53 62 1172 74 420 69 46 3766 30 50
internal_value=0 3.5683e-06 1.65336e-05 3.25227e-05 1.41104e-06 5.10414e-06 -6.41104e-07 -6.06634e-06 -1.4781e-05 -2.6953e-07 -7.53623e-08 -2.2588e-05 0
internal_weight=0 1939 210 129 1729 1247 9467 482 173 9294 9248 104 81
internal_count=11406 1939 210 129 1729 1247 9467 482 173 9294 9248 104 81
is_linear=0
shrinkage=0.01


Tree=47
num_leaves=15
num_cat=0
split_feature=47 0 8 49 49 7 44 14 30 8 47 3 40 8
split_gain=0.000177569 0.000210979 0.000189503 0.00035077 0.000215511 0.000204975 0.00014772 0.000143231 0.000110007 0.00023982 0.000119683 0.000107851 5.1974e-05 3.68041e-06
threshold=45.92457101716488 143.01007941895912 6335.9500000000007 151.13385000000002 152.55047500000003 0.002786147346504043 76.670308322947776 0.044499999999999325 0.043867139512931398 9302.6750000000011 33.882257609694705 0.076271234639188015 1.0830140759051041 6753.4250000000011
decision_type=2 2 2 2 2 2 2 2 2 2 2 2 2 2
left_child=1 7 4 5 12 -4 -6 -1 9 -3 -10 -9 -2 -5
right_child=2 8 3 13 6 -7 -8 11 10 -11 -12 -13 -14 -15
leaf_value=0 3.4803934270442796e-06 3.4784649585355957e-07 -1.8658486907041148e-05 0 -6.7829111431766345e-06 0 0 1.5646426977102257e-05 -6.334843103251452e-06 1.6547535995964724e-05 0 0 0 2.3012067061068363e-06
leaf_weight=260 706 7222 249 31 738 38 351 205 490 97 352 51 530 69
leaf_count=260 706 7222 249 31 738 38 351 205 490 97 352 51 530 69
internal_value=0 7.12635e-07 -2.21849e-06 -8.98546e-06 -6.60409e-07 -1.5193e-05 -4.19847e-06 6.98503e-06 1.93116e-07 7.00281e-07 -3.02622e-06 1.24132e-05 1.64857e-06 0
internal_weight=0 8677 2712 387 2325 287 1089 516 8161 7319 842 256 1236 100
internal_count=11389 8677 2712 387 2325 287 1089 516 8161 7319 842 256 1236 100
is_linear=0
shrinkage=0.01


Tree=48
num_leaves=15
num_cat=0
split_feature=47 7 4 8 51 39 31 51 43 3 27 51 40 31
split_gain=0.000177907 0.000260946 0.000296319 0.000257374 0.000386618 0.000233198 0.000244786 0.000216735 0.000176626 0.000173781 0.000120876 9.6083e-05 8.99367e-05 8.54336e-06
threshold=42.87714304795545 0.0014128759840445024 0.58892857142857191 6335.9500000000007 149.76963000000003 0.00081823162500739273 0.0015793541690491051 153.03120000000001 69.085400142147719 0.090373333627723471 0.073328667737154463 155.94923000000003 1.1028929872740794 0.0022823550629254806
decision_type=2 2 2 2 2 2 2 2 2 2 2 2 2 2
left_child=1 5 9 7 10 11 -7 12 -9 -3 -5 -1 -2 -6
right_child=3 2 -4 4 13 6 -8 8 -10 -11 -12 -13 -14 -15
leaf_value=2.5630582234888098e-06 3.6577602927297531e-06 1.3466636100746503e-05 -7.7663201078608183e-06 -1.7513775406889278e-05 0 -4.2563487960237751e-06 1.8435952743917974e-06 -6.6665494820386613e-06 0 0 0 0 0 4.0339898284790765e-06
leaf_weight=3665 1055 427 42 281 75 1738 787 774 521 125 48 1281 554 52
leaf_count=3665 1055 427 42 281 75 1738 787 774 521 125 48 1281 554 52
internal_value=0 9.8537e-07 7.45953e-06 -1.73117e-06 -8.83036e-06 3.3632e-07 -1.95915e-06 -2.70799e-07 -3.59664e-06 1.04339e-05 -1.50121e-05 1.71043e-06 1.78498e-06 0
internal_weight=0 8065 594 3360 456 7471 2525 2904 1295 552 329 4946 1609 127
internal_count=11425 8065 594 3360 456 7471 2525 2904 1295 552 329 4946 1609 127
is_linear=0
shrinkage=0.01


Tree=49
num_leaves=16
num_cat=0
split_feature=8 0 39 1 32 52 7 44 3 40 1 3 1 39 3
split_gain=0.000190235 0.000249075 0.000324089 0.000179327 0.000289803 0.000665997 0.000214742 0.00016485 0.000124551 0.000122735 9.50156e-05 8.53213e-05 6.81925e-05 6.14146e-05 1.02758e-05
threshold=5769.5500000000011 147.53955704876137 0.00054172763048794981 145.34394154380863 0.3854392857142856 -0.0013967366659117608 0.0008757959406891267 70.679667596510001 0.072214444612808154 1.2285764236468224 151.11971403001186 -0.0083162138861228602 147.78535156802636 0.00041228351762360912 0.00094767565405431845
decision_type=2 2 2 2 2 2 2 2 2 2 2 2 2 2 2
left_child=1 2 13 4 11 -6 14 9 -4 -3 -8 -2 -9 -1 -5
right_child=3 7 8 6 5 -7 10 12 -10 -11 -12 -13 -14 -15 -16
leaf_value=0 -5.9963080424176862e-06 -2.1574762384850162e-06 4.5113391530350396e-06 2.6427186674232642e-06 3.7694585736301782e-05 0 -8.8693499460083023e-06 -4.7388138534597293e-06 -5.4397931720870578e-07 1.5415496480071973e-06 0 0 2.0601479370956242e-06 2.9750333711387809e-05 0
leaf_weight=31 268 4175 918 149 66 58 839 74 418 819 301 204 2977 66 94
leaf_count=31 268 4175 918 149 66 58 839 74 418 819 301 204 2977 66 94
internal_value=0 4.45107e-07 4.31331e-06 -2.94586e-06 2.2678e-07 1.49669e-05 -5.0355e-06 -1.19843e-07 2.18183e-06 -1.35053e-06 -7.04081e-06 -1.54096e-06 1.56679e-06 2.32526e-05 2.60499e-07
internal_weight=0 9478 1433 1979 596 124 1383 8045 1336 4994 1140 472 3051 97 243
internal_count=11457 9478 1433 1979 596 124 1383 8045 1336 4994 1140 472 3051 97 243
is_linear=0
shrinkage=0.01


Tree=50
num_leaves=13
num_cat=0
split_feature=7 47 3 4 39 47 32 0 7 0 0 23
split_gain=0.00023167 0.00039629 0.000555025 0.000506718 0.000317633 0.000243658 0.000197695 0.000378361 0.000164574 0.00022019 0.000182637 0.000111757
threshold=0.0014128759840445024 27.290193777203463 0.11034906256816791 0.35410714285714368 0.0016691319254902573 41.581864314746717 0.33269642857142961 143.01007941895912 0.00068318526475452137 147.60269183754863 144.57163629171845 0.001815078644070127
decision_type=2 2 2 2 2 2 2 2 2 2 2 2
left_child=4 2 3 -2 8 -6 11 -8 9 -1 -10 -3
right_child=1 6 -4 -5 5 -7 7 -9 10 -11 -12 -13
leaf_value=7.844704140249329e-06 0 8.9614201760969012e-06 0 3.8310840869622952e-05 0 -3.8828491563636612e-05 1.4347710093428002e-05 -1.0338015293775085e-05 1.8646492640469215e-06 8.0151794653364048e-08 -2.6361499813460104e-06 0
leaf_weight=424 90 300 51 113 56 38 50 320 895 4983 4020 107
leaf_count=424 90 300 51 113 56 38 50 320 895 4983 4020 107
internal_value=0 4.48869e-06 1.5407e-05 2.38664e-05 -4.78407e-07 -1.88783e-05 0 -4.28819e-06 -2.13062e-07 8.74621e-07 -1.61303e-06 5.63872e-06
internal_weight=0 1031 254 203 10416 94 777 370 10322 5407 4915 407
internal_count=11447 1031 254 203 10416 94 777 370 10322 5407 4915 407
is_linear=0
shrinkage=0.01


Tree=51
num_leaves=15
num_cat=0
split_feature=7 47 1 1 7 32 1 1 32 3 20 1 1 2
split_gain=0.000197257 0.000405254 0.000814534 0.000962661 0.000276283 0.000198303 0.000176276 0.000221472 0.000175197 0.000135079 0.000132264 0.000131481 0.000128661 6.80436e-05
threshold=0.0014128759840445024 22.702537769828684 146.07695239775515 144.6696516883641 0.00068318526475452137 0.30721607142857077 147.39381557731082 144.00384214770972 0.61033928571428797 0.26932646040882152 -0.00011383966175076975 144.45616324265495 156.27823210706018 -0.0077205261942765438
decision_type=2 2 2 2 2 2 2 2 2 2 2 2 2 2
left_child=4 2 3 -2 6 9 7 -1 -7 -3 -8 13 -13 -6
right_child=1 5 -4 -5 11 8 10 -9 -10 -11 -12 12 -14 -15
leaf_value=0 0 9.8938777945543898e-06 0 7.5462155448025969e-05 -4.4323431730276131e-07 -5.9088060884487692e-06 -1.5969888194399478e-06 1.214217875417341e-05 9.8589908693709282e-06 0 1.6839683318829157e-06 -3.709004467194354e-06 7.1720975040566101e-08 4.2100258451637738e-06
leaf_weight=100 39 307 92 41 467 466 1782 306 46 72 3244 3567 538 391
leaf_count=100 39 307 92 41 467 466 1782 306 46 72 3244 3567 538 391
internal_value=0 4.12868e-06 1.84318e-05 4.17114e-05 -3.9198e-07 2.37091e-07 1.04508e-06 7.52868e-06 -2.53271e-06 6.61234e-06 3.21696e-07 -2.16626e-06 -2.96998e-06 5.13702e-07
internal_weight=0 1063 172 80 10395 891 5432 406 512 379 5026 4963 4105 858
internal_count=11458 1063 172 80 10395 891 5432 406 512 379 5026 4963 4105 858
is_linear=0
shrinkage=0.01


Tree=52
num_leaves=14
num_cat=0
split_feature=35 1 32 48 0 7 3 8 1 7 8 1 0
split_gain=0.000202865 0.000247284 0.000270316 0.000412031 0.000169397 0.000153851 0.000323709 0.000285503 0.000115964 7.84202e-05 6.69778e-05 7.52697e-05 4.32641e-05
threshold=0.28249999999999892 143.77399154581533 0.30721607142857077 1.0000000180025095e-35 157.22577352751713 0.0014128759840445024 0.25710501202158303 6387.2000000000016 153.78388702020047 0.00094971518870355664 3042.5750000000003 158.50817120706958 142.92683193986343
decision_type=2 2 2 2 2 2 2 2 2 2 2 2 2
left_child=4 9 8 -4 5 7 -7 -1 -3 -2 11 -6 -11
right_child=1 2 3 -5 10 6 -8 -9 -10 12 -12 -13 -14
leaf_value=1.2758573825371878e-06 0 0 0 -2.0109936734433992e-05 -7.133139162724014e-06 1.1962737052462815e-05 0 -7.1043070669999621e-06 -5.7125767466237537e-06 1.282977177718577e-05 0 0 0
leaf_weight=7035 104 1076 50 241 443 393 192 407 553 108 476 304 54
leaf_count=7035 104 1076 50 241 443 393 192 407 553 108 476 304 54
internal_value=0 -2.77678e-06 -4.32333e-06 -1.39174e-05 6.08694e-07 1.22396e-06 6.39462e-06 6.8274e-07 -1.99205e-06 4.6211e-06 -2.61104e-06 -4.48544e-06 9.12579e-06
internal_weight=0 2186 1920 291 9250 8027 585 7442 1629 266 1223 747 162
internal_count=11436 2186 1920 291 9250 8027 585 7442 1629 266 1223 747 162
is_linear=0
shrinkage=0.01


Tree=53
num_leaves=15
num_cat=0
split_feature=47 7 52 51 32 0 0 6 20 7 44 0 32 32
split_gain=0.000148936 0.000309091 0.000470041 0.000400893 0.000250903 0.000129124 0.000239286 9.63057e-05 8.29745e-05 0.000110035 6.26385e-05 5.93667e-05 6.40637e-05 5.05351e-05
threshold=42.87714304795545 0.001563922340877269 0.0012876964095430716 153.10192000000001 0.20239285714285848 147.53955704876137 143.87040818301077 -0.075500000000005216 -0.0041719301139220835 0.00068318526475452137 16.492023031984093 141.68924019060958 0.55106071428571524 0.41522857142857222
decision_type=2 2 2 2 2 2 2 2 2 2 2 2 2 2
left_child=1 8 3 -3 5 6 -2 -7 10 -10 -1 -6 -13 -4
right_child=4 2 13 -5 11 7 -8 -9 9 -11 -12 12 -14 -15
leaf_value=0 0 2.4904646547845512e-05 0 0 0 -3.5163107737033191e-06 1.5208955911054309e-05 6.8785607180324601e-07 1.0380764788375071e-06 -1.4489651931500822e-06 7.1520296561529321e-06 -6.6102907281678805e-06 0 -8.6525631600158736e-06
leaf_weight=244 125 198 116 71 42 791 156 1024 3975 3200 291 1072 42 67
leaf_count=244 125 198 116 71 42 791 156 1024 3975 3200 291 1072 42 67
internal_value=0 8.18223e-07 8.92256e-06 1.75523e-05 -1.70279e-06 0 6.60259e-06 -5.94024e-07 2.12864e-07 0 4.01836e-06 -5.46346e-06 -6.02504e-06 0
internal_weight=0 8162 452 269 3252 2096 281 1815 7710 7175 535 1156 1114 183
internal_count=11414 8162 452 269 3252 2096 281 1815 7710 7175 535 1156 1114 183
is_linear=0
shrinkage=0.01


Tree=54
num_leaves=14
num_cat=0
split_feature=0 39 32 0 52 32 0 3 23 3 3 20 3
split_gain=0.000232737 0.0004467 0.00041134 0.000288767 0.000272412 0.000194112 0.000493905 0.000259026 0.000135739 0.000194405 0.000120378 6.86099e-05 4.7614e-05
threshold=144.89289161694091 0.0020120109874890006 0.39941785714285877 156.09115646220582 -0.00082235907085125698 0.1761874999999988 147.37280216966985 0.012516570908459751 -3.7366887686743299e-05 0.096898643875083373 0.42986767139202903 -0.0095561303850263939 -0.071293216113227351
decision_type=2 2 2 2 2 2 2 2 2 2 2 2 2
left_child=2 5 8 10 11 6 -2 -7 12 -10 -3 -4 -1
right_child=1 3 4 -5 -6 7 -8 -9 9 -11 -12 -13 -14
leaf_value=0 1.4955837367653527e-05 -2.5324610592056574e-05 0 0 0 0 1.4342464973720147e-07 -5.2728657168219791e-06 1.0064828976142805e-05 0 0 5.115301273418853e-05 -4.2841075771319195e-06
leaf_weight=416 242 137 30 51 38 2324 5733 1454 353 302 31 35 266
leaf_count=416 242 137 30 51 38 2324 5733 1454 353 302 31 35 266
internal_value=0 -5.19764e-07 3.77973e-06 -1.46748e-05 2.38328e-05 -9.86549e-08 9.1191e-07 -1.96145e-06 1.47889e-06 4.99723e-06 -2.1258e-05 3.62412e-05 -4.36151e-07
internal_weight=0 9972 1440 219 103 9753 5975 3778 1337 655 168 65 682
internal_count=11412 9972 1440 219 103 9753 5975 3778 1337 655 168 65 682
is_linear=0
shrinkage=0.01


Tree=55
num_leaves=13
num_cat=0
split_feature=1 47 32 32 51 1 39 1 51 47 3 35
split_gain=0.000190339 0.000379943 0.000535159 0.000372211 0.000589718 0.000559191 0.000324622 0.000179076 0.000157966 0.000148773 0.000125163 0.000121605
threshold=146.55685633530865 24.36913022902139 0.3854392857142856 0.2015892857142832 144.86461000000006 144.6696516883641 0.0018975574861617031 156.27823210706018 161.58409000000003 15.677788498062736 0.35880655655162058 0.1674999999999898
decision_type=2 2 2 2 2 2 2 2 2 2 2 2
left_child=1 2 9 4 -3 -5 8 10 11 -1 -8 -2
right_child=6 3 -4 5 -6 -7 7 -9 -10 -11 -12 -13
leaf_value=0 4.1339580459169397e-07 0 4.49631218193879e-05 8.4976795872669743e-07 2.8364805063018709e-05 -1.3883571136617535e-05 -2.9483506282916282e-05 0 -1.9785524254856521e-05 8.5637494025575697e-06 0 -2.212661479200968e-06
leaf_weight=125 6891 372 48 611 105 346 76 58 42 310 46 2274
leaf_count=125 6891 372 48 611 105 346 76 58 42 310 46 2274
internal_value=0 2.74377e-06 1.04134e-05 0 7.36618e-06 -3.4371e-06 -7.00556e-07 -1.41374e-05 -3.285e-07 4.25751e-06 -2.09924e-05 -1.29156e-07
internal_weight=0 1917 483 1434 477 957 9387 180 9207 435 122 9165
internal_count=11304 1917 483 1434 477 957 9387 180 9207 435 122 9165
is_linear=0
shrinkage=0.01


Tree=56
num_leaves=15
num_cat=0
split_feature=0 31 35 32 9 0 7 19 39 49 36 2 31 23
split_gain=0.000135781 0.000294745 0.000292227 0.000294652 0.000282562 0.000188388 0.000181978 0.000148878 0.000114149 9.62068e-05 6.243e-05 2.11963e-05 2.34855e-05 1.49217e-05
threshold=143.01007941895912 0.0015034441596162536 0.20100000000000764 0.30721607142857077 0.22249999999999662 157.26149204585892 0.0014128759840445024 0.0065103357216557143 0.0010915929113417184 151.99190000000002 0.69088711517594303 -0.00099375268862900135 0.0012614161519548977 0.00062460507344752766
decision_type=2 2 2 2 2 2 2 2 2 2 2 2 2 2
left_child=1 11 5 9 -5 6 -2 8 -3 -4 -7 12 -1 -13
right_child=2 7 3 4 -6 10 -8 -9 -10 -11 -12 13 -14 -15
leaf_value=-6.6679943402819635e-06 6.8958890801703577e-07 0 0 0 -1.8128465264379317e-05 0 7.5038360196455504e-06 0 1.9358039517864418e-05 -3.7042414300440582e-06 -4.448546557264016e-06 4.5683197344883693e-06 0 0
leaf_weight=100 6602 162 1229 84 243 271 476 32 183 1039 817 71 98 44
leaf_count=100 6602 162 1229 84 243 271 476 32 183 1039 817 71 98 44
internal_value=0 4.33679e-06 -2.34422e-07 -3.22205e-06 -1.25726e-05 5.92676e-07 1.28962e-06 1.06056e-05 1.28836e-05 -1.4306e-06 -3.02113e-06 -2.89307e-08 -3.26796e-06 0
internal_weight=0 690 10761 2595 327 8166 7078 377 345 2268 1088 313 198 115
internal_count=11451 690 10761 2595 327 8166 7078 377 345 2268 1088 313 198 115
is_linear=0
shrinkage=0.01


Tree=57
num_leaves=7
num_cat=0
split_feature=32 3 8 1 39 8
split_gain=0.00013421 0.000313055 0.000351065 0.000140632 0.000197751 0.000120739
threshold=0.61033928571428797 -0.44637266051248947 7164.5500000000002 157.07554770693767 0.00062407067204704833 3042.5750000000003
decision_type=2 2 2 2 2 2
left_child=1 2 -1 4 -3 -5
right_child=-2 3 -4 5 -6 -7
leaf_value=0 1.7598926528603179e-05 2.6568571559119703e-06 -2.9009405105240544e-05 -5.0900282610961945e-06 -2.1368098537004552e-07 0
leaf_weight=48 43 3424 78 841 6303 620
leaf_count=48 43 3424 78 841 6303 620
internal_value=0 0 -1.56429e-05 1.77045e-07 6.9406e-07 -2.57995e-06
internal_weight=0 11314 126 11188 9727 1461
internal_count=11357 11314 126 11188 9727 1461
is_linear=0
shrinkage=0.01


Tree=58
num_leaves=16
num_cat=0
split_feature=39 49 31 49 8 51 23 23 52 49 47 31 32 51 39
split_gain=0.000150436 0.00026936 0.000433684 0.000260952 0.000254315 0.000249862 0.000222125 0.000177621 0.000164149 8.86744e-05 7.10007e-05 0.000144604 0.000106123 6.33607e-05 8.60019e-10
threshold=0.00081248684035769225 145.03000000000006 0.0015793541690491051 147.38310000000001 5235.3500000000013 149.60654000000002 0.00047670116385108103 -0.002505291489957808 0.008290671868760353 149.94560000000004 47.298190640322943 0.0011871795749401769 0.12489464285714375 143.68193000000005 0.00075651277956845936
decision_type=2 2 2 2 2 2 2 2 2 2 2 2 2 2 2
left_child=3 2 13 4 6 7 -1 -3 -4 -7 12 -12 -5 -2 -6
right_child=1 5 8 10 14 9 -8 -9 -10 -11 11 -13 -14 -15 -16
leaf_value=1.640074650822195e-05 -5.1743709906805664e-06 -2.4611067510164914e-05 1.0517351501039231e-05 -2.1299358963814843e-07 -2.8687705681742303e-08 4.8467468581507118e-06 0 -4.3928892474572889e-06 0 -1.3698554552057455e-06 0 -7.9597485914426806e-06 2.4117180777444657e-06 0 0
leaf_weight=299 384 77 567 2387 104 225 144 1211 45 2004 1021 277 2566 170 35
leaf_count=299 384 77 567 2387 104 225 144 1211 45 2004 1021 277 2566 170 35
internal_value=0 -1.2886e-06 2.44073e-06 1.03121e-06 7.51728e-06 -2.80946e-06 1.14701e-05 -6.38676e-06 8.69989e-06 -2.92861e-07 2.66806e-07 -1.55041e-06 9.45019e-07 -2.67189e-06 0
internal_weight=0 4683 1166 6833 582 3517 443 1288 612 2229 6251 1298 4953 554 139
internal_count=11516 4683 1166 6833 582 3517 443 1288 612 2229 6251 1298 4953 554 139
is_linear=0
shrinkage=0.01


Tree=59
num_leaves=15
num_cat=0
split_feature=35 40 47 49 7 2 8 49 49 32 8 35 6 17
split_gain=0.000150774 0.00023518 0.000167431 0.000125929 0.000163808 0.000312996 0.000290494 0.000106817 9.70747e-05 0.000260032 9.19864e-05 8.49252e-05 6.96198e-05 5.01081e-06
threshold=0.27100000000000085 0.91809713101810064 22.870194565414916 157.07172500000004 0.0014372197818425388 0.13965473652116603 5647.0250000000005 156.14537500000003 143.56305 0.33269642857142961 3056.1750000000006 -0.0019999999999953384 -0.50149999999999284 0.00036566996501663512
decision_type=2 2 2 2 2 2 2 2 2 2 2 2 2 2
left_child=3 2 -2 4 6 -6 -1 -4 12 -10 11 -5 -3 -12
right_child=1 8 7 10 5 -7 -8 -9 9 -11 13 -13 -14 -15
leaf_value=1.4178256879450917e-06 0 1.0989563947302183e-05 -1.2470648195207554e-05 -6.5887149294599596e-06 1.4280920878180726e-05 0 -4.5495834505314991e-06 0 0 -1.3022954262872484e-05 1.213096964500533e-06 0 0 0
leaf_weight=6294 69 112 409 540 268 267 892 49 1354 171 340 299 96 181
leaf_count=6294 69 112 409 540 268 267 892 49 1354 171 340 299 96 181
internal_value=0 -2.37414e-06 -8.29085e-06 5.07179e-07 1.08896e-06 6.61881e-06 5.37675e-07 -1.07517e-05 0 -1.42156e-06 -2.05985e-06 -4.22297e-06 5.63677e-06 0
internal_weight=0 2260 527 9081 7721 535 7186 458 1733 1525 1360 839 208 521
internal_count=11341 2260 527 9081 7721 535 7186 458 1733 1525 1360 839 208 521
is_linear=0
shrinkage=0.01


Tree=60
num_leaves=15
num_cat=0
split_feature=47 4 2 4 39 31 30 4 51 51 40 1 35 47
split_gain=0.000142117 0.000348996 0.000408936 0.000342094 0.000209569 0.000259195 0.000169059 0.000118361 0.00012896 0.00011027 0.000156007 0.000105254 0.000100622 1.77496e-05
threshold=46.225689012540592 0.32685714285714346 0.072277441151001667 0.23671428571429032 0.00081248684035769225 0.0015793541690491051 -0.071969904847386898 0.69357142857142928 157.46087000000003 153.03120000000001 1.0973460470249174 149.62931916622284 0.089999999999989214 26.18781956359685
decision_type=2 2 2 2 2 2 2 2 2 2 2 2 2 2
left_child=1 4 6 9 11 -6 -3 8 -5 10 -2 -1 -11 -4
right_child=3 2 13 7 5 -7 -8 -9 -10 12 -12 -13 -14 -15
leaf_value=3.6889117870133429e-06 5.0325271071321633e-06 0 -5.2458351819104574e-06 -1.0265774710890078e-05 -4.2200531357143592e-06 1.6004721677643821e-06 1.816194954341307e-05 0 0 0 -1.5001229682781742e-06 1.5698421122520398e-07 -7.191070648025604e-06 0
leaf_weight=1410 793 70 64 664 2006 928 290 33 37 507 353 3886 305 83
leaf_count=1410 793 70 64 664 2006 928 290 33 37 507 353 3886 305 83
internal_value=0 5.9796e-07 8.65585e-06 -2.02927e-06 0 -2.03834e-06 1.47956e-05 -7.85306e-06 -9.02464e-06 0 2.14829e-06 1.28638e-06 -2.65694e-06 0
internal_weight=0 8737 507 2692 8230 2934 360 734 701 1958 1146 5296 812 147
internal_count=11429 8737 507 2692 8230 2934 360 734 701 1958 1146 5296 812 147
is_linear=0
shrinkage=0.01


Tree=61
num_leaves=12
num_cat=0
split_feature=3 7 3 30 49 8 8 51 51 31 49
split_gain=0.000141673 0.000212195 0.000448557 0.000384134 0.000175887 0.000228539 0.000157922 0.000266899 0.000107984 7.50466e-05 5.07078e-05
threshold=-0.4060650409295945 0.0014128759840445024 0.072214444612808154 0.053034759635390706 143.73357500000003 7242.3500000000013 4755.4000000000005 155.94923000000003 140.83195000000003 0.0021301107803381463 147.99230000000003
decision_type=2 2 2 2 2 2 2 2 2 2 2
left_child=4 6 3 -3 -1 -6 7 -2 -8 -4 -7
right_child=1 2 9 -5 5 10 8 -9 -10 -11 -12
leaf_value=0 1.9774990579331135e-06 1.5779360678794729e-05 0 0 0 -3.0847829132202665e-05 9.0042215395155115e-06 -2.1372437044661919e-06 -2.6177870000751848e-06 -7.0552457431942054e-06 0
leaf_weight=32 5362 419 137 141 63 61 47 2054 2783 177 30
leaf_count=32 5362 419 137 141 63 61 47 2054 2783 177 30
internal_value=0 3.40942e-07 5.07374e-06 1.08544e-05 -8.35194e-06 -1.40729e-05 0 7.02942e-07 -2.06992e-06 -2.05695e-06 -2.41697e-05
internal_weight=0 11120 874 560 186 154 10246 7416 2830 314 91
internal_count=11306 11120 874 560 186 154 10246 7416 2830 314 91
is_linear=0
shrinkage=0.01


Tree=62
num_leaves=15
num_cat=0
split_feature=47 32 4 44 31 8 49 39 0 44 40 39 0 7
split_gain=0.000195995 0.000354674 0.000314109 0.000363696 0.00024988 0.000299072 0.000291301 0.000259126 0.000169062 0.00014266 0.000106379 9.46085e-05 5.61254e-05 4.98049e-05
threshold=42.87714304795545 0.31124821428571231 0.69357142857142928 61.899055358377446 0.0015793541690491051 5021.7750000000005 146.32367500000001 0.00081823162500739273 155.7900421205033 67.104895806510982 1.1076135451941018 0.00092936098989676813 152.30294623078012 0.0010136114031852243
decision_type=2 2 2 2 2 2 2 2 2 2 2 2 2 2
left_child=4 10 3 -3 7 13 -7 8 -1 -9 12 -12 -2 -6
right_child=1 2 -4 -5 5 6 -8 9 -10 -11 11 -13 -14 -15
leaf_value=2.5333434892143214e-06 2.1756726357683691e-06 -2.9399557402994039e-05 0 0 0 7.1993958996890508e-06 -2.164188869854329e-06 -5.4661214907035488e-06 -1.2312503989987084e-06 0 -4.9721554039981891e-06 0 -9.4886072528865853e-07 1.7283604832911928e-05
leaf_weight=3435 1065 133 32 97 93 542 637 1100 1421 709 870 290 810 213
leaf_count=3435 1065 133 32 97 93 542 637 1100 1421 709 870 290 810 213
internal_value=0 -2.04005e-06 -1.34672e-05 -1.85153e-05 8.49076e-07 4.55816e-06 1.29377e-06 0 1.2258e-06 -3.20742e-06 -7.22101e-07 -3.22367e-06 2.9279e-07 1.38504e-05
internal_weight=0 3297 262 230 8150 1485 1179 6665 4856 1809 3035 1160 1875 306
internal_count=11447 3297 262 230 8150 1485 1179 6665 4856 1809 3035 1160 1875 306
is_linear=0
shrinkage=0.01


Tree=63
num_leaves=15
num_cat=0
split_feature=35 40 4 3 44 49 32 3 49 49 51 8 8 28
split_gain=0.000185872 0.000253468 0.000186179 0.000447814 0.000186977 0.000181301 0.000174807 0.000179329 0.000103506 9.24109e-05 5.67162e-05 7.79987e-05 6.49759e-05 2.54735e-06
threshold=0.28249999999999892 0.90343855469726131 0.34178571428571408 0.085407216680901371 21.361590750479753 145.34730000000002 0.20023571428571421 0.076271234639188015 155.95577500000002 155.83102500000004 153.62025000000003 5709.3500000000013 6288.0000000000009 -0.0055911955150270759
decision_type=2 2 2 2 2 2 2 2 2 2 2 2 2 2
left_child=2 5 6 4 -4 -2 8 -8 -1 -7 11 -3 -12 -5
right_child=1 10 3 13 -6 9 7 -9 -10 -11 12 -13 -14 -15
leaf_value=1.9827432168710799e-06 0 3.5248545018179525e-06 0 0 2.3559356332140666e-05 -1.5170845605571044e-05 0 -5.7333509895060844e-06 -4.8295608808109105e-07 0 -4.9392913885052102e-06 -1.0860309010859019e-06 0 -2.2917820171323431e-06
leaf_weight=4928 131 598 46 97 154 290 1331 813 1741 50 489 526 82 48
leaf_count=4928 131 598 46 97 154 290 1331 813 1741 50 489 526 82 48
internal_value=0 -2.55762e-06 6.94322e-07 8.02944e-06 1.82879e-05 -9.15157e-06 2.93275e-07 -2.02663e-06 1.18913e-06 -1.30084e-05 -1.33371e-07 4.78284e-07 -3.08655e-06 0
internal_weight=0 2166 9158 345 200 471 8813 2144 6669 340 1695 1124 571 145
internal_count=11324 2166 9158 345 200 471 8813 2144 6669 340 1695 1124 571 145
is_linear=0
shrinkage=0.01


Tree=64
num_leaves=16
num_cat=0
split_feature=32 47 1 32 0 1 0 1 26 31 35 49 32 39 6
split_gain=0.000156933 0.000344467 0.000419628 0.000811255 0.000234927 0.000433053 0.000173985 0.000181474 0.000128978 0.000120555 0.000114064 0.000114385 9.14802e-05 5.41106e-05 2.48436e-05
threshold=0.21528035714285618 23.916283439928176 146.55685633530865 0.3854392857142856 142.92683193986343 149.59659364265465 147.37280216966985 145.34394154380863 0.0021137953803384113 0.0015034441596162536 0.12749999999999775 155.95577500000002 0.19735535714285465 0.0013911654142043778 -0.0030000000000001133
decision_type=2 2 2 2 2 2 2 2 2 2 2 2 2 2 2
left_child=6 2 3 -2 9 -6 7 14 -9 -3 11 -8 -12 -4 -1
right_child=1 4 13 -5 5 -7 10 8 -10 -11 12 -13 -14 -15 -16
leaf_value=-3.7803417956812583e-07 0 -3.7906608715848651e-08 0 5.1434188842775797e-05 -1.0407878510958354e-05 -2.8834795829105187e-07 1.7938200463291385e-06 1.2337351189702601e-05 0 8.1801734770142016e-06 -3.4326770461402455e-06 -1.174835338001844e-06 7.9055655423255867e-07 -7.6074275663089066e-06 2.6427579144795239e-06
leaf_weight=352 181 66 399 49 963 1146 3815 337 69 205 1475 1560 280 93 348
leaf_count=352 181 66 399 49 963 1146 3815 337 69 205 1475 1560 280 93 348
internal_value=0 -2.02953e-06 3.29891e-06 1.47025e-05 -4.0664e-06 -5.38449e-06 5.96155e-07 4.28595e-06 9.72856e-06 2.4991e-06 0 7.46161e-07 -2.18921e-06 -1.109e-08 0
internal_weight=0 3102 722 230 2380 2109 8236 1106 406 271 7130 5375 1755 492 700
internal_count=11338 3102 722 230 2380 2109 8236 1106 406 271 7130 5375 1755 492 700
is_linear=0
shrinkage=0.01


Tree=65
num_leaves=15
num_cat=0
split_feature=32 49 31 2 47 1 51 49 1 25 51 35 6 40
split_gain=0.000140314 0.00028524 0.000249093 0.000288164 0.000243884 0.000582368 0.000386331 0.000193122 0.000246459 0.00019732 0.000141365 0.000139076 2.6849e-05 9.90586e-06
threshold=0.20023571428571421 143.63775000000001 0.0015504700238213487 0.30109317670422803 24.683941179957205 146.55685633530865 149.63972000000004 147.38310000000001 144.78059668688539 0.0014302252988789264 161.58409000000003 0.27100000000000085 -0.015000000000000567 0.96571561041725118
decision_type=2 2 2 2 2 2 2 2 2 2 2 2 2 2
left_child=7 2 13 -4 5 -3 -6 8 12 -10 11 -9 -1 -2
right_child=1 4 3 -5 6 -7 -8 10 9 -11 -12 -13 -14 -15
leaf_value=-1.4602986590890146e-06 -2.9809121258178585e-06 2.1154465798415062e-05 1.3058632330165333e-05 -2.1645623320099799e-06 -9.51155822748026e-06 -1.5777578821246312e-06 -4.4861697899473908e-07 9.0044874068049566e-07 1.4936916551452403e-05 0 -1.884500376423579e-05 -3.650308324309456e-06 2.7344453632912899e-06 0
leaf_weight=261 154 127 368 38 1004 674 1371 5966 304 73 38 715 284 57
leaf_count=261 154 127 368 38 1004 674 1371 5966 304 73 38 715 284 57
internal_value=0 -1.60596e-06 3.95859e-06 9.17287e-06 -3.00225e-06 7.89765e-07 -4.70202e-06 7.45552e-07 5.05359e-06 1.13003e-05 5.23836e-09 2.63523e-07 0 -1.34441e-06
internal_weight=0 3793 617 406 3176 801 2375 7641 922 377 6719 6681 545 211
internal_count=11434 3793 617 406 3176 801 2375 7641 922 377 6719 6681 545 211
is_linear=0
shrinkage=0.01


Tree=66
num_leaves=15
num_cat=0
split_feature=7 32 50 20 3 1 3 20 9 51 31 32 35 1
split_gain=0.000192699 0.000228021 0.000222664 0.000267353 0.00019535 0.000139319 0.000199387 0.000153331 9.52214e-05 7.45882e-05 4.22703e-05 6.95249e-05 2.30648e-05 7.44576e-06
threshold=0.0014128759840445024 0.25875357142857042 2.6318359203925919e-05 -0.0095561303850263939 0.21927622252343612 149.62931916622284 0.076271234639188015 -0.00011383966175076975 0.1254999999999882 142.67777000000004 0.0030613790726679141 0.55106071428571524 -0.56350000000000466 152.99707672289654
decision_type=2 2 2 2 2 2 2 2 2 2 2 2 2 2
left_child=1 5 3 13 -5 6 -1 -7 -3 -10 12 -12 -4 -2
right_child=2 8 10 4 -6 7 -8 -9 9 -11 11 -13 -14 -15
leaf_value=3.4770674132702043e-06 -2.3216784767531952e-06 0 0 1.6628627809189524e-05 0 -2.5496797421134536e-06 -1.5362579540113983e-06 4.253031440306744e-07 0 -8.5009768999098004e-06 -1.3413799040414938e-05 0 3.0777603709353099e-06 1.1729888013573447e-06
leaf_weight=2394 125 155 121 315 34 2706 863 3693 48 558 60 36 274 49
leaf_count=2394 125 155 121 315 34 2706 863 3693 48 558 60 36 274 49
internal_value=0 -2.44783e-07 4.29362e-06 8.84645e-06 1.39182e-05 6.93241e-08 1.84168e-06 -6.76592e-07 -5.54098e-06 -7.3654e-06 0 -6.38431e-06 8.6182e-07 0
internal_weight=0 10417 1014 523 349 9656 3257 6399 761 606 491 96 395 174
internal_count=11431 10417 1014 523 349 9656 3257 6399 761 606 491 96 395 174
is_linear=0
shrinkage=0.01


Tree=67
num_leaves=16
num_cat=0
split_feature=3 7 3 35 7 23 51 54 51 51 34 0 7 28 50
split_gain=0.000121805 0.000346356 0.00045987 0.000252914 0.000211712 0.000157784 0.000179253 0.00012684 0.000112153 7.90605e-05 5.2165e-05 4.9497e-05 3.23565e-05 1.5461e-05 7.68969e-09
threshold=0.087096151658843407 0.0015353129888104201 -0.30365575547836265 0.79950000000000909 0.00067097542268975167 3.3962535286805039e-05 142.91463000000002 1.5000000000000002 153.30813000000003 156.83175000000003 2.4387502880297114 143.34086589734756 0.00045549905300582417 0.0060631780693494149 0.0015188884030480296
decision_type=2 2 2 2 2 2 2 2 2 2 2 2 2 2 2
left_child=1 5 11 -4 12 8 -7 10 -1 -9 -6 -3 14 -14 -2
right_child=4 2 3 -5 7 6 -8 9 -10 -11 -12 -13 13 -15 -16
leaf_value=0 -5.55161205977604e-08 3.530120927958733e-06 1.9706311382563438e-05 0 -1.0261429920189129e-05 1.3876627610412029e-05 9.1825371936892763e-07 0 -3.0705036814280411e-06 -1.3228992118813514e-05 0 -5.1398732242228433e-06 2.8118518359486701e-06 0 0
leaf_weight=3178 249 31 279 48 442 130 3237 948 1809 53 45 172 677 72 50
leaf_count=3178 249 31 279 48 442 130 3237 948 1809 53 45 172 677 72 50
internal_value=0 5.43725e-07 8.38092e-06 1.59435e-05 -1.94076e-06 0 1.71752e-06 -4.5006e-06 -1.08253e-06 -1.20607e-06 -9.21286e-06 0 7.40487e-07 2.2548e-06 0
internal_weight=0 8884 530 327 2536 8354 3367 1488 4987 1001 487 203 1048 749 299
internal_count=11420 8884 530 327 2536 8354 3367 1488 4987 1001 487 203 1048 749 299
is_linear=0
shrinkage=0.01


end of trees

feature_importances:
atr_ma=85
macd_signal=83
ema_fast=76
ema_slow=70
sma_50=68
volatility_ma=65
volume_ma=56
volatility=55
adx=49
momentum_convergence=38
sma_20=38
atr_normalized=32
atr=23
price_sma_50_dist=19
macd=18
volatility_ratio=17
stoch_d=17
ema_cross_pct=14
momentum_20=9
return_24=6
macd_strength=6
volume_ratio=6
atr_ratio=5
price_sma_20_dist=5
return_12=4
strong_trend=4
range=3
return_6=3
ema_cross=3
macd_hist=3
momentum_ratio=3
stoch_k=3
return_3=2
price_ema_fast_dist=2
price_ema_slow_dist=2
macd_hist_change=2
upper_shadow=1
lower_shadow=1
signal_convergence=1
market_regime=1

parameters:
[boosting: gbdt]
[objective: regression]
[metric: rmse]
[tree_learner: serial]
[device_type: cpu]
[data: ]
[valid: ]
[num_iterations: 800]
[learning_rate: 0.01]
[num_leaves: 16]
[num_threads: 8]
[deterministic: 0]
[force_col_wise: 0]
[force_row_wise: 0]
[histogram_pool_size: -1]
[max_depth: 4]
[min_data_in_leaf: 30]
[min_sum_hessian_in_leaf: 0.001]
[bagging_fraction: 0.7]
[pos_bagging_fraction: 1]
[neg_bagging_fraction: 1]
[bagging_freq: 1]
[bagging_seed: 400]
[feature_fraction: 0.7]
[feature_fraction_bynode: 1]
[feature_fraction_seed: 30056]
[extra_trees: 0]
[extra_seed: 12879]
[early_stopping_round: 0]
[first_metric_only: 0]
[max_delta_step: 0]
[lambda_l1: 0.1]
[lambda_l2: 0.5]
[linear_lambda: 0]
[min_gain_to_split: 0]
[drop_rate: 0.1]
[max_drop: 50]
[skip_drop: 0.5]
[xgboost_dart_mode: 0]
[uniform_drop: 0]
[drop_seed: 17869]
[top_rate: 0.2]
[other_rate: 0.1]
[min_data_per_group: 100]
[max_cat_threshold: 32]
[cat_l2: 10]
[cat_smooth: 10]
[max_cat_to_onehot: 4]
[top_k: 20]
[monotone_constraints: ]
[monotone_constraints_method: basic]
[monotone_penalty: 0]
[feature_contri: ]
[forcedsplits_filename: ]
[refit_decay_rate: 0.9]
[cegb_tradeoff: 1]
[cegb_penalty_split: 0]
[cegb_penalty_feature_lazy: ]
[cegb_penalty_feature_coupled: ]
[path_smooth: 0]
[interaction_constraints: ]
[verbosity: 1]
[saved_feature_importance_type: 0]
[linear_tree: 0]
[max_bin: 255]
[max_bin_by_feature: ]
[min_data_in_bin: 3]
[bin_construct_sample_cnt: 200000]
[data_random_seed: 175]
[is_enable_sparse: 1]
[enable_bundle: 1]
[use_missing: 1]
[zero_as_missing: 0]
[feature_pre_filter: 1]
[pre_partition: 0]
[two_round: 0]
[header: 0]
[label_column: ]
[weight_column: ]
[group_column: ]
[ignore_column: ]
[categorical_feature: ]
[forcedbins_filename: ]
[precise_float_parser: 0]
[parser_config_file: ]
[objective_seed: 16083]
[num_class: 1]
[is_unbalance: 0]
[scale_pos_weight: 1]
[sigmoid: 1]
[boost_from_average: 1]
[reg_sqrt: 0]
[alpha: 0.9]
[fair_c: 1]
[poisson_max_delta_step: 0.7]
[tweedie_variance_power: 1.5]
[lambdarank_truncation_level: 30]
[lambdarank_norm: 1]
[label_gain: ]
[lambdarank_position_bias_regularization: 0]
[eval_at: ]
[multi_error_top_k: 1]
[auc_mu_weights: ]
[num_machines: 1]
[local_listen_port: 12400]
[time_out: 120]
[machine_list_filename: ]
[machines: ]
[gpu_platform_id: -1]
[gpu_device_id: -1]
[gpu_use_dp: 0]
[num_gpu: 1]

end of parameters

pandas_categorical:[]
