tree
version=v4
num_class=1
num_tree_per_iteration=1
label_index=0
max_feature_idx=56
objective=regression
feature_names=rsi bb_middle bb_upper bb_lower atr momentum_10 momentum_20 volatility volume_ma range range_pct body body_pct upper_shadow lower_shadow is_bullish return_1 return_3 return_6 return_12 return_24 log_return rsi_normalized rsi_overbought rsi_oversold rsi_divergence bb_width bb_position bb_position_normalized price_bb_upper_dist price_bb_lower_dist bb_breakout_upper bb_breakout_lower atr_normalized atr_ma atr_ratio momentum_ratio momentum_convergence volume_ratio volume_spike volume_change volatility_ma volatility_ratio high_volatility low_volatility stoch_k stoch_d stoch_overbought stoch_oversold adx strong_trend sma_20 price_sma_20_dist sma_50 price_sma_50_dist signal_convergence market_regime
feature_infos=[0:99.99999802816906] [0:515.995] [0:519.35259465880495] [0:515.16754446967616] [0:4.3464285714285733] [-17.25:18.550000000000011] [-18.950000000000045:18.300000000000011] [0:0.010936378070948268] [0:1295.8499999999999] [0:28.199999999999989] [0:0.067407673001075627] [0:20.449999999999989] [0:0.04888251464085093] [0:7.4000000000000341] [0:6.1500000000000341] [0:1] [-0.046712999886065809:0.037101048507892642] [-0.043627227044312544:0.037151702786377694] [-0.038395807223424949:0.042290850426365489] [-0.040701673927998172:0.04109116022099446] [-0.04466218525692156:0.042651296829971264] [-0.047839266296518912:0.036429367612840491] [-1:0.99999996056338114] [0:1] [0:1] [-50.422589203230672:57.142847619048588] [0:0.073304577880474078] [-0.50106521650598013:1.5560963962314149] [-2.0021304330119603:2.1121927924628299] [-0.017339809312814661:0.062077626462115836] [-0.019519971936887471:0.059344195675750409] [0:1] [0:1] [0:0.010204081632653071] [0:3.6758928571428604] [0:2.8358371218692864] [-414999999.99999774:269999999.99999887] [-18.550000000000011:17.25] [0:10.328947367741517] [0:1] [-0.99641577060931896:611] [0:0.01086280726866261] [0:7.028555025285689] [0:1] [0:1] [0:99.999999918699174] [0:99.999999828387146] [0:1] [0:1] [0:96.569188193361313] [0:1] [0:515.995] [-0.038998446277040882:0.036075179657269328] [0:515.072] [-0.039361778415202678:0.038076285240464407] [0:1] [0:2]
tree_sizes=1548 1469 1411 1424 1525 1458 1431 1443 1569 1189 1497 1353 1407 1390 1330 1490 1477 1428

Tree=0
num_leaves=15
num_cat=0
split_feature=3 8 3 53 53 6 2 37 42 3 41 42 18 3
split_gain=0.00295397 0.0028362 0.00123777 0.00253928 0.00332659 0.00133857 0.00126229 0.00122571 0.00146066 0.0011329 0.00112942 0.000295 0.000485887 0.000118816
threshold=462.79983337762923 291.72500000000008 453.35315083939076 443.3875000000001 446.15550000000002 1.0249999999999775 462.58358661159605 -2.3749999999999996 0.38523409584431606 458.90183107177432 0.001641882473398871 1.281090497944301 -0.00049697470729881388 475.71430078050139
decision_type=2 2 2 2 2 2 2 2 2 2 2 2 2 2
left_child=2 7 3 5 -5 -1 9 -2 -9 -4 -8 12 -3 -13
right_child=1 11 6 4 -6 -7 10 8 -10 -11 -12 13 -14 -15
leaf_value=5.145688486683996e-05 8.8123647955156804e-06 9.057612350529095e-05 6.7813625720556053e-05 -0.00014975288530354498 8.8123647955156804e-06 4.7608139223373577e-06 -4.8903726520891803e-05 8.8123647955156804e-06 -0.00012549825188697011 0.00048617714534032654 6.8814153808073031e-05 -3.9454073068661465e-05 8.8123647955156804e-06 8.8123647955156804e-06
leaf_weight=3227 125 266 356 485 970 1932 247 80 1081 41 562 201 399 295
leaf_count=3227 125 266 356 485 970 1932 247 80 1081 41 562 201 399 295
internal_value=8.81236e-06 -3.94464e-05 2.34928e-05 1.25319e-05 -4.28579e-05 3.1063e-05 7.11543e-05 -9.09036e-05 -0.00010803 0.000149103 1.43305e-05 8.81236e-06 3.79691e-05 -9.79947e-06
internal_weight=0 2447 7820 6614 1455 5159 1206 1286 1161 397 809 1161 665 496
internal_count=10267 2447 7820 6614 1455 5159 1206 1286 1161 397 809 1161 665 496
is_linear=0
shrinkage=1


Tree=1
num_leaves=15
num_cat=0
split_feature=3 26 41 22 36 3 3 2 41 2 3 2 54 34
split_gain=0.00285281 0.00309616 0.00266693 0.00279672 0.00110986 0.000980815 0.00244376 0.00264085 0.00120173 0.00105194 0.00153204 0.00102961 0.000873064 0.000247031
threshold=462.79983337762923 0.0066432064101506942 0.0026664057287929185 -0.14530793841599524 0.17142857106122697 452.88885346581242 441.82637742281844 448.8263390228941 0.0013865172619634987 462.58358661159605 458.90183107177432 463.87718999903194 -6.476478559160657e-05 1.7778571428571472
decision_type=2 2 2 2 2 2 2 2 2 2 2 2 2 2
left_child=5 2 3 -2 13 6 8 -8 -1 10 -7 -11 -6 -3
right_child=1 4 -4 -5 12 9 7 -9 -10 11 -12 -13 -14 -15
leaf_value=-1.948799923307806e-06 0 0 1.5242424430160731e-05 -0.00024912342749195684 -7.7954071036497356e-05 4.7878246440556206e-05 -0.00013875861886791002 0 4.1997819344923802e-05 -8.8573964850081958e-05 0.00046567935807523519 4.6593688160275867e-05 0 0.00010794467766103619
leaf_weight=1786 160 413 59 426 636 391 521 864 3340 145 45 666 618 148
leaf_count=1786 160 413 59 426 636 391 521 864 3340 145 45 666 618 148
internal_value=0 -4.54903e-05 -0.000140905 -0.00018221 -3.30193e-06 1.62185e-05 5.80877e-06 -4.97954e-05 2.37606e-05 5.85309e-05 0.00012567 3.91418e-06 -3.66416e-05 4.44781e-05
internal_weight=0 2460 645 586 1815 7758 6511 1385 5126 1247 436 811 1254 561
internal_count=10218 2460 645 586 1815 7758 6511 1385 5126 1247 436 811 1254 561
is_linear=0
shrinkage=0.05


Tree=2
num_leaves=15
num_cat=0
split_feature=3 26 22 42 53 53 53 8 53 29 35 42 8 3
split_gain=0.00261312 0.00258391 0.00192447 0.0016134 0.00106837 0.00277411 0.00251548 0.00191065 0.0012731 0.00125044 0.00048803 0.000497629 0.000264891 4.56686e-05
threshold=462.79983337762923 0.0066432064101506942 -0.14530793841599524 0.46435619028129255 418.52950000000004 422.78750000000008 421.23400000000004 281.92500000000001 429.73250000000002 0.00090290726465619723 1.2726830588730189 0.70250039321304081 538.7750000000002 404.91502410600896
decision_type=2 2 2 2 2 2 2 2 2 2 2 2 2 2
left_child=4 2 -2 -4 7 6 -6 9 -7 -1 11 -3 -12 -9
right_child=1 10 3 -5 5 8 -8 13 -10 -11 12 -13 -14 -15
leaf_value=0 0 -3.5582676387668157e-05 0 -0.00023198660763482806 0 7.6837070703673259e-05 -0.00024458688682974709 -1.9433887026676992e-05 2.3107713912817435e-06 0.00012474789591339453 -5.6585911320654121e-05 3.1577709703373807e-05 0 0
leaf_weight=177 185 272 90 373 286 741 201 302 4962 786 597 917 49 410
leaf_count=177 185 272 90 373 286 741 201 302 4962 786 597 917 49 410
internal_value=0 -4.41081e-05 -0.000131705 -0.000186164 1.4708e-05 2.49999e-06 -0.000108661 5.08608e-05 1.46277e-05 9.72492e-05 -4.98532e-06 3.59629e-06 -4.39836e-05 0
internal_weight=0 2483 648 463 7865 6190 487 1675 5703 963 1835 1189 646 712
internal_count=10348 2483 648 463 7865 6190 487 1675 5703 963 1835 1189 646 712
is_linear=0
shrinkage=0.05


Tree=3
num_leaves=15
num_cat=0
split_feature=3 26 41 22 3 53 53 20 41 6 3 53 1 41
split_gain=0.00187897 0.00189708 0.00260268 0.0012207 0.000894681 0.00243733 0.00254876 0.000988052 0.00124747 0.000922451 0.000595958 0.00157036 0.000943285 7.94889e-05
threshold=462.79983337762923 0.0054771199010929311 0.0024169549679740141 -0.31428574171428558 451.75670352907247 443.3875000000001 446.15550000000002 0.010798353053156797 0.001641882473398871 0.92500000000001148 476.48281789143897 473.27250000000009 489.71125000000012 0.0035366635120404502
decision_type=2 2 2 2 2 2 2 2 2 2 2 2 2 2
left_child=4 2 3 -2 5 9 -7 8 -6 -1 11 -3 -12 -9
right_child=1 10 -4 -5 7 6 -8 13 -10 -11 12 -13 -14 -15
leaf_value=3.6315164710580414e-05 0 0 0 -0.00022980284265408237 0 -0.00014606715523676628 0 -3.2748064137971375e-05 0.00011219281406442859 -9.3252391082189945e-07 7.7483670409836467e-05 -0.00014492455354398129 -1.4060659815311335e-05 0
leaf_weight=3126 33 626 51 336 479 499 826 185 700 2011 366 269 819 32
leaf_count=3126 33 626 51 336 479 499 826 185 700 2011 366 269 819 32
internal_value=0 -3.84783e-05 -0.000139689 -0.000199566 1.12555e-05 9.8006e-07 -5.68347e-05 4.80668e-05 6.94991e-05 1.88147e-05 -1.08138e-05 -4.39611e-05 1.57122e-06 0
internal_weight=0 2500 420 369 7858 6462 1325 1396 1179 5137 2080 895 1185 217
internal_count=10358 2500 420 369 7858 6462 1325 1396 1179 5137 2080 895 1185 217
is_linear=0
shrinkage=0.05


Tree=4
num_leaves=16
num_cat=0
split_feature=2 42 54 53 3 53 53 41 41 41 34 54 42 41 52
split_gain=0.00210804 0.00213661 0.00201649 0.00212959 0.00186221 0.00256309 0.00199073 0.00152048 0.00144704 0.00096687 0.000823377 0.000781647 0.000548996 0.000436394 0.000162583
threshold=466.98489453115991 0.86435213994160476 0.0021600949985909703 479.483 451.75670352907247 443.3875000000001 446.15550000000002 0.002194149196922734 0.00097224542318476886 0.0013865172619634987 1.3383035714285778 0.0072417679450100724 1.2726912313673175 0.0016250040231108357 0.00016394815529496246
decision_type=2 2 2 2 2 2 2 2 2 2 2 2 2 2 2
left_child=4 2 3 -2 5 9 -7 8 -6 -1 13 -9 -12 -3 -4
right_child=1 10 14 -5 7 6 -8 11 -10 -11 12 -13 -14 -15 -16
leaf_value=-1.7400022658073794e-06 -0.00028831314523397079 -7.1362191386578906e-05 2.8403908285755004e-05 -1.9271806229102141e-05 0.00021614850302820047 -0.00013877733563238913 0 0.0002256938192211662 0 3.6947658687428993e-05 5.1264106320745742e-05 0 0 0 -3.0432653002336766e-05
leaf_weight=1815 231 518 114 319 83 481 824 230 680 3343 716 31 479 108 339
leaf_count=1815 231 518 114 319 83 481 824 230 680 3343 716 31 479 108 339
internal_value=0 -3.5893e-05 -9.46073e-05 -0.000159623 1.47617e-05 2.40039e-06 -5.73462e-05 7.81125e-05 1.89528e-05 2.0427e-05 0 0.000193432 2.0655e-05 -4.97236e-05 0
internal_weight=0 2824 1003 550 7487 6463 1305 1024 763 5158 1821 261 1195 626 453
internal_count=10311 2824 1003 550 7487 6463 1305 1024 763 5158 1821 261 1195 626 453
is_linear=0
shrinkage=0.05


Tree=5
num_leaves=15
num_cat=0
split_feature=3 7 22 54 2 26 41 7 34 6 49 42 19 3
split_gain=0.00201521 0.00176354 0.000942575 0.001063 0.000889824 0.00197603 0.0025914 0.000970954 0.00183031 0.00164915 0.000465826 0.000390081 0.000365756 0.000276995
threshold=462.79983337762923 0.0017376855195192027 -0.14530793841599524 0.0024447936281480134 405.64993647190209 0.007092646235503694 0.0011493350866483773 0.0012766676235491355 0.97678571428572503 0.82499999999998874 45.55675240943868 1.2643334674191335 -0.0047041780662849244 475.71430078050139
decision_type=2 2 2 2 2 2 2 2 2 2 2 2 2 2
left_child=4 2 10 -4 5 6 -1 8 -6 -9 -2 12 -3 -13
right_child=1 11 3 -5 7 -7 -8 9 -10 -11 -12 13 -14 -15
leaf_value=0 2.5990736839117547e-05 0 -0.0001799506920434129 -1.6639619007423889e-05 3.3039321161002252e-05 0 0.00034171557144352518 4.3532971996809852e-05 -5.2744906980782343e-05 -1.0048023797328329e-05 -6.8344976376786043e-05 -6.7860975397398028e-05 5.5908262807085821e-05 0
leaf_weight=38 228 98 419 449 785 183 122 2952 1650 2108 216 231 485 326
leaf_count=38 228 98 419 449 785 183 122 2952 1650 2108 216 231 485 326
internal_value=0 -4.17744e-05 -8.13677e-05 -0.000112783 9.89833e-06 9.1311e-05 0.000220621 4.16781e-06 -1.89296e-05 1.82476e-05 0 0 3.21398e-05 -2.58595e-05
internal_weight=0 2452 1312 868 7838 343 160 7495 2435 5060 444 1140 583 557
internal_count=10290 2452 1312 868 7838 343 160 7495 2435 5060 444 1140 583 557
is_linear=0
shrinkage=0.05


Tree=6
num_leaves=15
num_cat=0
split_feature=7 3 42 34 3 38 52 19 52 49 26 8 0 45
split_gain=0.00181528 0.00309841 0.00162486 0.00152101 0.00208049 0.00151267 0.00147395 0.00101681 0.000637585 0.00061303 0.000232456 0.00031847 0.000117772 1.88912e-05
threshold=0.0013888154966294967 489.14968542607841 1.155256063767294 0.99419642857142498 481.1095564230223 0.34974786628045773 0.0041470201843556856 0.00482363583303247 0.0024657828011502847 22.249095659545858 0.029442113390011411 573.07500000000016 21.951219012492 54.702240377348467
decision_type=2 2 2 2 2 2 2 2 2 2 2 2 2 2
left_child=1 3 5 8 -5 13 -7 9 -1 -3 11 -4 -12 -2
right_child=2 7 10 4 -6 6 -8 -9 -10 -11 12 -13 -14 -15
leaf_value=5.6240851953663165e-05 8.8694991392210416e-06 0 -2.9391106219089488e-06 -4.8694154688971734e-05 0.00015864981660093083 9.8026872970386557e-05 0 0 0 -0.00025663033131540489 0 7.2287935783009913e-05 -5.7321534899053147e-05 -6.7702142046673974e-07
leaf_weight=853 596 30 3062 2481 98 1346 208 33 213 219 67 147 281 694
leaf_count=853 596 30 3062 2481 98 1346 208 33 213 219 67 147 281 694
internal_value=0 -2.80102e-05 1.50866e-05 -1.12207e-05 -3.49822e-05 4.38553e-05 7.71529e-05 -0.000191645 3.21923e-05 -0.000227566 -3.70051e-06 0 -4.25249e-05 0
internal_weight=0 3927 6401 3645 2579 2844 1554 282 1066 249 3557 3209 348 1290
internal_count=10328 3927 6401 3645 2579 2844 1554 282 1066 249 3557 3209 348 1290
is_linear=0
shrinkage=0.05


Tree=7
num_leaves=15
num_cat=0
split_feature=53 53 26 51 38 52 41 38 42 3 53 30 34 8
split_gain=0.00182115 0.0029923 0.00180621 0.00234996 0.00164308 0.00111135 0.00125672 0.00225645 0.000749967 0.000745482 0.000697679 0.000243978 0.000215111 0.000156857
threshold=443.3875000000001 446.15550000000002 0.0060646674850457953 461.33375000000001 0.33277597094774736 0.0014968788607703008 0.0015351176920367514 0.34974786628045773 0.81310762386482238 440.51728978816385 468.4695000000001 0.0056662183614467265 0.85321428571429336 283.52500000000003
decision_type=2 2 2 2 2 2 2 2 2 2 2 2 2 2
left_child=5 4 3 -3 -2 6 8 -8 -1 -6 -4 12 -7 -13
right_child=1 2 10 -5 9 11 7 -9 -10 -11 -12 13 -14 -15
leaf_value=-4.6121894217445494e-05 0 0 2.8509260179932033e-05 -0.00013418360738481113 0 0 0 0.00010745987093171103 2.7159825523956772e-05 -0.00023653399289027063 -1.1853826437903434e-05 1.9535614122550029e-05 -6.9352074877735085e-05 -1.2321595711081173e-05
leaf_weight=477 164 327 1987 580 40 31 586 1178 1165 281 1750 718 248 777
leaf_count=477 164 327 1987 580 40 31 586 1178 1165 281 1750 718 248 777
internal_value=0 -2.19046e-05 -6.13839e-06 -7.09988e-05 -0.000141864 2.00947e-05 3.7631e-05 6.71922e-05 0 -0.000207804 5.5946e-06 -5.12086e-06 -4.84812e-05 0
internal_weight=0 5129 4644 907 485 5180 3406 1764 1642 321 3737 1774 279 1495
internal_count=10309 5129 4644 907 485 5180 3406 1764 1642 321 3737 1774 279 1495
is_linear=0
shrinkage=0.05


Tree=8
num_leaves=16
num_cat=0
split_feature=53 8 53 53 54 41 38 20 42 53 53 29 36 37 49
split_gain=0.00162427 0.00183734 0.00175468 0.00269575 0.00120225 0.00112205 0.00262745 0.00229001 0.000698494 0.00192073 0.000838889 0.000541529 7.83206e-05 0.000123199 9.25041e-05
threshold=468.4695000000001 291.72500000000008 479.483 490.71750000000003 0.0087445728926358237 0.0019703386659707602 0.52942143936918551 0.00011816243960771634 0.79416532502612747 404.33150000000006 415.30300000000005 0.0079961136638100044 0.57762128278445679 -6.5999999999999934 36.500024029787966
decision_type=2 2 2 2 2 2 2 2 2 2 2 2 2 2 2
left_child=5 2 4 -4 -2 8 11 -8 9 -1 -10 -7 13 -3 -14
right_child=1 12 3 -5 -6 6 7 -9 10 -11 -12 -13 14 -15 -16
leaf_value=0.00013686218999015313 -0.0002153515703692599 0 7.4792483982486532e-05 -0.00010697674443274112 0 1.0981942218226582e-05 0.00017117686414369835 2.4816906548588877e-06 -3.7395607548221764e-05 -5.2955969104998903e-05 2.0960892338362736e-05 -5.1628519667869488e-05 0 3.0815265074827603e-05 -3.4204907425317551e-05
leaf_weight=112 323 41 291 466 31 735 543 634 613 1471 3546 475 305 527 200
leaf_count=112 323 41 291 466 31 735 543 634 613 1471 3546 475 305 527 200
internal_value=0 -3.84796e-05 -8.39264e-05 -1.72933e-05 -0.000183944 1.00827e-05 3.90024e-05 9.30727e-05 0 -3.00287e-05 8.7512e-06 -1.20963e-06 0 1.84149e-05 -2.47125e-06
internal_weight=0 2184 1111 757 354 8129 2387 1177 5742 1583 4159 1210 1073 568 505
internal_count=10313 2184 1111 757 354 8129 2387 1177 5742 1583 4159 1210 1073 568 505
is_linear=0
shrinkage=0.05


Tree=9
num_leaves=13
num_cat=0
split_feature=53 34 53 53 49 42 41 35 9 37 49 49
split_gain=0.00133066 0.00206749 0.001209 0.0026189 0.00179174 0.00119865 0.000980591 0.000923023 0.000894392 0.000425597 8.10193e-05 0.000189781
threshold=491.26400000000007 1.3031250000000101 479.483 473.27250000000009 36.682914909412418 1.2643334674191335 0.0019460611832986835 1.5645377064017583 0.5500000000000399 -2.1999999999999598 38.772276447924362 69.527009899279975
decision_type=2 2 2 2 2 2 2 2 2 2 2 2
left_child=2 7 3 6 -5 8 -1 9 -4 -2 -3 -12
right_child=1 10 5 4 -6 -7 -8 -9 -10 -11 11 -13
leaf_value=-4.3407822145887896e-06 0 -1.8348759654854959e-05 0 0 -0.00022902955068652706 0 3.0799243419633159e-05 0 0.00017450529230884676 -0.00022259341158775649 5.4298415137706425e-05 0
leaf_weight=5909 36 274 93 115 206 183 2683 40 276 236 198 36
leaf_count=5909 36 274 93 115 206 183 2683 40 276 236 198 36
internal_value=0 -6.21437e-05 4.09589e-06 0 -0.000140494 7.58953e-05 4.88724e-06 -0.000163384 0.00012934 -0.000197711 0 2.1687e-05
internal_weight=0 820 9465 8913 321 552 8592 312 369 272 508 234
internal_count=10285 820 9465 8913 321 552 8592 312 369 272 508 234
is_linear=0
shrinkage=0.05


Tree=10
num_leaves=16
num_cat=0
split_feature=3 42 54 42 53 53 53 6 6 53 34 42 36 29 54
split_gain=0.00145822 0.00124342 0.00232063 0.00225875 0.00102138 0.00225176 0.00110235 0.0010448 0.00100277 0.00099928 0.000613804 0.000577562 0.000334958 0.000152318 3.2896e-05
threshold=462.79983337762923 0.86435213994160476 0.0020774527630845053 0.46435619028129255 452.35850000000011 443.3875000000001 447.96000000000004 4.3750000000000009 0.52499999999997737 464.17350000000005 1.3383035714285778 1.2726912313673175 0.74358974454306248 0.0022508558910569808 0.014262341855443342
decision_type=2 2 2 2 2 2 2 2 2 2 2 2 2 2 2
left_child=4 2 3 -2 5 8 -7 9 -1 -6 12 -12 -3 -4 -9
right_child=1 10 13 -5 7 6 -8 14 -10 -11 11 -13 -14 -15 -16
leaf_value=3.7058279969386091e-05 0 0 -9.3195890447981051e-06 -0.00019583032697557772 9.3144536651265826e-05 -0.00010080309758545888 0 -2.0954276634546426e-05 -2.358326267186296e-06 0 5.6786192428049713e-05 0 -7.6102153129700906e-05 4.4344402921679617e-05 0
leaf_weight=2875 115 230 234 444 1017 682 416 187 2242 312 588 332 331 183 70
leaf_count=2875 115 230 234 444 1017 682 416 187 2242 312 588 332 331 183 70
internal_value=0 -3.17793e-05 -7.56699e-05 -0.000142716 1.22168e-05 5.68344e-07 -6.16709e-05 4.83986e-05 1.68576e-05 6.89946e-05 0 2.21904e-05 -4.38918e-05 0 0
internal_weight=0 2457 976 559 7801 6215 1098 1586 5117 1329 1481 920 561 417 257
internal_count=10258 2457 976 559 7801 6215 1098 1586 5117 1329 1481 920 561 417 257
is_linear=0
shrinkage=0.05


Tree=11
num_leaves=14
num_cat=0
split_feature=26 1 1 41 37 3 26 41 1 7 37 6 34
split_gain=0.00146545 0.00250916 0.00352245 0.00223719 0.00131095 0.00112979 0.000761727 0.000908425 0.0011643 0.000383424 0.000605044 0.000466886 0.000140675
threshold=0.0060646674850457953 461.33375000000001 458.97250000000008 0.0024275982088467697 -1.1500000000000055 404.03958957634353 0.010500308348127048 0.0013439722022044228 464.97000000000008 0.0013464197902341313 0.70000000000001716 4.3249999999999895 1.056678571428578
decision_type=2 2 2 2 2 2 2 2 2 2 2 2 2
left_child=1 2 5 4 -3 -1 7 12 -9 10 -8 -11 -2
right_child=6 3 -4 -5 -6 -7 9 8 -10 11 -12 -13 -14
leaf_value=0.00011050283289996819 4.0546686282917313e-06 0 0.00050417563611258377 0 -0.00020582054872285177 -3.346195421218321e-05 0 7.0576119372399305e-05 0 1.4519892753286716e-05 -0.00010589882994145415 -2.2041485768390466e-05 -2.7109687505601034e-05
leaf_weight=117 591 93 33 67 423 1548 260 1598 595 3278 218 1027 465
leaf_count=117 591 93 33 67 423 1548 260 1598 595 3278 218 1027 465
internal_value=0 -3.49626e-05 0 -0.000124639 -0.000168475 -1.432e-05 1.04372e-05 2.92465e-05 4.79858e-05 0 -4.42261e-05 2.31281e-06 0
internal_weight=0 2281 1698 583 516 1665 8032 3249 2193 4783 478 4305 1056
internal_count=10313 2281 1698 583 516 1665 8032 3249 2193 4783 478 4305 1056
is_linear=0
shrinkage=0.05


Tree=12
num_leaves=15
num_cat=0
split_feature=53 42 54 53 20 53 42 3 7 0 8 42 34 3
split_gain=0.00115687 0.00167418 0.00160745 0.00155355 0.00288433 0.00141105 0.000778754 0.0014191 0.000455197 0.000285106 0.000283404 0.000208572 0.000135612 0.000128655
threshold=418.52950000000004 0.86435213994160476 0.0032773327407754874 414.04850000000005 0.001871062972472415 465.01000000000005 0.93440236902818963 403.42699223869857 0.0011727486670871361 54.999997433333654 102.52500000000002 1.2726912313673175 1.0246428571428627 404.91502410600896
decision_type=2 2 2 2 2 2 2 2 2 2 2 2 2 2
left_child=3 2 5 6 12 -2 7 -1 10 -4 -3 -10 -5 -8
right_child=1 8 9 4 -6 -7 13 -9 11 -11 -12 -13 -14 -15
leaf_value=0.00015616645676235554 -2.4168594294708574e-05 0 4.8274153377660838e-05 0 0 -0.00013093716802907923 -4.8329500189794061e-05 0 1.148542571901354e-05 0 8.2050735810908692e-05 -8.5531807327874083e-06 0.00024952422579379668 0
leaf_weight=201 1599 80 309 32 230 652 388 320 2679 652 306 2296 220 269
leaf_count=201 1599 80 309 32 230 652 388 320 2679 652 306 2296 220 269
internal_value=0 -8.43159e-06 -3.77567e-05 3.70791e-05 0.000113074 -6.17702e-05 0 5.11062e-05 6.34159e-06 2.88927e-06 5.91947e-05 0 0.000230264 -2.98414e-05
internal_weight=0 8573 3212 1660 482 2251 1178 521 5361 961 386 4975 252 657
internal_count=10233 8573 3212 1660 482 2251 1178 521 5361 961 386 4975 252 657
is_linear=0
shrinkage=0.05


Tree=13
num_leaves=14
num_cat=0
split_feature=26 2 1 41 37 3 26 38 34 7 37 26 26
split_gain=0.00114251 0.002487 0.00361979 0.00237141 0.00100665 0.000714577 0.000678238 0.000656812 0.000864314 0.000619533 0.00100953 0.000537753 3.45662e-05
threshold=0.0060646674850457953 462.30996340966618 458.97250000000008 0.0024275982088467697 -1.1500000000000055 404.03958957634353 0.010500308348127048 0.51780122275934393 0.8760714285714325 0.0013807290203566882 0.45000000000001711 0.028080559629267688 0.00791330784612858
decision_type=2 2 2 2 2 2 2 2 2 2 2 2 2
left_child=1 2 5 4 -3 -1 7 12 -9 10 -8 -11 -2
right_child=6 3 -4 -5 -6 -7 9 8 -10 11 -12 -13 -14
leaf_value=8.1896885442731359e-05 -1.4220978800300342e-05 0 0.00051441804879230862 6.4176691894434153e-06 -0.00020136302972000508 -2.8377196841613772e-05 0 -9.1701232878527682e-06 5.4429121188470937e-05 1.1613194357620957e-05 -0.00012169810862382678 -4.1558783465707835e-05 0
leaf_weight=114 427 89 33 70 419 1561 258 225 2021 3770 274 493 581
leaf_count=114 427 89 33 70 419 1561 258 225 2021 3770 274 493 581
internal_value=0 -3.20032e-05 0 -0.000121657 -0.000168809 -1.1905e-05 7.99592e-06 2.60259e-05 4.13798e-05 -1.11244e-06 -5.37644e-05 1.94316e-06 0
internal_weight=0 2286 1708 578 508 1675 8049 3254 2246 4795 532 4263 1008
internal_count=10335 2286 1708 578 508 1675 8049 3254 2246 4795 532 4263 1008
is_linear=0
shrinkage=0.05


Tree=14
num_leaves=14
num_cat=0
split_feature=26 2 1 42 20 3 30 0 33 53 2 8 46
split_gain=0.00104607 0.00242192 0.0034542 0.00182757 0.0013233 0.00125885 0.000779543 0.000575806 0.000670128 0.000544593 0.000156751 0.000174381 3.8523e-06
threshold=0.0060646674850457953 462.30996340966618 458.97250000000008 0.38523409584431606 0.0054775362927094182 404.03958957634353 0.012909254646817759 25.131119712215661 0.0026167453995519659 473.27250000000009 474.71984054298332 810.95000000000016 86.70679392854224
decision_type=2 2 2 2 2 2 2 2 2 2 2 2 2
left_child=1 2 5 -3 -5 -1 7 9 -9 -2 11 -8 -12
right_child=6 3 -4 4 -6 -7 10 8 -10 -11 12 -13 -14
leaf_value=0.00011961554772768119 0 0 0.0005176852782667517 -0.00019384687926157914 0 -3.2118545492332734e-05 -4.3755829951786106e-05 4.6014396336956889e-05 4.266435167032663e-06 -8.2890916724170208e-05 8.7322978407822248e-06 0 0
leaf_weight=124 785 58 31 433 77 1566 894 1997 3772 221 126 63 162
leaf_count=124 785 58 31 433 77 1566 894 1997 3772 221 126 63 162
internal_value=0 -3.20392e-05 0 -0.000121611 -0.000159448 -1.2092e-05 5.8803e-06 1.40728e-05 2.13195e-05 -1.25719e-05 -2.6649e-05 -3.65127e-05 0
internal_weight=0 2289 1721 568 510 1690 8020 6775 5769 1006 1245 957 288
internal_count=10309 2289 1721 568 510 1690 8020 6775 5769 1006 1245 957 288
is_linear=0
shrinkage=0.05


Tree=15
num_leaves=16
num_cat=0
split_feature=7 34 42 19 3 19 3 3 0 49 26 8 41 49 0
split_gain=0.00124299 0.00227142 0.0013683 0.00123988 0.00168932 0.000788092 0.000728932 0.000816167 0.000649571 0.000516772 0.000288114 0.000272643 0.000151505 0.000113982 0.000109878
threshold=0.0013888154966294967 0.99419642857142498 1.0688106125836558 0.0035530026668888497 415.99119000331547 0.0029661540865699725 418.07793492035631 470.34147231869321 25.131119712215661 49.048072274500363 0.029442113390011411 538.7750000000002 0.00089375260619694132 34.208378073943997 25.131119712215661
decision_type=2 2 2 2 2 2 2 2 2 2 2 2 2 2 2
left_child=1 5 6 4 -3 8 9 -8 -1 -2 11 -4 -7 -5 -12
right_child=2 3 10 13 -6 12 7 -9 -10 -11 14 -13 -14 -15 -16
leaf_value=0 0.0001525204363198423 0 0 0 -8.332108521834052e-05 0 0 8.5386786670082901e-05 7.7455666150406168e-05 0 0 5.5248851607589586e-05 -4.6900519548523108e-05 4.2940830303124404e-05 -5.9175697236450096e-05
leaf_weight=117 294 391 3697 209 2036 56 1348 375 753 111 100 223 185 160 284
leaf_count=117 294 391 3697 209 2036 56 1348 375 753 111 100 223 185 160 284
internal_value=0 -2.31826e-05 1.25156e-05 -4.94017e-05 -6.39075e-05 2.92995e-05 4.56116e-05 2.00946e-05 5.76793e-05 0.000117064 -3.64966e-07 1.86579e-08 -1.09315e-05 5.36368e-06 -4.33101e-05
internal_weight=0 3907 6432 2796 2427 1111 2128 1723 870 405 4304 3920 241 369 384
internal_count=10339 3907 6432 2796 2427 1111 2128 1723 870 405 4304 3920 241 369 384
is_linear=0
shrinkage=0.05


Tree=16
num_leaves=16
num_cat=0
split_feature=2 8 53 53 3 3 2 8 53 42 4 7 5 1 7
split_gain=0.000857866 0.00115441 0.00129304 0.00245132 0.00112804 0.00174754 0.00152605 0.000773082 0.000769015 0.000746841 0.000665084 0.000415419 0.000382984 0.000112222 2.21116e-05
threshold=466.98489453115991 349.22500000000008 479.483 490.71750000000003 451.75670352907247 441.82637742281844 448.8263390228941 293.47500000000008 464.82150000000001 1.0380751197540878 0.5250000000000058 0.0031815156974262914 2.1250000000000004 483.1112500000001 0.0015016903488446886
decision_type=2 2 2 2 2 2 2 2 2 2 2 2 2 2 2
left_child=4 2 9 -4 5 7 -7 -1 10 -2 -6 12 -3 -13 -10
right_child=1 11 3 -5 8 6 -8 -9 14 -11 -12 13 -14 -15 -16
leaf_value=3.0000552440021874e-05 -0.0001296897420740395 5.4648806451364742e-05 8.6455750431955764e-05 -7.3377698201762382e-05 0 -0.0001164039019823239 0 -5.1611362328179608e-06 -3.493259075674935e-05 0 9.026747479648885e-05 -4.9952344328290597e-05 0 0 0
leaf_weight=3446 551 649 385 603 37 514 755 1741 45 186 884 158 189 122 72
leaf_count=3446 551 649 385 603 37 514 755 1741 45 186 884 158 189 122 72
internal_value=0 -2.17446e-05 -4.91795e-05 0 1.03339e-05 1.75918e-07 -4.98448e-05 1.53074e-05 5.90481e-05 -0.00010022 7.75644e-05 7.17437e-06 3.42202e-05 -2.02059e-05 0
internal_weight=0 2843 1725 988 7494 6456 1269 5187 1038 737 921 1118 838 280 117
internal_count=10337 2843 1725 988 7494 6456 1269 5187 1038 737 921 1118 838 280 117
is_linear=0
shrinkage=0.05


Tree=17
num_leaves=15
num_cat=0
split_feature=1 1 41 26 41 8 1 1 19 49 34 8 1 46
split_gain=0.000860006 0.00169852 0.00109181 0.00134581 0.00100965 0.00166744 0.00204622 0.000863957 0.000626466 0.000435065 0.00042548 0.00135512 0.000318333 0.000189966
threshold=443.27625000000006 448.14375000000007 0.00095921041204180275 0.0067957929866606899 0.0013865172619634987 320.67500000000001 416.72375000000005 480.76750000000004 -0.0074814472206114471 12.893298813920923 1.0695535714285809 188.82500000000002 431.90750000000008 57.471020314741075
decision_type=2 2 2 2 2 2 2 2 2 2 2 2 2 2
left_child=4 8 7 -4 10 6 -6 -3 -2 -10 13 -12 -7 -1
right_child=1 2 3 -5 5 12 -8 -9 9 -11 11 -13 -14 -15
leaf_value=0 0 0.0001972464740147559 -5.8100100113002377e-05 4.5394683501727042e-06 0.000136948830362134 -3.4073723383362289e-05 1.5140196950227139e-05 0 0 -0.00010609515863501153 -0.00014972702949424244 0 5.685379966390468e-06 3.31447918356409e-05
leaf_weight=479 69 120 1038 3329 654 728 1513 30 35 711 206 642 325 432
leaf_count=479 69 120 1038 3329 654 728 1513 30 35 711 206 642 325 432
internal_value=0 -1.44046e-05 0 -6.91779e-06 1.44772e-05 3.24662e-05 5.88369e-05 0.000129499 -8.10266e-05 -9.62854e-05 -9.92695e-06 -3.81876e-05 -7.56331e-06 0
internal_weight=0 5332 4517 4367 4979 3220 2167 150 815 746 1759 848 1053 911
internal_count=10311 5332 4517 4367 4979 3220 2167 150 815 746 1759 848 1053 911
is_linear=0
shrinkage=0.05


end of trees

feature_importances:
sma_50=34
bb_lower=30
volatility_ma=20
volatility_ratio=20
bb_width=15
volume_ma=13
bb_middle=12
atr_ma=12
bb_upper=11
volatility=9
adx=9
price_sma_50_dist=8
momentum_convergence=7
momentum_20=6
rsi=5
return_12=5
volume_ratio=5
return_24=4
rsi_normalized=4
price_sma_20_dist=4
price_bb_upper_dist=3
momentum_ratio=3
price_bb_lower_dist=2
atr_ratio=2
stoch_d=2
atr=1
momentum_10=1
range=1
return_6=1
atr_normalized=1
stoch_k=1
sma_20=1

parameters:
[boosting: gbdt]
[objective: regression]
[metric: rmse]
[tree_learner: serial]
[device_type: cpu]
[data: ]
[valid: ]
[num_iterations: 800]
[learning_rate: 0.05]
[num_leaves: 16]
[num_threads: 8]
[deterministic: 0]
[force_col_wise: 0]
[force_row_wise: 0]
[histogram_pool_size: -1]
[max_depth: 4]
[min_data_in_leaf: 30]
[min_sum_hessian_in_leaf: 0.001]
[bagging_fraction: 0.9]
[pos_bagging_fraction: 1]
[neg_bagging_fraction: 1]
[bagging_freq: 1]
[bagging_seed: 400]
[feature_fraction: 0.8]
[feature_fraction_bynode: 1]
[feature_fraction_seed: 30056]
[extra_trees: 0]
[extra_seed: 12879]
[early_stopping_round: 0]
[first_metric_only: 0]
[max_delta_step: 0]
[lambda_l1: 0.3]
[lambda_l2: 0.3]
[linear_lambda: 0]
[min_gain_to_split: 0]
[drop_rate: 0.1]
[max_drop: 50]
[skip_drop: 0.5]
[xgboost_dart_mode: 0]
[uniform_drop: 0]
[drop_seed: 17869]
[top_rate: 0.2]
[other_rate: 0.1]
[min_data_per_group: 100]
[max_cat_threshold: 32]
[cat_l2: 10]
[cat_smooth: 10]
[max_cat_to_onehot: 4]
[top_k: 20]
[monotone_constraints: ]
[monotone_constraints_method: basic]
[monotone_penalty: 0]
[feature_contri: ]
[forcedsplits_filename: ]
[refit_decay_rate: 0.9]
[cegb_tradeoff: 1]
[cegb_penalty_split: 0]
[cegb_penalty_feature_lazy: ]
[cegb_penalty_feature_coupled: ]
[path_smooth: 0]
[interaction_constraints: ]
[verbosity: 1]
[saved_feature_importance_type: 0]
[linear_tree: 0]
[max_bin: 255]
[max_bin_by_feature: ]
[min_data_in_bin: 3]
[bin_construct_sample_cnt: 200000]
[data_random_seed: 175]
[is_enable_sparse: 1]
[enable_bundle: 1]
[use_missing: 1]
[zero_as_missing: 0]
[feature_pre_filter: 1]
[pre_partition: 0]
[two_round: 0]
[header: 0]
[label_column: ]
[weight_column: ]
[group_column: ]
[ignore_column: ]
[categorical_feature: ]
[forcedbins_filename: ]
[precise_float_parser: 0]
[parser_config_file: ]
[objective_seed: 16083]
[num_class: 1]
[is_unbalance: 0]
[scale_pos_weight: 1]
[sigmoid: 1]
[boost_from_average: 1]
[reg_sqrt: 0]
[alpha: 0.9]
[fair_c: 1]
[poisson_max_delta_step: 0.7]
[tweedie_variance_power: 1.5]
[lambdarank_truncation_level: 30]
[lambdarank_norm: 1]
[label_gain: ]
[lambdarank_position_bias_regularization: 0]
[eval_at: ]
[multi_error_top_k: 1]
[auc_mu_weights: ]
[num_machines: 1]
[local_listen_port: 12400]
[time_out: 120]
[machine_list_filename: ]
[machines: ]
[gpu_platform_id: -1]
[gpu_device_id: -1]
[gpu_use_dp: 0]
[num_gpu: 1]

end of parameters

pandas_categorical:[]
