tree
version=v4
num_class=1
num_tree_per_iteration=1
label_index=0
max_feature_idx=55
objective=regression
feature_names=rsi ema_fast ema_slow macd macd_signal momentum_10 momentum_20 volatility volume_ma range range_pct body body_pct upper_shadow lower_shadow is_bullish return_1 return_3 return_6 return_12 return_24 log_return rsi_normalized rsi_overbought rsi_oversold rsi_divergence ema_cross ema_cross_pct ema_cross_signal price_ema_fast_dist price_ema_slow_dist macd_hist macd_hist_change macd_cross_signal macd_strength momentum_ratio momentum_convergence volume_ratio volume_spike volume_change volatility_ma volatility_ratio high_volatility low_volatility stoch_k stoch_d stoch_overbought stoch_oversold adx strong_trend sma_20 price_sma_20_dist sma_50 price_sma_50_dist signal_convergence market_regime
feature_infos=[0:99.999999949210959] [16221.460477967343:22195.420446942684] [16239.993743061475:22183.497877056925] [-401.79307035902457:574.44218261259448] [-349.45166956260863:503.44731487822173] [-1136.3299999999981:2041.25] [-1492.3600000000006:2391.5300000000025] [0:0.014853398867608843] [0:18712.200000000001] [0:1362.5300000000025] [0:0.074722026471580341] [0:864.88000000000102] [0:0.047430578596244014] [0:990.12000000000262] [0:265.25] [0:1] [-0.045174245084269593:0.049905285037338931] [-0.048101045054701363:0.086898819085784673] [-0.061847842605140535:0.099918239971441558] [-0.069266784019653138:0.12466460594935413] [-0.10307623393468524:0.13529494076771242] [-0.046226410734074706:0.048699955374397121] [-1:0.99999999898421921] [0:1] [0:1] [-46.49836329065117:57.635486761074901] [-401.79307035902457:574.44218261259448] [-0.024248253187935324:0.029941350879806313] [0:1] [-0.050407460627379774:0.062606981097555275] [-0.068259907944047085:0.077643593190519999] [-99.055562789104499:203.06273269795861] [-45.174823638776047:60.217746146399293] [0:1] [-92.613048941831764:197.38007783254926] [-5670000000.0000725:10050000000] [-2041.25:1136.3299999999981] [0:6.0856248751311206] [0:1] [-0.99980506822612081:2776] [0:0.014083508988507099] [0:4.7739267325055099] [0:1] [0:1] [0:99.999999998465086] [0:99.679439429295329] [0:1] [0:1] [0:97.291675599848531] [0:1] [0:22190.644999999997] [-0.065043780517382327:0.081969259130748082] [0:22163.835999999999] [-0.093182420536107813:0.10000952626628214] [0:3] [0:2]
tree_sizes=4085 3455 2895 4036 4077

Tree=0
num_leaves=41
num_cat=0
split_feature=7 2 51 48 2 1 52 52 9 48 34 9 0 53 0 27 29 48 9 7 52 7 1 0 48 35 31 52 52 52 34 52 7 52 25 39 52 48 52 7
split_gain=0.0129979 0.048894 0.00341645 0.00619381 0.00315228 0.00212773 0.00195363 0.00126584 0.00129147 0.00105401 0.000925538 0.000884282 0.000668464 0.0005422 0.000944343 0.000875543 0.000460434 0.000454587 0.000534107 0.000605105 0.000670568 0.000399554 0.000318395 0.000295986 0.000302157 0.000269333 0.000209943 0.00127421 0.000508048 0.000414706 0.000427161 0.000199267 0.000484328 0.000164692 0.000140213 0.000136043 5.3563e-05 0.000180256 9.79385e-05 1.90435e-05
threshold=0.0047028661574929709 17119.181570788187 0.017738814023539041 43.647617505814509 18068.994412913493 18532.801853268491 21477.243000000002 18132.556000000004 14.024999999999638 15.520969699486814 -4.4987402181426104 18.674999999999276 78.544158694413014 0.0015507774965196495 55.515416714333611 -0.0009553886094001504 0.0091028182593487893 40.786078167042319 19.27499999999964 0.0029186113496062769 22058.998200000005 0.00059749738977662298 21165.833724309607 68.787868852797914 18.779240963860051 -3.2055181496859912 -25.99033395701229 17686.952000000001 18485.069500000001 19158.750900000003 -15.497320440092631 21026.452200000003 0.0019560490089512612 1.0000000180025095e-35 11.297863448649744 -0.34960766494759471 19215.884600000001 34.001738705935509 18523.148300000004 0.004074402040843278
decision_type=2 2 2 2 2 2 2 2 2 2 2 2 2 2 2 2 2 2 2 2 2 2 2 2 2 2 2 2 2 2 2 2 2 2 2 2 2 2 2 2
left_child=4 2 3 -2 11 7 13 -6 -9 -10 -11 -1 -12 15 22 31 21 18 -8 20 -20 -13 25 24 -17 -15 28 -28 -3 30 -29 32 -7 -23 35 -35 38 -38 -16 -33
right_child=1 26 -4 -5 5 6 17 8 9 10 12 16 -14 14 36 23 -18 -19 19 -21 -22 33 -24 -25 -26 -27 27 29 -30 -31 -32 39 -34 34 -36 -37 37 -39 -40 -41
leaf_value=0.00021562289633077103 0.0018765156178361508 8.3800758114547326e-05 0.00021562289633077103 0.00021562289633077103 0.00021562289633077103 0.00018305463524240193 0.00021562289633077103 0.00021562289633077103 0.00021562289633077103 0.00021562289633077103 5.8195505119367456e-05 0.00021562289633077103 0.00021562289633077103 0.00021562289633077103 0.00021562289633077103 0.00021562289633077103 0.00021562289633077103 0.00021562289633077103 9.3686139683302316e-05 0.00021562289633077103 0.00021562289633077103 0.00021562289633077103 0.00021562289633077103 0.00021562289633077103 0.00024547415033699679 0.00016698445032723903 0.00021562289633077103 0.00021562289633077103 0.00021562289633077103 0.00021562289633077103 0.00037543001514937454 0.000224443271783545 0.00021562289633077103 0.00021562289633077103 0.00021562289633077103 0.00027084394939913428 0.00021562289633077103 0.00020208595940379901 0.00023431380653870498 0.00021562289633077103
leaf_weight=864 23 27 9.9999999999999982 10.999999999999998 319 583 184 176 39 207 313 107 25 49 44 328 9.9999999999999982 385 265 15.999999999999998 54 10.999999999999998 106 164 1805 668 38 11.999999999999998 18 31 81 220 557 52 76 1172 749 885 390 15.999999999999998
leaf_count=864 23 27 10 11 319 583 184 176 39 207 313 107 25 49 44 328 10 385 265 16 54 11 106 164 1805 668 38 12 18 31 81 220 557 52 76 1172 749 885 390 16
internal_value=0.000215623 0.000430663 0.00133618 0.00152382 0.000212833 0.000203227 0.000211165 0.000162204 0.00014113 0.000119654 0.000107881 0.000242109 7.01115e-05 0.000215623 0.000207262 0.000224444 0.000256648 0.000169705 0.000148843 0.000124297 0.00011333 0.0002602 0.000179876 0.000237208 0.000240655 0.000172424 0.000215623 0.000248158 0.000196165 0.000318618 0.000350282 0.000214036 0.000202961 0.000264852 0.000266199 0.000268725 0.000215623 0.000215623 0.000226158 0.000215623
internal_weight=0 251 44 34 10839 8547 7468 1079 760 584 545 2292 338 6564 2891 3673 1428 904 519 335 319 1418 823 2297 2133 717 207 162 45 124 93 1376 1140 1311 1300 1224 2068 1634 434 236
internal_count=11090 251 44 34 10839 8547 7468 1079 760 584 545 2292 338 6564 2891 3673 1428 904 519 335 319 1418 823 2297 2133 717 207 162 45 124 93 1376 1140 1311 1300 1224 2068 1634 434 236
is_linear=0
shrinkage=1


Tree=1
num_leaves=41
num_cat=0
split_feature=50 40 48 7 3 52 9 40 7 40 8 1 36 7 1 8 3 31 41 8 4 40 52 48 40 22 40 48 9 3 52 31 41 48 3 50 4 22 3 22
split_gain=0.0106068 0.0294079 0.0203066 0.00292922 0.00513427 0.00160535 0.00105603 0.000711336 0.000624715 0.000571719 0.00170839 0.00365316 0.00276654 0.00228714 0.00138905 0.000876472 0.000876288 0.00111591 0.000888307 0.000370988 0.000382342 0.000344899 0.00033372 0.000329925 0.000756749 0.000362579 0.00032045 0.000455337 0.00053032 0.000281955 0.000510206 0.000255797 0.000211076 4.73659e-05 4.30952e-05 3.21039e-05 0.00027962 1.90991e-05 5.42758e-07 4.45858e-07
threshold=17487.365000000002 0.0061171917632848573 30.41456417009714 0.0070957982440961308 -138.15415437943008 21477.243000000002 18.850000000000367 0.0017962824026912054 0.0029186113496062769 0.0024289870248520328 8472.8500000000004 18990.639605115462 -131.02499999999961 0.0055168110513935005 17965.816246658247 6379.4250000000011 -26.194541559771093 7.8913328648060572 1.2009489541747642 2044.0750000000003 -28.757183552511055 0.0068675989701755986 22058.998200000005 38.496159009433974 0.0013814368942338532 0.62987399960470414 0.0018289499499270121 50.632787109494224 22.77499999999964 7.3478322208011386 18058.983000000004 -9.928087746761733 0.84599636709835413 63.693600842134366 54.552151837140634 18702.899250000002 4.9201911419721061 0.2687238262620622 -54.037263086849627 -0.47585334270181656
decision_type=2 2 2 2 2 2 2 2 2 2 2 2 2 2 2 2 2 2 2 2 2 2 2 2 2 2 2 2 2 2 2 2 2 2 2 2 2 2 2 2
left_child=1 6 21 5 -5 9 -1 19 22 15 14 12 -12 -14 34 16 17 18 -2 -8 -21 -3 23 24 25 -7 27 28 -17 32 -31 -22 -18 -33 -11 38 -37 39 -28 -16
right_child=3 2 -4 4 -6 8 7 -9 -10 10 11 -13 13 -15 37 26 29 -19 -20 20 31 -23 -24 -25 -26 -27 35 -29 -30 30 -32 33 -34 -35 -36 36 -38 -39 -40 -41
leaf_value=0 -0.00016716846549037586 0.0020696327453706316 0 -0.00061864982946349179 0 -0.00011980643566522198 0 0 0 0.00014920653389321719 0 0 -0.00017628290112708754 0 0 0 1.3771057239039477e-05 0 0 0 0 0 0 0 0 0 0 0 2.9657381717911539e-05 0 -2.348087046246507e-05 0.00010101780393285414 -8.2912765885409528e-07 0 0 0 -2.4905368074108881e-05 0 1.8088162464777188e-06 -9.466248888196684e-06
leaf_weight=332 106 12.000000000000002 44 20 24 295 35 67 36 58 86 527 320 37 12.999999999999998 682 999 31 33 64 30 11.999999999999998 121 349 83 9.9999999999999982 39 690 1776 452 1336 318 667 11.999999999999998 10.999999999999998 436 452 124 149 196
leaf_count=332 106 12 44 20 24 295 35 67 36 58 86 527 320 37 13 682 999 31 33 64 30 12 121 349 83 10 39 690 1776 452 1336 318 667 12 11 436 452 124 149 196
internal_value=0 9.48797e-05 0.000706581 -1.09292e-05 -0.000266595 -8.326e-06 2.86935e-05 5.61118e-05 -4.81306e-05 -2.83814e-06 -2.07141e-05 -4.6714e-05 -0.000110423 -0.000148649 4.72445e-06 0 -1.05312e-05 -8.27731e-05 -0.000124843 7.07227e-05 7.87477e-05 0.00146811 -5.53966e-05 -6.30854e-05 -9.1222e-05 -0.000113202 9.56981e-06 1.46454e-05 2.10093e-05 -2.6263e-06 -1.24588e-05 9.08723e-05 0 9.85129e-05 0.000134793 0 -5.70322e-06 0 0 -9.06239e-06
internal_weight=0 926 68 10158 44 10114 858 526 894 9220 1372 970 443 357 402 7848 3624 170 139 459 424 24 858 737 388 305 4224 3148 2458 3454 1788 360 1666 330 69 1076 888 333 188 209
internal_count=11084 926 68 10158 44 10114 858 526 894 9220 1372 970 443 357 402 7848 3624 170 139 459 424 24 858 737 388 305 4224 3148 2458 3454 1788 360 1666 330 69 1076 888 333 188 209
is_linear=0
shrinkage=0.03


Tree=2
num_leaves=34
num_cat=0
split_feature=50 40 48 7 31 50 9 40 34 40 7 10 13 1 4 40 26 48 27 4 36 41 50 48 7 9 11 35 50 1 4 4 6
split_gain=0.0100111 0.0271741 0.00930616 0.00226512 0.00144257 0.00119461 0.00117941 0.000698862 0.000547308 0.000755721 0.00107983 0.00164252 0.000892673 0.000402862 0.000425626 0.00042604 0.000475838 0.000378492 0.000379609 0.000780737 0.0003598 0.000339702 0.000237948 0.000476271 0.000485774 0.000304573 0.000107165 0.000105757 0.00010377 0.000194114 8.35665e-05 9.11843e-05 1.93963e-05
threshold=17487.365000000002 0.0061171917632848573 41.844729779519348 0.0070957982440961308 -5.7493698100388206 21601.390000000007 20.52499999999964 0.0017728400872005737 8.2102330794171081 0.0019800056151658583 0.0039264794965208584 0.0016494798018749184 1.3600000000005823 21147.31728001923 82.943113514980055 0.00089472696863686341 -49.829984034638976 28.49776368145616 -0.0030814899764921438 -20.669309145825906 65.120000000000815 0.2980879663798956 22121.484500000002 38.274593559233239 0.0022725636485361835 11.274999999999638 2.3750000000000004 1.9378402863129798 17793.390000000003 19338.940409309456 54.628930503002927 -28.757183552511055 -437.92500000000103
decision_type=2 2 2 2 2 2 2 2 2 2 2 2 2 2 2 2 2 2 2 2 2 2 2 2 2 2 2 2 2 2 2 2 2
left_child=1 6 -3 5 -5 8 -1 21 9 17 11 -11 -13 14 15 -10 -17 26 32 -20 22 -8 23 24 25 -7 -2 -28 -12 -30 31 -23 -19
right_child=3 2 -4 4 -6 20 7 -9 13 10 28 12 -14 -15 -16 16 -18 18 19 -21 -22 30 -24 -25 -26 -27 27 -29 29 -31 -32 -33 -34
leaf_value=0 0 0.0011907847191769852 0 -0.00037683532059815898 0 0 0 0 0 0 0 0 -7.6169286341517373e-05 0 0 0 3.8184261479248293e-05 0 -4.8907191254249611e-05 -1.5097959944841287e-06 0 0 0 0 0 -0.00011113529053114547 1.3666174305929822e-05 0 5.4188780178650515e-05 0 0 9.2636215168142823e-05 1.043777352258626e-05
leaf_weight=344 282 28 33 26 15.999999999999998 36 9.9999999999999982 68 150 644 10.999999999999998 73 741 221 69 127 1186 20 521 3205 95 58 91 256 17 257 1696 267 91 56 13.999999999999998 349 211
leaf_count=344 282 28 33 26 16 36 10 68 150 644 11 73 741 221 69 127 1186 20 521 3205 95 58 91 256 17 257 1696 267 91 56 14 349 211
internal_value=0 9.48779e-05 0.000719717 -9.15942e-06 -0.000239997 -6.76027e-06 3.1637e-05 6.17769e-05 -2.21452e-06 -6.853e-06 -2.54554e-05 -3.72103e-05 -6.55364e-05 9.91439e-06 1.86841e-05 2.50467e-05 3.14794e-05 0 -7.37883e-06 -1.21661e-05 -4.46529e-05 7.66578e-05 -5.26755e-05 -5.99896e-05 -8.91579e-05 -9.95011e-05 7.4667e-06 1.06247e-05 0 2.518e-05 8.21072e-05 8.46048e-05 4.90457e-06
internal_weight=0 904 61 10365 42 10323 843 499 9571 7818 1616 1458 814 1753 1532 1463 1313 6202 3957 3726 752 431 657 566 310 293 2245 1963 158 147 421 407 231
internal_count=11269 904 61 10365 42 10323 843 499 9571 7818 1616 1458 814 1753 1532 1463 1313 6202 3957 3726 752 431 657 566 310 293 2245 1963 158 147 421 407 231
is_linear=0
shrinkage=0.03


Tree=3
num_leaves=49
num_cat=0
split_feature=2 10 2 34 34 20 48 41 53 8 30 10 50 52 48 37 37 48 52 8 44 8 34 36 37 45 3 37 48 45 13 50 52 48 3 1 45 3 50 50 48 48 2 50 53 48 27 3
split_gain=0.0140951 0.0439567 0.0118777 0.00825219 0.00101861 0.00127194 0.00328602 0.000811439 0.00123876 0.00138102 0.0008571 0.000787068 0.000719791 0.0023839 0.000713666 0.000699956 0.000678961 0.000583319 0.000468752 0.000397647 0.000389534 0.000374745 0.000422805 0.00037845 0.000358279 0.000245023 0.000161352 0.000135679 0.000108562 0.000164074 0.000149537 8.79131e-05 9.56759e-05 8.27634e-05 4.16501e-05 0.000183829 0.000333663 0.000133911 7.09441e-05 0.000127651 0.000109385 0.000119708 3.83456e-05 0.000282837 0.000100281 3.1931e-05 2.81772e-06 2.98518e-06
threshold=17493.044346098308 0.005443864415247435 17119.181570788187 12.056944974138959 5.1700428233654145 -0.021148429017288081 65.499076430005132 1.0420612952616879 -0.0051907930395963227 7752.8000000000011 0.00073794098032208672 0.00103826834722191 17972.022500000003 17851.156000000006 34.001738705935509 0.60973060184362449 0.36767526136272238 56.85469577579709 19777.359800000002 2699.8250000000003 46.17193432206404 1972.5750000000003 10.039330894429957 85.125000000000014 0.60178615196284757 8.3210285822791654 -37.590701935232566 0.20879535556039105 25.525923833973636 58.828088383228256 11.640000000000329 21114.555250000001 17851.156000000006 80.273145003727976 -18.991259782476842 18836.844105642977 69.020609649678633 -26.194541559771093 21100.929750000003 18363.111250000005 75.853920270426315 15.23841271872349 19432.469376118173 18552.9725 -0.00014423384221582983 64.202695846609672 0.00074969767750485508 -31.072322666665055
decision_type=2 2 2 2 2 2 2 2 2 2 2 2 2 2 2 2 2 2 2 2 2 2 2 2 2 2 2 2 2 2 2 2 2 2 2 2 2 2 2 2 2 2 2 2 2 2 2 2
left_child=1 11 3 -3 5 6 16 8 9 14 42 -1 13 -6 -7 -16 -2 24 20 -15 -18 -13 23 25 -12 -23 31 -21 46 30 -30 32 -9 -34 35 36 37 -14 39 -36 41 -41 43 -10 -44 -27 47 -28
right_child=4 2 -4 -5 12 7 -8 26 10 -11 17 21 34 19 15 -17 18 -19 -20 27 -22 22 -24 -25 -26 45 28 -29 29 -31 -32 -33 33 -35 38 -37 -38 -39 -40 40 -42 -43 44 -45 -46 -47 -48 -49
leaf_value=0 0 0 0 0.0012487743589627656 0 0 0 0 0 0 0 0 -0.00012440898746862158 0 0 -0.00020231256656635097 -0.00026860978348516314 0 0 0 0 0 0 0 -4.4181351129323475e-05 8.2089625534032063e-05 0 0.00016858846538713227 0 0 -3.1458541922173168e-05 0 2.8851443112248902e-05 0 0 0 0 0 0 0 0 1.7238486674348699e-05 0 3.2823650814736278e-05 -1.2748720700664162e-05 0 0 2.7466084504565135e-06
leaf_weight=297 10.999999999999998 13.999999999999998 38 44 149 22 117 37 549 125 480 33 40 28 18 115 88 254 30 9.9999999999999982 9.9999999999999982 9.9999999999999982 86 47 1006 385 25 116 729 671 393 104 451 14.999999999999998 234 346 26 12.999999999999998 357 66 43 1295 597 268 555 9.9999999999999982 160 692
leaf_count=297 11 14 38 44 149 22 117 37 549 125 480 33 40 28 18 115 88 254 30 10 10 10 86 47 1006 385 25 116 729 671 393 104 451 15 234 346 26 13 357 66 43 1295 597 268 555 10 160 692
internal_value=0 0.000111487 0.000727491 0.00102838 -8.29567e-06 -1.4537e-05 -8.89969e-05 -9.84566e-06 -1.89639e-05 -8.86754e-05 -9.65059e-06 2.58541e-05 3.43694e-06 4.73491e-05 -0.000148983 -0.00017515 -0.000189218 -2.53329e-05 -0.000208892 0.000135321 -0.000247477 4.74957e-05 5.49608e-05 6.66059e-05 -3.32362e-05 7.60998e-05 0 0.00015876 -1.86315e-06 -7.72353e-06 -1.5063e-05 1.49618e-05 2.06717e-05 2.54143e-05 0 -9.38818e-06 -5.05868e-05 -9.7167e-05 0 6.24285e-06 1.12817e-05 1.42694e-05 0 6.49813e-06 0 8.05949e-05 0 1.88027e-06
internal_weight=0 964 96 58 10245 7522 256 7266 3989 280 3709 868 2723 303 155 133 139 1740 128 154 98 571 538 452 1486 405 3277 126 2670 1793 1122 607 503 466 2420 425 79 53 1995 1638 1404 1361 1969 817 1152 395 877 717
internal_count=11209 964 96 58 10245 7522 256 7266 3989 280 3709 868 2723 303 155 133 139 1740 128 154 98 571 538 452 1486 405 3277 126 2670 1793 1122 607 503 466 2420 425 79 53 1995 1638 1404 1361 1969 817 1152 395 877 717
is_linear=0
shrinkage=0.03


Tree=4
num_leaves=49
num_cat=0
split_feature=2 40 48 50 10 34 40 34 8 52 48 40 52 50 40 41 8 27 48 40 52 52 1 19 50 40 27 34 48 51 52 52 31 41 48 40 36 50 20 8 34 10 48 50 1 2 20 1
split_gain=0.0072005 0.0193963 0.00607311 0.00118048 0.000951011 0.000861643 0.00110847 0.00155592 0.00128759 0.00151023 0.00123803 0.000452116 0.000394482 0.00190481 0.000631275 0.000384236 0.000348464 0.00070034 0.000402145 0.000292352 0.000277901 0.000246801 0.000222901 0.000469708 0.000365647 0.000310575 0.000248108 0.000197909 0.000292672 0.00026357 0.000197235 0.000265788 0.000319854 0.000186791 0.000468138 0.000463734 0.000218708 0.00026373 0.000134022 0.000121156 0.00010253 6.94519e-05 0.000207487 1.14127e-05 5.9961e-06 1.38366e-05 1.04886e-06 7.6204e-08
threshold=17493.044346098308 0.0061171917632848573 41.844729779519348 21601.390000000007 0.0011862472034761705 5.1700428233654145 0.0018427715934002228 -16.64943968935042 7793.8500000000013 19411.601500000004 22.043851271344462 0.0018427715934002228 17629.890500000005 17972.022500000003 0.00084927458780560759 0.26255469240446155 6379.4250000000011 -0.0012426283273894859 31.514743585276793 0.00067526760432046553 17851.156000000006 17502.309000000005 18616.048418595132 0.0070255806650357808 21100.929750000003 0.0039192221841452364 -0.0033090228520655652 -6.8418751889208318 58.026872491646593 -0.0016862803563983768 18058.983000000004 19459.895100000005 6.7128170252575732 2.3173794779619361 38.496159009433974 0.0014061885414139539 49.034999999999862 22121.484500000002 -0.013412493220700648 2044.0750000000003 9.8363412281335929 0.00097271134331390239 50.33605757465152 20504.287250000005 19395.659852510402 18332.019149130025 0.0030076594142460782 21480.998625743665
decision_type=2 2 2 2 2 2 2 2 2 2 2 2 2 2 2 2 2 2 2 2 2 2 2 2 2 2 2 2 2 2 2 2 2 2 2 2 2 2 2 2 2 2 2 2 2 2 2 2
left_child=1 4 -3 5 -1 6 16 8 -8 10 -10 15 -7 14 -14 -6 17 18 -2 -5 -16 39 23 25 26 -15 -24 44 29 -29 -18 32 -32 34 35 36 37 -21 -20 -17 -41 46 -43 -33 45 -9 -19 -26
right_child=3 2 -4 19 11 12 7 27 9 -11 -12 -13 13 22 20 21 30 41 38 33 -22 -23 24 -25 47 -27 -28 28 -30 -31 31 43 -34 -35 -36 -37 -38 -39 -40 40 -42 42 -44 -45 -46 -47 -48 -49
leaf_value=0 0 0.00091054701604731066 0 0 0 0 0 0 0 0 -0.00021172468744139214 0 0 -5.8343450302569924e-05 0 0 0 1.0694821664681742e-06 0 -0.00012043665595436734 0.0001449098051820757 0 0 0 -5.5923029969286563e-07 0 2.1990905825717458e-05 -6.3592397580119418e-05 0 0 4.0414559633765059e-05 0 0 0 0 0 0 0 -0.00010116381798591214 8.7023003944980813e-05 0 -1.3698258569694459e-05 0 4.2364724089580136e-06 0 1.1008063025774704e-05 0 0
leaf_weight=371 20 34 34 119 11.999999999999998 98 36 45 21 116 146 62 26 212 64 27 275 825 10.999999999999998 219 150 13.999999999999998 66 138 219 15.999999999999998 1515 173 129 641 488 955 35 13.999999999999998 302 45 29 17 130 335 65 1328 237 572 230 147 349 82
leaf_count=371 20 34 34 119 12 98 36 45 21 116 146 62 26 212 64 27 275 825 11 219 150 14 66 138 219 16 1515 173 129 641 488 955 35 14 302 45 29 17 130 335 65 1328 237 572 230 147 349 82
internal_value=0 7.94425e-05 0.00057995 -6.68589e-06 2.39212e-05 -2.13674e-06 -8.92297e-06 -3.03137e-05 -9.57274e-05 -0.000120078 -0.00018039 5.14315e-05 1.01931e-05 1.58327e-05 9.86355e-05 6.24872e-05 0 -8.72227e-06 -7.26334e-05 -4.45144e-05 0.00011645 6.92419e-05 3.08821e-07 -7.46382e-06 9.79032e-06 -4.40574e-05 1.795e-05 -4.02224e-06 -1.45685e-05 -2.38608e-05 6.32308e-06 1.14857e-05 3.12088e-05 -5.27081e-05 -5.58232e-05 -8.66423e-05 -0.000101752 -0.000111611 -9.26486e-05 7.39686e-05 7.81843e-05 0 -6.31924e-06 0 0 5.29744e-06 0 0
internal_weight=0 954 68 10240 886 9495 6909 1684 319 283 167 515 2586 2488 240 453 5225 2900 161 745 214 441 2248 366 1882 228 1581 1365 943 814 2325 2050 523 626 612 310 265 236 141 427 400 2739 1565 1527 422 192 1174 301
internal_count=11194 954 68 10240 886 9495 6909 1684 319 283 167 515 2586 2488 240 453 5225 2900 161 745 214 441 2248 366 1882 228 1581 1365 943 814 2325 2050 523 626 612 310 265 236 141 427 400 2739 1565 1527 422 192 1174 301
is_linear=0
shrinkage=0.03


end of trees

feature_importances:
adx=26
sma_50=22
volatility_ma=17
sma_20=16
volatility=11
ema_fast=10
macd_strength=10
macd=9
volume_ma=9
ema_slow=7
range=7
macd_signal=6
volatility_ratio=6
range_pct=5
ema_cross_pct=5
macd_hist=5
momentum_convergence=4
volume_ratio=4
rsi=3
return_24=3
rsi_normalized=3
stoch_d=3
price_sma_50_dist=3
upper_shadow=2
momentum_ratio=2
price_sma_20_dist=2
momentum_20=1
body=1
return_12=1
rsi_divergence=1
ema_cross=1
price_ema_fast_dist=1
price_ema_slow_dist=1
volume_change=1
stoch_k=1

parameters:
[boosting: gbdt]
[objective: regression]
[metric: rmse]
[tree_learner: serial]
[device_type: cpu]
[data: ]
[valid: ]
[num_iterations: 500]
[learning_rate: 0.03]
[num_leaves: 50]
[num_threads: 8]
[deterministic: 0]
[force_col_wise: 0]
[force_row_wise: 0]
[histogram_pool_size: -1]
[max_depth: 8]
[min_data_in_leaf: 10]
[min_sum_hessian_in_leaf: 0.001]
[bagging_fraction: 0.7]
[pos_bagging_fraction: 1]
[neg_bagging_fraction: 1]
[bagging_freq: 1]
[bagging_seed: 400]
[feature_fraction: 0.7]
[feature_fraction_bynode: 1]
[feature_fraction_seed: 30056]
[extra_trees: 0]
[extra_seed: 12879]
[early_stopping_round: 0]
[first_metric_only: 0]
[max_delta_step: 0]
[lambda_l1: 0.5]
[lambda_l2: 0.3]
[linear_lambda: 0]
[min_gain_to_split: 0]
[drop_rate: 0.1]
[max_drop: 50]
[skip_drop: 0.5]
[xgboost_dart_mode: 0]
[uniform_drop: 0]
[drop_seed: 17869]
[top_rate: 0.2]
[other_rate: 0.1]
[min_data_per_group: 100]
[max_cat_threshold: 32]
[cat_l2: 10]
[cat_smooth: 10]
[max_cat_to_onehot: 4]
[top_k: 20]
[monotone_constraints: ]
[monotone_constraints_method: basic]
[monotone_penalty: 0]
[feature_contri: ]
[forcedsplits_filename: ]
[refit_decay_rate: 0.9]
[cegb_tradeoff: 1]
[cegb_penalty_split: 0]
[cegb_penalty_feature_lazy: ]
[cegb_penalty_feature_coupled: ]
[path_smooth: 0]
[interaction_constraints: ]
[verbosity: 1]
[saved_feature_importance_type: 0]
[linear_tree: 0]
[max_bin: 255]
[max_bin_by_feature: ]
[min_data_in_bin: 3]
[bin_construct_sample_cnt: 200000]
[data_random_seed: 175]
[is_enable_sparse: 1]
[enable_bundle: 1]
[use_missing: 1]
[zero_as_missing: 0]
[feature_pre_filter: 1]
[pre_partition: 0]
[two_round: 0]
[header: 0]
[label_column: ]
[weight_column: ]
[group_column: ]
[ignore_column: ]
[categorical_feature: ]
[forcedbins_filename: ]
[precise_float_parser: 0]
[parser_config_file: ]
[objective_seed: 16083]
[num_class: 1]
[is_unbalance: 0]
[scale_pos_weight: 1]
[sigmoid: 1]
[boost_from_average: 1]
[reg_sqrt: 0]
[alpha: 0.9]
[fair_c: 1]
[poisson_max_delta_step: 0.7]
[tweedie_variance_power: 1.5]
[lambdarank_truncation_level: 30]
[lambdarank_norm: 1]
[label_gain: ]
[lambdarank_position_bias_regularization: 0]
[eval_at: ]
[multi_error_top_k: 1]
[auc_mu_weights: ]
[num_machines: 1]
[local_listen_port: 12400]
[time_out: 120]
[machine_list_filename: ]
[machines: ]
[gpu_platform_id: -1]
[gpu_device_id: -1]
[gpu_use_dp: 0]
[num_gpu: 1]

end of parameters

pandas_categorical:[]
