tree
version=v4
num_class=1
num_tree_per_iteration=1
label_index=0
max_feature_idx=56
objective=regression
feature_names=rsi bb_middle bb_upper bb_lower atr momentum_10 momentum_20 volatility volume_ma range range_pct body body_pct upper_shadow lower_shadow is_bullish return_1 return_3 return_6 return_12 return_24 log_return rsi_normalized rsi_overbought rsi_oversold rsi_divergence bb_width bb_position bb_position_normalized price_bb_upper_dist price_bb_lower_dist bb_breakout_upper bb_breakout_lower atr_normalized atr_ma atr_ratio momentum_ratio momentum_convergence volume_ratio volume_spike volume_change volatility_ma volatility_ratio high_volatility low_volatility stoch_k stoch_d stoch_overbought stoch_oversold adx strong_trend sma_20 price_sma_20_dist sma_50 price_sma_50_dist signal_convergence market_regime
feature_infos=[0:98.323991543918936] [0:107202.68299999999] [0:108503.14528069981] [0:106362.39873835164] [0:1913.6478571428556] [-8342.5400000000009:10665.179999999993] [-12486.150000000001:14155.739999999991] [0:0.027665265364936176] [0:15071.1] [41.610000000000582:7445.0200000000041] [0.00064197892033770012:0.083194551703992967] [0.010000000002037268:4847.2799999999988] [1.687657469333537e-07:0.053865545209733065] [0:2853.8099999999977] [0:2709.1299999999974] [0:1] [-0.06392068477713575:0.11991470268267301] [-0.06874591913368211:0.12121289228058596] [-0.079615203583715433:0.12324016964288909] [-0.13852618933251082:0.1281729140500143] [-0.20656179582649081:0.18012682534038826] [-0.066055067608681614:0.11325252408776919] [-0.94806582176005261:0.96647983087837874] [0:1] [0:1] [-49.557479223093154:42.119850794411732] [0:0.23507214819731151] [-0.47895853378551589:1.5139666392771387] [-1.9579170675710318:2.0279332785542774] [-0.051695806611816018:0.2348085863011253] [-0.031298755752849884:0.18048430889612765] [0:1] [0:1] [0:0.030615925217490077] [0:1459.5823571428562] [0:2.5193794912994942] [-4451.5502226422777:74647.925336867193] [-10665.179999999993:8342.5400000000009] [0:2.9553958669892095] [0:1] [-0.80889167188478395:8.7027863777089784] [0:0.027364409329763521] [0:3.7248595957797415] [0:1] [0:1] [0:99.999999999838437] [0:98.883595895685247] [0:1] [0:1] [0:95.095784100943362] [0:1] [0:107202.68299999999] [-0.11842224866658865:0.11006071071452704] [0:106786.319] [-0.21353636665559603:0.12751438682104085] [0:1] [0:2]
tree_sizes=4712 4382 4330 4390 4316 4465 4441 4410 4401 4248 4375 4316

Tree=0
num_leaves=50
num_cat=0
split_feature=41 53 19 54 34 53 26 1 8 34 35 8 20 41 52 2 2 1 34 49 42 2 2 2 33 26 34 34 53 49 34 41 2 49 30 2 53 2 8 2 8 53 17 52 8 26 33 8 20
split_gain=0.0397309 0.0406601 0.0316003 0.0356575 0.0177965 0.0303374 0.0267706 0.0194555 0.0157979 0.0149654 0.0141916 0.0117319 0.0112282 0.0111251 0.0143746 0.0408223 0.0142458 0.0108057 0.0091386 0.0087493 0.00842714 0.0077437 0.0200109 0.0146884 0.00905935 0.0085845 0.00774332 0.00679923 0.00690432 0.00698029 0.0104158 0.00761688 0.00668132 0.00660641 0.00619512 0.00598417 0.0114942 0.0102787 0.00768798 0.00624509 0.00577668 0.00574229 0.00572002 0.00527058 0.00481535 0.00464058 0.00428702 0.00420482 0.0041687
threshold=0.0067702310205894648 62099.385000000002 -0.05911498257064151 0.038864117162068577 939.67226785714286 84505.630400000009 0.024850176922183845 81851.081500000015 12059.675000000001 867.90525000000048 0.80822923370033717 11743.925000000001 0.0032360057563051163 0.0047076087870406612 -0.015342848316424228 67830.652791656365 65108.796997790159 66939.340000000011 702.69867857142845 21.404394276019442 0.63078250564295291 69355.460532957673 73897.765173690816 85032.095551193299 0.0066099984717944401 0.042843835384924957 785.3746428571427 461.60989285714243 43572.861800000006 22.317273650105111 317.83782142857132 0.0020826145759458661 67311.423737688747 10.643812879623104 0.01958462262470426 48000.512157936282 45050.202100000002 58357.570556500497 8424.1000000000004 57047.701030005956 13258.775000000003 65796.564500000022 -0.0058229852121147721 0.013127223555729173 11111.525000000003 0.024381049799903468 0.0080048297703581624 8067.0750000000007 -0.0083114266487717674
decision_type=2 2 2 2 2 2 2 2 2 2 2 2 2 2 2 2 2 2 2 2 2 2 2 2 2 2 2 2 2 2 2 2 2 2 2 2 2 2 2 2 2 2 2 2 2 2 2 2 2
left_child=1 12 -2 4 6 10 17 20 13 -9 -6 -12 35 16 15 -15 33 -4 45 -20 -8 25 24 -24 -23 32 -5 28 -14 -30 31 -31 -18 -3 -10 36 -1 39 -38 48 -36 -27 -21 -22 -7 47 -35 -16 -37
right_child=2 8 3 26 5 44 7 9 34 -11 11 -13 27 14 18 -17 21 -19 19 42 43 22 23 -25 -26 41 -28 -29 29 30 -32 -33 -34 46 40 37 38 -39 -40 -41 -42 -43 -44 -45 -46 -47 -48 -49 -50
leaf_value=0.00099297133756824662 0.00035399976501692082 0.0011585963907823397 0.0011408260392860548 0.00099297133756824662 0.0010148700152920391 0.0012980869816413331 0.00071268253773744004 0.00015044846862489211 0.0011420351577797606 0.00099297133756824662 0.0023741227546337559 0.0013773147378493751 0.00099297133756824662 -0.00078418071358079037 0.00099297133756824662 0.00087716191939828407 0.00092822484888376944 0.0017971256988886634 0.00099297133756824662 0.00099297133756824662 0.0012100872073254809 0.00077004778366261391 0.0011399938502955462 0.00094803163434406361 0.00099297133756824662 0.001442875121247984 0.00059007187572247051 0.00096901033187713056 0.00099297133756824662 0.00099297133756824662 0.0010847569281950493 0.0013414542221422453 0.0010520704186558849 0.00078795545503764462 0.0010527136958373303 0.0012066935409552706 0.00099297133756824662 0.00098522135941802929 0.00033811202177858892 0.0013064645093615035 0.00076928811103116877 0.00099297133756824662 0.00059068956582135216 0.00099297133756824662 0.00099297133756824662 0.00099297133756824662 0.00099297133756824662 0.00079653746895536027 0.00099295129081402624
leaf_weight=475 37 23 97 39 39 77 29 36 425 27 57 54 324 20 74 86 739 73 54 38 329 756 410 2433 144 66 87 161 202 30 562 450 834 796 147 90 52 774 46 176 94 30 208 75 97 446 41 246 194
leaf_count=475 37 23 97 39 39 77 29 36 425 27 57 54 324 20 74 86 739 73 54 38 329 756 410 2433 144 66 87 161 202 30 562 450 834 796 147 90 52 774 46 176 94 30 208 75 97 446 41 246 194
internal_value=0.000992971 0.000973619 0.0011581 0.00119299 0.00125798 0.00145614 0.00114791 0.00101695 0.000936013 0.000552188 0.00178386 0.00197239 0.00105732 0.000922844 0.000834075 0.000474904 0.000940873 0.00147642 0.000878366 0.000730507 0.0011056 0.000960974 0.000936389 0.000978893 0.000812167 0.00101072 0.000754172 0.00111241 0.00113287 0.0011652 0.00119654 0.00130854 0.000992971 0.00082489 0.00106967 0.000999622 0.00092574 0.00104123 0.000630206 0.00115496 0.000979323 0.0012857 0.00065244 0.00115626 0.00112112 0.000948099 0.000804915 0.000859343 0.00102918
internal_weight=0 11646 1153 1116 990 324 666 496 8110 63 150 111 3536 7444 1172 106 6272 170 1066 300 433 5412 3743 2843 900 1669 126 1729 1568 1244 1042 480 1573 860 666 1807 573 1234 98 460 241 96 246 404 174 766 837 320 284
internal_count=12799 11646 1153 1116 990 324 666 496 8110 63 150 111 3536 7444 1172 106 6272 170 1066 300 433 5412 3743 2843 900 1669 126 1729 1568 1244 1042 480 1573 860 666 1807 573 1234 98 460 241 96 246 404 174 766 837 320 284
is_linear=0
shrinkage=1


Tree=1
num_leaves=50
num_cat=0
split_feature=41 53 19 2 34 41 26 53 3 2 53 3 53 1 2 7 22 45 1 1 20 46 53 1 2 33 3 34 34 34 46 34 1 7 34 1 3 41 53 49 34 41 26 53 19 49 26 34 3
split_gain=0.0353261 0.0338188 0.0275613 0.0322431 0.0317314 0.0316309 0.0179396 0.01614 0.0138613 0.0104449 0.0100357 0.0221935 0.0124268 0.0112214 0.0101348 0.0111988 0.00987322 0.00907564 0.00894879 0.0145337 0.00881021 0.00857526 0.00708556 0.00848611 0.0141134 0.00674693 0.00652386 0.00636058 0.00552051 0.00550291 0.00523183 0.00630055 0.0047546 0.00450824 0.00446976 0.00444291 0.0053954 0.00578391 0.00424725 0.00618873 0.010938 0.0075668 0.00586201 0.00406157 0.00465548 0.00404192 0.00611447 0.00391334 0.00382012
threshold=0.0066018965334760813 62099.385000000002 -0.05911498257064151 89234.011223739581 939.67226785714286 0.0076649555552401206 0.024850176922183845 89039.468300000022 87114.326796253314 82859.069328558238 74690.807000000015 81266.392582502798 69480.681900000011 97172.469500000021 63447.085209168734 0.0033479587202659279 0.046219924897102659 81.312483471608019 66939.340000000011 81851.081500000015 0.0032360057563051163 37.250545680503571 62634.997200000005 63917.055000000015 63964.363642545286 0.011648567822683012 91294.538793234868 325.93599999999986 552.05166071428573 459.37978571428545 19.537297016144866 736.96387499999958 84690.214500000016 0.0065014695911536158 785.3746428571427 46462.130500000007 55134.729650021705 0.0029424074406052239 43572.861800000006 22.317273650105111 317.83782142857132 0.0021062663399306482 0.023700627621935182 94509.657300000021 0.013223676793407637 48.386193115529927 0.013723063735390032 275.73726785714337 57029.79621958761
decision_type=2 2 2 2 2 2 2 2 2 2 2 2 2 2 2 2 2 2 2 2 2 2 2 2 2 2 2 2 2 2 2 2 2 2 2 2 2 2 2 2 2 2 2 2 2 2 2 2 2
left_child=1 20 -2 4 6 -6 18 8 -5 17 12 30 14 26 15 -3 -8 25 -4 -20 21 35 -16 24 -24 -7 27 32 -25 38 -12 -32 -13 -18 -29 -1 37 -37 -22 47 41 -41 -42 44 -28 46 -23 -40 -49
right_child=2 10 3 7 5 9 16 -9 -10 -11 11 13 -14 -15 22 -17 33 -19 19 -21 29 45 23 28 -26 -27 43 34 -30 -31 31 -33 -34 -35 -36 36 -38 -39 39 40 42 -43 -44 -45 -46 -47 -48 48 -50
leaf_value=0 -0.00059635345405685504 -0.00037868580633926481 0.00014343689749537935 0 0.0015577073803020492 0 0.00020443363344895148 2.4168669230202498e-05 -0.00098879832799829296 0 0 0.00026989447286967757 -0.00018831136822056928 -0.00011530514434549631 0.0002173758334220368 0 -0.00024169369138205205 0 0.001066690766505453 0 3.4950880817044617e-06 0 3.0017575202756341e-06 0 -0.00027916607162273158 0.00080903494708926024 0.00019713288209717179 -0.00010570657756120587 -0.00018568735236827955 -2.2095371315722762e-05 0.00033050952044568101 0 0 0 3.9779655706367702e-05 0 5.0535132801095949e-05 0.00044661669696397009 -0.0001937852077194074 0 0.00020057043607315375 0.00033014974892910462 0 5.7308339218481366e-06 0 4.7860060548794974e-05 -0.000152257673990581 0.00032400041544921785 0
leaf_weight=225 37 174 104 49 33 22 251 194 29 50 38 85 839 1067 88 122 74 34 45 21 337 284 198 2323 322 76 279 933 160 139 244 25 57 244 137 57 449 94 64 40 207 453 374 911 57 201 460 43 82
leaf_count=225 37 174 104 49 33 22 251 194 29 50 38 85 839 1067 88 122 74 34 45 21 337 284 198 2323 322 76 279 933 160 139 244 25 57 244 137 57 449 94 64 40 207 453 374 911 57 201 460 43 82
internal_value=0 -1.39448e-05 0.000153033 0.000183128 0.000267692 0.000604341 0.000157371 -8.03847e-05 -0.000454466 0.000379829 -4.84258e-05 -1.05171e-05 -8.06764e-05 -3.40599e-05 -5.13426e-05 -0.000224369 5.77643e-05 0.000519469 0.000437224 0.00076167 6.26793e-05 9.81633e-06 -3.18416e-05 -4.21624e-05 -0.000154488 0.000668039 0 -4.83405e-05 -1.49988e-05 0.000111299 0.000230362 0.000279355 0.000116592 -2.98114e-05 -7.86641e-05 8.45306e-05 0.000128393 0.000299859 0.000128514 0.000154739 0.000182596 0.000293863 7.2596e-05 4.9357e-05 0.000140769 -4.58958e-05 -8.33259e-05 0 9.40092e-05
internal_weight=0 11568 1263 1226 954 215 739 272 78 182 8059 3833 4226 3526 3387 296 569 132 170 66 3509 1770 3091 3003 520 98 2459 1212 2483 1739 307 269 142 318 1070 825 600 151 1600 1263 1074 493 581 1247 336 945 744 189 125
internal_count=12831 11568 1263 1226 954 215 739 272 78 182 8059 3833 4226 3526 3387 296 569 132 170 66 3509 1770 3091 3003 520 98 2459 1212 2483 1739 307 269 142 318 1070 825 600 151 1600 1263 1074 493 581 1247 336 945 744 189 125
is_linear=0
shrinkage=0.03


Tree=2
num_leaves=50
num_cat=0
split_feature=3 8 34 54 20 19 4 30 4 54 2 54 37 2 3 8 1 3 3 3 1 8 3 34 3 2 7 1 34 8 20 35 37 8 8 54 1 34 6 3 54 8 1 54 29 7 8 2 33
split_gain=0.0262781 0.0230265 0.0228778 0.0252214 0.0277155 0.0162929 0.0200753 0.0150995 0.0114193 0.0165762 0.0155033 0.0228085 0.012879 0.00975438 0.00928175 0.00872423 0.00724905 0.00742007 0.0233909 0.0146727 0.00701238 0.00912861 0.0134433 0.0158837 0.008995 0.00877895 0.0153904 0.0109097 0.0082088 0.00673991 0.00613513 0.00605867 0.00542202 0.00503093 0.00492358 0.00560869 0.00461561 0.00470019 0.00455741 0.00508654 0.00988465 0.00431114 0.00412859 0.00406023 0.00392542 0.00381012 0.00357743 0.00327932 0.00309525
threshold=61405.034626730536 12059.675000000001 939.67226785714286 0.030166806450279832 0.039139587141439842 -0.05911498257064151 886.53464285714188 0.025357538338407867 658.74071428571301 0.0089505490491865163 95888.461994829486 -0.030165645381325323 -1525.5599999999974 65108.796997790159 81385.852419331917 11111.525000000003 97286.445500000016 73892.837322705906 81109.704122112205 68924.050254385656 46853.055000000008 8253.0500000000011 44502.445222703973 287.43358928571507 56854.176819698805 61318.030657437739 0.0041137610735020409 60032.500000000007 526.83342857142884 8841.8500000000004 0.0096958121901042933 1.1651915638557095 20.569999999996075 7718.1750000000011 10602.525000000001 0.028494056687042059 63695.457250000007 1072.8151428571434 -1285.8949999999966 56622.217368477905 0.0039937561560126423 12184.225000000002 43425.781250000007 0.035767615388064021 0.030291786422778036 0.0059114401705631986 13425.075000000003 99294.285820012839 0.0071588363938864209
decision_type=2 2 2 2 2 2 2 2 2 2 2 2 2 2 2 2 2 2 2 2 2 2 2 2 2 2 2 2 2 2 2 2 2 2 2 2 2 2 2 2 2 2 2 2 2 2 2 2 2
left_child=5 2 8 4 15 -1 20 31 13 10 11 -10 -13 30 -9 29 17 19 -19 -15 21 32 -23 -24 38 26 27 -26 -28 -4 48 36 42 -27 -11 -36 -3 -38 -22 43 -41 -35 -7 -40 -8 -44 -16 -31 -2
right_child=1 7 3 -5 -6 6 44 14 9 34 -12 12 -14 16 46 -17 -18 18 -20 -21 24 22 23 -25 25 33 28 -29 -30 47 -32 -33 -34 41 35 -37 37 -39 39 40 -42 -43 45 -45 -46 -47 -48 -49 -50
leaf_value=-0.00063783744339841405 -0.00018774951080531018 0 0 -0.00027182707886932604 0.0015154745972949294 3.570858467546734e-05 0 2.4462956062316891e-05 0 -8.5861475016519104e-05 -4.3991052531181559e-05 0 -0.00062064700969825175 -5.2722496522268594e-06 0 0 -0.00011957360946698574 0.00037302074284686974 0 -0.00016752220176588544 0.00041496447498427661 0 -0.00092164572084556013 0 0.00013683495793276123 0 -0.00027866403509766205 -0.00013118266560408452 6.4565176792632028e-07 0.00059846006435790636 0 3.374647607079307e-05 -2.2541065105250584e-05 0.00020627321323064921 0.00033915661782724126 0 0.00033169098435540859 0 4.9894853473359891e-05 0 0.000771391521485076 0 0.00039184209447777813 0.00031738596601265398 0.00085356239259402813 0 -0.000505929193620024 0 0
leaf_weight=27 739 36 20 56 20 313 20 151 72 173 253 22 218 2372 42 92 702 162 2020 684 87 264 38 55 473 352 254 163 55 73 237 269 284 425 71 53 334 31 777 60 36 41 88 78 37 23 49 20 35
leaf_count=27 739 36 20 56 20 313 20 151 72 173 253 22 218 2372 42 92 702 162 2020 684 87 264 38 55 473 352 254 163 55 73 237 269 284 425 71 53 334 31 777 60 36 41 88 78 37 23 49 20 35
internal_value=0 -3.11261e-05 -4.80058e-05 0.000210991 0.000371307 6.15911e-05 6.87473e-05 0.000108782 -5.84804e-05 -0.000165398 -0.000260998 -0.000407938 -0.000549273 -4.39201e-05 -6.84818e-05 0.000213792 -2.73238e-05 -1.32361e-05 2.64895e-05 -4.4545e-05 5.79132e-05 0 -0.000131077 -0.000442126 8.29576e-05 3.49068e-05 -1.95564e-05 5.39712e-05 -0.000199898 0.000390028 -0.000132493 0.000186238 5.41499e-05 0.000108808 0 0.000159283 0.000266003 0.0002985 0.000155868 0.000122581 0.000363209 0.000174604 0.000126709 8.49229e-05 0.00064235 0.000301665 -0.000320859 0.000499746 -0.000173375
internal_weight=0 9006 8094 281 225 3950 3923 912 7813 862 565 312 240 6951 242 205 5940 5238 2182 3056 3866 1065 357 93 2801 1763 945 636 309 113 1011 670 708 818 297 124 401 365 1038 951 96 466 424 855 57 111 91 93 774
internal_count=12956 9006 8094 281 225 3950 3923 912 7813 862 565 312 240 6951 242 205 5940 5238 2182 3056 3866 1065 357 93 2801 1763 945 636 309 113 1011 670 708 818 297 124 401 365 1038 951 96 466 424 855 57 111 91 93 774
is_linear=0
shrinkage=0.03


Tree=3
num_leaves=50
num_cat=0
split_feature=41 53 54 5 8 34 8 26 1 34 1 8 34 1 1 4 30 22 1 41 41 49 8 1 53 33 42 53 34 6 49 42 4 26 1 34 53 6 33 6 53 9 49 1 8 26 8 1 53
split_gain=0.0429862 0.0292653 0.0241739 0.0175627 0.0169809 0.0162904 0.0183811 0.0170513 0.0124924 0.0116638 0.011056 0.0105712 0.00946177 0.00891918 0.00876021 0.00868353 0.00821223 0.00716676 0.00700734 0.00683657 0.00969503 0.0117318 0.00803821 0.00808348 0.0159716 0.00816943 0.00690402 0.00661348 0.0121467 0.00639858 0.00633605 0.00604286 0.00573761 0.00566117 0.00580666 0.00565811 0.0052792 0.00496973 0.00638628 0.0065728 0.00481356 0.00398458 0.00350368 0.00349355 0.0033868 0.00338376 0.00337896 0.0031405 0.00299902
threshold=0.0067702310205894648 62099.385000000002 0.040657112419917291 -3263.4500000000039 12184.225000000002 922.10264285714322 11560.1 0.025557227254127162 88606.124750000003 702.69867857142845 71124.402000000016 8967.6750000000011 1045.296339285715 63917.055000000015 95923.450500000006 479.81071428571556 0.01958462262470426 0.013793593288244851 83722.528250000018 0.0045333663240909958 0.005606122887380327 46.864637900786285 8351.1250000000018 46853.055000000008 45050.202100000002 0.0049371412828269389 0.87181375828446184 63564.251100000001 822.76185714285691 112.36000000000423 25.561591670287832 1.2502644127123983 828.82785714285694 0.057369395360778952 89119.302750000017 746.20100000000082 82662.250000000015 904.3600000000007 0.007950120575296005 -554.60500000000309 63216.274400000017 487.03000000000617 37.227737666329077 97422.598000000013 9528.0250000000015 0.046386737050231296 10199.650000000003 59166.53775000001 81164.281300000017
decision_type=2 2 2 2 2 2 2 2 2 2 2 2 2 2 2 2 2 2 2 2 2 2 2 2 2 2 2 2 2 2 2 2 2 2 2 2 2 2 2 2 2 2 2 2 2 2 2 2 2
left_child=1 19 3 12 9 7 11 27 17 13 -11 -7 -2 15 -13 30 -6 -9 -12 22 21 26 29 24 -24 -25 -21 -5 -29 -1 -3 -28 -8 34 -20 -4 -18 38 43 -40 -17 -38 -26 -15 -27 -46 -32 -22 -34
right_child=2 4 35 5 16 6 32 8 -10 10 18 14 -14 37 -16 40 36 -19 33 20 47 -23 23 25 42 44 31 28 -30 -31 46 -33 48 -35 -36 -37 41 -39 39 -41 -42 -43 -44 -45 45 -47 -48 -49 -50
leaf_value=4.7725157809318694e-05 -0.00052031047231667021 0 0 8.6475818377668761e-05 0.00019325459250338264 0 0 0.0002309373945765813 -0.00060735344912760884 -0.00092148748031001021 0.00010031989702028077 0.00087219339619381219 1.701365722000881e-06 -2.2989133821062067e-05 0 0.00029584178032037253 0.00010584327589972814 0 -0.00075485900044441206 -1.3404734036424089e-05 0.00017946806145871096 6.3251555532502278e-05 0 0.00045926377867243785 -0.00092675393199344053 -4.2177260151126044e-05 -0.00043543970544931152 0.00079834181784690049 0 0.00017381823976045607 -0.00025308464866521919 0 0.00044432655834235357 0 -0.00016750024178424747 -0.00037810259371657266 0 1.180840855870492e-05 -0.00027686174031104027 0 -1.3081457051680074e-05 -0.00026095566351962027 0 -0.00011358951021041263 0 0.0004190838146679415 0 0 2.7096196990002171e-06
leaf_weight=991 39 190 33 92 372 20 37 177 23 24 41 128 22 4020 20 53 116 250 31 184 220 200 191 45 26 243 136 71 21 967 516 42 63 66 264 69 24 1473 217 97 54 103 21 517 144 32 52 118 79
leaf_count=991 39 190 33 92 372 20 37 177 23 24 41 128 22 4020 20 53 116 250 31 184 220 200 191 45 26 243 136 71 21 967 516 42 63 66 264 69 24 1473 217 97 54 103 21 517 144 32 52 118 79
internal_value=0 -1.19053e-05 0.000180469 0.000228058 -4.36236e-05 0.000263034 0.000443444 0.00014994 2.81729e-05 -5.66415e-05 -0.00021509 0.000690321 -0.000186138 -4.59918e-05 0.000777795 -0.000139559 0.000102887 8.38698e-05 -0.000149889 5.88905e-05 -3.46044e-06 -8.91317e-05 8.33678e-05 0 -0.000145727 6.90624e-05 -0.000198145 0.000398376 0.000611474 0.000114612 -0.00017911 -0.000338292 0.000160776 -0.000203276 -0.000260404 -0.000216949 0 -3.17645e-05 -4.68505e-05 -0.000184864 5.64589e-05 -0.000164586 -0.000641006 -3.53036e-05 5.39236e-06 0.00012208 -0.000229869 0.000112336 0.000262409
internal_weight=0 11790 1144 1042 8230 981 347 634 450 7615 426 168 61 7189 148 865 615 427 402 3560 900 562 2660 702 238 464 362 184 92 1958 758 178 179 361 295 102 243 6324 4851 314 107 127 47 4537 419 176 568 338 142
internal_count=12934 11790 1144 1042 8230 981 347 634 450 7615 426 168 61 7189 148 865 615 427 402 3560 900 562 2660 702 238 464 362 184 92 1958 758 178 179 361 295 102 243 6324 4851 314 107 127 47 4537 419 176 568 338 142
is_linear=0
shrinkage=0.03


Tree=4
num_leaves=50
num_cat=0
split_feature=41 3 19 53 3 7 35 0 8 8 3 3 41 8 1 7 53 53 1 53 3 49 53 1 52 49 54 53 42 33 49 53 35 53 5 3 49 7 3 7 3 8 1 1 8 33 52 26 1
split_gain=0.029206 0.0291785 0.0261925 0.0229657 0.0181212 0.030782 0.0207413 0.018695 0.0167086 0.0131358 0.0125139 0.0108668 0.0104331 0.00966601 0.0088181 0.00878698 0.00826686 0.0201451 0.016405 0.0119875 0.012954 0.00870837 0.00869152 0.00714832 0.00714776 0.00709805 0.0127459 0.0256693 0.00706567 0.00818894 0.00775746 0.00576336 0.00520249 0.00668675 0.00494437 0.00478937 0.00694876 0.00538662 0.00476945 0.00475394 0.00593166 0.00464668 0.00430433 0.00374543 0.00371884 0.00652157 0.00367125 0.00360618 0.00356372
threshold=0.0058892764872640821 80598.123190118713 -0.05911498257064151 62099.385000000002 74652.33375723254 0.009137207289492329 0.70511897875490981 57.417261945892186 8886.8250000000025 8453.0250000000015 86729.069569648957 82000.441405918144 0.0045333663240909958 11999.35 60627.264500000012 0.0058376394483358757 74690.807000000015 84740.68700000002 85953.012499999997 69298.658700000015 66629.272380847615 10.643812879623104 97628.137200000012 51669.830250000006 0.010752666325980955 47.566164219592785 0.0024221649147505883 45050.202100000002 0.91653099051958697 0.0073735356023857451 51.582393531979058 84909.771099999998 1.1237932380477316 43044.827600000011 -900.98000000000309 80598.123190118713 19.606239207303705 0.0023211372591928534 91614.334184419291 0.0042907949192382043 79987.289627376842 11111.525000000003 57282.863000000005 62260.98575 4721.5750000000016 0.0034020188683371211 0.0033990449832554067 0.010681871990805282 99590.287750000018
decision_type=2 2 2 2 2 2 2 2 2 2 2 2 2 2 2 2 2 2 2 2 2 2 2 2 2 2 2 2 2 2 2 2 2 2 2 2 2 2 2 2 2 2 2 2 2 2 2 2 2
left_child=3 2 -2 9 7 6 -6 23 10 12 -3 -10 32 16 15 25 19 35 31 20 21 -5 38 -4 -23 26 27 -11 29 -13 -31 -19 44 -34 -35 36 -18 -37 -20 40 -15 -8 -25 -16 45 -1 -44 -36 -24
right_child=1 8 4 13 5 -7 41 -9 11 14 -12 28 -14 39 43 -17 17 18 22 -21 -22 24 48 42 -26 -27 -28 -29 -30 30 -32 -33 33 34 47 37 -38 -39 -40 -41 -42 -43 46 -45 -46 -47 -48 -49 -50
leaf_value=0.000412064915720824 -0.00057160508915412808 0 0 0.00032066519188627535 0 0 0.0015570597435147484 0 -0.0004206678047400765 0 -0.00081608478224288062 0 -4.4375536463044432e-05 0 0.00022108382609285478 8.1951303018165114e-05 0.00093024649215160216 0 -9.092631591782203e-05 -0.00019633874030952695 3.1452646880897884e-05 -0.00012701627238474852 -0.00022213785131544895 0.00055536768341938518 2.4241112388570791e-05 0 0 -0.00060603305770120792 -2.1581698305556573e-05 0.00052904912926326532 0 -0.00049261013373536663 0 0 0 0.00021460294442259914 0.00011361202817944879 0 2.7410703318739311e-05 0 0.00034519918166766407 0.00058936888573407273 0.00026082442734347782 0 4.2250892640283179e-05 0 0 0.00029999384853612643 -4.7738743360894869e-05
leaf_weight=77 33 30 72 33 31 50 29 437 49 99 42 93 389 34 124 135 20 38 399 833 873 2012 271 99 215 181 192 150 281 77 22 106 121 64 36 146 105 340 1319 406 99 83 366 51 1229 46 79 409 487
leaf_count=77 33 30 72 33 31 50 29 437 49 99 42 93 389 34 124 135 20 38 399 833 873 2012 271 99 215 181 192 150 281 77 22 106 121 64 36 146 105 340 1319 406 99 83 366 51 1229 46 79 409 487
internal_value=0 0.00010622 0.000188643 -2.17667e-05 0.000216132 0.000505621 0.000733609 0.000154399 -5.61138e-05 4.29945e-05 -0.000483605 0 8.19366e-05 -5.05815e-05 -4.64147e-05 -9.77775e-05 -6.04229e-05 -2.10574e-05 -5.96135e-05 -9.02199e-05 -5.91166e-05 -9.80833e-05 -3.7424e-05 0.000260851 -0.000108371 -0.000151269 -0.000216203 -0.000358828 4.72324e-05 0.000194623 0.000384153 -0.000377909 0.000111271 0.000191531 0.000239198 0.000129499 0.000318016 6.23385e-05 0 6.40987e-05 0.000220725 0.000923564 0.0002981 0.000124212 6.71817e-05 0.000242586 0.000220319 0.000274649 -0.000122022
internal_weight=0 1873 1279 11039 1246 193 143 1053 594 3303 72 522 2371 7736 932 757 7197 3231 2620 3966 3133 2260 2476 616 2227 622 441 249 473 192 99 144 1982 630 509 611 125 486 1718 539 133 112 544 175 1352 123 445 445 758
internal_count=12912 1873 1279 11039 1246 193 143 1053 594 3303 72 522 2371 7736 932 757 7197 3231 2620 3966 3133 2260 2476 616 2227 622 441 249 473 192 99 144 1982 630 509 611 125 486 1718 539 133 112 544 175 1352 123 445 445 758
is_linear=0
shrinkage=0.03


Tree=5
num_leaves=50
num_cat=0
split_feature=41 53 2 34 35 52 34 53 19 49 7 41 41 53 3 41 53 54 53 53 7 7 34 41 3 7 2 0 52 7 55 28 37 53 3 34 1 34 3 49 0 1 3 3 41 41 35 54 9
split_gain=0.0357124 0.0312319 0.0262886 0.0312883 0.031929 0.0238984 0.0169536 0.0129773 0.0114856 0.00867443 0.00997732 0.00844765 0.0104453 0.0076518 0.0189219 0.0113769 0.0091006 0.00691158 0.00688543 0.00834765 0.0119629 0.0133955 0.00682485 0.0186948 0.00652619 0.00637868 0.0125557 0.00795015 0.00615517 0.00602038 0.00572904 0.00509143 0.00570642 0.00528153 0.00506556 0.0144189 0.00498283 0.005807 0.00501931 0.00491181 0.00620543 0.0047409 0.00467319 0.00848 0.0063466 0.00523113 0.00451069 0.0045584 0.00419048
threshold=0.0067702310205894648 62099.385000000002 86250.913215466935 939.67226785714286 0.80822923370033717 -0.045874445273092083 867.90525000000048 81788.88960000001 0.013753931180941261 48.386193115529927 0.0041137610735020409 0.0056553020878706258 0.0045569191908318577 74690.807000000015 81266.392582502798 0.0023477423013270947 97628.137200000012 0.033128156536953009 69590.244000000021 64352.257900000004 0.0071766492983236499 0.0044752656710176373 552.05166071428573 0.0053011455888579443 57902.197635592354 0.0062827200415673775 90662.795610912508 33.835396718482862 -0.0015089320541492627 0.0058376394483358757 1.0000000180025095e-35 -0.55099784013952136 193.94499999999974 75882.481900000028 43236.184832725667 226.10358928571387 53214.75250000001 834.86578571428572 66301.065600053189 26.643673728015596 36.173425384669265 58898.107500000006 56622.217368477905 56854.176819698805 0.0038772702618083458 0.0025546664213372447 0.80822923370033717 0.0098761597596900442 228.01999999999683
decision_type=2 2 2 2 2 2 2 2 2 2 2 2 2 2 2 2 2 2 2 2 2 2 2 2 2 2 2 2 2 2 2 2 2 2 2 2 2 2 2 2 2 2 2 2 2 2 2 2 2
left_child=1 9 3 5 -5 -2 -4 -6 36 10 42 12 24 15 31 -3 25 30 19 20 21 -17 -21 -24 -12 -16 27 -27 -20 -14 -8 -15 33 -33 -11 -36 -7 38 -38 -18 -41 48 -1 44 -44 -45 -30 -48 -37
right_child=2 13 6 4 7 8 17 -9 -10 34 11 -13 29 14 16 18 39 -19 28 22 -22 -23 23 -25 -26 26 -28 -29 46 -31 -32 32 -34 -35 35 41 37 -39 -40 40 -42 -43 43 45 -46 -47 47 -49 -50
leaf_value=1.4804026543990114e-05 -0.00080794359408227219 -0.00020659752577255566 -0.00067551944698284057 0 0.00057391068142922149 0 0.00021937868022807656 0.0017362205482459822 0 0 -9.9667820047283625e-05 0.0001213009857704522 -0.00040017375043398793 0 5.8092172593552052e-06 -0.00015037296459809608 0 -0.00029726834896147853 -4.1802746649300507e-06 2.1201306344796934e-05 -0.00070555552580731204 8.3149651827353106e-05 -0.0005530492241950357 0 0.00014332563235844672 0 0 -0.00058624897705862014 -1.8436362339105515e-05 0 -5.4895536705867e-05 0 1.8781022057013883e-06 0.00048539034570964877 0.0006597114412348013 0 0.00019927289842325253 0 0.00056656047284626987 0 -0.00022671250265046187 3.1122484756663568e-06 0.00086585092951881352 0.00028339099908627542 0 3.6849364997636457e-05 -0.00047776605936212109 -7.296320726931384e-05 0.00026785186691428113
leaf_weight=1019 20 560 36 67 98 66 144 25 182 150 308 153 140 60 2527 665 269 48 285 1899 32 277 72 115 137 27 123 70 144 69 54 22 103 118 60 102 259 60 108 169 437 311 27 118 26 683 117 114 244
leaf_count=1019 20 560 36 67 98 66 144 25 182 150 308 153 140 60 2527 665 269 48 285 1899 32 277 72 115 137 27 123 70 144 69 54 22 103 118 60 102 259 60 108 169 437 311 27 118 26 683 117 114 244
internal_value=0 -1.37153e-05 0.000160186 0.000243069 0.000598771 0.000132666 -6.80266e-05 0.000886795 0.00017421 5.95621e-05 2.85968e-05 -5.34988e-05 -0.000108184 -4.64908e-05 -1.33745e-05 -7.47546e-05 -3.45781e-05 0 -5.2473e-05 -2.97293e-05 -0.000102407 -7.21487e-05 0 -0.000168036 -4.60135e-06 -4.28528e-06 -0.000160938 -0.000418067 -0.000144229 -0.000285409 9.9221e-05 0.000210199 0.00027187 0.00040593 0.000144859 0.000178124 0.000250002 0.000287489 0.000332235 -0.000119364 -0.000166914 0.00012017 6.87757e-05 0.000122612 0.000526142 8.44931e-05 -0.000226597 -0.000317257 0.000199304
internal_weight=0 11752 1167 885 190 695 282 123 675 3547 2680 807 654 8205 3925 4280 3622 246 3720 3060 974 942 2086 187 445 2747 220 97 660 209 198 303 243 140 867 717 493 427 367 875 606 657 1873 854 53 801 375 231 346
internal_count=12919 11752 1167 885 190 695 282 123 675 3547 2680 807 654 8205 3925 4280 3622 246 3720 3060 974 942 2086 187 445 2747 220 97 660 209 198 303 243 140 867 717 493 427 367 875 606 657 1873 854 53 801 375 231 346
is_linear=0
shrinkage=0.03


Tree=6
num_leaves=50
num_cat=0
split_feature=41 3 54 52 34 2 26 33 8 8 3 34 30 0 1 3 3 3 1 1 1 2 8 33 35 1 7 34 3 2 26 33 35 41 8 26 8 54 30 34 1 46 54 2 52 7 6 54 2
split_gain=0.0394429 0.0269756 0.0251234 0.024731 0.0177432 0.0197189 0.0193879 0.0192367 0.0132143 0.0123145 0.0103406 0.00995193 0.00823739 0.00810838 0.00788013 0.00724478 0.0127228 0.00816214 0.00764455 0.00683822 0.00678384 0.00754566 0.00638634 0.00883342 0.00820908 0.00763084 0.00629028 0.00586976 0.00544119 0.00527552 0.00514519 0.00721725 0.00510211 0.00465199 0.00446006 0.00426621 0.00416088 0.00414685 0.00338309 0.00377834 0.00384773 0.00341495 0.00338186 0.00330458 0.00325067 0.00296724 0.00287292 0.00822612 0.00358628
threshold=0.0067702310205894648 61405.034626730536 0.038864117162068577 -0.045874445273092083 939.67226785714286 86250.913215466935 0.024850176922183845 0.010545222363471237 11743.925000000001 12184.225000000002 79066.3139135581 702.69867857142845 0.01958462262470426 52.758691654816673 66939.340000000011 73892.837322705906 81266.392582502798 68924.050254385656 97422.598000000013 82124.311500000011 63917.055000000015 64126.004836024578 4928.6250000000009 0.0034469621922784146 1.1574131485162689 46853.055000000008 0.0029551032945998681 746.20100000000082 98523.424615248325 90073.994563418746 0.063427121091554114 0.007084841634913761 0.98800408264187733 0.004019911663457206 8351.1250000000018 0.057369395360778952 13258.775000000003 -0.041260895740538567 0.0086476275426497235 304.5893750000003 59492.000750000007 24.157468005956002 0.0055193061848768888 98677.734851859044 0.0079099878797489597 0.0065014695911536158 -950.53999999999712 0.0022881386436744131 61570.102791278281
decision_type=2 2 2 2 2 2 2 2 2 2 2 2 2 2 2 2 2 2 2 2 2 2 2 2 2 2 2 2 2 2 2 2 2 2 2 2 2 2 2 2 2 2 2 2 2 2 2 2 2
left_child=1 22 3 -2 6 7 14 -6 -9 11 13 15 -11 -8 -5 17 42 20 29 -16 21 -3 23 -1 38 -26 -19 -4 -20 -18 31 34 -12 -22 -27 -13 -14 -7 39 -24 41 -41 -17 44 -39 -15 -40 48 -48
right_child=2 9 27 4 5 37 10 8 -10 12 32 35 36 45 19 16 18 26 28 -21 33 -23 24 -25 25 30 -28 -29 -30 -31 -32 -33 -34 -35 -36 -37 -38 43 46 40 -42 -43 -44 -45 -46 -47 47 -49 -50
leaf_value=0.00044345998602544933 -0.00052360674599929448 -4.6138337308015128e-05 0 0.00012576021390686386 0 0 0.00022754886617693047 0.0011924434052992814 0.00032684595346399399 0.00017554162721535597 0 -0.00024646588237353141 2.2490216906843144e-05 -0.00020917545345255163 0.0010129061031220682 0.00032564174373645187 -5.3988841234662644e-05 -0.00026435071311654357 -0.00019197546650398387 3.2031230971902546e-05 2.0498314842883602e-06 -0.00027039203885139833 0 0 0 0.00026944661936765299 -4.5164777982468022e-05 -0.00035639720078600728 -7.3421769959132077e-06 4.1949524467824219e-05 0.00035667479295374967 0 -0.00068870695144973787 -8.4862580015719266e-05 0 0 -0.00020961974103569071 0.00037996218342511621 9.7866695388913025e-05 0 0 0.00024817938989166437 0 0 0 2.5831330706450994e-05 -0.0001935802272209695 3.8555860647521977e-06 0
leaf_weight=92 31 597 35 103 29 29 212 72 69 365 32 347 129 58 41 120 846 362 370 33 1802 252 574 69 322 247 353 82 418 1296 138 363 22 702 80 70 88 92 118 94 111 201 74 30 23 179 339 760 54
leaf_count=92 31 597 35 103 29 29 212 72 69 365 32 347 129 58 41 120 846 362 370 33 1802 252 574 69 322 247 353 82 418 1296 138 363 22 702 80 70 88 92 118 94 111 201 74 30 23 179 339 760 54
internal_value=0 -1.30911e-05 0.000169253 0.000219883 0.000251325 0.000440963 0.000142008 0.00068967 0.000834141 -4.3678e-05 2.72548e-05 -5.45785e-05 8.33315e-05 9.06861e-05 0.000416755 -4.46926e-05 -7.05069e-06 -7.13846e-05 -2.54142e-05 0.000698515 -4.79178e-05 -0.00012337 5.47165e-05 0.000251485 4.27343e-05 0.000108495 -0.000168784 -0.000209958 -0.000105493 0 0.000156967 0.00010385 -0.000332006 -1.87296e-05 0.000206378 -0.000203358 -3.03794e-05 0.000145571 5.13039e-06 5.01122e-05 0.000120118 0.000177704 0.000223587 0.000226067 0.00030033 0 -2.2477e-05 -4.26191e-05 -0.000155311
internal_weight=0 11753 1172 1055 1024 344 680 170 141 8191 503 7609 582 449 177 7192 3124 4068 2930 74 3353 849 3562 161 3401 1150 715 117 788 2142 828 690 54 2504 327 417 217 174 2251 980 406 295 194 145 115 237 1271 1153 393
internal_count=12925 11753 1172 1055 1024 344 680 170 141 8191 503 7609 582 449 177 7192 3124 4068 2930 74 3353 849 3562 161 3401 1150 715 117 788 2142 828 690 54 2504 327 417 217 174 2251 980 406 295 194 145 115 237 1271 1153 393
is_linear=0
shrinkage=0.03


Tree=7
num_leaves=50
num_cat=0
split_feature=41 53 53 3 26 53 0 34 35 7 35 53 53 7 4 6 51 53 26 53 3 34 35 42 53 26 42 41 27 53 3 53 53 34 52 37 53 30 53 41 7 30 51 7 6 3 53 34 7
split_gain=0.0275518 0.0269757 0.023375 0.0343944 0.0242819 0.0314077 0.0240776 0.0211862 0.0261112 0.0201242 0.0108991 0.00863647 0.00847231 0.0288386 0.0151339 0.00686678 0.00675596 0.0149489 0.0138216 0.00670833 0.0064634 0.00616707 0.0061264 0.00969917 0.00748014 0.00764182 0.00601895 0.00564001 0.00515725 0.00475438 0.00911985 0.00556599 0.0103866 0.00758004 0.00444041 0.00433791 0.00429714 0.00861119 0.00374409 0.00600293 0.00384949 0.00370105 0.00332992 0.00382871 0.00330678 0.00389019 0.00534595 0.00325888 0.00315029
threshold=0.0066880417649510483 62099.385000000002 82662.250000000015 67359.652543278135 0.091631049664112771 81788.88960000001 22.954275411140447 867.90525000000048 0.80344877943649173 0.014170226152244137 0.70134216108228242 64110.791799999999 64352.257900000004 0.0071766492983236499 428.10107142857129 1561.7049999999947 46853.055000000008 45050.202100000002 0.016698028769255354 43572.861800000006 63163.990180272813 311.17771428571461 1.1237932380477316 0.90778713873251948 57761.868000000009 0.025894917687504636 1.0942490161536216 0.011754965997907143 0.63150381723280768 97628.137200000012 90996.267437927119 84909.771099999998 74690.807000000015 770.56694642857099 0.013127223555729173 273.45499999999817 94638.319499999998 0.015832089843999298 63291.245700000007 0.0027992438885853003 0.0047058931467535226 0.058013411578546975 60175.555000000008 0.006092820045580794 -2389.7550000000078 98523.424615248325 103429.6882 370.1793035714291 0.008652665845704283
decision_type=2 2 2 2 2 2 2 2 2 2 2 2 2 2 2 2 2 2 2 2 2 2 2 2 2 2 2 2 2 2 2 2 2 2 2 2 2 2 2 2 2 2 2 2 2 2 2 2 2
left_child=1 16 3 6 5 10 -2 8 -4 11 -5 34 13 14 38 27 17 19 -19 -1 26 -21 23 35 -24 47 -14 48 -13 30 31 32 -22 -33 -8 -18 37 -32 40 -40 -3 -30 43 -27 -31 -46 -47 -26 -9
right_child=2 12 7 4 -6 -7 9 15 -10 -11 -12 28 20 -15 -16 -17 22 18 -20 21 29 -23 24 -25 25 42 -28 -29 41 44 36 33 -34 -35 -36 -37 -38 -39 39 -41 -42 -43 -44 -45 45 46 -48 -49 -50
leaf_value=0 -0.00086497828724514225 -0.00026072402147112852 0 0 0 0.0019841033448763372 0.00021238240040319237 0.00031725769499555735 -0.0010750224753645005 0.00078900495495244703 0.00063856326965678137 0 0 -0.0011360140665728216 9.2311176935648713e-05 -0.00015118766123647684 0.00015251796641238633 -0.00068036622422730714 0 0.00042996173489685634 -5.44305149260401e-05 0 0.00029014933668847112 -2.476584296453139e-05 0.00024563078379385078 -0.00021140392268771701 0.00056417804921396291 -7.0244318216033426e-05 -0.00044035889598423772 0 0.00021506456740526118 -0.00018173073388615525 6.0275487152807929e-05 2.1238871837846673e-05 0 0 0 -2.2277615719822716e-05 3.9759242696586681e-05 -0.00015918441239513032 0 0 7.8239361168027079e-05 0 -0.00022331547764753846 9.0305713654443389e-06 -0.00017806489835323774 0 0
leaf_weight=753 20 379 25 45 38 20 314 122 37 43 118 98 24 26 253 84 633 53 99 69 3153 46 282 806 205 123 30 26 45 101 298 538 852 133 84 178 1055 143 170 267 47 29 152 68 293 277 180 21 60
leaf_count=753 20 379 25 45 38 20 314 122 37 43 118 98 24 26 253 84 633 53 99 69 3153 46 282 806 205 123 30 26 45 101 298 538 852 133 84 178 1055 143 170 267 47 29 152 68 293 277 180 21 60
internal_value=0 -1.3616e-05 0.000136841 0.000223959 0.000555232 0.00070101 9.38818e-05 -4.79329e-05 -0.000560991 0.000140248 0.000485107 7.51367e-05 -4.38964e-05 -0.000122399 -9.04234e-05 3.06778e-05 5.51531e-05 -1.53926e-06 -0.000283411 3.75366e-05 -2.99522e-05 0.000250947 8.2227e-05 4.00398e-05 0.000151773 6.72676e-05 0.000279019 0.000147442 -6.8646e-05 -3.36211e-05 -2.25562e-05 -4.4107e-05 -2.77789e-05 -0.000128101 0.000159875 0.000115525 3.87848e-05 0.000117746 -0.000154433 -6.12371e-05 -0.000228813 -0.00027092 0 -0.000103888 -0.000103263 -0.000126748 -4.5049e-05 0.000204389 0.000227974
internal_weight=0 11707 1208 854 221 183 633 354 62 613 163 570 8219 1142 1116 292 3488 1020 152 868 7077 115 2468 1617 851 569 54 208 172 7023 6172 4676 4005 671 398 811 1496 441 863 437 426 74 343 191 851 750 457 226 182
internal_count=12915 11707 1208 854 221 183 633 354 62 613 163 570 8219 1142 1116 292 3488 1020 152 868 7077 115 2468 1617 851 569 54 208 172 7023 6172 4676 4005 671 398 811 1496 441 863 437 426 74 343 191 851 750 457 226 182
is_linear=0
shrinkage=0.03


Tree=8
num_leaves=50
num_cat=0
split_feature=41 52 54 3 8 3 3 8 34 0 34 1 30 8 34 26 8 3 54 1 1 34 8 7 20 1 2 2 1 30 42 41 2 1 41 29 9 49 41 34 8 3 1 8 1 2 26 34 29
split_gain=0.0263447 0.0227576 0.0241076 0.0199603 0.014251 0.0106144 0.0246698 0.0216785 0.0122351 0.0105485 0.0104652 0.012887 0.00883085 0.00773931 0.00720285 0.0071154 0.00730255 0.00906388 0.00708408 0.0143262 0.00681932 0.00606206 0.00540184 0.00516869 0.00501643 0.00555056 0.00984811 0.00616332 0.00605978 0.00603168 0.00492362 0.00477468 0.00524419 0.0232083 0.00475528 0.00423021 0.00981297 0.00411927 0.00433211 0.00389744 0.00387409 0.00373529 0.00572149 0.00369252 0.00339045 0.00326696 0.00328534 0.00328496 0.00308125
threshold=0.0067702310205894648 -0.045874445273092083 0.040657112419917291 61405.034626730536 12184.225000000002 80598.123190118713 67359.652543278135 10518.925000000001 770.56694642857099 52.552889308880161 695.78960714285734 71124.402000000016 0.022488257770183404 4928.6250000000009 248.45926785714286 0.044719528374956331 8424.1000000000004 59988.198221951883 0.0031976181044361266 44342.280250000011 94460.119500000015 939.67226785714286 9275.6750000000011 0.0068220623706588763 0.012098897561300228 63917.055000000015 64126.004836024578 63447.085209168734 97550.908750000017 0.017053480603210162 0.84374103353479635 0.0046264905709390769 44109.711039482609 49994.796500000004 0.004019911663457206 0.0097459478947298731 537.45999999999924 21.404394276019442 0.0049672995506235855 746.20100000000082 13594.550000000001 56854.176819698805 51146.875750000014 9634.8000000000011 54931.665000000001 64832.778597278077 0.026080947257615231 702.69867857142845 0.018390322633833108
decision_type=2 2 2 2 2 2 2 2 2 2 2 2 2 2 2 2 2 2 2 2 2 2 2 2 2 2 2 2 2 2 2 2 2 2 2 2 2 2 2 2 2 2 2 2 2 2 2 2 2
left_child=3 -2 5 13 10 6 9 21 -9 22 24 -12 -6 14 -1 16 31 18 19 -18 35 -8 -3 37 25 26 27 -5 34 -28 -22 32 -15 -34 -27 36 -7 -13 -39 -4 -14 42 -17 -43 -33 47 -47 -11 -30
right_child=1 2 39 4 12 20 7 8 -10 45 11 23 40 15 -16 41 17 -19 -20 -21 30 -23 -24 -25 -26 28 29 -29 48 -31 -32 44 33 -35 -36 -37 -38 38 -40 -41 -42 43 -44 -45 -46 46 -48 -49 -50
leaf_value=0.00038204489747912959 -0.00054579128819125255 0 0 -0.0001683262551904945 0.00018238646356240215 0 0.00043506956640505389 0.00079212718245625779 4.0739166657346957e-05 0 -0.00088006282175065074 0 0 -6.1201550875909492e-06 0 0 4.5771056632847621e-05 0.00013342394741036546 0 -0.00030347373789264945 0.00060797229485975188 0.0017725001446614959 0.00037705222753653807 0 0 -5.7461175784251808e-06 -0.00042938283397284821 1.9959078536548511e-05 -0.00017679185320050347 0 0 -0.00018678942318851296 0.00047930690530668886 4.4297386964171765e-05 -8.7133282218799268e-05 0 -0.00078515885742528777 0 -0.0003152825944708623 -0.0003471244622804074 -0.00030160488892001601 -3.9540065249974644e-05 0.00033174305897466571 0.0001650948213991462 0 0 -0.00020673295171509605 0.00031319553144232754 0
leaf_weight=117 36 82 27 239 401 29 34 37 110 121 28 75 136 443 45 128 100 133 259 304 27 23 186 78 1724 3273 143 265 424 32 45 107 133 1135 911 127 21 79 195 74 41 161 165 114 245 20 96 48 121
leaf_count=117 36 82 27 239 401 29 34 37 110 121 28 75 136 443 45 128 100 133 259 304 27 23 186 78 1724 3273 143 265 424 32 45 107 133 1135 911 127 21 79 195 74 41 161 165 114 245 20 96 48 121
internal_value=0 0.000138003 0.000168509 -1.28351e-05 -3.93473e-05 0.000217705 0.000274908 0.00057397 0.000292192 0.000148068 -5.10792e-05 -0.000195916 9.90322e-05 4.49712e-05 0.000256022 3.23469e-05 9.62494e-06 -6.32065e-05 -0.000116262 -0.000194796 7.57451e-06 0.00113826 0.000283897 -0.000129405 -4.05693e-05 -5.48207e-05 -0.000140802 -5.15275e-05 -4.05641e-05 -0.000346045 0.000279786 4.20937e-05 6.51372e-05 9.71241e-05 -2.56228e-05 -5.26801e-05 -0.000292356 -0.000183854 -0.000237824 -0.000231845 -3.90378e-05 0.000130815 0.000210875 1.26863e-05 -4.433e-05 0 -9.9824e-05 0.000102576 -0.000138688
internal_weight=0 1143 1107 11754 8165 1006 757 204 147 553 7587 455 578 3589 162 3427 2859 796 663 404 249 57 268 427 7132 5408 679 504 4729 175 72 2063 1711 1268 4184 177 50 349 274 101 177 568 293 275 352 285 116 169 545
internal_count=12897 1143 1107 11754 8165 1006 757 204 147 553 7587 455 578 3589 162 3427 2859 796 663 404 249 57 268 427 7132 5408 679 504 4729 175 72 2063 1711 1268 4184 177 50 349 274 101 177 568 293 275 352 285 116 169 545
is_linear=0
shrinkage=0.03


Tree=9
num_leaves=50
num_cat=0
split_feature=41 5 3 3 3 35 4 27 49 1 42 27 4 41 41 49 42 5 4 49 20 1 33 20 3 12 27 1 3 3 42 46 52 33 42 52 20 46 41 49 1 3 3 3 42 33 10 5 33
split_gain=0.0251062 0.0301917 0.0200465 0.0174421 0.0145226 0.0207407 0.0310145 0.0152828 0.0112001 0.00833394 0.00822513 0.00789746 0.00707091 0.00797506 0.00758911 0.0096393 0.011636 0.00722713 0.00691834 0.00649438 0.00620531 0.00546675 0.00534046 0.0139548 0.0091604 0.0113209 0.00893933 0.00454644 0.00466181 0.00582022 0.00480644 0.00423424 0.00411445 0.00353227 0.00303856 0.00299933 0.00288661 0.00520089 0.00280713 0.00343894 0.0032453 0.00274846 0.0058839 0.00575123 0.00269473 0.00240535 0.0021998 0.00210916 0.00195423
threshold=0.0066880417649510483 -4240.9849999999997 61405.034626730536 80598.123190118713 74652.33375723254 0.70511897875490981 1087.6167857142857 0.63150381723280768 46.610468794069597 94460.119500000015 0.87835332196462568 0.69621582495018275 531.57821428571458 0.0045786795843875926 0.0054279892681324193 46.864637900786285 0.87181375828446184 -876.25999999999829 622.24000000000012 54.836699763864011 0.011647800744259753 51669.830250000006 0.0098493329135893818 -0.03423871964274771 87967.115842557265 0.0060626040036789149 0.13441929210297046 63917.055000000015 96596.062645770508 90996.267437927119 1.2642943394764201 63.006676277764491 -0.015838994975051788 0.0071588363938864209 0.8161069244206155 -0.0016883037665715824 0.012528168591168122 72.31518612071271 0.0038176046805978464 26.025534963012809 53214.75250000001 56854.176819698805 42947.862259317517 59444.897293257185 1.1382578580229077 0.0041926477074199558 0.0032771988179944697 -359.2849999999998 0.0041472578354833358
decision_type=2 2 2 2 2 2 2 2 2 2 2 2 2 2 2 2 2 2 2 2 2 2 2 2 2 2 2 2 2 2 2 2 2 2 2 2 2 2 2 2 2 2 2 2 2 2 2 2 2
left_child=2 8 12 4 7 -6 19 21 -2 11 -11 32 13 17 15 16 -15 -1 -13 -7 22 -3 27 -24 25 26 -25 31 29 30 -29 33 -5 -4 -30 -31 37 46 -14 -40 -41 42 -38 -43 -36 -39 -19 -16 -22
right_child=1 3 20 9 5 6 -8 -9 -10 10 -12 18 38 14 47 -17 -18 36 -20 -21 48 -23 23 24 -26 -27 -28 28 34 35 -32 -33 -34 -35 44 -37 41 45 39 40 -42 43 -44 -45 -46 -47 -48 -49 -50
leaf_value=-0.00012427969884761696 0 0 -0.00019489704140046639 -0.00034523560378681422 0 0.0012284910884217948 0 0 -0.0010282087374628051 0.00056919387437498177 0 0 0 0 0.00022313374063826554 0 -0.00048121876870941323 0 -0.00075723662350045461 0 6.7636147581230346e-05 0.0003324217477056931 2.9774235020205049e-05 0 0 0 -0.00073030979707609952 -5.9256617133371109e-05 0 9.0704394592205852e-05 3.2163485201036599e-05 0 3.8762910937847383e-05 0 -0.00021532666957462408 0 0 0 0 0 0.00029600204367082132 -4.815888901530327e-05 0.00030319420728058393 0.0001882844405025029 0 -0.00011192561205201431 9.3328639513502536e-05 0 -8.8188721640733173e-06
leaf_weight=161 21 47 464 29 30 63 38 306 24 35 56 20 53 136 45 126 121 396 29 20 356 326 113 21 71 55 94 2811 189 477 497 167 140 35 291 652 104 173 36 30 221 171 196 143 159 228 1031 216 1658
leaf_count=161 21 47 464 29 30 63 38 306 24 35 56 20 53 136 45 126 121 396 29 20 356 326 113 21 71 55 94 2811 189 477 497 167 140 35 291 652 104 173 36 30 221 171 196 143 159 228 1031 216 1658
internal_value=0 0.00013047 -1.44378e-05 0.000166863 0.00023898 0.000533771 0.000713628 0.000159967 -0.000587023 0 0.000210198 -0.000126016 4.3406e-05 2.64692e-05 -6.19019e-05 -0.000152737 -0.000261667 5.17946e-05 -0.00046313 0.00103763 -4.11321e-05 0.00028881 -5.62747e-05 -0.000179043 -0.000314167 -0.000433891 -0.000605337 -4.71297e-05 -3.49483e-05 -2.14909e-05 -4.27994e-05 -0.000126406 0 -0.000170162 -0.00011426 3.29689e-05 6.71019e-05 4.0625e-05 0.000178539 0.000215755 0.000255998 0.00013122 0.00020605 3.09626e-05 -0.00015687 -4.16209e-05 7.00464e-05 3.6972e-05 2.35528e-07
internal_weight=0 1184 11697 1139 830 151 121 679 45 309 91 218 3587 3247 644 383 257 2603 49 83 8110 373 6096 354 241 170 115 5742 5076 4437 3308 666 169 499 639 1129 2442 1828 340 287 251 614 300 314 450 401 1427 261 2014
internal_count=12881 1184 11697 1139 830 151 121 679 45 309 91 218 3587 3247 644 383 257 2603 49 83 8110 373 6096 354 241 170 115 5742 5076 4437 3308 666 169 499 639 1129 2442 1828 340 287 251 614 300 314 450 401 1427 261 2014
is_linear=0
shrinkage=0.03


Tree=10
num_leaves=50
num_cat=0
split_feature=34 53 34 54 20 4 53 37 53 53 26 53 1 53 34 26 1 49 1 53 1 4 1 1 53 19 6 54 53 36 6 49 1 1 1 34 1 46 53 4 49 34 53 27 6 37 34 26 34
split_gain=0.020236 0.015687 0.00880862 0.0191238 0.0237525 0.00863643 0.00616218 0.00817036 0.00609 0.00840575 0.0180955 0.00771628 0.0102505 0.00616692 0.00691111 0.00608858 0.011569 0.00929783 0.00598348 0.0059648 0.0200201 0.010309 0.0122137 0.0186723 0.0109098 0.00752075 0.00699311 0.00777911 0.00678146 0.00571463 0.00535865 0.00599609 0.00845706 0.00588844 0.00526505 0.00510555 0.00471726 0.00439151 0.00404132 0.00484154 0.00483149 0.00347086 0.0032923 0.0048281 0.00275404 0.00281579 0.00404848 0.00272775 0.00238873
threshold=1316.9578750000003 61908.17470000001 922.10264285714322 0.029345551916596803 0.042080925278369048 747.8064285714305 87781.319300000017 -62.849999999998538 46914.068200000002 45050.202100000002 0.016698028769255354 57761.868000000009 60922.705750000001 43572.861800000006 311.17771428571461 0.02280632350020112 60032.500000000007 47.055465736344921 60496.820500000009 74690.807000000015 82853.621250000011 466.55964285714418 69194.992000000013 66703.58100000002 63962.361200000007 -0.021911244154858508 169.88499999999843 0.0017772784347898549 81788.88960000001 1.2999641270185796 1114.8400000000004 23.946842671004681 93941.242000000013 82853.621250000011 62364.576250000006 357.87671428571451 46462.130500000007 77.907159109903333 97628.137200000012 633.34178571428731 29.426355216435692 272.70821428571423 56343.026900000004 0.48675600789597789 2174.4599999999996 136.72500000000585 544.74519642857194 0.015515948268993158 359.22532142857364
decision_type=2 2 2 2 2 2 2 2 2 2 2 2 2 2 2 2 2 2 2 2 2 2 2 2 2 2 2 2 2 2 2 2 2 2 2 2 2 2 2 2 2 2 2 2 2 2 2 2 2
left_child=1 8 5 4 6 19 7 -4 9 13 36 29 15 47 -15 16 37 18 -17 21 26 22 23 -3 34 -26 27 -21 -28 42 31 -7 33 -33 -23 -24 -11 -13 39 -22 -40 -18 43 -10 45 46 -14 -1 -19
right_child=-2 2 3 -5 -6 30 -8 -9 11 10 -12 12 44 14 -16 17 41 48 -20 20 38 24 35 -25 25 -27 28 -29 -30 -31 -32 32 -34 -35 -36 -37 -38 -39 40 -41 -42 -43 -44 -45 -46 -47 -48 -49 -50
leaf_value=5.6934322860796313e-05 0.00060680012183292711 -9.5156013893638825e-05 0 -0.00028959680568061785 0.0011728782239350062 0 0 0.00038573402587188611 0.00021622976544020432 -0.00086846467708372166 0 0.00022638309229928226 0.00025371672081051395 0.00038962052958292653 0 -0.00024688157042456501 0 -4.7933368509289446e-05 0 0.00021999963846642322 2.0550560817301176e-05 0 -0.00026317330770489358 6.2308400177437358e-05 -0.0002518370705689993 2.1811043529064679e-05 0.00048031585037939492 -0.00018086827085215973 0 0 0 -0.00012249402300750707 0 -0.00049387825156602051 0.00032478241765670351 -5.3532144774588952e-05 0 0 0 -0.00010975202933464813 -0.00014153262669504174 -0.00020019619156474329 0.00028236549339754881 0 0 0 0 -5.6456248113817634e-05 0.00010550816732186965
leaf_weight=331 49 1835 55 77 23 122 198 117 210 36 140 261 292 82 75 297 50 114 39 103 2009 59 396 1007 102 620 129 62 63 167 212 178 130 137 151 319 26 68 279 291 434 135 285 319 45 127 27 433 174
leaf_count=331 49 1835 55 77 23 122 198 117 210 36 140 261 292 82 75 297 50 114 39 103 2009 59 396 1007 102 620 129 62 63 167 212 178 130 137 151 319 26 68 279 291 434 135 285 319 45 127 27 433 174
internal_value=0 -2.15863e-06 -2.40534e-05 9.78243e-05 0.000196778 -3.17299e-05 0.000110895 0.000242111 4.88486e-05 -2.14033e-06 -0.000183973 7.42331e-05 2.71464e-05 2.80186e-05 0.000199706 -1.53035e-05 5.07735e-05 -8.41468e-05 -0.0001946 -2.09059e-05 7.00674e-06 -4.38645e-05 -6.81036e-05 -3.61948e-05 3.89834e-05 -4.47673e-06 0.000221117 1.48691e-05 0.00035126 0.000143219 -0.00012933 -0.000177421 -0.000228519 -0.000312877 0.000230993 -0.000182285 -0.000609358 0.000169305 -1.53952e-05 1.39754e-07 -7.81043e-05 -0.000111383 0.000176166 0.000101819 0.000143801 0.000168278 0.000217985 0 1.35667e-05
internal_weight=0 12841 9108 470 393 8638 370 172 3733 1123 202 2610 1629 921 157 1138 514 624 336 7859 3370 4489 3557 2842 932 722 357 165 192 981 779 567 445 315 210 715 62 329 3013 2300 713 185 814 529 491 446 319 764 288
internal_count=12890 12841 9108 470 393 8638 370 172 3733 1123 202 2610 1629 921 157 1138 514 624 336 7859 3370 4489 3557 2842 932 722 357 165 192 981 779 567 445 315 210 715 62 329 3013 2300 713 185 814 529 491 446 319 764 288
is_linear=0
shrinkage=0.03


Tree=11
num_leaves=50
num_cat=0
split_feature=41 52 53 3 3 26 35 8 8 52 49 26 1 53 1 8 7 34 34 53 3 53 53 7 49 0 8 8 8 7 1 52 34 1 3 42 3 34 1 53 20 1 26 20 34 9 20 6 20
split_gain=0.0234516 0.0198411 0.0191936 0.0157938 0.0186087 0.0227885 0.0264916 0.0114717 0.0100117 0.00984661 0.0075544 0.00851512 0.00746752 0.0110506 0.00882022 0.00879409 0.00732024 0.0114962 0.00659939 0.00737197 0.0115074 0.00967378 0.00997485 0.00945883 0.00725846 0.00683807 0.00642393 0.00622564 0.00592367 0.00864785 0.00724358 0.00478277 0.00537651 0.00438938 0.0047124 0.00436269 0.0042123 0.00667894 0.00558717 0.00399691 0.00398358 0.00387791 0.00426606 0.0038318 0.00375659 0.00373947 0.0035768 0.00341006 0.003373
threshold=0.0067702310205894648 -0.045874445273092083 61908.17470000001 80598.123190118713 67359.652543278135 0.10386273165926393 0.67962402453970561 8617.8250000000025 12184.225000000002 0.0031667927522905236 48.386193115529927 0.024665969337161038 54931.665000000001 59494.83430000001 61095.54800000001 7112.5500000000002 0.0061657640739939115 867.90525000000048 695.78960714285734 74690.807000000015 81266.392582502798 69298.658700000015 66604.168500000014 0.0069076044246419886 22.894750514127413 29.561296258830641 10602.525000000001 11701.35 8025.0000000000009 0.0057751141976817603 60496.820500000009 0.0072138432247913246 659.405767857142 97286.445500000016 98523.424615248325 0.92181622414510078 43443.703451006535 233.56112499999981 58898.107500000006 63962.361200000007 0.022745713930592774 102755.85100000001 0.058493163141411446 -0.016058030529007335 556.31355357142809 221.83999999999654 0.013014352868762182 559.75000000000011 0.01700894163463396
decision_type=2 2 2 2 2 2 2 2 2 2 2 2 2 2 2 2 2 2 2 2 2 2 2 2 2 2 2 2 2 2 2 2 2 2 2 2 2 2 2 2 2 2 2 2 2 2 2 2 2
left_child=2 -2 10 4 9 6 -6 -5 18 47 11 12 -1 48 35 -16 46 -18 19 21 -21 22 23 -4 -20 -26 -8 -28 -13 30 40 -10 -33 43 -35 -15 -12 -38 45 -11 -30 42 -27 -22 -24 -39 -9 -3 -14
right_child=1 3 8 7 5 -7 26 16 31 39 36 28 13 14 15 -17 17 -19 24 20 33 -23 44 -25 25 41 27 -29 29 -31 -32 32 -34 34 -36 -37 37 38 -40 -41 -42 -43 -44 -45 -46 -47 -48 -49 -50
leaf_value=0 -0.00049398792955035659 0.00027857056760384154 -6.4459389107766326e-05 -0.0005770942107382424 0 0 0.0012832914646835614 0.00038684104144153187 0.0001274748948627656 5.7361858906248562e-05 0 2.0653892761209032e-05 0.00025632447614037907 -0.00019997965246596616 0 0.00036311587053856366 -0.00069000469683565084 0 0 0.00023369530163558019 -0.00010244119006452837 -0.00015896829003814733 4.4469853057081764e-05 -0.00059063498483978452 0 -0.00038961296505512366 0 0.00061729513303785788 -0.00034035277661328603 1.5217691801726483e-05 0 6.1240896188729174e-05 -0.0002543467966299801 -0.00014703987821857988 0 0 0.00049263071372065786 0 0 -0.00019403711354299322 0 0 0 2.2265214447857439e-05 -0.00017674287149713408 0.00025632722009689621 0 0 0
leaf_weight=924 37 262 2069 30 39 42 46 65 468 197 161 325 391 157 93 102 22 151 105 175 245 828 1153 36 60 211 22 80 221 146 61 79 72 414 408 109 67 80 274 78 59 23 45 1798 61 237 20 63 36
leaf_count=924 37 262 2069 30 39 42 46 65 468 197 161 325 391 157 93 102 22 151 105 175 245 828 1153 36 60 211 22 80 221 146 61 79 72 414 408 109 67 80 274 78 59 23 45 1798 61 237 20 63 36
internal_value=0 0.000131033 -1.05994e-05 0.000159918 0.000227142 0.00047212 0.00061837 -2.40062e-06 -3.60564e-05 0.00011846 4.77838e-05 1.88546e-05 5.75738e-05 0.000119702 0 0.000168938 3.01737e-05 -3.95169e-05 -4.62097e-05 -3.76281e-05 0 -6.36671e-05 -3.71684e-05 -7.78159e-05 -0.000164744 -0.000234078 0.000802317 0.000494303 -5.64581e-05 -0.000126369 -0.00021332 7.45416e-05 -2.99595e-05 -1.65304e-05 -7.57331e-05 -9.4225e-05 0.000129444 0.000163134 0.000110328 0 -0.000280475 -0.000297654 -0.000331913 2.89273e-06 2.5902e-05 0.000196294 0.000277165 0.000230517 0.000230353
internal_weight=0 1154 11693 1117 829 229 187 288 8250 600 3443 2624 1812 888 461 195 258 173 7631 7187 3040 4147 3319 2105 444 339 148 102 812 487 341 619 151 2865 822 266 819 658 591 275 280 279 256 2043 1214 317 85 325 427
internal_count=12847 1154 11693 1117 829 229 187 288 8250 600 3443 2624 1812 888 461 195 258 173 7631 7187 3040 4147 3319 2105 444 339 148 102 812 487 341 619 151 2865 822 266 819 658 591 275 280 279 256 2043 1214 317 85 325 427
is_linear=0
shrinkage=0.03


end of trees

feature_importances:
bb_middle=64
sma_50=64
bb_lower=56
atr_ma=54
volume_ma=43
volatility_ma=33
bb_upper=28
volatility=24
bb_width=24
adx=24
price_sma_50_dist=19
atr_normalized=15
price_sma_20_dist=15
return_24=14
atr_ratio=13
volatility_ratio=13
atr=11
momentum_20=11
price_bb_lower_dist=9
rsi=7
return_12=7
momentum_convergence=6
stoch_d=6
momentum_10=5
bb_position=5
range=4
price_bb_upper_dist=3
rsi_normalized=2
sma_20=2
range_pct=1
body_pct=1
return_3=1
bb_position_normalized=1
momentum_ratio=1
stoch_k=1
signal_convergence=1

parameters:
[boosting: gbdt]
[objective: regression]
[metric: rmse]
[tree_learner: serial]
[device_type: cpu]
[data: ]
[valid: ]
[num_iterations: 800]
[learning_rate: 0.03]
[num_leaves: 50]
[num_threads: 8]
[deterministic: 0]
[force_col_wise: 0]
[force_row_wise: 0]
[histogram_pool_size: -1]
[max_depth: 8]
[min_data_in_leaf: 20]
[min_sum_hessian_in_leaf: 0.001]
[bagging_fraction: 0.8]
[pos_bagging_fraction: 1]
[neg_bagging_fraction: 1]
[bagging_freq: 1]
[bagging_seed: 400]
[feature_fraction: 0.7]
[feature_fraction_bynode: 1]
[feature_fraction_seed: 30056]
[extra_trees: 0]
[extra_seed: 12879]
[early_stopping_round: 0]
[first_metric_only: 0]
[max_delta_step: 0]
[lambda_l1: 0.3]
[lambda_l2: 0.3]
[linear_lambda: 0]
[min_gain_to_split: 0]
[drop_rate: 0.1]
[max_drop: 50]
[skip_drop: 0.5]
[xgboost_dart_mode: 0]
[uniform_drop: 0]
[drop_seed: 17869]
[top_rate: 0.2]
[other_rate: 0.1]
[min_data_per_group: 100]
[max_cat_threshold: 32]
[cat_l2: 10]
[cat_smooth: 10]
[max_cat_to_onehot: 4]
[top_k: 20]
[monotone_constraints: ]
[monotone_constraints_method: basic]
[monotone_penalty: 0]
[feature_contri: ]
[forcedsplits_filename: ]
[refit_decay_rate: 0.9]
[cegb_tradeoff: 1]
[cegb_penalty_split: 0]
[cegb_penalty_feature_lazy: ]
[cegb_penalty_feature_coupled: ]
[path_smooth: 0]
[interaction_constraints: ]
[verbosity: 1]
[saved_feature_importance_type: 0]
[linear_tree: 0]
[max_bin: 255]
[max_bin_by_feature: ]
[min_data_in_bin: 3]
[bin_construct_sample_cnt: 200000]
[data_random_seed: 175]
[is_enable_sparse: 1]
[enable_bundle: 1]
[use_missing: 1]
[zero_as_missing: 0]
[feature_pre_filter: 1]
[pre_partition: 0]
[two_round: 0]
[header: 0]
[label_column: ]
[weight_column: ]
[group_column: ]
[ignore_column: ]
[categorical_feature: ]
[forcedbins_filename: ]
[precise_float_parser: 0]
[parser_config_file: ]
[objective_seed: 16083]
[num_class: 1]
[is_unbalance: 0]
[scale_pos_weight: 1]
[sigmoid: 1]
[boost_from_average: 1]
[reg_sqrt: 0]
[alpha: 0.9]
[fair_c: 1]
[poisson_max_delta_step: 0.7]
[tweedie_variance_power: 1.5]
[lambdarank_truncation_level: 30]
[lambdarank_norm: 1]
[label_gain: ]
[lambdarank_position_bias_regularization: 0]
[eval_at: ]
[multi_error_top_k: 1]
[auc_mu_weights: ]
[num_machines: 1]
[local_listen_port: 12400]
[time_out: 120]
[machine_list_filename: ]
[machines: ]
[gpu_platform_id: -1]
[gpu_device_id: -1]
[gpu_use_dp: 0]
[num_gpu: 1]

end of parameters

pandas_categorical:[]
