tree
version=v4
num_class=1
num_tree_per_iteration=1
label_index=0
max_feature_idx=63
objective=regression
feature_names=rsi ema_fast ema_slow bb_middle bb_upper bb_lower atr momentum_10 momentum_20 volatility volume_ma range range_pct body body_pct upper_shadow lower_shadow is_bullish return_1 return_3 return_6 return_12 return_24 log_return rsi_normalized rsi_overbought rsi_oversold rsi_divergence ema_cross ema_cross_pct ema_cross_signal price_ema_fast_dist price_ema_slow_dist bb_width bb_position bb_position_normalized price_bb_upper_dist price_bb_lower_dist bb_breakout_upper bb_breakout_lower atr_normalized atr_ma atr_ratio momentum_ratio momentum_convergence volume_ratio volume_spike volume_change volatility_ma volatility_ratio high_volatility low_volatility stoch_k stoch_d stoch_overbought stoch_oversold adx strong_trend sma_20 price_sma_20_dist sma_50 price_sma_50_dist signal_convergence market_regime
feature_infos=[0:99.999999949210959] [16221.460477967343:22195.420446942684] [16239.993743061475:22183.497877056925] [0:22190.644999999997] [0:22473.811888960026] [0:22156.697503341999] [0:416.8899999999997] [-1136.3299999999981:2041.25] [-1492.3600000000006:2391.5300000000025] [0:0.014853398867608843] [0:18712.200000000001] [0:1362.5300000000025] [0:0.074722026471580341] [0:864.88000000000102] [0:0.047430578596244014] [0:990.12000000000262] [0:265.25] [0:1] [-0.045174245084269593:0.049905285037338931] [-0.048101045054701363:0.086898819085784673] [-0.061847842605140535:0.099918239971441558] [-0.069266784019653138:0.12466460594935413] [-0.10307623393468524:0.13529494076771242] [-0.046226410734074706:0.048699955374397121] [-1:0.99999999898421921] [0:1] [0:1] [-46.49836329065117:57.635486761074901] [-401.79307035902457:574.44218261259448] [-0.024248253187935324:0.029941350879806313] [0:1] [-0.050407460627379774:0.062606981097555275] [-0.068259907944047085:0.077643593190519999] [0:0.21006472259235695] [-0.55117649402783531:1.5235299468246777] [-2.1023529880556708:2.0470598936493554] [-0.029934778744457612:0.11574006853853853] [-0.023113417573155708:0.16790089316156842] [0:1] [0:1] [0:0.024148175694501142] [0:339.85485714285699] [0:3.2790940618972764] [-5670000000.0000725:10050000000] [-2041.25:1136.3299999999981] [0:6.0856248751311206] [0:1] [-0.99980506822612081:2776] [0:0.014083508988507099] [0:4.7739267325055099] [0:1] [0:1] [0:99.999999998465086] [0:99.679439429295329] [0:1] [0:1] [0:97.291675599848531] [0:1] [0:22190.644999999997] [-0.065043780517382327:0.081969259130748082] [0:22163.835999999999] [-0.093182420536107813:0.10000952626628214] [0:2] [0:2]
tree_sizes=4868 3010

Tree=0
num_leaves=50
num_cat=0
split_feature=41 4 10 10 4 3 45 41 56 10 22 1 6 22 4 61 12 1 56 56 4 10 10 42 4 4 45 1 41 10 28 43 53 41 1 45 42 42 45 56 42 56 42 47 42 53 42 4 1
split_gain=0.0107125 0.0197126 0.00495866 0.00289428 0.0013956 0.00100785 0.00108914 0.00139268 0.00160579 0.00246431 0.00159088 0.000863268 0.000789959 0.000746528 0.00086005 0.00107612 0.000563356 0.000534759 0.00073351 0.000661305 0.000623948 0.000459517 0.000422718 0.000457631 0.000404593 0.000438925 0.000362697 0.000327781 0.000319057 0.000315384 0.000646232 0.000297377 0.000263003 0.000249342 0.000243956 0.00024159 0.000213534 0.000189107 0.000184577 0.000171975 0.000153702 4.52181e-05 1.80321e-05 1.79961e-05 1.09412e-05 7.69004e-05 4.57751e-05 3.66405e-08 3.13827e-07
threshold=166.99826785714311 17765.696658442837 11441.975 15140.950000000003 18105.996647126038 18504.393500000002 1.1114091284932737 61.634196428571208 17.301688668939335 9034.9500000000025 0.0092686473077380222 19436.810195475624 50.939285714285568 -0.015451610687008286 19215.736124839554 0.0054353953596283098 0.0011731914510491402 19493.100249334479 28.947586644331711 54.912024905437775 21660.881283435534 9464.5500000000011 2752.6250000000005 1.6901229314567052 18900.709484002637 19026.800817831976 0.71961066672073992 19338.940409309456 13.143642857142662 8080.1750000000002 -20.014209269098497 1.938760377522581 92.28382348481199 59.502392857142816 18532.801853268491 0.67420285238148492 0.94567421938746821 1.7080495166273615 0.50675443508230023 64.202695846609672 2.0115833235641749 41.156933741399975 2.0115833235641749 0.18402972886508365 1.0591921206377506 54.184368583163099 0.51104877705976348 16968.52012681192 18068.305963290684
decision_type=2 2 2 2 2 2 2 2 2 2 2 2 2 2 2 2 2 2 2 2 2 2 2 2 2 2 2 2 2 2 2 2 2 2 2 2 2 2 2 2 2 2 2 2 2 2 2 2 2
left_child=4 2 -2 -4 16 6 44 12 -9 -10 -11 13 28 34 24 27 47 18 -13 26 29 22 -18 31 35 -26 -20 -16 -8 30 -19 38 -30 40 -7 -15 -31 39 -24 -36 -22 -3 43 -14 45 46 -6 -1 -49
right_child=1 41 3 -5 5 11 7 8 9 10 -12 17 42 14 15 -17 21 20 19 -21 33 -23 23 -25 25 -27 -28 -29 32 36 -32 -33 -34 -35 37 -37 -38 -39 -40 -41 -42 -43 -44 -45 -46 -47 -48 48 -50
leaf_value=0.0001340359394409405 0.0001340359394409405 0.00013819591534210417 0.0004719069264480291 0.0001340359394409405 0.0001340359394409405 0.0001340359394409405 0.0001340359394409405 0.0001340359394409405 0.0001340359394409405 1.989106647218098e-05 0.0001340359394409405 0.0001340359394409405 0.00014046593161101741 0.0001340359394409405 0.00018658367800313317 0.0001340359394409405 0.0001340359394409405 0.00011819030275131461 0.0001340359394409405 0.0001340359394409405 0.00012192615494277646 0.0001340359394409405 0.0001340359394409405 0.0001340359394409405 0.0001195040696405936 0.0001340359394409405 8.0069393467776178e-05 0.00013567346871155915 0.00011413503633028301 0.0001340359394409405 0.0001340359394409405 0.0001340359394409405 0.0001340359394409405 0.0001340359394409405 0.00010667860315664293 0.00014604652577940105 0.00013827802084454815 0.0001340359394409405 0.0001571841944885318 0.0001340359394409405 0.0001340359394409405 0.00012584735017950066 0.0001340359394409405 0.0001340359394409405 0.0001340359394409405 0.0001340359394409405 0.00012421381654002309 0.00013423751806107133 0.0001340359394409405
leaf_weight=212 9.9999999999999982 38 33 11.999999999999998 59 20 38 10.999999999999998 31 72 9.9999999999999982 76 91 188 118 170 298 342 18 26 833 100 83 225 216 426 89 190 409 965 2504 75 22 53 98 439 1751 10.999999999999998 601 46 40 57 13.999999999999998 11.999999999999998 194 318 138 862 10.999999999999998
leaf_count=212 10 38 33 12 59 20 38 11 31 72 10 76 91 188 118 170 298 342 18 26 833 100 83 225 216 426 89 190 409 965 2504 75 22 53 98 439 1751 11 601 46 40 57 14 12 194 318 138 862 11
internal_value=0.000134036 0.000218264 0.000368036 0.000412762 0.000133466 0.000131595 0.00012357 0.000114745 7.88977e-05 6.51181e-05 3.64581e-05 0.000133264 0.000127486 0.000138626 0.000141673 0.000153822 0.000139863 0.000131277 0.000113904 9.96055e-05 0.000132301 0.000144104 0.000146081 0.000149266 0.000134728 0.00013235 8.83485e-05 0.000164956 0.000119154 0.000134036 0.000131296 0.000153034 0.00011629 0.000124632 0.000125358 0.000141944 0.00013597 0.000118484 0.000155105 0.000114258 0.000122975 0.000134036 0.000135274 0.000138414 0.000134036 0.000132579 0.000127367 0.000134036 0.000134101
internal_weight=0 150 55 45 12505 10038 1419 710 124 113 82 8619 586 1922 1747 478 2467 6697 209 133 6488 1382 1282 984 1269 642 107 308 469 5562 2846 759 431 926 175 627 2716 155 684 144 873 95 117 103 709 515 197 1085 873
internal_count=12655 150 55 45 12505 10038 1419 710 124 113 82 8619 586 1922 1747 478 2467 6697 209 133 6488 1382 1282 984 1269 642 107 308 469 5562 2846 759 431 926 175 627 2716 155 684 144 873 95 117 103 709 515 197 1085 873
is_linear=0
shrinkage=1


Tree=1
num_leaves=34
num_cat=0
split_feature=41 2 56 9 2 9 3 41 44 12 3 12 9 44 9 45 33 6 12 22 1 9 34 44 33 41 6 41 56 36 32 2 2
split_gain=0.00831177 0.0230073 0.00488305 0.00150517 0.00107355 0.000721005 0.00127731 0.000989803 0.000956474 0.00109144 0.000911338 0.00055171 0.000762829 0.0012994 0.000830407 0.000693054 0.000518078 0.000392821 0.00034726 0.000320928 0.000570278 0.000328236 0.000291013 0.000272281 0.000256184 0.000205599 0.000205532 0.00019235 9.74023e-05 0.000176139 1.21738e-05 1.60857e-07 4.19408e-08
threshold=166.99826785714311 17119.181570788187 25.780212807392843 0.0070957982440961308 18068.994412913493 0.0043714521334711652 18504.393500000002 61.634196428571208 -216.00500000000099 0.0026105148140455922 21601.390000000007 0.0011861225387066936 0.0039264794965208584 133.60000000000039 0.001775335479088301 0.73764039669370385 0.011139082322773403 100.4714285714286 0.00076454112096914126 -0.02114240638931952 19450.85137982979 0.0022727034390294157 -0.15567811417556338 63.114999999999789 0.007896837628077873 17.042053571428458 19.409285714285428 82.145214285714303 39.159878532108856 0.013773056147091374 0.0034401469962924481 16828.224141152114 16290.30422309899
decision_type=2 2 2 2 2 2 2 2 2 2 2 2 2 2 2 2 2 2 2 2 2 2 2 2 2 2 2 2 2 2 2 2 2
left_child=3 2 -2 4 11 6 7 16 -9 -10 19 31 14 17 24 -16 18 -14 -6 21 -21 -8 -17 26 25 -13 -12 -7 -3 -30 -26 32 -1
right_child=1 28 -4 -5 5 27 10 8 9 -11 23 12 13 -15 15 22 -18 -19 -20 20 -22 -23 -24 -25 30 -27 -28 -29 29 -31 -32 -33 -34
leaf_value=0 0.00040973565056053702 2.1327072346293017e-07 4.4311625759440465e-06 -8.1861251662980705e-05 0 0 0 0 0 -6.8666911407707452e-05 0 0 0 0 0 0 0 -0.00011341105580881791 -1.4793603254306382e-05 5.3762420297638723e-06 -8.7850904587142085e-07 -2.1414689419970956e-05 3.564065575957158e-05 0 -2.2592740031358289e-06 9.6801935946492757e-06 -1.6628569747633279e-05 2.1559281147033681e-05 0 -2.4792345714221681e-05 0 0 -3.2290287290707022e-07
leaf_weight=22 21 38 24 23 242 14.999999999999998 33 24 60 100 183 127 10.000000000000002 19 132 10.999999999999998 223 12.999999999999998 515 1838 5665 140 282 97 238 600 541 133 23 44 122 931 194
leaf_count=22 21 38 24 23 242 15 33 24 60 100 183 127 10 19 132 11 223 13 515 1838 5665 140 282 97 238 600 541 133 23 44 122 931 194
internal_value=0 7.3856e-05 0.000261931 -9.04092e-07 -5.12186e-07 -2.26181e-06 -2.86796e-06 -1.29862e-05 -3.81894e-05 -4.76702e-05 -1.12813e-06 4.73053e-06 8.62443e-06 -1.01931e-05 1.11338e-05 2.47403e-05 -5.17749e-06 -7.56126e-05 -1.01534e-05 0 2.54152e-07 -1.34974e-05 3.35186e-05 -1.114e-05 3.04635e-06 7.0062e-06 -1.33528e-05 1.69801e-05 0 -1.20114e-05 0 0 -2.72578e-07
internal_weight=0 150 45 12533 12510 9809 9661 1164 184 160 8497 2701 1554 42 1512 425 980 23 757 7676 7503 173 293 821 1087 727 724 148 105 67 360 1147 216
internal_count=12683 150 45 12533 12510 9809 9661 1164 184 160 8497 2701 1554 42 1512 425 980 23 757 7676 7503 173 293 821 1087 727 724 148 105 67 360 1147 216
is_linear=0
shrinkage=0.01


end of trees

feature_importances:
atr_ma=8
bb_upper=7
atr_ratio=7
adx=7
ema_fast=6
volume_ma=6
volatility=5
volume_ratio=5
ema_slow=4
range_pct=4
bb_middle=3
atr=3
return_24=3
momentum_convergence=3
bb_width=2
stoch_d=2
ema_cross=1
price_ema_slow_dist=1
bb_position=1
price_bb_upper_dist=1
momentum_ratio=1
volume_change=1
price_sma_50_dist=1

parameters:
[boosting: gbdt]
[objective: regression]
[metric: rmse]
[tree_learner: serial]
[device_type: cpu]
[data: ]
[valid: ]
[num_iterations: 800]
[learning_rate: 0.01]
[num_leaves: 70]
[num_threads: 8]
[deterministic: 0]
[force_col_wise: 0]
[force_row_wise: 0]
[histogram_pool_size: -1]
[max_depth: 8]
[min_data_in_leaf: 10]
[min_sum_hessian_in_leaf: 0.001]
[bagging_fraction: 0.8]
[pos_bagging_fraction: 1]
[neg_bagging_fraction: 1]
[bagging_freq: 1]
[bagging_seed: 400]
[feature_fraction: 0.7]
[feature_fraction_bynode: 1]
[feature_fraction_seed: 30056]
[extra_trees: 0]
[extra_seed: 12879]
[early_stopping_round: 0]
[first_metric_only: 0]
[max_delta_step: 0]
[lambda_l1: 0.3]
[lambda_l2: 0.5]
[linear_lambda: 0]
[min_gain_to_split: 0]
[drop_rate: 0.1]
[max_drop: 50]
[skip_drop: 0.5]
[xgboost_dart_mode: 0]
[uniform_drop: 0]
[drop_seed: 17869]
[top_rate: 0.2]
[other_rate: 0.1]
[min_data_per_group: 100]
[max_cat_threshold: 32]
[cat_l2: 10]
[cat_smooth: 10]
[max_cat_to_onehot: 4]
[top_k: 20]
[monotone_constraints: ]
[monotone_constraints_method: basic]
[monotone_penalty: 0]
[feature_contri: ]
[forcedsplits_filename: ]
[refit_decay_rate: 0.9]
[cegb_tradeoff: 1]
[cegb_penalty_split: 0]
[cegb_penalty_feature_lazy: ]
[cegb_penalty_feature_coupled: ]
[path_smooth: 0]
[interaction_constraints: ]
[verbosity: 1]
[saved_feature_importance_type: 0]
[linear_tree: 0]
[max_bin: 255]
[max_bin_by_feature: ]
[min_data_in_bin: 3]
[bin_construct_sample_cnt: 200000]
[data_random_seed: 175]
[is_enable_sparse: 1]
[enable_bundle: 1]
[use_missing: 1]
[zero_as_missing: 0]
[feature_pre_filter: 1]
[pre_partition: 0]
[two_round: 0]
[header: 0]
[label_column: ]
[weight_column: ]
[group_column: ]
[ignore_column: ]
[categorical_feature: ]
[forcedbins_filename: ]
[precise_float_parser: 0]
[parser_config_file: ]
[objective_seed: 16083]
[num_class: 1]
[is_unbalance: 0]
[scale_pos_weight: 1]
[sigmoid: 1]
[boost_from_average: 1]
[reg_sqrt: 0]
[alpha: 0.9]
[fair_c: 1]
[poisson_max_delta_step: 0.7]
[tweedie_variance_power: 1.5]
[lambdarank_truncation_level: 30]
[lambdarank_norm: 1]
[label_gain: ]
[lambdarank_position_bias_regularization: 0]
[eval_at: ]
[multi_error_top_k: 1]
[auc_mu_weights: ]
[num_machines: 1]
[local_listen_port: 12400]
[time_out: 120]
[machine_list_filename: ]
[machines: ]
[gpu_platform_id: -1]
[gpu_device_id: -1]
[gpu_use_dp: 0]
[num_gpu: 1]

end of parameters

pandas_categorical:[]
